# wave,f0
1.995000000000000000e+02 5.000000000000000000e+00
2.005000000000000000e+02 7.000000000000000000e+00
2.015000000000000000e+02 7.000000000000000000e+00
2.025000000000000000e+02 8.000000000000000000e+00
2.035000000000000000e+02 9.000000000000000000e+00
2.045000000000000000e+02 9.000000000000000000e+00
2.055000000000000000e+02 1.000000000000000000e+01
2.065000000000000000e+02 1.000000000000000000e+01
2.075000000000000000e+02 1.100000000000000000e+01
2.085000000000000000e+02 1.500000000000000000e+01
2.095000000000000000e+02 2.400000000000000000e+01
2.105000000000000000e+02 2.800000000000000000e+01
2.115000000000000000e+02 3.400000000000000000e+01
2.125000000000000000e+02 3.000000000000000000e+01
2.135000000000000000e+02 3.200000000000000000e+01
2.145000000000000000e+02 4.100000000000000000e+01
2.155000000000000000e+02 3.700000000000000000e+01
2.165000000000000000e+02 3.400000000000000000e+01
2.175000000000000000e+02 3.600000000000000000e+01
2.185000000000000000e+02 4.500000000000000000e+01
2.195000000000000000e+02 4.800000000000000000e+01
2.205000000000000000e+02 4.800000000000000000e+01
2.215000000000000000e+02 3.900000000000000000e+01
2.225000000000000000e+02 5.100000000000000000e+01
2.235000000000000000e+02 6.600000000000000000e+01
2.245000000000000000e+02 5.800000000000000000e+01
2.255000000000000000e+02 5.400000000000000000e+01
2.265000000000000000e+02 4.100000000000000000e+01
2.275000000000000000e+02 4.100000000000000000e+01
2.285000000000000000e+02 5.400000000000000000e+01
2.295000000000000000e+02 4.800000000000000000e+01
2.305000000000000000e+02 5.600000000000000000e+01
2.315000000000000000e+02 5.000000000000000000e+01
2.325000000000000000e+02 5.500000000000000000e+01
2.335000000000000000e+02 4.600000000000000000e+01
2.345000000000000000e+02 3.900000000000000000e+01
2.355000000000000000e+02 5.700000000000000000e+01
2.365000000000000000e+02 4.900000000000000000e+01
2.375000000000000000e+02 5.300000000000000000e+01
2.385000000000000000e+02 4.200000000000000000e+01
2.395000000000000000e+02 4.600000000000000000e+01
2.405000000000000000e+02 4.300000000000000000e+01
2.415000000000000000e+02 5.200000000000000000e+01
2.425000000000000000e+02 7.200000000000000000e+01
2.435000000000000000e+02 6.500000000000000000e+01
2.445000000000000000e+02 6.200000000000000000e+01
2.455000000000000000e+02 5.100000000000000000e+01
2.465000000000000000e+02 5.100000000000000000e+01
2.475000000000000000e+02 5.700000000000000000e+01
2.485000000000000000e+02 4.500000000000000000e+01
2.495000000000000000e+02 5.800000000000000000e+01
2.505000000000000000e+02 5.900000000000000000e+01
2.515000000000000000e+02 4.700000000000000000e+01
2.525000000000000000e+02 4.400000000000000000e+01
2.535000000000000000e+02 5.500000000000000000e+01
2.545000000000000000e+02 6.100000000000000000e+01
2.555000000000000000e+02 8.900000000000000000e+01
2.565000000000000000e+02 1.070000000000000000e+02
2.575000000000000000e+02 1.290000000000000000e+02
2.585000000000000000e+02 1.340000000000000000e+02
2.595000000000000000e+02 1.080000000000000000e+02
2.605000000000000000e+02 1.020000000000000000e+02
2.615000000000000000e+02 1.030000000000000000e+02
2.625000000000000000e+02 1.210000000000000000e+02
2.635000000000000000e+02 1.750000000000000000e+02
2.645000000000000000e+02 2.740000000000000000e+02
2.655000000000000000e+02 2.800000000000000000e+02
2.665000000000000000e+02 2.600000000000000000e+02
2.675000000000000000e+02 2.700000000000000000e+02
2.685000000000000000e+02 2.600000000000000000e+02
2.695000000000000000e+02 2.520000000000000000e+02
2.705000000000000000e+02 2.930000000000000000e+02
2.715000000000000000e+02 2.320000000000000000e+02
2.725000000000000000e+02 2.150000000000000000e+02
2.735000000000000000e+02 2.040000000000000000e+02
2.745000000000000000e+02 1.370000000000000000e+02
2.755000000000000000e+02 2.000000000000000000e+02
2.765000000000000000e+02 2.580000000000000000e+02
2.775000000000000000e+02 2.400000000000000000e+02
2.785000000000000000e+02 1.660000000000000000e+02
2.795000000000000000e+02 8.900000000000000000e+01
2.805000000000000000e+02 1.120000000000000000e+02
2.815000000000000000e+02 2.310000000000000000e+02
2.825000000000000000e+02 3.070000000000000000e+02
2.835000000000000000e+02 3.300000000000000000e+02
2.845000000000000000e+02 2.440000000000000000e+02
2.855000000000000000e+02 1.410000000000000000e+02
2.865000000000000000e+02 3.200000000000000000e+02
2.875000000000000000e+02 3.710000000000000000e+02
2.885000000000000000e+02 3.070000000000000000e+02
2.895000000000000000e+02 4.560000000000000000e+02
2.905000000000000000e+02 6.230000000000000000e+02
2.915000000000000000e+02 6.000000000000000000e+02
2.925000000000000000e+02 5.450000000000000000e+02
2.935000000000000000e+02 5.450000000000000000e+02
2.945000000000000000e+02 5.090000000000000000e+02
2.955000000000000000e+02 5.480000000000000000e+02
2.965000000000000000e+02 4.920000000000000000e+02
2.975000000000000000e+02 5.310000000000000000e+02
2.985000000000000000e+02 4.130000000000000000e+02
2.995000000000000000e+02 4.850000000000000000e+02
3.005000000000000000e+02 4.030000000000000000e+02
3.015000000000000000e+02 4.450000000000000000e+02
3.025000000000000000e+02 4.840000000000000000e+02
3.035000000000000000e+02 6.310000000000000000e+02
3.045000000000000000e+02 6.100000000000000000e+02
3.055000000000000000e+02 5.800000000000000000e+02
3.065000000000000000e+02 5.750000000000000000e+02
3.075000000000000000e+02 6.450000000000000000e+02
3.085000000000000000e+02 6.130000000000000000e+02
3.095000000000000000e+02 4.840000000000000000e+02
3.100000000000000000e+02 4.950000000000000000e+02
3.103999999999999773e+02 5.070000000000000000e+02
3.108000000000000114e+02 5.880000000000000000e+02
3.111999999999999886e+02 7.070000000000000000e+02
3.116000000000000227e+02 7.470000000000000000e+02
3.120000000000000000e+02 7.070000000000000000e+02
3.123999999999999773e+02 6.440000000000000000e+02
3.128000000000000114e+02 6.630000000000000000e+02
3.131999999999999886e+02 7.100000000000000000e+02
3.136000000000000227e+02 6.910000000000000000e+02
3.140000000000000000e+02 6.890000000000000000e+02
3.143999999999999773e+02 7.220000000000000000e+02
3.148000000000000114e+02 6.730000000000000000e+02
3.151999999999999886e+02 6.950000000000000000e+02
3.156000000000000227e+02 7.650000000000000000e+02
3.160000000000000000e+02 6.750000000000000000e+02
3.163999999999999773e+02 5.690000000000000000e+02
3.168000000000000114e+02 6.230000000000000000e+02
3.171999999999999886e+02 7.490000000000000000e+02
3.176000000000000227e+02 8.300000000000000000e+02
3.180000000000000000e+02 8.130000000000000000e+02
3.183999999999999773e+02 6.730000000000000000e+02
3.188000000000000114e+02 6.420000000000000000e+02
3.191999999999999886e+02 7.680000000000000000e+02
3.196000000000000227e+02 7.590000000000000000e+02
3.200000000000000000e+02 7.120000000000000000e+02
3.203999999999999773e+02 7.780000000000000000e+02
3.208000000000000114e+02 8.440000000000000000e+02
3.211999999999999886e+02 8.470000000000000000e+02
3.216000000000000227e+02 7.360000000000000000e+02
3.220000000000000000e+02 6.950000000000000000e+02
3.223999999999999773e+02 7.730000000000000000e+02
3.228000000000000114e+02 7.580000000000000000e+02
3.231999999999999886e+02 6.460000000000000000e+02
3.236000000000000227e+02 6.030000000000000000e+02
3.240000000000000000e+02 6.040000000000000000e+02
3.243999999999999773e+02 6.180000000000000000e+02
3.248000000000000114e+02 6.540000000000000000e+02
3.251999999999999886e+02 6.460000000000000000e+02
3.256000000000000227e+02 6.820000000000000000e+02
3.260000000000000000e+02 8.520000000000000000e+02
3.263999999999999773e+02 1.049000000000000000e+03
3.268000000000000114e+02 1.111000000000000000e+03
3.271999999999999886e+02 1.108000000000000000e+03
3.276000000000000227e+02 1.050000000000000000e+03
3.280000000000000000e+02 9.650000000000000000e+02
3.283999999999999773e+02 9.140000000000000000e+02
3.288000000000000114e+02 9.130000000000000000e+02
3.291999999999999886e+02 9.520000000000000000e+02
3.296000000000000227e+02 1.043000000000000000e+03
3.300000000000000000e+02 1.144000000000000000e+03
3.303999999999999773e+02 1.137000000000000000e+03
3.305000000000000000e+02 1.006000000000000000e+03
3.315000000000000000e+02 9.680000000000000000e+02
3.325000000000000000e+02 9.210000000000000000e+02
3.335000000000000000e+02 9.050000000000000000e+02
3.345000000000000000e+02 9.400000000000000000e+02
3.355000000000000000e+02 9.820000000000000000e+02
3.365000000000000000e+02 7.650000000000000000e+02
3.375000000000000000e+02 8.660000000000000000e+02
3.385000000000000000e+02 9.160000000000000000e+02
3.395000000000000000e+02 9.370000000000000000e+02
3.405000000000000000e+02 9.920000000000000000e+02
3.415000000000000000e+02 9.360000000000000000e+02
3.425000000000000000e+02 9.950000000000000000e+02
3.435000000000000000e+02 9.850000000000000000e+02
3.445000000000000000e+02 7.190000000000000000e+02
3.455000000000000000e+02 9.670000000000000000e+02
3.465000000000000000e+02 9.190000000000000000e+02
3.475000000000000000e+02 9.020000000000000000e+02
3.485000000000000000e+02 9.480000000000000000e+02
3.495000000000000000e+02 8.650000000000000000e+02
3.505000000000000000e+02 1.119000000000000000e+03
3.515000000000000000e+02 9.930000000000000000e+02
3.525000000000000000e+02 8.710000000000000000e+02
3.535000000000000000e+02 1.115000000000000000e+03
3.545000000000000000e+02 1.133000000000000000e+03
3.555000000000000000e+02 1.058000000000000000e+03
3.565000000000000000e+02 9.380000000000000000e+02
3.575000000000000000e+02 8.910000000000000000e+02
3.585000000000000000e+02 6.270000000000000000e+02
3.595000000000000000e+02 1.136000000000000000e+03
3.605000000000000000e+02 9.790000000000000000e+02
3.615000000000000000e+02 8.940000000000000000e+02
3.625000000000000000e+02 1.175000000000000000e+03
3.635000000000000000e+02 9.580000000000000000e+02
3.645000000000000000e+02 1.014999999999999886e+03
3.655000000000000000e+02 1.263000000000000000e+03
3.665000000000000000e+02 1.249000000000000000e+03
3.675000000000000000e+02 1.214000000000000000e+03
3.685000000000000000e+02 1.088000000000000000e+03
3.695000000000000000e+02 1.331000000000000000e+03
3.705000000000000000e+02 1.075000000000000000e+03
3.715000000000000000e+02 1.307000000000000000e+03
3.725000000000000000e+02 1.065000000000000000e+03
3.735000000000000000e+02 8.380000000000000000e+02
3.745000000000000000e+02 8.780000000000000000e+02
3.755000000000000000e+02 1.141000000000000000e+03
3.765000000000000000e+02 1.101000000000000000e+03
3.775000000000000000e+02 1.291000000000000000e+03
3.785000000000000000e+02 1.341000000000000000e+03
3.795000000000000000e+02 1.000000000000000000e+03
3.805000000000000000e+02 1.289000000000000000e+03
3.815000000000000000e+02 1.096000000000000000e+03
3.825000000000000000e+02 7.330000000000000000e+02
3.835000000000000000e+02 6.840000000000000000e+02
3.845000000000000000e+02 1.027000000000000000e+03
3.855000000000000000e+02 9.540000000000000000e+02
3.865000000000000000e+02 1.071000000000000000e+03
3.875000000000000000e+02 9.660000000000000000e+02
3.885000000000000000e+02 9.120000000000000000e+02
3.895000000000000000e+02 1.227000000000000000e+03
3.905000000000000000e+02 1.223000000000000000e+03
3.915000000000000000e+02 1.398000000000000000e+03
3.925000000000000000e+02 9.550000000000000000e+02
3.935000000000000000e+02 4.890000000000000000e+02
3.945000000000000000e+02 1.101000000000000000e+03
3.955000000000000000e+02 1.378000000000000000e+03
3.965000000000000000e+02 6.500000000000000000e+02
3.975000000000000000e+02 1.040000000000000000e+03
3.985000000000000000e+02 1.538000000000000000e+03
3.995000000000000000e+02 1.655000000000000000e+03
4.005000000000000000e+02 1.649000000000000000e+03
4.015000000000000000e+02 1.796000000000000000e+03
4.025000000000000000e+02 1.803000000000000000e+03
4.035000000000000000e+02 1.658000000000000000e+03
4.045000000000000000e+02 1.602000000000000000e+03
4.055000000000000000e+02 1.672000000000000000e+03
4.065000000000000000e+02 1.624000000000000000e+03
4.075000000000000000e+02 1.545000000000000000e+03
4.085000000000000000e+02 1.824000000000000000e+03
4.095000000000000000e+02 1.706000000000000000e+03
4.105000000000000000e+02 1.502000000000000000e+03
4.115000000000000000e+02 1.819000000000000000e+03
4.125000000000000000e+02 1.791000000000000000e+03
4.135000000000000000e+02 1.758000000000000000e+03
4.145000000000000000e+02 1.739000000000000000e+03
4.155000000000000000e+02 1.736000000000000000e+03
4.165000000000000000e+02 1.844000000000000000e+03
4.175000000000000000e+02 1.667000000000000000e+03
4.185000000000000000e+02 1.686000000000000000e+03
4.195000000000000000e+02 1.703000000000000000e+03
4.205000000000000000e+02 1.760000000000000000e+03
4.215000000000000000e+02 1.799000000000000000e+03
4.225000000000000000e+02 1.584000000000000000e+03
4.235000000000000000e+02 1.713000000000000000e+03
4.245000000000000000e+02 1.770000000000000000e+03
4.255000000000000000e+02 1.697000000000000000e+03
4.265000000000000000e+02 1.700000000000000000e+03
4.275000000000000000e+02 1.571000000000000000e+03
4.285000000000000000e+02 1.589000000000000000e+03
4.295000000000000000e+02 1.477000000000000000e+03
4.305000000000000000e+02 1.136000000000000000e+03
4.315000000000000000e+02 1.688000000000000000e+03
4.325000000000000000e+02 1.648000000000000000e+03
4.335000000000000000e+02 1.733000000000000000e+03
4.345000000000000000e+02 1.672000000000000000e+03
4.355000000000000000e+02 1.725000000000000000e+03
4.365000000000000000e+02 1.931000000000000000e+03
4.375000000000000000e+02 1.808000000000000000e+03
4.385000000000000000e+02 1.569000000000000000e+03
4.395000000000000000e+02 1.827000000000000000e+03
4.405000000000000000e+02 1.715000000000000000e+03
4.415000000000000000e+02 1.933000000000000000e+03
4.425000000000000000e+02 1.982000000000000000e+03
4.435000000000000000e+02 1.911000000000000000e+03
4.445000000000000000e+02 1.975000000000000000e+03
4.455000000000000000e+02 1.823000000000000000e+03
4.465000000000000000e+02 1.893000000000000000e+03
4.475000000000000000e+02 2.079000000000000000e+03
4.485000000000000000e+02 1.975000000000000000e+03
4.495000000000000000e+02 2.029000000000000000e+03
4.505000000000000000e+02 2.146000000000000000e+03
4.515000000000000000e+02 2.111000000000000000e+03
4.525000000000000000e+02 1.943000000000000000e+03
4.535000000000000000e+02 1.972000000000000000e+03
4.545000000000000000e+02 1.981000000000000000e+03
4.555000000000000000e+02 2.036000000000000000e+03
4.565000000000000000e+02 2.079000000000000000e+03
4.575000000000000000e+02 2.102000000000000000e+03
4.585000000000000000e+02 1.973000000000000000e+03
4.595000000000000000e+02 2.011000000000000227e+03
4.605000000000000000e+02 2.041999999999999773e+03
4.615000000000000000e+02 2.057000000000000000e+03
4.625000000000000000e+02 2.106000000000000000e+03
4.635000000000000000e+02 2.041999999999999773e+03
4.645000000000000000e+02 1.978000000000000000e+03
4.655000000000000000e+02 2.044000000000000000e+03
4.665000000000000000e+02 1.923000000000000000e+03
4.675000000000000000e+02 2.017000000000000000e+03
4.685000000000000000e+02 1.996000000000000000e+03
4.695000000000000000e+02 1.992000000000000000e+03
4.705000000000000000e+02 1.879000000000000000e+03
4.715000000000000000e+02 2.020000000000000000e+03
4.725000000000000000e+02 2.043000000000000227e+03
4.735000000000000000e+02 1.993000000000000000e+03
4.745000000000000000e+02 2.053000000000000000e+03
4.755000000000000000e+02 2.017999999999999773e+03
4.765000000000000000e+02 1.958000000000000000e+03
4.775000000000000000e+02 2.077000000000000000e+03
4.785000000000000000e+02 2.011000000000000227e+03
4.795000000000000000e+02 2.078000000000000000e+03
4.805000000000000000e+02 2.037000000000000000e+03
4.815000000000000000e+02 2.092000000000000000e+03
4.825000000000000000e+02 2.025000000000000000e+03
4.835000000000000000e+02 2.021000000000000000e+03
4.845000000000000000e+02 1.971000000000000000e+03
4.855000000000000000e+02 1.832000000000000000e+03
4.865000000000000000e+02 1.627000000000000000e+03
4.875000000000000000e+02 1.832000000000000000e+03
4.885000000000000000e+02 1.916000000000000000e+03
4.895000000000000000e+02 1.962000000000000000e+03
4.905000000000000000e+02 2.009000000000000000e+03
4.915000000000000000e+02 1.898000000000000000e+03
4.925000000000000000e+02 1.898000000000000000e+03
4.935000000000000000e+02 1.890000000000000000e+03
4.945000000000000000e+02 2.060000000000000000e+03
4.955000000000000000e+02 1.928000000000000000e+03
4.965000000000000000e+02 2.019000000000000227e+03
4.975000000000000000e+02 2.020000000000000000e+03
4.985000000000000000e+02 1.868000000000000000e+03
4.995000000000000000e+02 1.972000000000000000e+03
5.005000000000000000e+02 1.859000000000000000e+03
5.015000000000000000e+02 1.814000000000000000e+03
5.025000000000000000e+02 1.896000000000000000e+03
5.035000000000000000e+02 1.936000000000000000e+03
5.045000000000000000e+02 1.871000000000000000e+03
5.055000000000000000e+02 1.995000000000000000e+03
5.065000000000000000e+02 1.963000000000000000e+03
5.075000000000000000e+02 1.908000000000000000e+03
5.085000000000000000e+02 1.921000000000000000e+03
5.095000000000000000e+02 1.918000000000000000e+03
5.105000000000000000e+02 1.949000000000000000e+03
5.115000000000000000e+02 1.999000000000000000e+03
5.125000000000000000e+02 1.869000000000000000e+03
5.135000000000000000e+02 1.863000000000000000e+03
5.145000000000000000e+02 1.876000000000000000e+03
5.155000000000000000e+02 1.902000000000000000e+03
5.165000000000000000e+02 1.671000000000000000e+03
5.175000000000000000e+02 1.728000000000000000e+03
5.185000000000000000e+02 1.656000000000000000e+03
5.195000000000000000e+02 1.830000000000000000e+03
5.205000000000000000e+02 1.833000000000000000e+03
5.215000000000000000e+02 1.908000000000000000e+03
5.225000000000000000e+02 1.825000000000000000e+03
5.235000000000000000e+02 1.896000000000000000e+03
5.245000000000000000e+02 1.960000000000000000e+03
5.255000000000000000e+02 1.932000000000000000e+03
5.265000000000000000e+02 1.676000000000000000e+03
5.275000000000000000e+02 1.830000000000000000e+03
5.285000000000000000e+02 1.899000000000000000e+03
5.295000000000000000e+02 1.920000000000000000e+03
5.305000000000000000e+02 1.954000000000000000e+03
5.315000000000000000e+02 1.965000000000000000e+03
5.325000000000000000e+02 1.773000000000000000e+03
5.335000000000000000e+02 1.925000000000000000e+03
5.345000000000000000e+02 1.860000000000000000e+03
5.355000000000000000e+02 1.992000000000000000e+03
5.365000000000000000e+02 1.873000000000000000e+03
5.375000000000000000e+02 1.884000000000000000e+03
5.385000000000000000e+02 1.906000000000000000e+03
5.395000000000000000e+02 1.834000000000000000e+03
5.405000000000000000e+02 1.772000000000000000e+03
5.415000000000000000e+02 1.883000000000000000e+03
5.425000000000000000e+02 1.827000000000000000e+03
5.435000000000000000e+02 1.881000000000000000e+03
5.445000000000000000e+02 1.881000000000000000e+03
5.455000000000000000e+02 1.903000000000000000e+03
5.465000000000000000e+02 1.881000000000000000e+03
5.475000000000000000e+02 1.835000000000000000e+03
5.485000000000000000e+02 1.865000000000000000e+03
5.495000000000000000e+02 1.897000000000000000e+03
5.505000000000000000e+02 1.864000000000000000e+03
5.515000000000000000e+02 1.873000000000000000e+03
5.525000000000000000e+02 1.848000000000000000e+03
5.535000000000000000e+02 1.884000000000000000e+03
5.545000000000000000e+02 1.900000000000000000e+03
5.555000000000000000e+02 1.899000000000000000e+03
5.565000000000000000e+02 1.823000000000000000e+03
5.575000000000000000e+02 1.848000000000000000e+03
5.585000000000000000e+02 1.789000000000000000e+03
5.595000000000000000e+02 1.810000000000000000e+03
5.605000000000000000e+02 1.845000000000000000e+03
5.615000000000000000e+02 1.826000000000000000e+03
5.625000000000000000e+02 1.852000000000000000e+03
5.635000000000000000e+02 1.863000000000000000e+03
5.645000000000000000e+02 1.856000000000000000e+03
5.655000000000000000e+02 1.800000000000000000e+03
5.665000000000000000e+02 1.831000000000000000e+03
5.675000000000000000e+02 1.889000000000000000e+03
5.685000000000000000e+02 1.812000000000000000e+03
5.695000000000000000e+02 1.862000000000000000e+03
5.705000000000000000e+02 1.772000000000000000e+03
5.715000000000000000e+02 1.825000000000000000e+03
5.725000000000000000e+02 1.894000000000000000e+03
5.735000000000000000e+02 1.878000000000000000e+03
5.745000000000000000e+02 1.869000000000000000e+03
5.755000000000000000e+02 1.832000000000000000e+03
5.765000000000000000e+02 1.848000000000000000e+03
5.775000000000000000e+02 1.859000000000000000e+03
5.785000000000000000e+02 1.786000000000000000e+03
5.795000000000000000e+02 1.830000000000000000e+03
5.805000000000000000e+02 1.840000000000000000e+03
5.815000000000000000e+02 1.855000000000000000e+03
5.825000000000000000e+02 1.875000000000000000e+03
5.835000000000000000e+02 1.859000000000000000e+03
5.845000000000000000e+02 1.862000000000000000e+03
5.855000000000000000e+02 1.786000000000000000e+03
5.865000000000000000e+02 1.832000000000000000e+03
5.875000000000000000e+02 1.850000000000000000e+03
5.885000000000000000e+02 1.752000000000000000e+03
5.895000000000000000e+02 1.614000000000000000e+03
5.905000000000000000e+02 1.815000000000000000e+03
5.915000000000000000e+02 1.789000000000000000e+03
5.925000000000000000e+02 1.810000000000000000e+03
5.935000000000000000e+02 1.798000000000000000e+03
5.945000000000000000e+02 1.776000000000000000e+03
5.955000000000000000e+02 1.785000000000000000e+03
5.965000000000000000e+02 1.807000000000000000e+03
5.975000000000000000e+02 1.783000000000000000e+03
5.985000000000000000e+02 1.760000000000000000e+03
5.995000000000000000e+02 1.777000000000000000e+03
6.005000000000000000e+02 1.748000000000000000e+03
6.015000000000000000e+02 1.753000000000000000e+03
6.025000000000000000e+02 1.721000000000000000e+03
6.035000000000000000e+02 1.789000000000000000e+03
6.045000000000000000e+02 1.779000000000000000e+03
6.055000000000000000e+02 1.766000000000000000e+03
6.065000000000000000e+02 1.762000000000000000e+03
6.075000000000000000e+02 1.760000000000000000e+03
6.085000000000000000e+02 1.745000000000000000e+03
6.095000000000000000e+02 1.746000000000000000e+03
6.105000000000000000e+02 1.705000000000000000e+03
6.115000000000000000e+02 1.748000000000000000e+03
6.125000000000000000e+02 1.707000000000000000e+03
6.135000000000000000e+02 1.685000000000000000e+03
6.145000000000000000e+02 1.715000000000000000e+03
6.155000000000000000e+02 1.715000000000000000e+03
6.165000000000000000e+02 1.611000000000000000e+03
6.175000000000000000e+02 1.709000000000000000e+03
6.185000000000000000e+02 1.726000000000000000e+03
6.195000000000000000e+02 1.709000000000000000e+03
6.205000000000000000e+02 1.736000000000000000e+03
6.215000000000000000e+02 1.692000000000000000e+03
6.225000000000000000e+02 1.715000000000000000e+03
6.235000000000000000e+02 1.668000000000000000e+03
6.245000000000000000e+02 1.658000000000000000e+03
6.255000000000000000e+02 1.634000000000000000e+03
6.265000000000000000e+02 1.699000000000000000e+03
6.275000000000000000e+02 1.699000000000000000e+03
6.285000000000000000e+02 1.699000000000000000e+03
6.295000000000000000e+02 1.679000000000000000e+03
6.310000000000000000e+02 1.641000000000000000e+03
6.330000000000000000e+02 1.653000000000000000e+03
6.350000000000000000e+02 1.658000000000000000e+03
6.370000000000000000e+02 1.656000000000000000e+03
6.390000000000000000e+02 1.653000000000000000e+03
6.410000000000000000e+02 1.616000000000000000e+03
6.430000000000000000e+02 1.623000000000000000e+03
6.450000000000000000e+02 1.629000000000000000e+03
6.470000000000000000e+02 1.605000000000000000e+03
6.490000000000000000e+02 1.560000000000000000e+03
6.510000000000000000e+02 1.608000000000000000e+03
6.530000000000000000e+02 1.601000000000000000e+03
6.550000000000000000e+02 1.534000000000000000e+03
6.570000000000000000e+02 1.386000000000000000e+03
6.590000000000000000e+02 1.551000000000000000e+03
6.610000000000000000e+02 1.573000000000000000e+03
6.630000000000000000e+02 1.557000000000000000e+03
6.650000000000000000e+02 1.562000000000000000e+03
6.670000000000000000e+02 1.537000000000000000e+03
6.690000000000000000e+02 1.548000000000000000e+03
6.710000000000000000e+02 1.518000000000000000e+03
6.730000000000000000e+02 1.523000000000000000e+03
6.750000000000000000e+02 1.512000000000000000e+03
6.770000000000000000e+02 1.510000000000000000e+03
6.790000000000000000e+02 1.500000000000000000e+03
6.810000000000000000e+02 1.494000000000000000e+03
6.830000000000000000e+02 1.481000000000000000e+03
6.850000000000000000e+02 1.457000000000000000e+03
6.870000000000000000e+02 1.469000000000000000e+03
6.890000000000000000e+02 1.463000000000000000e+03
6.910000000000000000e+02 1.450000000000000000e+03
6.930000000000000000e+02 1.450000000000000000e+03
6.950000000000000000e+02 1.438000000000000000e+03
6.970000000000000000e+02 1.418000000000000000e+03
6.990000000000000000e+02 1.427000000000000000e+03
7.010000000000000000e+02 1.388000000000000000e+03
7.030000000000000000e+02 1.390000000000000000e+03
7.050000000000000000e+02 1.417000000000000000e+03
7.070000000000000000e+02 1.402000000000000000e+03
7.090000000000000000e+02 1.386000000000000000e+03
7.110000000000000000e+02 1.387000000000000000e+03
7.130000000000000000e+02 1.375000000000000000e+03
7.150000000000000000e+02 1.368000000000000000e+03
7.170000000000000000e+02 1.355000000000000000e+03
7.190000000000000000e+02 1.329000000000000000e+03
7.210000000000000000e+02 1.332000000000000000e+03
7.230000000000000000e+02 1.349000000000000000e+03
7.250000000000000000e+02 1.351000000000000000e+03
7.270000000000000000e+02 1.347000000000000000e+03
7.290000000000000000e+02 1.320000000000000000e+03
7.310000000000000000e+02 1.327000000000000000e+03
7.330000000000000000e+02 1.319000000000000000e+03
7.350000000000000000e+02 1.310000000000000000e+03
7.370000000000000000e+02 1.308000000000000000e+03
7.390000000000000000e+02 1.279000000000000000e+03
7.410000000000000000e+02 1.259000000000000000e+03
7.430000000000000000e+02 1.287000000000000000e+03
7.450000000000000000e+02 1.280000000000000000e+03
7.470000000000000000e+02 1.284000000000000000e+03
7.490000000000000000e+02 1.271000000000000000e+03
7.510000000000000000e+02 1.263000000000000000e+03
7.530000000000000000e+02 1.260000000000000000e+03
7.550000000000000000e+02 1.256000000000000000e+03
7.570000000000000000e+02 1.249000000000000000e+03
7.590000000000000000e+02 1.241000000000000000e+03
7.610000000000000000e+02 1.238000000000000000e+03
7.630000000000000000e+02 1.242000000000000000e+03
7.650000000000000000e+02 1.222000000000000000e+03
7.670000000000000000e+02 1.186000000000000000e+03
7.690000000000000000e+02 1.204000000000000000e+03
7.710000000000000000e+02 1.205000000000000000e+03
7.730000000000000000e+02 1.209000000000000000e+03
7.750000000000000000e+02 1.189000000000000000e+03
7.770000000000000000e+02 1.197000000000000000e+03
7.790000000000000000e+02 1.188000000000000000e+03
7.810000000000000000e+02 1.188000000000000000e+03
7.830000000000000000e+02 1.177000000000000000e+03
7.850000000000000000e+02 1.181000000000000000e+03
7.870000000000000000e+02 1.178000000000000000e+03
7.890000000000000000e+02 1.175000000000000000e+03
7.910000000000000000e+02 1.159000000000000000e+03
7.930000000000000000e+02 1.144000000000000000e+03
7.950000000000000000e+02 1.135000000000000000e+03
7.970000000000000000e+02 1.153000000000000000e+03
7.990000000000000000e+02 1.136000000000000000e+03
8.010000000000000000e+02 1.143000000000000000e+03
8.030000000000000000e+02 1.130000000000000000e+03
8.050000000000000000e+02 1.116000000000000000e+03
8.070000000000000000e+02 1.121000000000000000e+03
8.090000000000000000e+02 1.096000000000000000e+03
8.110000000000000000e+02 1.115000000000000000e+03
8.130000000000000000e+02 1.116000000000000000e+03
8.150000000000000000e+02 1.108000000000000000e+03
8.170000000000000000e+02 1.105000000000000000e+03
8.190000000000000000e+02 1.065000000000000000e+03
8.210000000000000000e+02 1.081000000000000000e+03
8.230000000000000000e+02 1.074000000000000000e+03
8.250000000000000000e+02 1.076000000000000000e+03
8.270000000000000000e+02 1.077000000000000000e+03
8.290000000000000000e+02 1.073000000000000000e+03
8.310000000000000000e+02 1.069000000000000000e+03
8.330000000000000000e+02 1.034000000000000000e+03
8.350000000000000000e+02 1.053000000000000000e+03
8.370000000000000000e+02 1.052000000000000000e+03
8.390000000000000000e+02 1.042000000000000000e+03
8.410000000000000000e+02 1.045000000000000000e+03
8.430000000000000000e+02 1.028000000000000000e+03
8.450000000000000000e+02 1.033000000000000000e+03
8.470000000000000000e+02 1.025000000000000000e+03
8.490000000000000000e+02 9.710000000000000000e+02
8.510000000000000000e+02 1.002999999999999886e+03
8.530000000000000000e+02 9.730000000000000000e+02
8.550000000000000000e+02 8.770000000000000000e+02
8.570000000000000000e+02 1.010999999999999886e+03
8.590000000000000000e+02 9.970000000000000000e+02
8.610000000000000000e+02 9.970000000000000000e+02
8.630000000000000000e+02 9.990000000000000000e+02
8.650000000000000000e+02 9.700000000000000000e+02
8.670000000000000000e+02 8.800000000000000000e+02
8.690000000000000000e+02 9.670000000000000000e+02
8.710000000000000000e+02 9.860000000000000000e+02
8.730000000000000000e+02 9.780000000000000000e+02
8.750000000000000000e+02 9.810000000000000000e+02
8.770000000000000000e+02 9.840000000000000000e+02
8.790000000000000000e+02 9.590000000000000000e+02
8.810000000000000000e+02 9.600000000000000000e+02
8.830000000000000000e+02 9.480000000000000000e+02
8.850000000000000000e+02 9.630000000000000000e+02
8.870000000000000000e+02 9.470000000000000000e+02
8.890000000000000000e+02 9.490000000000000000e+02
8.910000000000000000e+02 9.440000000000000000e+02
8.930000000000000000e+02 9.340000000000000000e+02
8.950000000000000000e+02 9.360000000000000000e+02
8.970000000000000000e+02 9.390000000000000000e+02
8.990000000000000000e+02 9.120000000000000000e+02
9.010000000000000000e+02 9.050000000000000000e+02
9.030000000000000000e+02 9.050000000000000000e+02
9.050000000000000000e+02 8.930000000000000000e+02
9.070000000000000000e+02 8.910000000000000000e+02
9.090000000000000000e+02 8.610000000000000000e+02
9.110000000000000000e+02 8.700000000000000000e+02
9.130000000000000000e+02 8.760000000000000000e+02
9.150000000000000000e+02 8.660000000000000000e+02
9.170000000000000000e+02 8.590000000000000000e+02
9.190000000000000000e+02 8.580000000000000000e+02
9.210000000000000000e+02 8.300000000000000000e+02
9.230000000000000000e+02 8.210000000000000000e+02
9.250000000000000000e+02 8.250000000000000000e+02
9.270000000000000000e+02 8.280000000000000000e+02
9.290000000000000000e+02 8.330000000000000000e+02
9.310000000000000000e+02 8.260000000000000000e+02
9.330000000000000000e+02 8.320000000000000000e+02
9.350000000000000000e+02 8.180000000000000000e+02
9.370000000000000000e+02 8.020000000000000000e+02
9.390000000000000000e+02 8.080000000000000000e+02
9.410000000000000000e+02 8.000000000000000000e+02
9.430000000000000000e+02 7.840000000000000000e+02
9.450000000000000000e+02 7.990000000000000000e+02
9.470000000000000000e+02 7.930000000000000000e+02
9.490000000000000000e+02 7.770000000000000000e+02
9.510000000000000000e+02 7.780000000000000000e+02
9.530000000000000000e+02 7.710000000000000000e+02
9.550000000000000000e+02 7.600000000000000000e+02
9.570000000000000000e+02 7.740000000000000000e+02
9.590000000000000000e+02 7.710000000000000000e+02
9.610000000000000000e+02 7.670000000000000000e+02
9.630000000000000000e+02 7.670000000000000000e+02
9.650000000000000000e+02 7.640000000000000000e+02
9.670000000000000000e+02 7.570000000000000000e+02
9.690000000000000000e+02 7.760000000000000000e+02
9.710000000000000000e+02 7.630000000000000000e+02
9.730000000000000000e+02 7.640000000000000000e+02
9.750000000000000000e+02 7.500000000000000000e+02
9.770000000000000000e+02 7.680000000000000000e+02
9.790000000000000000e+02 7.680000000000000000e+02
9.810000000000000000e+02 7.620000000000000000e+02
9.830000000000000000e+02 7.660000000000000000e+02
9.850000000000000000e+02 7.710000000000000000e+02
9.870000000000000000e+02 7.560000000000000000e+02
9.890000000000000000e+02 7.670000000000000000e+02
9.910000000000000000e+02 7.640000000000000000e+02
9.930000000000000000e+02 7.550000000000000000e+02
9.950000000000000000e+02 7.560000000000000000e+02
9.970000000000000000e+02 7.430000000000000000e+02
9.990000000000000000e+02 7.430000000000000000e+02
1.002500000000000000e+03 7.450000000000000000e+02
1.007500000000000000e+03 7.370000000000000000e+02
1.012500000000000000e+03 7.340000000000000000e+02
1.017500000000000000e+03 7.210000000000000000e+02
1.022500000000000000e+03 7.040000000000000000e+02
1.027500000000000000e+03 7.080000000000000000e+02
1.032500000000000000e+03 6.880000000000000000e+02
1.037500000000000000e+03 6.920000000000000000e+02
1.042500000000000000e+03 6.810000000000000000e+02
1.047500000000000000e+03 6.850000000000000000e+02
1.052500000000000000e+03 6.610000000000000000e+02
1.057500000000000000e+03 6.500000000000000000e+02
1.062500000000000000e+03 6.420000000000000000e+02
1.067500000000000000e+03 6.430000000000000000e+02
1.072500000000000000e+03 6.380000000000000000e+02
1.077500000000000000e+03 6.300000000000000000e+02
1.082500000000000000e+03 6.200000000000000000e+02
1.087500000000000000e+03 6.140000000000000000e+02
1.092500000000000000e+03 6.120000000000000000e+02
1.097500000000000000e+03 5.990000000000000000e+02
1.102500000000000000e+03 6.080000000000000000e+02
1.107500000000000000e+03 6.010000000000000000e+02
1.112500000000000000e+03 6.030000000000000000e+02
1.117500000000000000e+03 5.890000000000000000e+02
1.122500000000000000e+03 5.790000000000000000e+02
1.127500000000000000e+03 5.690000000000000000e+02
1.132500000000000000e+03 5.660000000000000000e+02
1.137500000000000000e+03 5.630000000000000000e+02
1.142500000000000000e+03 5.570000000000000000e+02
1.147500000000000000e+03 5.560000000000000000e+02
1.152500000000000000e+03 5.450000000000000000e+02
1.157500000000000000e+03 5.540000000000000000e+02
1.162500000000000000e+03 5.400000000000000000e+02
1.167500000000000000e+03 5.300000000000000000e+02
1.172500000000000000e+03 5.330000000000000000e+02
1.177500000000000000e+03 5.250000000000000000e+02
1.182500000000000000e+03 5.140000000000000000e+02
1.187500000000000000e+03 5.120000000000000000e+02
1.192500000000000000e+03 5.110000000000000000e+02
1.197500000000000000e+03 5.020000000000000000e+02
1.202500000000000000e+03 4.960000000000000000e+02
1.207500000000000000e+03 4.940000000000000000e+02
1.212500000000000000e+03 4.890000000000000000e+02
1.217500000000000000e+03 5.000000000000000000e+02
1.222500000000000000e+03 4.810000000000000000e+02
1.227500000000000000e+03 4.810000000000000000e+02
1.232500000000000000e+03 4.840000000000000000e+02
1.237500000000000000e+03 4.770000000000000000e+02
1.242500000000000000e+03 4.770000000000000000e+02
1.247500000000000000e+03 4.660000000000000000e+02
1.252500000000000000e+03 4.740000000000000000e+02
1.257500000000000000e+03 4.630000000000000000e+02
1.262500000000000000e+03 4.440000000000000000e+02
1.267500000000000000e+03 4.380000000000000000e+02
1.272500000000000000e+03 4.390000000000000000e+02
1.277500000000000000e+03 4.530000000000000000e+02
1.282500000000000000e+03 4.350000000000000000e+02
1.287500000000000000e+03 4.370000000000000000e+02
1.292500000000000000e+03 4.420000000000000000e+02
1.297500000000000000e+03 4.380000000000000000e+02
1.302500000000000000e+03 4.380000000000000000e+02
1.307500000000000000e+03 4.290000000000000000e+02
1.312500000000000000e+03 4.190000000000000000e+02
1.317500000000000000e+03 4.160000000000000000e+02
1.322500000000000000e+03 4.160000000000000000e+02
1.327500000000000000e+03 4.110000000000000000e+02
1.332500000000000000e+03 4.050000000000000000e+02
1.337500000000000000e+03 4.000000000000000000e+02
1.342500000000000000e+03 3.980000000000000000e+02
1.347500000000000000e+03 3.940000000000000000e+02
1.352500000000000000e+03 3.870000000000000000e+02
1.357500000000000000e+03 3.820000000000000000e+02
1.362500000000000000e+03 3.780000000000000000e+02
1.367500000000000000e+03 3.700000000000000000e+02
1.372500000000000000e+03 3.690000000000000000e+02
1.377500000000000000e+03 3.680000000000000000e+02
1.382500000000000000e+03 3.640000000000000000e+02
1.387500000000000000e+03 3.640000000000000000e+02
1.392500000000000000e+03 3.580000000000000000e+02
1.397500000000000000e+03 3.570000000000000000e+02
1.402500000000000000e+03 3.530000000000000000e+02
1.407500000000000000e+03 3.500000000000000000e+02
1.412500000000000000e+03 3.460000000000000000e+02
1.417500000000000000e+03 3.440000000000000000e+02
1.422500000000000000e+03 3.430000000000000000e+02
1.427500000000000000e+03 3.480000000000000000e+02
1.432500000000000000e+03 3.370000000000000000e+02
1.437500000000000000e+03 3.310000000000000000e+02
1.442500000000000000e+03 3.270000000000000000e+02
1.447500000000000000e+03 3.180000000000000000e+02
1.452500000000000000e+03 3.230000000000000000e+02
1.457500000000000000e+03 3.070000000000000000e+02
1.462500000000000000e+03 3.170000000000000000e+02
1.467500000000000000e+03 3.110000000000000000e+02
1.472500000000000000e+03 3.110000000000000000e+02
1.477500000000000000e+03 3.070000000000000000e+02
1.482500000000000000e+03 3.030000000000000000e+02
1.487500000000000000e+03 2.980000000000000000e+02
1.492500000000000000e+03 3.030000000000000000e+02
1.497500000000000000e+03 3.000000000000000000e+02
1.502500000000000000e+03 2.960000000000000000e+02
1.507500000000000000e+03 2.950000000000000000e+02
1.512500000000000000e+03 2.900000000000000000e+02
1.517500000000000000e+03 2.900000000000000000e+02
1.522500000000000000e+03 2.860000000000000000e+02
1.527500000000000000e+03 2.900000000000000000e+02
1.532500000000000000e+03 2.820000000000000000e+02
1.537500000000000000e+03 2.740000000000000000e+02
1.542500000000000000e+03 2.750000000000000000e+02
1.547500000000000000e+03 2.740000000000000000e+02
1.552500000000000000e+03 2.730000000000000000e+02
1.557500000000000000e+03 2.720000000000000000e+02
1.562500000000000000e+03 2.690000000000000000e+02
1.567500000000000000e+03 2.630000000000000000e+02
1.572500000000000000e+03 2.600000000000000000e+02
1.577500000000000000e+03 2.590000000000000000e+02
1.582500000000000000e+03 2.550000000000000000e+02
1.587500000000000000e+03 2.520000000000000000e+02
1.592500000000000000e+03 2.460000000000000000e+02
1.597500000000000000e+03 2.460000000000000000e+02
1.602500000000000000e+03 2.470000000000000000e+02
1.607500000000000000e+03 2.420000000000000000e+02
1.612500000000000000e+03 2.440000000000000000e+02
1.617500000000000000e+03 2.430000000000000000e+02
1.622500000000000000e+03 2.400000000000000000e+02
1.627500000000000000e+03 2.440000000000000000e+02
1.632500000000000000e+03 2.410000000000000000e+02
1.637500000000000000e+03 2.370000000000000000e+02
1.642500000000000000e+03 2.340000000000000000e+02
1.647500000000000000e+03 2.350000000000000000e+02
1.652500000000000000e+03 2.340000000000000000e+02
1.657500000000000000e+03 2.340000000000000000e+02
1.662500000000000000e+03 2.330000000000000000e+02
1.667500000000000000e+03 2.290000000000000000e+02
1.672500000000000000e+03 2.280000000000000000e+02
1.677500000000000000e+03 2.200000000000000000e+02
1.682500000000000000e+03 2.210000000000000000e+02
1.687500000000000000e+03 2.190000000000000000e+02
1.692500000000000000e+03 2.190000000000000000e+02
1.697500000000000000e+03 2.140000000000000000e+02
1.702500000000000000e+03 2.170000000000000000e+02
1.707500000000000000e+03 2.120000000000000000e+02
1.712500000000000000e+03 2.030000000000000000e+02
1.717500000000000000e+03 2.120000000000000000e+02
1.722500000000000000e+03 2.050000000000000000e+02
1.727500000000000000e+03 1.960000000000000000e+02
1.732500000000000000e+03 1.900000000000000000e+02
1.737500000000000000e+03 1.890000000000000000e+02
1.742500000000000000e+03 1.910000000000000000e+02
1.747500000000000000e+03 1.850000000000000000e+02
1.752500000000000000e+03 1.870000000000000000e+02
1.757500000000000000e+03 1.890000000000000000e+02
1.762500000000000000e+03 1.840000000000000000e+02
1.767500000000000000e+03 1.820000000000000000e+02
1.772500000000000000e+03 1.770000000000000000e+02
1.777500000000000000e+03 1.730000000000000000e+02
1.782500000000000000e+03 1.710000000000000000e+02
1.787500000000000000e+03 1.700000000000000000e+02
1.792500000000000000e+03 1.690000000000000000e+02
1.797500000000000000e+03 1.730000000000000000e+02
1.802500000000000000e+03 1.690000000000000000e+02
1.807500000000000000e+03 1.680000000000000000e+02
1.812500000000000000e+03 1.600000000000000000e+02
1.817500000000000000e+03 1.600000000000000000e+02
1.822500000000000000e+03 1.590000000000000000e+02
1.827500000000000000e+03 1.560000000000000000e+02
1.832500000000000000e+03 1.560000000000000000e+02
1.837500000000000000e+03 1.500000000000000000e+02
1.842500000000000000e+03 1.530000000000000000e+02
1.847500000000000000e+03 1.510000000000000000e+02
1.852500000000000000e+03 1.480000000000000000e+02
1.857500000000000000e+03 1.450000000000000000e+02
1.862500000000000000e+03 1.430000000000000000e+02
1.867500000000000000e+03 1.430000000000000000e+02
1.872500000000000000e+03 1.350000000000000000e+02
1.877500000000000000e+03 1.350000000000000000e+02
1.882500000000000000e+03 1.400000000000000000e+02
1.887500000000000000e+03 1.380000000000000000e+02
1.892500000000000000e+03 1.370000000000000000e+02
1.897500000000000000e+03 1.380000000000000000e+02
1.902500000000000000e+03 1.330000000000000000e+02
1.907500000000000000e+03 1.360000000000000000e+02
1.912500000000000000e+03 1.380000000000000000e+02
1.917500000000000000e+03 1.360000000000000000e+02
1.922500000000000000e+03 1.340000000000000000e+02
1.927500000000000000e+03 1.320000000000000000e+02
1.932500000000000000e+03 1.320000000000000000e+02
1.937500000000000000e+03 1.310000000000000000e+02
1.942500000000000000e+03 1.290000000000000000e+02
1.947500000000000000e+03 1.270000000000000000e+02
1.952500000000000000e+03 1.260000000000000000e+02
1.957500000000000000e+03 1.220000000000000000e+02
1.962500000000000000e+03 1.260000000000000000e+02
1.967500000000000000e+03 1.250000000000000000e+02
1.972500000000000000e+03 1.250000000000000000e+02
1.977500000000000000e+03 1.290000000000000000e+02
1.982500000000000000e+03 1.250000000000000000e+02
1.987500000000000000e+03 1.230000000000000000e+02
1.992500000000000000e+03 1.210000000000000000e+02
1.997500000000000000e+03 1.230000000000000000e+02
2.002500000000000000e+03 1.160000000000000000e+02
2.012500000000000000e+03 1.140000000000000000e+02
2.022500000000000000e+03 1.130000000000000000e+02
2.032500000000000000e+03 1.100000000000000000e+02
2.042500000000000000e+03 1.070000000000000000e+02
2.052500000000000000e+03 1.040000000000000000e+02
2.062500000000000000e+03 1.000000000000000000e+02
2.077500000000000000e+03 1.010000000000000000e+02
2.092500000000000000e+03 9.800000000000000000e+01
2.107500000000000000e+03 9.300000000000000000e+01
2.122500000000000000e+03 8.700000000000000000e+01
2.137500000000000000e+03 8.500000000000000000e+01
2.152500000000000000e+03 8.100000000000000000e+01
2.167500000000000000e+03 8.000000000000000000e+01
2.182500000000000000e+03 7.500000000000000000e+01
2.197500000000000000e+03 7.300000000000000000e+01
2.212500000000000000e+03 7.500000000000000000e+01
2.227500000000000000e+03 7.500000000000000000e+01
2.247500000000000000e+03 7.200000000000000000e+01
2.262500000000000000e+03 7.100000000000000000e+01
2.282500000000000000e+03 6.900000000000000000e+01
2.302500000000000000e+03 6.600000000000000000e+01
2.322500000000000000e+03 5.300000000000000000e+01
2.342500000000000000e+03 5.800000000000000000e+01
2.362500000000000000e+03 6.500000000000000000e+01
2.382500000000000000e+03 5.500000000000000000e+01
2.402500000000000000e+03 5.400000000000000000e+01
2.422500000000000000e+03 5.700000000000000000e+01
2.442500000000000000e+03 5.100000000000000000e+01
2.467500000000000000e+03 5.300000000000000000e+01
2.492500000000000000e+03 5.400000000000000000e+01
2.517500000000000000e+03 4.700000000000000000e+01
2.542500000000000000e+03 4.600000000000000000e+01
2.567500000000000000e+03 4.400000000000000000e+01
2.592500000000000000e+03 4.200000000000000000e+01
2.617500000000000000e+03 4.100000000000000000e+01
2.642500000000000000e+03 3.900000000000000000e+01
2.672500000000000000e+03 3.800000000000000000e+01
2.702500000000000000e+03 3.600000000000000000e+01
2.732500000000000000e+03 3.500000000000000000e+01
2.762500000000000000e+03 3.400000000000000000e+01
2.797500000000000000e+03 3.200000000000000000e+01
2.832500000000000000e+03 3.100000000000000000e+01
2.867500000000000000e+03 2.900000000000000000e+01
2.907500000000000000e+03 2.800000000000000000e+01
2.947500000000000000e+03 2.600000000000000000e+01
2.987500000000000000e+03 2.500000000000000000e+01
3.025000000000000000e+03 2.400000000000000000e+01
3.075000000000000000e+03 2.300000000000000000e+01
3.125000000000000000e+03 2.100000000000000000e+01
3.175000000000000000e+03 2.000000000000000000e+01
3.235000000000000000e+03 1.900000000000000000e+01
3.295000000000000000e+03 1.800000000000000000e+01
3.355000000000000000e+03 1.600000000000000000e+01
3.425000000000000000e+03 1.500000000000000000e+01
3.495000000000000000e+03 1.400000000000000000e+01
3.575000000000000000e+03 1.300000000000000000e+01
3.665000000000000000e+03 1.200000000000000000e+01
3.755000000000000000e+03 1.100000000000000000e+01
3.855000000000000000e+03 1.000000000000000000e+01
3.965000000000000000e+03 9.000000000000000000e+00
4.085000000000000000e+03 8.000000000000000000e+00
4.225000000000000000e+03 7.000000000000000000e+00
4.385000000000000000e+03 6.000000000000000000e+00
4.575000000000000000e+03 5.000000000000000000e+00
4.805000000000000000e+03 4.000000000000000000e+00
5.085000000000000000e+03 3.000000000000000000e+00
5.445000000000000000e+03 2.000000000000000000e+00
5.925000000000000000e+03 2.000000000000000000e+00
6.615000000000000000e+03 1.000000000000000000e+00
7.785000000000000000e+03 1.000000000000000000e+00
1.007500000000000000e+04 0.000000000000000000e+00
