RHOw780	AVE	std	std/ave	RHOw780	AVE	std	std/ave	RHOw780	AVE	std	std/ave
650.0	4.953	1.349	0.272	750.0	1.013	0.028	0.028	850.0	0.616	0.012	0.020
652.5	4.858	1.312	0.270	752.5	1.001	0.027	0.027	852.5	0.603	0.012	0.020
655.0	4.734	1.270	0.268	755.0	0.994	0.026	0.026	855.0	0.592	0.012	0.021
657.5	4.586	1.226	0.267	757.5	1.012	0.023	0.023	857.5	0.579	0.013	0.022
660.0	4.432	1.188	0.268	760.0	1.029	0.022	0.021	860.0	0.564	0.013	0.024
662.5	4.293	1.159	0.270	762.5	1.033	0.018	0.018	862.5	0.553	0.013	0.024
665.0	4.177	1.139	0.273	765.0	1.016	0.014	0.013	865.0	0.544	0.015	0.028
667.5	4.082	1.125	0.276	767.5	0.985	0.009	0.009	867.5	0.534	0.016	0.030
670.0	4.017	1.112	0.277	770.0	0.971	0.007	0.007	870.0	0.523	0.016	0.031
672.5	3.976	1.099	0.276	772.5	0.968	0.005	0.005	872.5	0.512	0.016	0.031
675.0	3.949	1.084	0.274	775.0	0.972	0.003	0.003	875.0	0.501	0.018	0.035
677.5	3.939	1.065	0.271	777.5	0.985	0.002	0.002	877.5	0.488	0.019	0.038
680.0	3.937	1.041	0.264	780.0	1.000	0.000	0.000	880.0	0.476	0.021	0.043
682.5	3.974	1.018	0.256	782.5	1.015	0.001	0.001	882.5	0.465	0.022	0.047
685.0	4.016	0.988	0.246	785.0	1.029	0.002	0.002	885.0	0.454	0.021	0.046
687.5	4.046	0.949	0.234	787.5	1.046	0.004	0.004	887.5	0.440	0.021	0.048
690.0	4.061	0.901	0.222	790.0	1.067	0.005	0.005	890.0	0.431	0.022	0.051
692.5	4.015	0.842	0.210	792.5	1.087	0.006	0.006	892.5	0.425	0.022	0.052
695.0	3.948	0.782	0.198	795.0	1.108	0.008	0.007	895.0	0.419	0.023	0.054
697.5	3.862	0.720	0.186	797.5	1.127	0.008	0.007	897.5	0.413	0.023	0.055
700.0	3.757	0.657	0.175	800.0	1.145	0.009	0.007	900.0	0.409	0.027	0.066
702.5	3.621	0.593	0.164	802.5	1.159	0.009	0.008
705.0	3.466	0.529	0.153	805.0	1.169	0.009	0.008
707.5	3.297	0.466	0.141	807.5	1.173	0.006	0.005
710.0	3.118	0.405	0.130	810.0	1.175	0.007	0.006
712.5	2.931	0.350	0.119	812.5	1.171	0.008	0.007
715.0	2.754	0.301	0.109	815.0	1.159	0.007	0.006
717.5	2.560	0.252	0.098	817.5	1.138	0.009	0.007
720.0	2.350	0.204	0.087	820.0	1.098	0.009	0.008
722.5	2.144	0.162	0.075	822.5	1.043	0.010	0.010
725.0	1.937	0.126	0.065	825.0	0.980	0.013	0.013
727.5	1.736	0.097	0.056	827.5	0.912	0.015	0.016
730.0	1.551	0.075	0.048	830.0	0.846	0.015	0.018
732.5	1.393	0.060	0.043	832.5	0.788	0.016	0.020
735.0	1.273	0.051	0.040	835.0	0.742	0.015	0.021
737.5	1.185	0.045	0.038	837.5	0.707	0.014	0.020
740.0	1.123	0.040	0.036	840.0	0.678	0.013	0.019
742.5	1.080	0.036	0.033	842.5	0.658	0.013	0.020
745.0	1.053	0.033	0.031	845.0	0.640	0.013	0.021
747.5	1.032	0.030	0.029	847.5	0.627	0.013	0.020
