# Aqua_MODIS RSR
# QV 2024-10-17 from aqua_modis_RSR.nc
# including response > 0.001
#
# Aqua_MODIS Band 1
# -------------------
395.0 0.00102884
396.0 0.00141482
397.0 0.00194563
398.0 0.00267557
399.0 0.00367936
400.0 0.00505974
401.0 0.00695801
402.0 0.0360107
403.0 0.128052
404.0 0.325699
405.0 0.523315
406.0 0.622803
407.0 0.629585
408.0 0.618408
409.0 0.679901
410.0 0.756714
411.0 0.763672
412.0 0.601257
413.0 0.434082
414.0 0.578613
415.0 0.840576
416.0 1.0
417.0 0.979248
418.0 0.836792
419.0 0.592865
420.0 0.337158
421.0 0.143066
422.0 0.0482788
423.0 0.0157471
424.0 0.00919476
425.0 0.00604301
426.0 0.00397161
427.0 0.00261023
428.0 0.00171551
429.0 0.00112747
480.0 0.00104
481.0 0.001231
482.0 0.001422
483.0 0.001613
484.0 0.001804
485.0 0.001995
486.0 0.002186
487.0 0.002377
488.0 0.002568
489.0 0.002759
490.0 0.00295
491.0 0.003411
492.0 0.003872
493.0 0.004333
494.0 0.004794
495.0 0.005255
496.0 0.005716
497.0 0.006177
498.0 0.006638
499.0 0.007099
500.0 0.00756
501.0 0.007974
502.0 0.008388
503.0 0.008802
504.0 0.009216
505.0 0.00963
506.0 0.010044
507.0 0.010458
508.0 0.010872
509.0 0.011286
510.0 0.0117
511.0 0.011137
512.0 0.010574
513.0 0.010011
514.0 0.009448
515.0 0.008885
516.0 0.008322
517.0 0.007759
518.0 0.007196
519.0 0.006633
520.0 0.00607
521.0 0.00562
522.0 0.00517
523.0 0.00472
524.0 0.00427
525.0 0.00382
526.0 0.00337
527.0 0.00292
528.0 0.00247
529.0 0.00202
530.0 0.00157
531.0 0.001575
532.0 0.00158
533.0 0.001585
534.0 0.00159
535.0 0.001595
536.0 0.0016
537.0 0.001605
538.0 0.00161
539.0 0.001615
540.0 0.00162
541.0 0.001645
542.0 0.00167
543.0 0.001695
544.0 0.00172
545.0 0.001745
546.0 0.00177
547.0 0.001795
548.0 0.00182
549.0 0.001845
550.0 0.00187
551.0 0.001842
552.0 0.001814
553.0 0.001786
554.0 0.001758
555.0 0.00173
556.0 0.001702
557.0 0.001674
558.0 0.001646
559.0 0.001618
560.0 0.00159
561.0 0.001572
562.0 0.001554
563.0 0.001536
564.0 0.001518
565.0 0.0015
566.0 0.001482
567.0 0.001464
568.0 0.001446
569.0 0.001428
570.0 0.00141
571.0 0.0012823
572.0 0.0011546
573.0 0.0010269
# -------------------
# Aqua_MODIS Band 2
# -------------------
425.0 0.0012108232
426.0 0.0017442404
427.0 0.002512659
428.0 0.0036196003
429.0 0.005214193
430.0 0.007511279
431.0 0.010820335
432.0 0.015587153
433.0 0.022454003
434.0 0.032346014
435.0 0.096977144
436.0 0.24070375
437.0 0.43587813
438.0 0.59062076
439.0 0.7597352
440.0 0.924975
441.0 0.99473244
442.0 1.0
443.0 0.99974203
444.0 0.9965333
445.0 0.9414527
446.0 0.7850932
447.0 0.5289947
448.0 0.25327575
449.0 0.09154537
450.0 0.036709663
451.0 0.0117483605
452.0 0.006241861
453.0 0.0034114572
454.0 0.0018645108
455.0 0.0010190385
# -------------------
# Aqua_MODIS Band 3
# -------------------
452.0 0.016209725
453.0 0.03813288
454.0 0.091574945
455.0 0.19667801
456.0 0.36095658
457.0 0.56707025
458.0 0.76460874
459.0 0.91457874
460.0 0.98687214
461.0 1.0
462.0 0.9643286
463.0 0.91084653
464.0 0.86856115
465.0 0.85443264
466.0 0.85791475
467.0 0.8668201
468.0 0.88192916
469.0 0.9059436
470.0 0.9218231
471.0 0.9196618
472.0 0.89015406
473.0 0.8281769
474.0 0.72511506
475.0 0.59064436
476.0 0.4313488
477.0 0.27717632
478.0 0.1510106
479.0 0.07040224
480.0 0.029997999
481.0 0.012997799
# -------------------
# Aqua_MODIS Band 4
# -------------------
416.0 0.0010077581
417.0 0.0011032352
418.0 0.0011987123
419.0 0.0012941894
420.0 0.0013896665
421.0 0.001287491
422.0 0.0011853155
423.0 0.00108314
460.0 0.0010097576
461.0 0.0011177318
462.0 0.0012257058
463.0 0.0013336799
464.0 0.001441654
465.0 0.0015496281
466.0 0.0016576021
467.0 0.0017655763
468.0 0.0018735504
469.0 0.0019815245
470.0 0.0020894986
471.0 0.002538031
472.0 0.003470387
473.0 0.0047452613
474.0 0.0064884727
475.0 0.008872061
476.0 0.012131289
477.0 0.016587818
478.0 0.022681456
479.0 0.031013656
480.0 0.09720567
481.0 0.23431876
482.0 0.45588458
483.0 0.7156792
484.0 0.899992
485.0 0.9599446
486.0 0.9804317
487.0 0.9882668
488.0 0.9904013
489.0 1.0
490.0 0.98854774
491.0 0.91365975
492.0 0.7358154
493.0 0.4574612
494.0 0.17952192
495.0 0.039815843
496.0 0.00979381
497.0 0.007120731
498.0 0.0051772376
499.0 0.0037641865
500.0 0.0027368031
501.0 0.0019898324
502.0 0.0014467428
503.0 0.0010518675
# -------------------
# Aqua_MODIS Band 5
# -------------------
512.0 0.0011662814
513.0 0.0015635656
514.0 0.0020961803
515.0 0.0028102177
516.0 0.0037675013
517.0 0.0050508566
518.0 0.006771386
519.0 0.009077997
520.0 0.012170329
521.0 0.043589935
522.0 0.12414917
523.0 0.2574266
524.0 0.45301557
525.0 0.6874402
526.0 0.88626266
527.0 0.9864389
528.0 0.9873978
529.0 0.9868056
530.0 1.0
531.0 0.9986012
532.0 0.964965
533.0 0.9004971
534.0 0.81324065
535.0 0.70479286
536.0 0.5478171
537.0 0.34814394
538.0 0.16115014
539.0 0.05828301
540.0 0.020556493
541.0 0.009747646
542.0 0.0075870664
543.0 0.0059053847
544.0 0.0045964583
545.0 0.0035776417
546.0 0.0027846566
547.0 0.0021674328
548.0 0.0016870224
549.0 0.0013130949
550.0 0.001022043
# -------------------
# Aqua_MODIS Band 6
# -------------------
524.0 0.001028851
525.0 0.0010907662
526.0 0.0011526813
527.0 0.0012145963
528.0 0.0012765115
529.0 0.0013384266
530.0 0.0014003416
531.0 0.0018407392
532.0 0.002672032
533.0 0.0038787464
534.0 0.005630424
535.0 0.008173174
536.0 0.011864295
537.0 0.017222302
538.0 0.025
539.0 0.07573258
540.0 0.16236262
541.0 0.29084197
542.0 0.46684992
543.0 0.676396
544.0 0.872894
545.0 0.97155005
546.0 0.9966112
547.0 1.0
548.0 0.983486
549.0 0.94499356
550.0 0.8738092
551.0 0.75879115
552.0 0.6027471
553.0 0.41485023
554.0 0.21910846
555.0 0.07716723
556.0 0.022741148
557.0 0.009893094
558.0 0.008109368
559.0 0.006647242
560.0 0.0054487493
561.0 0.00446634
562.0 0.0036610533
563.0 0.0030009623
564.0 0.0024598902
565.0 0.002016372
566.0 0.0016528233
567.0 0.0013548206
568.0 0.0011105409
# -------------------
# Aqua_MODIS Band 7
# -------------------
539.0 0.016335065
540.0 0.04012244
541.0 0.090097934
542.0 0.17844532
543.0 0.3093759
544.0 0.47313666
545.0 0.6521522
546.0 0.8077404
547.0 0.91852474
548.0 0.97357184
549.0 0.99111724
550.0 0.9963689
551.0 1.0
552.0 0.9946383
553.0 0.98725605
554.0 0.98633575
555.0 0.9860257
556.0 0.98435515
557.0 0.98115414
558.0 0.9761226
559.0 0.96075785
560.0 0.932389
561.0 0.8705199
562.0 0.7715792
563.0 0.64047855
564.0 0.4848403
565.0 0.31576788
566.0 0.17102301
567.0 0.07522332
568.0 0.028398804
569.0 0.010443238
# -------------------
# Aqua_MODIS Band 8
# -------------------
614.0 0.015108253
615.0 0.028122589
616.0 0.07314678
617.0 0.11817098
618.0 0.17151073
619.0 0.27440313
620.0 0.3776963
621.0 0.4838648
622.0 0.59004337
623.0 0.6873153
624.0 0.7320389
625.0 0.7713424
626.0 0.7757406
627.0 0.78014886
628.0 0.7842566
629.0 0.78640056
630.0 0.7884244
631.0 0.78976685
632.0 0.7911194
633.0 0.7926823
634.0 0.79573804
635.0 0.7990643
636.0 0.8040335
637.0 0.8090028
638.0 0.81409234
639.0 0.8198431
640.0 0.82552373
641.0 0.83078355
642.0 0.8360434
643.0 0.8417841
644.0 0.8506908
645.0 0.8602587
646.0 0.8737339
647.0 0.88720906
648.0 0.9002134
649.0 0.91025215
650.0 0.9212427
651.0 0.9389058
652.0 0.9565788
653.0 0.97353053
654.0 0.9852825
655.0 0.9956619
656.0 0.9978259
657.0 1.0
658.0 0.99937886
659.0 0.98088425
660.0 0.95863265
661.0 0.9092102
662.0 0.85979784
663.0 0.8113673
664.0 0.76882774
665.0 0.724064
666.0 0.66612566
667.0 0.6081773
668.0 0.5479847
669.0 0.4735856
670.0 0.39953715
671.0 0.32778296
672.0 0.25602877
673.0 0.18781121
674.0 0.141715
675.0 0.098654486
676.0 0.07660325
677.0 0.054562032
678.0 0.0340637
679.0 0.02448579
680.0 0.015669301
681.0 0.011972388
# -------------------
# Aqua_MODIS Band 9
# -------------------
651.0 0.0012867469
652.0 0.0020146258
653.0 0.0031542347
654.0 0.0049384926
655.0 0.0077320435
656.0 0.012105877
657.0 0.018953713
658.0 0.064552575
659.0 0.16835554
660.0 0.3263798
661.0 0.5098732
662.0 0.7102917
663.0 0.8729095
664.0 0.96758604
665.0 1.0
666.0 0.99090487
667.0 0.9368513
668.0 0.8514219
669.0 0.79135656
670.0 0.68679076
671.0 0.49890086
672.0 0.33994648
673.0 0.22192007
674.0 0.093578316
675.0 0.014406057
676.0 0.0074156346
677.0 0.005063418
678.0 0.0034573118
679.0 0.002360668
680.0 0.0016118666
681.0 0.0011005843
# -------------------
# Aqua_MODIS Band 10
# -------------------
654.0 0.0010677597
655.0 0.0011769396
656.0 0.0012861196
657.0 0.0013952994
658.0 0.0015044793
659.0 0.0016136593
660.0 0.0017228392
661.0 0.0023436623
662.0 0.0032191852
663.0 0.0044217873
664.0 0.0060736495
665.0 0.008342599
666.0 0.011459185
667.0 0.022864781
668.0 0.045683786
669.0 0.0938742
670.0 0.18776344
671.0 0.3341687
672.0 0.5043792
673.0 0.669293
674.0 0.818572
675.0 0.9351962
676.0 0.9935804
677.0 1.0
678.0 0.9858136
679.0 0.96562034
680.0 0.9348296
681.0 0.8402367
682.0 0.70245767
683.0 0.5554143
684.0 0.3998289
685.0 0.22901542
686.0 0.09442441
687.0 0.035963167
688.0 0.01554001
689.0 0.011769396
690.0 0.008709093
691.0 0.0064445306
692.0 0.004768809
693.0 0.0035288155
694.0 0.0026112434
695.0 0.0019322644
696.0 0.0014298364
697.0 0.0010580437
# -------------------
# Aqua_MODIS Band 11
# -------------------
610.0 0.0010301257
611.0 0.0011731432
612.0 0.0013161605
613.0 0.001459178
614.0 0.0016021954
615.0 0.0017452129
616.0 0.0018882303
617.0 0.0020312478
618.0 0.0021742652
619.0 0.0023172826
620.0 0.0024603002
621.0 0.0024462985
622.0 0.0024322968
623.0 0.002418295
624.0 0.0024042933
625.0 0.0023902915
626.0 0.0023762898
627.0 0.0023622883
628.0 0.0023482866
629.0 0.0023342848
630.0 0.002320283
631.0 0.002345286
632.0 0.002370289
633.0 0.0023952923
634.0 0.0024202953
635.0 0.0024452982
636.0 0.0024703015
637.0 0.0024953044
638.0 0.0025203074
639.0 0.0025453104
640.0 0.0025703136
641.0 0.0027113308
642.0 0.002852348
643.0 0.0029933653
644.0 0.0031343824
645.0 0.0032753996
646.0 0.0034164167
647.0 0.003557434
648.0 0.0036984512
649.0 0.0038394684
650.0 0.0039804857
651.0 0.0038654716
652.0 0.0037504577
653.0 0.0036354435
654.0 0.0035204296
655.0 0.0034054155
656.0 0.0032904015
657.0 0.0031753874
658.0 0.0030603735
659.0 0.0029453593
660.0 0.0028303454
661.0 0.0025724138
662.0 0.0023144823
663.0 0.002056551
664.0 0.0017986194
665.0 0.001540688
666.0 0.0012827564
667.0 0.001024825
722.0 0.0011041347
723.0 0.0012636542
724.0 0.0014231736
725.0 0.0015826931
726.0 0.0017422126
727.0 0.0019017321
728.0 0.0020612516
729.0 0.002220771
730.0 0.0023802903
731.0 0.0030200684
732.0 0.004321337
733.0 0.0061832843
734.0 0.0088475095
735.0 0.012659645
736.0 0.015387077
737.0 0.01811441
738.0 0.038975656
739.0 0.09116712
740.0 0.19039223
741.0 0.33249855
742.0 0.49604753
743.0 0.67070585
744.0 0.8269439
745.0 0.92919034
746.0 0.97514
747.0 1.0
748.0 0.9849222
749.0 0.9034302
750.0 0.778972
751.0 0.6360796
752.0 0.47643712
753.0 0.28009418
754.0 0.12629741
755.0 0.055518273
756.0 0.02532509
757.0 0.011544708
758.0 0.008392043
759.0 0.0058159395
760.0 0.0040306216
761.0 0.0027933407
762.0 0.0019358662
763.0 0.0013416137
866.0 0.001106535
867.0 0.0012199489
868.0 0.0013333627
869.0 0.0014467766
870.0 0.0015601903
871.0 0.0014116822
872.0 0.0012631741
873.0 0.001114666
# -------------------
# Aqua_MODIS Band 12
# -------------------
820.0 0.010468794
821.0 0.015402938
822.0 0.020637335
823.0 0.025871731
824.0 0.035349693
825.0 0.045308057
826.0 0.06006045
827.0 0.07536331
828.0 0.090656154
829.0 0.11126346
830.0 0.13242124
831.0 0.16044477
832.0 0.18914889
833.0 0.217853
834.0 0.25718603
835.0 0.2974999
836.0 0.35848114
837.0 0.42129388
838.0 0.48409665
839.0 0.56482446
840.0 0.64722365
841.0 0.71951437
842.0 0.79080427
843.0 0.86208415
844.0 0.9162296
845.0 0.9685636
846.0 0.9818948
847.0 0.9909424
848.0 1.0
849.0 0.99375474
850.0 0.9859482
851.0 0.98063374
852.0 0.9755595
853.0 0.9704852
854.0 0.9688238
855.0 0.96746266
856.0 0.9682333
857.0 0.9692442
858.0 0.970245
859.0 0.9687137
860.0 0.96695226
861.0 0.9727071
862.0 0.9791625
863.0 0.98561794
864.0 0.9841867
865.0 0.98192483
866.0 0.97460866
867.0 0.9667821
868.0 0.9589555
869.0 0.9360463
870.0 0.91150564
871.0 0.8660475
872.0 0.8187778
873.0 0.77150804
874.0 0.7034309
875.0 0.63353217
876.0 0.5420453
877.0 0.44843668
878.0 0.35482806
879.0 0.27717283
880.0 0.20134914
881.0 0.16198607
882.0 0.12609592
883.0 0.09019577
884.0 0.073822014
885.0 0.059229754
886.0 0.051723447
887.0 0.04497778
888.0 0.038232114
889.0 0.03449898
890.0 0.031076103
891.0 0.028513951
892.0 0.02601185
893.0 0.023519756
894.0 0.021307899
895.0 0.019136075
896.0 0.01696425
897.0 0.014792426
898.0 0.012620601
899.0 0.0105989035
# -------------------
# Aqua_MODIS Band 13
# -------------------
843.0 0.0012075304
844.0 0.0015730424
845.0 0.0020491986
846.0 0.0026694783
847.0 0.003477517
848.0 0.0045301476
849.0 0.005901403
850.0 0.007687729
851.0 0.010014809
852.0 0.013046167
853.0 0.02415341
854.0 0.04561976
855.0 0.08368193
856.0 0.14253867
857.0 0.22819035
858.0 0.3368654
859.0 0.46399912
860.0 0.59805286
861.0 0.72681653
862.0 0.8363611
863.0 0.9237538
864.0 0.97676253
865.0 1.0
866.0 0.9994617
867.0 0.9837786
868.0 0.970763
869.0 0.9617168
870.0 0.94558644
871.0 0.89291286
872.0 0.8100018
873.0 0.7101139
874.0 0.6007664
875.0 0.4794651
876.0 0.34109685
877.0 0.19866222
878.0 0.097957216
879.0 0.047680855
880.0 0.027565688
881.0 0.017202778
882.0 0.011320966
883.0 0.008434092
884.0 0.0063133216
885.0 0.004725821
886.0 0.0035375017
887.0 0.002647986
888.0 0.0019821497
889.0 0.0014837305
890.0 0.0011106442
891.0 0.0010210922
# -------------------
# Aqua_MODIS Band 14
# -------------------
1214.0 0.012241913
1215.0 0.015838351
1216.0 0.020466635
1217.0 0.026577573
1218.0 0.033930738
1219.0 0.043127198
1220.0 0.05597019
1221.0 0.07200889
1222.0 0.09320684
1223.0 0.12166779
1224.0 0.15498742
1225.0 0.19520943
1226.0 0.24702217
1227.0 0.30464533
1228.0 0.3693812
1229.0 0.43601045
1230.0 0.5056551
1231.0 0.5819918
1232.0 0.6633073
1233.0 0.7402651
1234.0 0.8037387
1235.0 0.8489196
1236.0 0.8896425
1237.0 0.93248916
1238.0 0.9628635
1239.0 0.98336023
1240.0 0.987167
1241.0 0.98851943
1242.0 0.9914247
1243.0 1.0
1244.0 0.9931878
1245.0 0.9763777
1246.0 0.94623375
1247.0 0.91090053
1248.0 0.87142986
1249.0 0.8260386
1250.0 0.7619739
1251.0 0.69068635
1252.0 0.6133679
1253.0 0.52499974
1254.0 0.43414712
1255.0 0.34388554
1256.0 0.2773665
1257.0 0.22327967
1258.0 0.1824566
1259.0 0.14221457
1260.0 0.10529848
1261.0 0.07605614
1262.0 0.059506517
1263.0 0.048466757
1264.0 0.041344006
1265.0 0.03484237
1266.0 0.028320694
1267.0 0.02131816
1268.0 0.016950341
1269.0 0.013864818
1270.0 0.012081626
1271.0 0.010488775
# -------------------
# Aqua_MODIS Band 15
# -------------------
1596.0 0.010990554
1597.0 0.013477467
1598.0 0.016796695
1599.0 0.020246284
1600.0 0.02603237
1601.0 0.032119293
1602.0 0.04124466
1603.0 0.05080123
1604.0 0.06602354
1605.0 0.08199795
1606.0 0.105372936
1607.0 0.13001142
1608.0 0.16555023
1609.0 0.20241271
1610.0 0.2519504
1611.0 0.3029823
1612.0 0.36297908
1613.0 0.42439982
1614.0 0.4886384
1615.0 0.553238
1616.0 0.6208159
1617.0 0.68883497
1618.0 0.75574094
1619.0 0.82246643
1620.0 0.8832755
1621.0 0.9433826
1622.0 0.9738172
1623.0 1.0
1624.0 0.999639
1625.0 0.9961192
1626.0 0.98955095
1627.0 0.9824512
1628.0 0.97799885
1629.0 0.97386736
1630.0 0.96558434
1631.0 0.9566996
1632.0 0.9404244
1633.0 0.9232165
1634.0 0.89558977
1635.0 0.86666936
1636.0 0.82360965
1637.0 0.7786246
1638.0 0.7231303
1639.0 0.6659514
1640.0 0.6052526
1641.0 0.54412264
1642.0 0.48671305
1643.0 0.42987505
1644.0 0.382724
1645.0 0.3367361
1646.0 0.29229257
1647.0 0.24807966
1648.0 0.20045727
1649.0 0.15232345
1650.0 0.11773731
1651.0 0.085196845
1652.0 0.06930266
1653.0 0.055574495
1654.0 0.047461946
1655.0 0.04020176
1656.0 0.03444576
1657.0 0.028930428
1658.0 0.023685846
1659.0 0.018481378
1660.0 0.013768276
# -------------------
# Aqua_MODIS Band 16
# -------------------
2058.0 0.010016327
2059.0 0.010336849
2060.0 0.010917796
2061.0 0.012420245
2062.0 0.014573756
2063.0 0.016737282
2064.0 0.018900808
2065.0 0.021064335
2066.0 0.024329657
2067.0 0.028997265
2068.0 0.033664875
2069.0 0.038322467
2070.0 0.042990074
2071.0 0.050161764
2072.0 0.060688924
2073.0 0.071216084
2074.0 0.08174324
2075.0 0.09226038
2076.0 0.109308176
2077.0 0.13492994
2078.0 0.16056171
2079.0 0.18618348
2080.0 0.21180524
2081.0 0.24568047
2082.0 0.28955197
2083.0 0.33342347
2084.0 0.377295
2085.0 0.4211665
2086.0 0.4690245
2087.0 0.52199084
2088.0 0.5749572
2089.0 0.6279235
2090.0 0.68089986
2091.0 0.7291585
2092.0 0.7714675
2093.0 0.81377643
2094.0 0.8560854
2095.0 0.8983844
2096.0 0.92764205
2097.0 0.9406833
2098.0 0.9537346
2099.0 0.96677583
2100.0 0.9798171
2101.0 0.98833096
2102.0 0.99125576
2103.0 0.9941705
2104.0 0.9970853
2105.0 1.0
2106.0 0.99432075
2107.0 0.97775376
2108.0 0.9611867
2109.0 0.9446197
2110.0 0.9280527
2111.0 0.91474104
2112.0 0.9054459
2113.0 0.8961407
2114.0 0.8868455
2115.0 0.8775404
2116.0 0.8655609
2117.0 0.8502459
2118.0 0.83493096
2119.0 0.81961596
2120.0 0.80431104
2121.0 0.788345
2122.0 0.77148753
2123.0 0.75464004
2124.0 0.7377926
2125.0 0.7209451
2126.0 0.7054799
2127.0 0.69167745
2128.0 0.6778749
2129.0 0.66407245
2130.0 0.6502699
2131.0 0.6355359
2132.0 0.6195899
2133.0 0.60364395
2134.0 0.5876979
2135.0 0.57174194
2136.0 0.5560864
2137.0 0.5407715
2138.0 0.5254665
2139.0 0.5101616
2140.0 0.49485663
2141.0 0.47749832
2142.0 0.45758587
2143.0 0.4376634
2144.0 0.41775092
2145.0 0.39782846
2146.0 0.37624326
2147.0 0.35262477
2148.0 0.32900628
2149.0 0.3053878
2150.0 0.28176928
2151.0 0.25827098
2152.0 0.23493294
2153.0 0.2115949
2154.0 0.18825686
2155.0 0.16491883
2156.0 0.14535694
2157.0 0.13047267
2158.0 0.11557839
2159.0 0.100694135
2160.0 0.08579985
2161.0 0.07414085
2162.0 0.06669872
2163.0 0.059256587
2164.0 0.05181446
2165.0 0.044372328
2166.0 0.038322467
2167.0 0.03400543
2168.0 0.029678376
2169.0 0.025361339
2170.0 0.021034285
2171.0 0.017738914
2172.0 0.01567555
2173.0 0.0136121875
2174.0 0.011548825
2175.0 0.010376914
# -------------------
