;; CBERS4/WFI RSR average of FM2 and FM3 Left and Right Cameras
;;
;; Quinten Vanhellemont 2022-02-16
;; from files CBERS4A_FM2_R.txt, CBERS4A_FM2_L.txt, CBERS4A_FM3_R.txt, CBERS4A_FM3_L.txt
;;
;; datasets: wavelength, RSR
;;
;; CBERS4_WFI Band: 13
0.4200	0.00020886085
0.4250	0.00027012405
0.4300	0.00038912475
0.4350	0.0003484476
0.4400	0.002697867775
0.4450	0.037214893799999996
0.4500	0.24828462704999998
0.4550	0.44503069565
0.4600	0.609703239675
0.4650	0.71230225175
0.4700	0.76498374745
0.4750	0.7725123615
0.4800	0.776822334425
0.4850	0.8177375885
0.4900	0.886504626625
0.4950	0.96053729825
0.5000	1.0
0.5050	0.95302900335
0.5100	0.8726590779750001
0.5150	0.78963313365
0.5200	0.652407507925
0.5250	0.30854972692500005
0.5300	0.085863851325
0.5350	0.02151834865
0.5400	0.0046891789
0.5450	0.0005808509249999999
0.5500	0.000194498475
0.5550	0.0
0.5600	0.0
0.5650	0.0
0.5700	0.0
0.5750	0.0
0.5800	0.0
0.5850	0.0
0.5900	0.0
0.5950	0.0
0.6000	0.0
0.6050	0.0
0.6100	0.0
0.6150	0.0
0.6200	0.0
0.6250	0.0
0.6300	0.0
0.6350	0.0
0.6400	0.0
0.6450	0.0
0.6500	0.0
0.6550	0.0
0.6600	0.0
0.6650	0.0
0.6700	0.0
0.6750	0.0
0.6800	0.0
0.6850	0.0
0.6900	0.0
0.6950	0.0
0.7000	0.0
0.7050	0.0
0.7100	0.0
0.7150	0.0
0.7200	0.0
0.7250	0.0
0.7300	0.0
0.7350	0.0
0.7400	0.0
0.7450	0.0
0.7500	0.0
0.7550	0.0
0.7600	0.0
0.7650	0.0
0.7700	0.0
0.7750	0.0
0.7800	0.0
0.7850	0.0
0.7900	0.0
0.7950	0.0
0.8000	0.0
0.8050	0.0
0.8100	0.0
0.8150	0.0
0.8200	0.0
0.8250	0.0
0.8300	0.0
0.8350	0.0
0.8400	0.0
0.8450	0.0
0.8500	0.0
0.8550	0.0
0.8600	0.0
0.8650	0.0
0.8700	0.0
0.8750	0.0
0.8800	0.0
0.8850	0.0
0.8900	0.0
0.8950	0.0
0.9000	0.0
0.9050	0.0
0.9100	0.0
0.9150	0.0
0.9200	0.0
;; CBERS4_WFI Band: 14
0.4200	0.0
0.4250	0.0
0.4300	0.0
0.4350	0.0
0.4400	0.0
0.4450	0.0
0.4500	0.0
0.4550	0.0
0.4600	0.0
0.4650	0.0
0.4700	0.0
0.4750	0.0
0.4800	0.00024486387384224585
0.4850	0.000710647075
0.4900	0.00082318355
0.4950	0.0039203191
0.5000	0.00635847225
0.5050	0.010088973125000001
0.5100	0.06772631077499999
0.5150	0.2386510331
0.5200	0.528663057975
0.5250	0.6777290901249999
0.5300	0.783572335325
0.5350	0.842066393275
0.5400	0.8818820589
0.5450	0.87932856155
0.5500	0.8417507404
0.5550	0.84231304635
0.5600	0.8523041395250001
0.5650	0.867822816625
0.5700	0.8936696038999999
0.5750	0.92641741515
0.5800	0.945149686175
0.5850	0.9225265219250001
0.5900	0.8560984054999999
0.5950	0.6477292998999999
0.6000	0.331240322425
0.6050	0.09518651395
0.6100	0.017453396475
0.6150	0.0035803128
0.6200	0.00149281785
0.6250	0.0009797551
0.6300	0.000639719225
0.6350	0.00041709865
0.6400	0.000270379275
0.6450	0.0
0.6500	0.0
0.6550	0.0
0.6600	0.0
0.6650	0.0
0.6700	0.0
0.6750	0.0
0.6800	0.0
0.6850	0.0
0.6900	0.0
0.6950	0.0
0.7000	0.0
0.7050	0.0
0.7100	0.0
0.7150	0.0
0.7200	0.0
0.7250	0.0
0.7300	0.0
0.7350	0.0
0.7400	0.0
0.7450	0.0
0.7500	0.0
0.7550	0.0
0.7600	0.0
0.7650	0.0
0.7700	0.0
0.7750	0.0
0.7800	0.0
0.7850	0.0
0.7900	0.0
0.7950	0.0
0.8000	0.0
0.8050	0.0
0.8100	0.0
0.8150	0.0
0.8200	0.0
0.8250	0.0
0.8300	0.0
0.8350	0.0
0.8400	0.0
0.8450	0.0
0.8500	0.0
0.8550	0.0
0.8600	0.0
0.8650	0.0
0.8700	0.0
0.8750	0.0
0.8800	0.0
0.8850	0.0
0.8900	0.0
0.8950	0.0
0.9000	0.0
0.9050	0.0
0.9100	0.0
0.9150	0.0
0.9200	0.0
;; CBERS4_WFI Band: 15
0.4200	0.0
0.4250	0.0
0.4300	0.0
0.4350	0.0
0.4400	0.0
0.4450	0.0
0.4500	0.0
0.4550	0.0
0.4600	0.0
0.4650	0.0
0.4700	0.0
0.4750	0.0
0.4800	0.0
0.4850	0.0
0.4900	0.0
0.4950	0.0
0.5000	0.0
0.5050	0.0
0.5100	0.0
0.5150	0.0
0.5200	0.0
0.5250	0.0
0.5300	0.0
0.5350	0.0
0.5400	0.0
0.5450	0.0
0.5500	0.0
0.5550	0.0
0.5600	0.0
0.5650	0.0
0.5700	0.0
0.5750	0.0
0.5800	0.0
0.5850	0.0
0.5900	0.0
0.5950	0.0
0.6000	0.00037426025
0.6050	0.001335978975
0.6100	0.007113309925
0.6150	0.026150211875
0.6200	0.17137762595
0.6250	0.40890428795
0.6300	0.577534667775
0.6350	0.78403496085
0.6400	0.8512223938500001
0.6450	0.8814851884499999
0.6500	0.9393879642249999
0.6550	0.9550209809500001
0.6600	0.924719698325
0.6650	0.897440481425
0.6700	0.8912915262500001
0.6750	0.89776166525
0.6800	0.798462228275
0.6850	0.5806723268
0.6900	0.358574454475
0.6950	0.11803605765000001
0.7000	0.025071933249999998
0.7050	0.006303828900000001
0.7100	0.001773403475
0.7150	0.0008593885750000001
0.7200	0.000333030625
0.7250	0.0
0.7300	0.0
0.7350	0.0
0.7400	0.0
0.7450	0.0
0.7500	0.0
0.7550	0.0
0.7600	0.0
0.7650	0.0
0.7700	0.0
0.7750	0.0
0.7800	0.0
0.7850	0.0
0.7900	0.0
0.7950	0.0
0.8000	0.0
0.8050	0.0
0.8100	0.0
0.8150	0.0
0.8200	0.0
0.8250	0.0
0.8300	0.0
0.8350	0.0
0.8400	0.0
0.8450	0.0
0.8500	0.0
0.8550	0.0
0.8600	0.0
0.8650	0.0
0.8700	0.0
0.8750	0.0
0.8800	0.0
0.8850	0.0
0.8900	0.0
0.8950	0.0
0.9000	0.0
0.9050	0.0
0.9100	0.0
0.9150	0.0
0.9200	0.0
;; CBERS4_WFI Band: 16
0.4200	0.0
0.4250	0.0
0.4300	0.0
0.4350	0.0
0.4400	0.0
0.4450	0.0
0.4500	0.0
0.4550	0.0
0.4600	0.0
0.4650	0.0
0.4700	0.0
0.4750	0.0
0.4800	0.0
0.4850	0.0
0.4900	0.0
0.4950	0.0
0.5000	0.0
0.5050	0.0
0.5100	0.0
0.5150	0.0
0.5200	0.0
0.5250	0.0
0.5300	0.0
0.5350	0.0
0.5400	0.0
0.5450	0.0
0.5500	0.0
0.5550	0.0
0.5600	0.0
0.5650	0.0
0.5700	0.0
0.5750	0.0
0.5800	0.0
0.5850	0.0
0.5900	0.0
0.5950	0.0
0.6000	0.0
0.6050	0.0
0.6100	0.0
0.6150	0.0
0.6200	0.0
0.6250	0.0
0.6300	0.0
0.6350	0.0
0.6400	0.0
0.6450	0.0
0.6500	0.0
0.6550	0.0
0.6600	0.0
0.6650	0.0
0.6700	0.0
0.6750	0.0
0.6800	0.0
0.6850	0.0
0.6900	0.0
0.6950	0.0
0.7000	0.0
0.7050	0.0
0.7100	0.0
0.7150	0.0
0.7200	0.00029135595
0.7250	0.000360385125
0.7300	0.000388798875
0.7350	0.0008419689
0.7400	0.00354893895
0.7450	0.011480440775000001
0.7500	0.024737813424999998
0.7550	0.052060455975
0.7600	0.11809306800000001
0.7650	0.33073646315
0.7700	0.754196117675
0.7750	0.97142812275
0.7800	0.904110480575
0.7850	0.8349508187000001
0.7900	0.8102201712
0.7950	0.8070733101249999
0.8000	0.8047260351000001
0.8050	0.7964352785
0.8100	0.773961516175
0.8150	0.744126620425
0.8200	0.715430886275
0.8250	0.694842100325
0.8300	0.673581801075
0.8350	0.6519875439
0.8400	0.6412059207
0.8450	0.611578685225
0.8500	0.5996815656750001
0.8550	0.58022226965
0.8600	0.549167469925
0.8650	0.50922876345
0.8700	0.483664872
0.8750	0.45126076755
0.8800	0.372203532375
0.8850	0.26095523985
0.8900	0.153811208575
0.8950	0.072090425025
0.9000	0.032691851725
0.9050	0.0129405184
0.9100	0.00512623345
0.9150	0.0
0.9200	0.0
