# QV 2022-02-24 from GeoEye-1_Relative_Spectral_Response.xls spreadsheet
#
#
#  GeoEye 1 Band PAN
#
#  Wavelength
#   (microns)	Relative response
#  __________	___________
0.350	0.000
0.351	0.000
0.352	0.000
0.353	0.000
0.354	0.000
0.355	0.000
0.356	0.000
0.357	0.000
0.358	0.000
0.359	0.000
0.360	0.000
0.361	0.000
0.362	0.000
0.363	0.000
0.364	0.000
0.365	0.000
0.366	0.000
0.367	0.000
0.368	0.000
0.369	0.000
0.370	0.000
0.371	0.000
0.372	0.000
0.373	0.000
0.374	0.000
0.375	0.000
0.376	0.000
0.377	0.000
0.378	0.000
0.379	0.000
0.380	0.000
0.381	0.000
0.382	0.000
0.383	0.000
0.384	0.000
0.385	0.000
0.386	0.000
0.387	0.000
0.388	0.000
0.389	0.000
0.390	0.000
0.391	0.000
0.392	0.000
0.393	0.000
0.394	0.000
0.395	0.000
0.396	0.000
0.397	0.000
0.398	0.000
0.399	0.000
0.400	0.000
0.401	0.000
0.402	0.000
0.403	0.000
0.404	0.000
0.405	0.000
0.406	0.000
0.407	0.000
0.408	0.000
0.409	0.000
0.410	0.000
0.411	0.000
0.412	0.000
0.413	0.000
0.414	0.000
0.415	0.000
0.416	0.000
0.417	0.000
0.418	0.000
0.419	0.000
0.420	0.000
0.421	0.000
0.422	0.000
0.423	0.000
0.424	0.000
0.425	0.000
0.426	0.000
0.427	0.000
0.428	0.000
0.429	0.000
0.430	0.000
0.431	0.000
0.432	0.000
0.433	0.000
0.434	0.000
0.435	0.000
0.436	0.000
0.437	0.000
0.438	0.000
0.439	0.001
0.440	0.001
0.441	0.002
0.442	0.002
0.443	0.003
0.444	0.004
0.445	0.005
0.446	0.037
0.447	0.070
0.448	0.103
0.449	0.135
0.450	0.168
0.451	0.266
0.452	0.365
0.453	0.463
0.454	0.561
0.455	0.660
0.456	0.672
0.457	0.685
0.458	0.698
0.459	0.711
0.460	0.724
0.461	0.728
0.462	0.732
0.463	0.735
0.464	0.739
0.465	0.743
0.466	0.747
0.467	0.751
0.468	0.754
0.469	0.758
0.470	0.762
0.471	0.763
0.472	0.764
0.473	0.766
0.474	0.767
0.475	0.768
0.476	0.762
0.477	0.756
0.478	0.750
0.479	0.744
0.480	0.738
0.481	0.739
0.482	0.740
0.483	0.742
0.484	0.743
0.485	0.744
0.486	0.740
0.487	0.737
0.488	0.733
0.489	0.729
0.490	0.725
0.491	0.733
0.492	0.740
0.493	0.748
0.494	0.756
0.495	0.764
0.496	0.761
0.497	0.759
0.498	0.757
0.499	0.754
0.500	0.752
0.501	0.764
0.502	0.775
0.503	0.787
0.504	0.799
0.505	0.810
0.506	0.814
0.507	0.818
0.508	0.822
0.509	0.826
0.510	0.830
0.511	0.820
0.512	0.810
0.513	0.800
0.514	0.790
0.515	0.780
0.516	0.787
0.517	0.795
0.518	0.802
0.519	0.809
0.520	0.816
0.521	0.826
0.522	0.835
0.523	0.845
0.524	0.854
0.525	0.864
0.526	0.857
0.527	0.851
0.528	0.845
0.529	0.839
0.530	0.832
0.531	0.841
0.532	0.849
0.533	0.857
0.534	0.866
0.535	0.874
0.536	0.871
0.537	0.868
0.538	0.866
0.539	0.863
0.540	0.860
0.541	0.852
0.542	0.845
0.543	0.837
0.544	0.829
0.545	0.822
0.546	0.829
0.547	0.836
0.548	0.844
0.549	0.851
0.550	0.859
0.551	0.860
0.552	0.862
0.553	0.863
0.554	0.865
0.555	0.866
0.556	0.863
0.557	0.861
0.558	0.858
0.559	0.855
0.560	0.853
0.561	0.865
0.562	0.877
0.563	0.889
0.564	0.901
0.565	0.913
0.566	0.910
0.567	0.906
0.568	0.903
0.569	0.899
0.570	0.896
0.571	0.895
0.572	0.894
0.573	0.893
0.574	0.892
0.575	0.891
0.576	0.898
0.577	0.905
0.578	0.911
0.579	0.918
0.580	0.925
0.581	0.924
0.582	0.924
0.583	0.923
0.584	0.923
0.585	0.923
0.586	0.926
0.587	0.929
0.588	0.932
0.589	0.935
0.590	0.937
0.591	0.937
0.592	0.936
0.593	0.935
0.594	0.934
0.595	0.933
0.596	0.935
0.597	0.936
0.598	0.938
0.599	0.939
0.600	0.941
0.601	0.945
0.602	0.949
0.603	0.952
0.604	0.956
0.605	0.960
0.606	0.958
0.607	0.957
0.608	0.955
0.609	0.953
0.610	0.952
0.611	0.952
0.612	0.953
0.613	0.954
0.614	0.955
0.615	0.956
0.616	0.958
0.617	0.961
0.618	0.963
0.619	0.966
0.620	0.968
0.621	0.972
0.622	0.975
0.623	0.978
0.624	0.981
0.625	0.985
0.626	0.986
0.627	0.986
0.628	0.987
0.629	0.988
0.630	0.989
0.631	0.985
0.632	0.981
0.633	0.977
0.634	0.973
0.635	0.969
0.636	0.971
0.637	0.973
0.638	0.975
0.639	0.978
0.640	0.980
0.641	0.984
0.642	0.988
0.643	0.992
0.644	0.996
0.645	1.000
0.646	0.995
0.647	0.991
0.648	0.986
0.649	0.982
0.650	0.977
0.651	0.975
0.652	0.972
0.653	0.969
0.654	0.967
0.655	0.964
0.656	0.967
0.657	0.971
0.658	0.974
0.659	0.977
0.660	0.980
0.661	0.981
0.662	0.981
0.663	0.982
0.664	0.982
0.665	0.982
0.666	0.979
0.667	0.976
0.668	0.973
0.669	0.970
0.670	0.967
0.671	0.967
0.672	0.967
0.673	0.967
0.674	0.967
0.675	0.967
0.676	0.969
0.677	0.972
0.678	0.974
0.679	0.976
0.680	0.979
0.681	0.972
0.682	0.965
0.683	0.958
0.684	0.950
0.685	0.943
0.686	0.942
0.687	0.941
0.688	0.940
0.689	0.939
0.690	0.938
0.691	0.937
0.692	0.937
0.693	0.937
0.694	0.936
0.695	0.936
0.696	0.938
0.697	0.940
0.698	0.942
0.699	0.944
0.700	0.946
0.701	0.951
0.702	0.956
0.703	0.961
0.704	0.966
0.705	0.971
0.706	0.969
0.707	0.966
0.708	0.963
0.709	0.960
0.710	0.958
0.711	0.952
0.712	0.947
0.713	0.941
0.714	0.936
0.715	0.930
0.716	0.929
0.717	0.927
0.718	0.926
0.719	0.925
0.720	0.923
0.721	0.924
0.722	0.925
0.723	0.926
0.724	0.927
0.725	0.928
0.726	0.923
0.727	0.919
0.728	0.914
0.729	0.910
0.730	0.906
0.731	0.901
0.732	0.897
0.733	0.892
0.734	0.888
0.735	0.883
0.736	0.884
0.737	0.884
0.738	0.884
0.739	0.884
0.740	0.884
0.741	0.885
0.742	0.885
0.743	0.886
0.744	0.887
0.745	0.888
0.746	0.886
0.747	0.883
0.748	0.881
0.749	0.879
0.750	0.877
0.751	0.873
0.752	0.869
0.753	0.866
0.754	0.862
0.755	0.858
0.756	0.854
0.757	0.851
0.758	0.847
0.759	0.843
0.760	0.839
0.761	0.837
0.762	0.836
0.763	0.834
0.764	0.833
0.765	0.831
0.766	0.834
0.767	0.837
0.768	0.840
0.769	0.843
0.770	0.845
0.771	0.848
0.772	0.851
0.773	0.853
0.774	0.856
0.775	0.859
0.776	0.854
0.777	0.850
0.778	0.846
0.779	0.841
0.780	0.837
0.781	0.829
0.782	0.820
0.783	0.812
0.784	0.804
0.785	0.796
0.786	0.791
0.787	0.786
0.788	0.781
0.789	0.777
0.790	0.772
0.791	0.780
0.792	0.787
0.793	0.795
0.794	0.802
0.795	0.810
0.796	0.744
0.797	0.678
0.798	0.612
0.799	0.546
0.800	0.480
0.801	0.399
0.802	0.317
0.803	0.236
0.804	0.155
0.805	0.074
0.806	0.062
0.807	0.050
0.808	0.038
0.809	0.027
0.810	0.015
0.811	0.013
0.812	0.011
0.813	0.009
0.814	0.007
0.815	0.006
0.816	0.005
0.817	0.004
0.818	0.003
0.819	0.003
0.820	0.002
0.821	0.002
0.822	0.001
0.823	0.001
0.824	0.001
0.825	0.001
0.826	0.001
0.827	0.001
0.828	0.001
0.829	0.001
0.830	0.000
0.831	0.000
0.832	0.000
0.833	0.000
0.834	0.000
0.835	0.000
0.836	0.000
0.837	0.000
0.838	0.000
0.839	0.000
0.840	0.000
0.841	0.000
0.842	0.000
0.843	0.000
0.844	0.000
0.845	0.000
0.846	0.000
0.847	0.000
0.848	0.000
0.849	0.000
0.850	0.000
0.851	0.000
0.852	0.000
0.853	0.000
0.854	0.000
0.855	0.000
0.856	0.000
0.857	0.000
0.858	0.000
0.859	0.000
0.860	0.000
0.861	0.000
0.862	0.000
0.863	0.000
0.864	0.000
0.865	0.000
0.866	0.000
0.867	0.000
0.868	0.000
0.869	0.000
0.870	0.000
0.871	0.000
0.872	0.000
0.873	0.000
0.874	0.000
0.875	0.000
0.876	0.000
0.877	0.000
0.878	0.000
0.879	0.000
0.880	0.000
0.881	0.000
0.882	0.000
0.883	0.000
0.884	0.000
0.885	0.000
0.886	0.000
0.887	0.000
0.888	0.000
0.889	0.000
0.890	0.000
0.891	0.000
0.892	0.000
0.893	0.000
0.894	0.000
0.895	0.000
0.896	0.000
0.897	0.000
0.898	0.000
0.899	0.000
0.900	0.000
0.901	0.000
0.902	0.000
0.903	0.000
0.904	0.000
0.905	0.000
0.906	0.000
0.907	0.000
0.908	0.000
0.909	0.000
0.910	0.000
0.911	0.000
0.912	0.000
0.913	0.000
0.914	0.000
0.915	0.000
0.916	0.000
0.917	0.000
0.918	0.000
0.919	0.000
0.920	0.000
0.921	0.000
0.922	0.000
0.923	0.000
0.924	0.000
0.925	0.000
0.926	0.000
0.927	0.000
0.928	0.000
0.929	0.000
0.930	0.000
0.931	0.000
0.932	0.000
0.933	0.000
0.934	0.000
0.935	0.000
0.936	0.000
0.937	0.000
0.938	0.000
0.939	0.000
0.940	0.000
0.941	0.000
0.942	0.000
0.943	0.000
0.944	0.000
0.945	0.000
0.946	0.000
0.947	0.000
0.948	0.000
0.949	0.000
0.950	0.000
0.951	0.000
0.952	0.000
0.953	0.000
0.954	0.000
0.955	0.000
0.956	0.000
0.957	0.000
0.958	0.000
0.959	0.000
0.960	0.000
0.961	0.000
0.962	0.000
0.963	0.000
0.964	0.000
0.965	0.000
0.966	0.000
0.967	0.000
0.968	0.000
0.969	0.000
0.970	0.000
0.971	0.000
0.972	0.000
0.973	0.000
0.974	0.000
0.975	0.000
0.976	0.000
0.977	0.000
0.978	0.000
0.979	0.000
0.980	0.000
0.981	0.000
0.982	0.000
0.983	0.000
0.984	0.000
0.985	0.000
0.986	0.000
0.987	0.000
0.988	0.000
0.989	0.000
0.990	0.000
0.991	0.000
0.992	0.000
0.993	0.000
0.994	0.000
0.995	0.000
0.996	0.000
0.997	0.000
0.998	0.000
0.999	0.000
1.000	0.000
#  GeoEye 1 Band Blue
#
#  Wavelength
#   (microns)	Relative response
#  __________	___________
0.350	0.000
0.351	0.000
0.352	0.000
0.353	0.000
0.354	0.000
0.355	0.000
0.356	0.000
0.357	0.000
0.358	0.000
0.359	0.000
0.360	0.000
0.361	0.000
0.362	0.000
0.363	0.000
0.364	0.000
0.365	0.000
0.366	0.000
0.367	0.000
0.368	0.000
0.369	0.000
0.370	0.000
0.371	0.000
0.372	0.000
0.373	0.000
0.374	0.000
0.375	0.000
0.376	0.000
0.377	0.000
0.378	0.000
0.379	0.000
0.380	0.000
0.381	0.000
0.382	0.000
0.383	0.000
0.384	0.000
0.385	0.000
0.386	0.000
0.387	0.000
0.388	0.000
0.389	0.000
0.390	0.000
0.391	0.000
0.392	0.000
0.393	0.000
0.394	0.000
0.395	0.000
0.396	0.000
0.397	0.000
0.398	0.000
0.399	0.000
0.400	0.000
0.401	0.000
0.402	0.000
0.403	0.000
0.404	0.000
0.405	0.000
0.406	0.000
0.407	0.000
0.408	0.000
0.409	0.000
0.410	0.000
0.411	0.000
0.412	0.000
0.413	0.000
0.414	0.000
0.415	0.000
0.416	0.000
0.417	0.000
0.418	0.000
0.419	0.000
0.420	0.000
0.421	0.000
0.422	0.000
0.423	0.001
0.424	0.001
0.425	0.001
0.426	0.001
0.427	0.001
0.428	0.001
0.429	0.001
0.430	0.001
0.431	0.001
0.432	0.001
0.433	0.001
0.434	0.001
0.435	0.001
0.436	0.002
0.437	0.003
0.438	0.004
0.439	0.005
0.440	0.006
0.441	0.012
0.442	0.019
0.443	0.025
0.444	0.032
0.445	0.038
0.446	0.073
0.447	0.108
0.448	0.142
0.449	0.177
0.450	0.212
0.451	0.306
0.452	0.400
0.453	0.494
0.454	0.589
0.455	0.683
0.456	0.718
0.457	0.754
0.458	0.789
0.459	0.824
0.460	0.860
0.461	0.863
0.462	0.866
0.463	0.869
0.464	0.872
0.465	0.876
0.466	0.876
0.467	0.877
0.468	0.877
0.469	0.878
0.470	0.879
0.471	0.882
0.472	0.886
0.473	0.890
0.474	0.893
0.475	0.897
0.476	0.901
0.477	0.905
0.478	0.908
0.479	0.912
0.480	0.916
0.481	0.918
0.482	0.920
0.483	0.922
0.484	0.924
0.485	0.926
0.486	0.929
0.487	0.931
0.488	0.934
0.489	0.937
0.490	0.940
0.491	0.940
0.492	0.941
0.493	0.942
0.494	0.943
0.495	0.943
0.496	0.950
0.497	0.956
0.498	0.963
0.499	0.969
0.500	0.975
0.501	0.980
0.502	0.985
0.503	0.990
0.504	0.995
0.505	1.000
0.506	0.995
0.507	0.989
0.508	0.984
0.509	0.979
0.510	0.974
0.511	0.868
0.512	0.762
0.513	0.656
0.514	0.550
0.515	0.444
0.516	0.371
0.517	0.299
0.518	0.226
0.519	0.154
0.520	0.081
0.521	0.068
0.522	0.054
0.523	0.040
0.524	0.027
0.525	0.013
0.526	0.011
0.527	0.009
0.528	0.007
0.529	0.005
0.530	0.003
0.531	0.003
0.532	0.003
0.533	0.002
0.534	0.002
0.535	0.001
0.536	0.001
0.537	0.001
0.538	0.001
0.539	0.001
0.540	0.001
0.541	0.001
0.542	0.001
0.543	0.001
0.544	0.001
0.545	0.001
0.546	0.000
0.547	0.000
0.548	0.000
0.549	0.000
0.550	0.000
0.551	0.000
0.552	0.000
0.553	0.000
0.554	0.000
0.555	0.000
0.556	0.000
0.557	0.000
0.558	0.000
0.559	0.000
0.560	0.000
0.561	0.000
0.562	0.000
0.563	0.000
0.564	0.000
0.565	0.000
0.566	0.000
0.567	0.000
0.568	0.000
0.569	0.000
0.570	0.000
0.571	0.000
0.572	0.000
0.573	0.000
0.574	0.000
0.575	0.000
0.576	0.000
0.577	0.000
0.578	0.000
0.579	0.000
0.580	0.000
0.581	0.000
0.582	0.000
0.583	0.000
0.584	0.000
0.585	0.000
0.586	0.000
0.587	0.000
0.588	0.000
0.589	0.000
0.590	0.000
0.591	0.000
0.592	0.000
0.593	0.000
0.594	0.000
0.595	0.000
0.596	0.000
0.597	0.000
0.598	0.000
0.599	0.000
0.600	0.000
0.601	0.000
0.602	0.000
0.603	0.000
0.604	0.000
0.605	0.000
0.606	0.000
0.607	0.000
0.608	0.000
0.609	0.000
0.610	0.000
0.611	0.000
0.612	0.000
0.613	0.000
0.614	0.000
0.615	0.000
0.616	0.000
0.617	0.000
0.618	0.000
0.619	0.000
0.620	0.000
0.621	0.000
0.622	0.000
0.623	0.000
0.624	0.000
0.625	0.000
0.626	0.000
0.627	0.000
0.628	0.000
0.629	0.000
0.630	0.000
0.631	0.000
0.632	0.000
0.633	0.000
0.634	0.000
0.635	0.000
0.636	0.000
0.637	0.000
0.638	0.000
0.639	0.000
0.640	0.000
0.641	0.000
0.642	0.000
0.643	0.000
0.644	0.000
0.645	0.000
0.646	0.000
0.647	0.000
0.648	0.000
0.649	0.000
0.650	0.000
0.651	0.000
0.652	0.000
0.653	0.000
0.654	0.000
0.655	0.000
0.656	0.000
0.657	0.000
0.658	0.000
0.659	0.000
0.660	0.000
0.661	0.000
0.662	0.000
0.663	0.000
0.664	0.000
0.665	0.000
0.666	0.000
0.667	0.000
0.668	0.000
0.669	0.000
0.670	0.000
0.671	0.000
0.672	0.000
0.673	0.000
0.674	0.000
0.675	0.000
0.676	0.000
0.677	0.000
0.678	0.000
0.679	0.000
0.680	0.000
0.681	0.000
0.682	0.000
0.683	0.000
0.684	0.000
0.685	0.000
0.686	0.000
0.687	0.000
0.688	0.000
0.689	0.000
0.690	0.000
0.691	0.000
0.692	0.000
0.693	0.000
0.694	0.000
0.695	0.000
0.696	0.000
0.697	0.000
0.698	0.000
0.699	0.000
0.700	0.000
0.701	0.000
0.702	0.000
0.703	0.000
0.704	0.000
0.705	0.000
0.706	0.000
0.707	0.000
0.708	0.000
0.709	0.000
0.710	0.000
0.711	0.000
0.712	0.000
0.713	0.000
0.714	0.000
0.715	0.000
0.716	0.000
0.717	0.000
0.718	0.000
0.719	0.000
0.720	0.000
0.721	0.000
0.722	0.000
0.723	0.000
0.724	0.000
0.725	0.000
0.726	0.000
0.727	0.000
0.728	0.000
0.729	0.000
0.730	0.000
0.731	0.000
0.732	0.000
0.733	0.000
0.734	0.000
0.735	0.000
0.736	0.000
0.737	0.000
0.738	0.000
0.739	0.000
0.740	0.000
0.741	0.000
0.742	0.000
0.743	0.000
0.744	0.000
0.745	0.000
0.746	0.000
0.747	0.000
0.748	0.000
0.749	0.000
0.750	0.000
0.751	0.000
0.752	0.000
0.753	0.000
0.754	0.000
0.755	0.000
0.756	0.000
0.757	0.000
0.758	0.000
0.759	0.000
0.760	0.000
0.761	0.000
0.762	0.000
0.763	0.000
0.764	0.000
0.765	0.000
0.766	0.000
0.767	0.000
0.768	0.000
0.769	0.000
0.770	0.000
0.771	0.000
0.772	0.000
0.773	0.000
0.774	0.000
0.775	0.000
0.776	0.000
0.777	0.000
0.778	0.000
0.779	0.000
0.780	0.000
0.781	0.000
0.782	0.000
0.783	0.000
0.784	0.000
0.785	0.000
0.786	0.000
0.787	0.000
0.788	0.000
0.789	0.000
0.790	0.000
0.791	0.000
0.792	0.000
0.793	0.000
0.794	0.000
0.795	0.000
0.796	0.000
0.797	0.000
0.798	0.000
0.799	0.000
0.800	0.000
0.801	0.000
0.802	0.000
0.803	0.000
0.804	0.000
0.805	0.000
0.806	0.000
0.807	0.000
0.808	0.000
0.809	0.000
0.810	0.000
0.811	0.000
0.812	0.000
0.813	0.000
0.814	0.000
0.815	0.000
0.816	0.000
0.817	0.000
0.818	0.000
0.819	0.000
0.820	0.000
0.821	0.000
0.822	0.000
0.823	0.000
0.824	0.000
0.825	0.000
0.826	0.000
0.827	0.000
0.828	0.000
0.829	0.000
0.830	0.000
0.831	0.000
0.832	0.000
0.833	0.000
0.834	0.000
0.835	0.000
0.836	0.000
0.837	0.000
0.838	0.000
0.839	0.000
0.840	0.000
0.841	0.000
0.842	0.000
0.843	0.000
0.844	0.000
0.845	0.000
0.846	0.000
0.847	0.000
0.848	0.000
0.849	0.000
0.850	0.000
0.851	0.000
0.852	0.000
0.853	0.000
0.854	0.000
0.855	0.000
0.856	0.000
0.857	0.000
0.858	0.000
0.859	0.000
0.860	0.000
0.861	0.000
0.862	0.000
0.863	0.000
0.864	0.000
0.865	0.000
0.866	0.000
0.867	0.000
0.868	0.000
0.869	0.000
0.870	0.000
0.871	0.000
0.872	0.000
0.873	0.000
0.874	0.000
0.875	0.000
0.876	0.000
0.877	0.000
0.878	0.000
0.879	0.000
0.880	0.000
0.881	0.000
0.882	0.000
0.883	0.000
0.884	0.000
0.885	0.000
0.886	0.000
0.887	0.000
0.888	0.000
0.889	0.000
0.890	0.000
0.891	0.000
0.892	0.000
0.893	0.000
0.894	0.000
0.895	0.000
0.896	0.000
0.897	0.000
0.898	0.000
0.899	0.000
0.900	0.000
0.901	0.000
0.902	0.000
0.903	0.000
0.904	0.000
0.905	0.000
0.906	0.000
0.907	0.000
0.908	0.000
0.909	0.000
0.910	0.000
0.911	0.000
0.912	0.000
0.913	0.000
0.914	0.000
0.915	0.000
0.916	0.000
0.917	0.000
0.918	0.000
0.919	0.000
0.920	0.000
0.921	0.000
0.922	0.000
0.923	0.000
0.924	0.000
0.925	0.000
0.926	0.000
0.927	0.000
0.928	0.000
0.929	0.000
0.930	0.000
0.931	0.000
0.932	0.000
0.933	0.000
0.934	0.000
0.935	0.000
0.936	0.000
0.937	0.000
0.938	0.000
0.939	0.000
0.940	0.000
0.941	0.000
0.942	0.000
0.943	0.000
0.944	0.000
0.945	0.000
0.946	0.000
0.947	0.000
0.948	0.000
0.949	0.000
0.950	0.000
0.951	0.000
0.952	0.000
0.953	0.000
0.954	0.000
0.955	0.000
0.956	0.000
0.957	0.000
0.958	0.000
0.959	0.000
0.960	0.000
0.961	0.000
0.962	0.000
0.963	0.000
0.964	0.000
0.965	0.000
0.966	0.000
0.967	0.000
0.968	0.000
0.969	0.000
0.970	0.000
0.971	0.000
0.972	0.000
0.973	0.000
0.974	0.000
0.975	0.000
0.976	0.000
0.977	0.000
0.978	0.000
0.979	0.000
0.980	0.000
0.981	0.000
0.982	0.000
0.983	0.000
0.984	0.000
0.985	0.000
0.986	0.000
0.987	0.000
0.988	0.000
0.989	0.000
0.990	0.000
0.991	0.000
0.992	0.000
0.993	0.000
0.994	0.000
0.995	0.000
0.996	0.000
0.997	0.000
0.998	0.000
0.999	0.000
1.000	0.000
#  GeoEye 1 Band Green
#
#  Wavelength
#   (microns)	Relative response
#  __________	___________
0.350	0.000
0.351	0.000
0.352	0.000
0.353	0.000
0.354	0.000
0.355	0.000
0.356	0.000
0.357	0.000
0.358	0.000
0.359	0.000
0.360	0.000
0.361	0.000
0.362	0.000
0.363	0.000
0.364	0.000
0.365	0.000
0.366	0.000
0.367	0.000
0.368	0.000
0.369	0.000
0.370	0.000
0.371	0.000
0.372	0.000
0.373	0.000
0.374	0.000
0.375	0.000
0.376	0.000
0.377	0.000
0.378	0.000
0.379	0.000
0.380	0.000
0.381	0.000
0.382	0.000
0.383	0.000
0.384	0.000
0.385	0.000
0.386	0.000
0.387	0.000
0.388	0.000
0.389	0.000
0.390	0.000
0.391	0.000
0.392	0.000
0.393	0.000
0.394	0.000
0.395	0.000
0.396	0.000
0.397	0.000
0.398	0.000
0.399	0.000
0.400	0.000
0.401	0.000
0.402	0.000
0.403	0.000
0.404	0.000
0.405	0.000
0.406	0.000
0.407	0.000
0.408	0.000
0.409	0.000
0.410	0.000
0.411	0.000
0.412	0.000
0.413	0.000
0.414	0.000
0.415	0.000
0.416	0.000
0.417	0.000
0.418	0.000
0.419	0.000
0.420	0.000
0.421	0.000
0.422	0.000
0.423	0.000
0.424	0.000
0.425	0.000
0.426	0.000
0.427	0.000
0.428	0.000
0.429	0.000
0.430	0.000
0.431	0.000
0.432	0.000
0.433	0.000
0.434	0.000
0.435	0.000
0.436	0.000
0.437	0.000
0.438	0.000
0.439	0.000
0.440	0.000
0.441	0.000
0.442	0.000
0.443	0.000
0.444	0.000
0.445	0.000
0.446	0.000
0.447	0.000
0.448	0.000
0.449	0.000
0.450	0.000
0.451	0.000
0.452	0.000
0.453	0.000
0.454	0.000
0.455	0.000
0.456	0.000
0.457	0.000
0.458	0.000
0.459	0.000
0.460	0.000
0.461	0.000
0.462	0.000
0.463	0.000
0.464	0.000
0.465	0.000
0.466	0.000
0.467	0.000
0.468	0.000
0.469	0.000
0.470	0.000
0.471	0.000
0.472	0.000
0.473	0.000
0.474	0.000
0.475	0.000
0.476	0.000
0.477	0.000
0.478	0.000
0.479	0.000
0.480	0.000
0.481	0.000
0.482	0.000
0.483	0.000
0.484	0.000
0.485	0.000
0.486	0.000
0.487	0.000
0.488	0.000
0.489	0.000
0.490	0.000
0.491	0.000
0.492	0.000
0.493	0.000
0.494	0.000
0.495	0.001
0.496	0.001
0.497	0.001
0.498	0.001
0.499	0.001
0.500	0.002
0.501	0.006
0.502	0.010
0.503	0.014
0.504	0.018
0.505	0.022
0.506	0.058
0.507	0.095
0.508	0.131
0.509	0.168
0.510	0.204
0.511	0.316
0.512	0.427
0.513	0.539
0.514	0.650
0.515	0.762
0.516	0.781
0.517	0.799
0.518	0.818
0.519	0.837
0.520	0.855
0.521	0.858
0.522	0.860
0.523	0.863
0.524	0.865
0.525	0.868
0.526	0.873
0.527	0.879
0.528	0.884
0.529	0.890
0.530	0.895
0.531	0.895
0.532	0.895
0.533	0.895
0.534	0.896
0.535	0.896
0.536	0.896
0.537	0.896
0.538	0.896
0.539	0.896
0.540	0.896
0.541	0.898
0.542	0.899
0.543	0.901
0.544	0.903
0.545	0.904
0.546	0.904
0.547	0.903
0.548	0.903
0.549	0.902
0.550	0.902
0.551	0.909
0.552	0.916
0.553	0.923
0.554	0.930
0.555	0.937
0.556	0.942
0.557	0.948
0.558	0.953
0.559	0.959
0.560	0.964
0.561	0.969
0.562	0.974
0.563	0.979
0.564	0.983
0.565	0.988
0.566	0.991
0.567	0.993
0.568	0.995
0.569	0.998
0.570	1.000
0.571	0.995
0.572	0.991
0.573	0.986
0.574	0.981
0.575	0.976
0.576	0.932
0.577	0.888
0.578	0.844
0.579	0.800
0.580	0.756
0.581	0.622
0.582	0.488
0.583	0.354
0.584	0.220
0.585	0.086
0.586	0.070
0.587	0.054
0.588	0.038
0.589	0.022
0.590	0.007
0.591	0.006
0.592	0.005
0.593	0.004
0.594	0.002
0.595	0.001
0.596	0.001
0.597	0.001
0.598	0.001
0.599	0.001
0.600	0.001
0.601	0.001
0.602	0.001
0.603	0.000
0.604	0.000
0.605	0.000
0.606	0.000
0.607	0.000
0.608	0.000
0.609	0.000
0.610	0.000
0.611	0.000
0.612	0.000
0.613	0.000
0.614	0.000
0.615	0.000
0.616	0.000
0.617	0.000
0.618	0.000
0.619	0.000
0.620	0.000
0.621	0.000
0.622	0.000
0.623	0.000
0.624	0.000
0.625	0.000
0.626	0.000
0.627	0.000
0.628	0.000
0.629	0.000
0.630	0.000
0.631	0.000
0.632	0.000
0.633	0.000
0.634	0.000
0.635	0.000
0.636	0.000
0.637	0.000
0.638	0.000
0.639	0.000
0.640	0.000
0.641	0.000
0.642	0.000
0.643	0.000
0.644	0.000
0.645	0.000
0.646	0.000
0.647	0.000
0.648	0.000
0.649	0.000
0.650	0.000
0.651	0.000
0.652	0.000
0.653	0.000
0.654	0.000
0.655	0.000
0.656	0.000
0.657	0.000
0.658	0.000
0.659	0.000
0.660	0.000
0.661	0.000
0.662	0.000
0.663	0.000
0.664	0.000
0.665	0.000
0.666	0.000
0.667	0.000
0.668	0.000
0.669	0.000
0.670	0.000
0.671	0.000
0.672	0.000
0.673	0.000
0.674	0.000
0.675	0.000
0.676	0.000
0.677	0.000
0.678	0.000
0.679	0.000
0.680	0.000
0.681	0.000
0.682	0.000
0.683	0.000
0.684	0.000
0.685	0.000
0.686	0.000
0.687	0.000
0.688	0.000
0.689	0.000
0.690	0.000
0.691	0.000
0.692	0.000
0.693	0.000
0.694	0.000
0.695	0.000
0.696	0.000
0.697	0.000
0.698	0.000
0.699	0.000
0.700	0.000
0.701	0.000
0.702	0.000
0.703	0.000
0.704	0.000
0.705	0.000
0.706	0.000
0.707	0.000
0.708	0.000
0.709	0.000
0.710	0.000
0.711	0.000
0.712	0.000
0.713	0.000
0.714	0.000
0.715	0.000
0.716	0.000
0.717	0.000
0.718	0.000
0.719	0.000
0.720	0.000
0.721	0.000
0.722	0.000
0.723	0.000
0.724	0.000
0.725	0.000
0.726	0.000
0.727	0.000
0.728	0.000
0.729	0.000
0.730	0.000
0.731	0.000
0.732	0.000
0.733	0.000
0.734	0.000
0.735	0.000
0.736	0.000
0.737	0.000
0.738	0.000
0.739	0.000
0.740	0.000
0.741	0.000
0.742	0.000
0.743	0.000
0.744	0.000
0.745	0.000
0.746	0.000
0.747	0.000
0.748	0.000
0.749	0.000
0.750	0.000
0.751	0.000
0.752	0.000
0.753	0.000
0.754	0.000
0.755	0.000
0.756	0.000
0.757	0.000
0.758	0.000
0.759	0.000
0.760	0.000
0.761	0.000
0.762	0.000
0.763	0.000
0.764	0.000
0.765	0.000
0.766	0.000
0.767	0.000
0.768	0.000
0.769	0.000
0.770	0.000
0.771	0.000
0.772	0.000
0.773	0.000
0.774	0.000
0.775	0.000
0.776	0.000
0.777	0.000
0.778	0.000
0.779	0.000
0.780	0.000
0.781	0.000
0.782	0.000
0.783	0.000
0.784	0.000
0.785	0.000
0.786	0.000
0.787	0.000
0.788	0.000
0.789	0.000
0.790	0.000
0.791	0.000
0.792	0.000
0.793	0.000
0.794	0.000
0.795	0.000
0.796	0.000
0.797	0.000
0.798	0.000
0.799	0.000
0.800	0.000
0.801	0.000
0.802	0.000
0.803	0.000
0.804	0.000
0.805	0.000
0.806	0.000
0.807	0.000
0.808	0.000
0.809	0.000
0.810	0.000
0.811	0.000
0.812	0.000
0.813	0.000
0.814	0.000
0.815	0.000
0.816	0.000
0.817	0.000
0.818	0.000
0.819	0.000
0.820	0.000
0.821	0.000
0.822	0.000
0.823	0.000
0.824	0.000
0.825	0.000
0.826	0.000
0.827	0.000
0.828	0.000
0.829	0.000
0.830	0.000
0.831	0.000
0.832	0.000
0.833	0.000
0.834	0.000
0.835	0.000
0.836	0.000
0.837	0.000
0.838	0.000
0.839	0.000
0.840	0.000
0.841	0.000
0.842	0.000
0.843	0.000
0.844	0.000
0.845	0.000
0.846	0.000
0.847	0.000
0.848	0.000
0.849	0.000
0.850	0.000
0.851	0.000
0.852	0.000
0.853	0.000
0.854	0.000
0.855	0.000
0.856	0.000
0.857	0.000
0.858	0.000
0.859	0.000
0.860	0.000
0.861	0.000
0.862	0.000
0.863	0.000
0.864	0.000
0.865	0.000
0.866	0.000
0.867	0.000
0.868	0.000
0.869	0.000
0.870	0.000
0.871	0.000
0.872	0.000
0.873	0.000
0.874	0.000
0.875	0.000
0.876	0.000
0.877	0.000
0.878	0.000
0.879	0.000
0.880	0.000
0.881	0.000
0.882	0.000
0.883	0.000
0.884	0.000
0.885	0.000
0.886	0.000
0.887	0.000
0.888	0.000
0.889	0.000
0.890	0.000
0.891	0.000
0.892	0.000
0.893	0.000
0.894	0.000
0.895	0.000
0.896	0.000
0.897	0.000
0.898	0.000
0.899	0.000
0.900	0.000
0.901	0.000
0.902	0.000
0.903	0.000
0.904	0.000
0.905	0.000
0.906	0.000
0.907	0.000
0.908	0.000
0.909	0.000
0.910	0.000
0.911	0.000
0.912	0.000
0.913	0.000
0.914	0.000
0.915	0.000
0.916	0.000
0.917	0.000
0.918	0.000
0.919	0.000
0.920	0.000
0.921	0.000
0.922	0.000
0.923	0.000
0.924	0.000
0.925	0.000
0.926	0.000
0.927	0.000
0.928	0.000
0.929	0.000
0.930	0.000
0.931	0.000
0.932	0.000
0.933	0.000
0.934	0.000
0.935	0.000
0.936	0.000
0.937	0.000
0.938	0.000
0.939	0.000
0.940	0.000
0.941	0.000
0.942	0.000
0.943	0.000
0.944	0.000
0.945	0.000
0.946	0.000
0.947	0.000
0.948	0.000
0.949	0.000
0.950	0.000
0.951	0.000
0.952	0.000
0.953	0.000
0.954	0.000
0.955	0.000
0.956	0.000
0.957	0.000
0.958	0.000
0.959	0.000
0.960	0.000
0.961	0.000
0.962	0.000
0.963	0.000
0.964	0.000
0.965	0.000
0.966	0.000
0.967	0.000
0.968	0.000
0.969	0.000
0.970	0.000
0.971	0.000
0.972	0.000
0.973	0.000
0.974	0.000
0.975	0.000
0.976	0.000
0.977	0.000
0.978	0.000
0.979	0.000
0.980	0.000
0.981	0.000
0.982	0.000
0.983	0.000
0.984	0.000
0.985	0.000
0.986	0.000
0.987	0.000
0.988	0.000
0.989	0.000
0.990	0.000
0.991	0.000
0.992	0.000
0.993	0.000
0.994	0.000
0.995	0.000
0.996	0.000
0.997	0.000
0.998	0.000
0.999	0.000
1.000	0.000
#  GeoEye 1 Band Red
#
#  Wavelength
#   (microns)	Relative response
#  __________	___________
0.350	0.000
0.351	0.000
0.352	0.000
0.353	0.000
0.354	0.000
0.355	0.000
0.356	0.000
0.357	0.000
0.358	0.000
0.359	0.000
0.360	0.000
0.361	0.000
0.362	0.000
0.363	0.000
0.364	0.000
0.365	0.000
0.366	0.000
0.367	0.000
0.368	0.000
0.369	0.000
0.370	0.000
0.371	0.000
0.372	0.000
0.373	0.000
0.374	0.000
0.375	0.000
0.376	0.000
0.377	0.000
0.378	0.000
0.379	0.000
0.380	0.000
0.381	0.000
0.382	0.000
0.383	0.000
0.384	0.000
0.385	0.000
0.386	0.000
0.387	0.000
0.388	0.000
0.389	0.000
0.390	0.000
0.391	0.000
0.392	0.000
0.393	0.000
0.394	0.000
0.395	0.000
0.396	0.000
0.397	0.000
0.398	0.000
0.399	0.000
0.400	0.000
0.401	0.000
0.402	0.000
0.403	0.000
0.404	0.000
0.405	0.000
0.406	0.000
0.407	0.000
0.408	0.000
0.409	0.000
0.410	0.000
0.411	0.000
0.412	0.000
0.413	0.000
0.414	0.000
0.415	0.000
0.416	0.000
0.417	0.000
0.418	0.000
0.419	0.000
0.420	0.000
0.421	0.000
0.422	0.000
0.423	0.000
0.424	0.000
0.425	0.000
0.426	0.000
0.427	0.000
0.428	0.000
0.429	0.000
0.430	0.000
0.431	0.000
0.432	0.000
0.433	0.000
0.434	0.000
0.435	0.000
0.436	0.000
0.437	0.000
0.438	0.000
0.439	0.000
0.440	0.000
0.441	0.000
0.442	0.000
0.443	0.000
0.444	0.000
0.445	0.000
0.446	0.000
0.447	0.000
0.448	0.000
0.449	0.000
0.450	0.000
0.451	0.000
0.452	0.000
0.453	0.000
0.454	0.000
0.455	0.000
0.456	0.000
0.457	0.000
0.458	0.000
0.459	0.000
0.460	0.000
0.461	0.000
0.462	0.000
0.463	0.000
0.464	0.000
0.465	0.000
0.466	0.000
0.467	0.000
0.468	0.000
0.469	0.000
0.470	0.000
0.471	0.000
0.472	0.000
0.473	0.000
0.474	0.000
0.475	0.000
0.476	0.000
0.477	0.000
0.478	0.000
0.479	0.000
0.480	0.000
0.481	0.000
0.482	0.000
0.483	0.000
0.484	0.000
0.485	0.000
0.486	0.000
0.487	0.000
0.488	0.000
0.489	0.000
0.490	0.000
0.491	0.000
0.492	0.000
0.493	0.000
0.494	0.000
0.495	0.000
0.496	0.000
0.497	0.000
0.498	0.000
0.499	0.000
0.500	0.000
0.501	0.000
0.502	0.000
0.503	0.000
0.504	0.000
0.505	0.000
0.506	0.000
0.507	0.000
0.508	0.000
0.509	0.000
0.510	0.000
0.511	0.000
0.512	0.000
0.513	0.000
0.514	0.000
0.515	0.000
0.516	0.000
0.517	0.000
0.518	0.000
0.519	0.000
0.520	0.000
0.521	0.000
0.522	0.000
0.523	0.000
0.524	0.000
0.525	0.000
0.526	0.000
0.527	0.000
0.528	0.000
0.529	0.000
0.530	0.000
0.531	0.000
0.532	0.000
0.533	0.000
0.534	0.000
0.535	0.000
0.536	0.000
0.537	0.000
0.538	0.000
0.539	0.000
0.540	0.000
0.541	0.000
0.542	0.000
0.543	0.000
0.544	0.000
0.545	0.000
0.546	0.000
0.547	0.000
0.548	0.000
0.549	0.000
0.550	0.000
0.551	0.000
0.552	0.000
0.553	0.000
0.554	0.000
0.555	0.000
0.556	0.000
0.557	0.000
0.558	0.000
0.559	0.000
0.560	0.000
0.561	0.000
0.562	0.000
0.563	0.000
0.564	0.000
0.565	0.000
0.566	0.000
0.567	0.000
0.568	0.000
0.569	0.000
0.570	0.000
0.571	0.000
0.572	0.000
0.573	0.000
0.574	0.000
0.575	0.000
0.576	0.000
0.577	0.000
0.578	0.000
0.579	0.000
0.580	0.000
0.581	0.000
0.582	0.000
0.583	0.000
0.584	0.000
0.585	0.000
0.586	0.000
0.587	0.000
0.588	0.000
0.589	0.000
0.590	0.000
0.591	0.000
0.592	0.000
0.593	0.000
0.594	0.000
0.595	0.000
0.596	0.000
0.597	0.000
0.598	0.000
0.599	0.000
0.600	0.000
0.601	0.000
0.602	0.000
0.603	0.000
0.604	0.000
0.605	0.000
0.606	0.000
0.607	0.000
0.608	0.000
0.609	0.000
0.610	0.000
0.611	0.000
0.612	0.000
0.613	0.000
0.614	0.000
0.615	0.000
0.616	0.000
0.617	0.000
0.618	0.000
0.619	0.000
0.620	0.000
0.621	0.000
0.622	0.000
0.623	0.000
0.624	0.000
0.625	0.000
0.626	0.000
0.627	0.000
0.628	0.000
0.629	0.000
0.630	0.000
0.631	0.000
0.632	0.000
0.633	0.000
0.634	0.000
0.635	0.000
0.636	0.000
0.637	0.000
0.638	0.000
0.639	0.000
0.640	0.000
0.641	0.000
0.642	0.000
0.643	0.000
0.644	0.000
0.645	0.000
0.646	0.001
0.647	0.001
0.648	0.002
0.649	0.003
0.650	0.003
0.651	0.012
0.652	0.020
0.653	0.029
0.654	0.038
0.655	0.046
0.656	0.135
0.657	0.224
0.658	0.313
0.659	0.402
0.660	0.491
0.661	0.591
0.662	0.691
0.663	0.791
0.664	0.890
0.665	0.990
0.666	0.991
0.667	0.991
0.668	0.992
0.669	0.993
0.670	0.994
0.671	0.995
0.672	0.996
0.673	0.997
0.674	0.999
0.675	1.000
0.676	0.994
0.677	0.989
0.678	0.983
0.679	0.977
0.680	0.971
0.681	0.970
0.682	0.969
0.683	0.968
0.684	0.967
0.685	0.966
0.686	0.929
0.687	0.891
0.688	0.853
0.689	0.816
0.690	0.778
0.691	0.639
0.692	0.500
0.693	0.360
0.694	0.221
0.695	0.082
0.696	0.066
0.697	0.051
0.698	0.035
0.699	0.020
0.700	0.004
0.701	0.004
0.702	0.003
0.703	0.002
0.704	0.001
0.705	0.001
0.706	0.001
0.707	0.000
0.708	0.000
0.709	0.000
0.710	0.000
0.711	0.000
0.712	0.000
0.713	0.000
0.714	0.000
0.715	0.000
0.716	0.000
0.717	0.000
0.718	0.000
0.719	0.000
0.720	0.000
0.721	0.000
0.722	0.000
0.723	0.000
0.724	0.000
0.725	0.000
0.726	0.000
0.727	0.000
0.728	0.000
0.729	0.000
0.730	0.000
0.731	0.000
0.732	0.000
0.733	0.000
0.734	0.000
0.735	0.000
0.736	0.000
0.737	0.000
0.738	0.000
0.739	0.000
0.740	0.000
0.741	0.000
0.742	0.000
0.743	0.000
0.744	0.000
0.745	0.000
0.746	0.000
0.747	0.000
0.748	0.000
0.749	0.000
0.750	0.000
0.751	0.000
0.752	0.000
0.753	0.000
0.754	0.000
0.755	0.000
0.756	0.000
0.757	0.000
0.758	0.000
0.759	0.000
0.760	0.000
0.761	0.000
0.762	0.000
0.763	0.000
0.764	0.000
0.765	0.000
0.766	0.000
0.767	0.000
0.768	0.000
0.769	0.000
0.770	0.000
0.771	0.000
0.772	0.000
0.773	0.000
0.774	0.000
0.775	0.000
0.776	0.000
0.777	0.000
0.778	0.000
0.779	0.000
0.780	0.000
0.781	0.000
0.782	0.000
0.783	0.000
0.784	0.000
0.785	0.000
0.786	0.000
0.787	0.000
0.788	0.000
0.789	0.000
0.790	0.000
0.791	0.000
0.792	0.000
0.793	0.000
0.794	0.000
0.795	0.000
0.796	0.000
0.797	0.000
0.798	0.000
0.799	0.000
0.800	0.000
0.801	0.000
0.802	0.000
0.803	0.000
0.804	0.000
0.805	0.000
0.806	0.000
0.807	0.000
0.808	0.000
0.809	0.000
0.810	0.000
0.811	0.000
0.812	0.000
0.813	0.000
0.814	0.000
0.815	0.000
0.816	0.000
0.817	0.000
0.818	0.000
0.819	0.000
0.820	0.000
0.821	0.000
0.822	0.000
0.823	0.000
0.824	0.000
0.825	0.000
0.826	0.000
0.827	0.000
0.828	0.000
0.829	0.000
0.830	0.000
0.831	0.000
0.832	0.000
0.833	0.000
0.834	0.000
0.835	0.000
0.836	0.000
0.837	0.000
0.838	0.000
0.839	0.000
0.840	0.000
0.841	0.000
0.842	0.000
0.843	0.000
0.844	0.000
0.845	0.000
0.846	0.000
0.847	0.000
0.848	0.000
0.849	0.000
0.850	0.000
0.851	0.000
0.852	0.000
0.853	0.000
0.854	0.000
0.855	0.000
0.856	0.000
0.857	0.000
0.858	0.000
0.859	0.000
0.860	0.000
0.861	0.000
0.862	0.000
0.863	0.000
0.864	0.000
0.865	0.000
0.866	0.000
0.867	0.000
0.868	0.000
0.869	0.000
0.870	0.000
0.871	0.000
0.872	0.000
0.873	0.000
0.874	0.000
0.875	0.000
0.876	0.000
0.877	0.000
0.878	0.000
0.879	0.000
0.880	0.000
0.881	0.000
0.882	0.000
0.883	0.000
0.884	0.000
0.885	0.000
0.886	0.000
0.887	0.000
0.888	0.000
0.889	0.000
0.890	0.000
0.891	0.000
0.892	0.000
0.893	0.000
0.894	0.000
0.895	0.000
0.896	0.000
0.897	0.000
0.898	0.000
0.899	0.000
0.900	0.000
0.901	0.000
0.902	0.000
0.903	0.000
0.904	0.000
0.905	0.000
0.906	0.000
0.907	0.000
0.908	0.000
0.909	0.000
0.910	0.000
0.911	0.000
0.912	0.000
0.913	0.000
0.914	0.000
0.915	0.000
0.916	0.000
0.917	0.000
0.918	0.000
0.919	0.000
0.920	0.000
0.921	0.000
0.922	0.000
0.923	0.000
0.924	0.000
0.925	0.000
0.926	0.000
0.927	0.000
0.928	0.000
0.929	0.000
0.930	0.000
0.931	0.000
0.932	0.000
0.933	0.000
0.934	0.000
0.935	0.000
0.936	0.000
0.937	0.000
0.938	0.000
0.939	0.000
0.940	0.000
0.941	0.000
0.942	0.000
0.943	0.000
0.944	0.000
0.945	0.000
0.946	0.000
0.947	0.000
0.948	0.000
0.949	0.000
0.950	0.000
0.951	0.000
0.952	0.000
0.953	0.000
0.954	0.000
0.955	0.000
0.956	0.000
0.957	0.000
0.958	0.000
0.959	0.000
0.960	0.000
0.961	0.000
0.962	0.000
0.963	0.000
0.964	0.000
0.965	0.000
0.966	0.000
0.967	0.000
0.968	0.000
0.969	0.000
0.970	0.000
0.971	0.000
0.972	0.000
0.973	0.000
0.974	0.000
0.975	0.000
0.976	0.000
0.977	0.000
0.978	0.000
0.979	0.000
0.980	0.000
0.981	0.000
0.982	0.000
0.983	0.000
0.984	0.000
0.985	0.000
0.986	0.000
0.987	0.000
0.988	0.000
0.989	0.000
0.990	0.000
0.991	0.000
0.992	0.000
0.993	0.000
0.994	0.000
0.995	0.000
0.996	0.000
0.997	0.000
0.998	0.000
0.999	0.000
1.000	0.000
#  GeoEye 1 Band NIR
#
#  Wavelength
#   (microns)	Relative response
#  __________	___________
0.350	0.000
0.351	0.000
0.352	0.000
0.353	0.000
0.354	0.000
0.355	0.000
0.356	0.000
0.357	0.000
0.358	0.000
0.359	0.000
0.360	0.000
0.361	0.000
0.362	0.000
0.363	0.000
0.364	0.000
0.365	0.000
0.366	0.000
0.367	0.000
0.368	0.000
0.369	0.000
0.370	0.000
0.371	0.000
0.372	0.000
0.373	0.000
0.374	0.000
0.375	0.000
0.376	0.000
0.377	0.000
0.378	0.000
0.379	0.000
0.380	0.000
0.381	0.000
0.382	0.000
0.383	0.000
0.384	0.000
0.385	0.000
0.386	0.000
0.387	0.000
0.388	0.000
0.389	0.000
0.390	0.000
0.391	0.000
0.392	0.000
0.393	0.000
0.394	0.000
0.395	0.000
0.396	0.000
0.397	0.000
0.398	0.000
0.399	0.000
0.400	0.000
0.401	0.000
0.402	0.000
0.403	0.000
0.404	0.000
0.405	0.000
0.406	0.000
0.407	0.000
0.408	0.000
0.409	0.000
0.410	0.000
0.411	0.000
0.412	0.000
0.413	0.000
0.414	0.000
0.415	0.000
0.416	0.000
0.417	0.000
0.418	0.000
0.419	0.000
0.420	0.000
0.421	0.000
0.422	0.000
0.423	0.000
0.424	0.000
0.425	0.000
0.426	0.000
0.427	0.000
0.428	0.000
0.429	0.000
0.430	0.000
0.431	0.000
0.432	0.000
0.433	0.000
0.434	0.000
0.435	0.000
0.436	0.000
0.437	0.000
0.438	0.000
0.439	0.000
0.440	0.000
0.441	0.000
0.442	0.000
0.443	0.000
0.444	0.000
0.445	0.000
0.446	0.000
0.447	0.000
0.448	0.000
0.449	0.000
0.450	0.000
0.451	0.000
0.452	0.000
0.453	0.000
0.454	0.000
0.455	0.000
0.456	0.000
0.457	0.000
0.458	0.000
0.459	0.000
0.460	0.000
0.461	0.000
0.462	0.000
0.463	0.000
0.464	0.000
0.465	0.000
0.466	0.000
0.467	0.000
0.468	0.000
0.469	0.000
0.470	0.000
0.471	0.000
0.472	0.000
0.473	0.000
0.474	0.000
0.475	0.000
0.476	0.000
0.477	0.000
0.478	0.000
0.479	0.000
0.480	0.000
0.481	0.000
0.482	0.000
0.483	0.000
0.484	0.000
0.485	0.000
0.486	0.000
0.487	0.000
0.488	0.000
0.489	0.000
0.490	0.000
0.491	0.000
0.492	0.000
0.493	0.000
0.494	0.000
0.495	0.000
0.496	0.000
0.497	0.000
0.498	0.000
0.499	0.000
0.500	0.000
0.501	0.000
0.502	0.000
0.503	0.000
0.504	0.000
0.505	0.000
0.506	0.000
0.507	0.000
0.508	0.000
0.509	0.000
0.510	0.000
0.511	0.000
0.512	0.000
0.513	0.000
0.514	0.000
0.515	0.000
0.516	0.000
0.517	0.000
0.518	0.000
0.519	0.000
0.520	0.000
0.521	0.000
0.522	0.000
0.523	0.000
0.524	0.000
0.525	0.000
0.526	0.000
0.527	0.000
0.528	0.000
0.529	0.000
0.530	0.000
0.531	0.000
0.532	0.000
0.533	0.000
0.534	0.000
0.535	0.000
0.536	0.000
0.537	0.000
0.538	0.000
0.539	0.000
0.540	0.000
0.541	0.000
0.542	0.000
0.543	0.000
0.544	0.000
0.545	0.000
0.546	0.000
0.547	0.000
0.548	0.000
0.549	0.000
0.550	0.000
0.551	0.000
0.552	0.000
0.553	0.000
0.554	0.000
0.555	0.000
0.556	0.000
0.557	0.000
0.558	0.000
0.559	0.000
0.560	0.000
0.561	0.000
0.562	0.000
0.563	0.000
0.564	0.000
0.565	0.000
0.566	0.000
0.567	0.000
0.568	0.000
0.569	0.000
0.570	0.000
0.571	0.000
0.572	0.000
0.573	0.000
0.574	0.000
0.575	0.000
0.576	0.000
0.577	0.000
0.578	0.000
0.579	0.000
0.580	0.000
0.581	0.000
0.582	0.000
0.583	0.000
0.584	0.000
0.585	0.000
0.586	0.000
0.587	0.000
0.588	0.000
0.589	0.000
0.590	0.000
0.591	0.000
0.592	0.000
0.593	0.000
0.594	0.000
0.595	0.000
0.596	0.000
0.597	0.000
0.598	0.000
0.599	0.000
0.600	0.000
0.601	0.000
0.602	0.000
0.603	0.000
0.604	0.000
0.605	0.000
0.606	0.000
0.607	0.000
0.608	0.000
0.609	0.000
0.610	0.000
0.611	0.000
0.612	0.000
0.613	0.000
0.614	0.000
0.615	0.000
0.616	0.000
0.617	0.000
0.618	0.000
0.619	0.000
0.620	0.000
0.621	0.000
0.622	0.000
0.623	0.000
0.624	0.000
0.625	0.000
0.626	0.000
0.627	0.000
0.628	0.000
0.629	0.000
0.630	0.000
0.631	0.000
0.632	0.000
0.633	0.000
0.634	0.000
0.635	0.000
0.636	0.000
0.637	0.000
0.638	0.000
0.639	0.000
0.640	0.000
0.641	0.000
0.642	0.000
0.643	0.000
0.644	0.000
0.645	0.000
0.646	0.000
0.647	0.000
0.648	0.000
0.649	0.000
0.650	0.000
0.651	0.000
0.652	0.000
0.653	0.000
0.654	0.000
0.655	0.000
0.656	0.000
0.657	0.000
0.658	0.000
0.659	0.000
0.660	0.000
0.661	0.000
0.662	0.000
0.663	0.000
0.664	0.000
0.665	0.000
0.666	0.000
0.667	0.000
0.668	0.000
0.669	0.000
0.670	0.000
0.671	0.000
0.672	0.000
0.673	0.000
0.674	0.000
0.675	0.000
0.676	0.000
0.677	0.000
0.678	0.000
0.679	0.000
0.680	0.000
0.681	0.000
0.682	0.000
0.683	0.000
0.684	0.000
0.685	0.000
0.686	0.000
0.687	0.000
0.688	0.000
0.689	0.000
0.690	0.000
0.691	0.000
0.692	0.000
0.693	0.000
0.694	0.000
0.695	0.000
0.696	0.000
0.697	0.000
0.698	0.000
0.699	0.000
0.700	0.000
0.701	0.000
0.702	0.000
0.703	0.000
0.704	0.000
0.705	0.000
0.706	0.000
0.707	0.000
0.708	0.000
0.709	0.000
0.710	0.000
0.711	0.000
0.712	0.000
0.713	0.000
0.714	0.000
0.715	0.000
0.716	0.000
0.717	0.000
0.718	0.000
0.719	0.000
0.720	0.000
0.721	0.000
0.722	0.000
0.723	0.000
0.724	0.000
0.725	0.000
0.726	0.000
0.727	0.000
0.728	0.000
0.729	0.000
0.730	0.000
0.731	0.000
0.732	0.000
0.733	0.000
0.734	0.000
0.735	0.000
0.736	0.000
0.737	0.000
0.738	0.000
0.739	0.000
0.740	0.000
0.741	0.000
0.742	0.000
0.743	0.000
0.744	0.000
0.745	0.000
0.746	0.000
0.747	0.000
0.748	0.000
0.749	0.000
0.750	0.000
0.751	0.000
0.752	0.000
0.753	0.000
0.754	0.000
0.755	0.000
0.756	0.000
0.757	0.001
0.758	0.001
0.759	0.001
0.760	0.001
0.761	0.001
0.762	0.002
0.763	0.002
0.764	0.003
0.765	0.003
0.766	0.005
0.767	0.007
0.768	0.009
0.769	0.011
0.770	0.013
0.771	0.026
0.772	0.039
0.773	0.053
0.774	0.066
0.775	0.079
0.776	0.135
0.777	0.191
0.778	0.247
0.779	0.303
0.780	0.359
0.781	0.464
0.782	0.569
0.783	0.675
0.784	0.780
0.785	0.885
0.786	0.908
0.787	0.931
0.788	0.954
0.789	0.977
0.790	1.000
0.791	0.995
0.792	0.989
0.793	0.984
0.794	0.978
0.795	0.973
0.796	0.969
0.797	0.964
0.798	0.960
0.799	0.955
0.800	0.951
0.801	0.943
0.802	0.936
0.803	0.928
0.804	0.921
0.805	0.914
0.806	0.907
0.807	0.901
0.808	0.894
0.809	0.888
0.810	0.881
0.811	0.878
0.812	0.875
0.813	0.872
0.814	0.869
0.815	0.866
0.816	0.863
0.817	0.860
0.818	0.857
0.819	0.853
0.820	0.850
0.821	0.846
0.822	0.841
0.823	0.836
0.824	0.831
0.825	0.827
0.826	0.822
0.827	0.818
0.828	0.813
0.829	0.809
0.830	0.804
0.831	0.801
0.832	0.798
0.833	0.795
0.834	0.792
0.835	0.789
0.836	0.787
0.837	0.784
0.838	0.782
0.839	0.779
0.840	0.777
0.841	0.774
0.842	0.770
0.843	0.767
0.844	0.764
0.845	0.761
0.846	0.758
0.847	0.754
0.848	0.751
0.849	0.748
0.850	0.744
0.851	0.740
0.852	0.736
0.853	0.732
0.854	0.728
0.855	0.724
0.856	0.719
0.857	0.714
0.858	0.709
0.859	0.703
0.860	0.698
0.861	0.693
0.862	0.688
0.863	0.682
0.864	0.677
0.865	0.672
0.866	0.666
0.867	0.661
0.868	0.655
0.869	0.650
0.870	0.644
0.871	0.636
0.872	0.629
0.873	0.621
0.874	0.614
0.875	0.606
0.876	0.599
0.877	0.591
0.878	0.584
0.879	0.577
0.880	0.569
0.881	0.565
0.882	0.561
0.883	0.556
0.884	0.552
0.885	0.548
0.886	0.544
0.887	0.539
0.888	0.535
0.889	0.531
0.890	0.527
0.891	0.520
0.892	0.513
0.893	0.506
0.894	0.499
0.895	0.492
0.896	0.488
0.897	0.483
0.898	0.478
0.899	0.473
0.900	0.468
0.901	0.465
0.902	0.462
0.903	0.459
0.904	0.457
0.905	0.454
0.906	0.451
0.907	0.448
0.908	0.445
0.909	0.442
0.910	0.440
0.911	0.436
0.912	0.432
0.913	0.428
0.914	0.424
0.915	0.420
0.916	0.404
0.917	0.387
0.918	0.370
0.919	0.353
0.920	0.336
0.921	0.296
0.922	0.255
0.923	0.214
0.924	0.174
0.925	0.133
0.926	0.111
0.927	0.089
0.928	0.068
0.929	0.046
0.930	0.024
0.931	0.020
0.932	0.016
0.933	0.012
0.934	0.008
0.935	0.004
0.936	0.003
0.937	0.003
0.938	0.002
0.939	0.002
0.940	0.001
0.941	0.001
0.942	0.001
0.943	0.001
0.944	0.000
0.945	0.000
0.946	0.000
0.947	0.000
0.948	0.000
0.949	0.000
0.950	0.000
0.951	0.000
0.952	0.000
0.953	0.000
0.954	0.000
0.955	0.000
0.956	0.000
0.957	0.000
0.958	0.000
0.959	0.000
0.960	0.000
0.961	0.000
0.962	0.000
0.963	0.000
0.964	0.000
0.965	0.000
0.966	0.000
0.967	0.000
0.968	0.000
0.969	0.000
0.970	0.000
0.971	0.000
0.972	0.000
0.973	0.000
0.974	0.000
0.975	0.000
0.976	0.000
0.977	0.000
0.978	0.000
0.979	0.000
0.980	0.000
0.981	0.000
0.982	0.000
0.983	0.000
0.984	0.000
0.985	0.000
0.986	0.000
0.987	0.000
0.988	0.000
0.989	0.000
0.990	0.000
0.991	0.000
0.992	0.000
0.993	0.000
0.994	0.000
0.995	0.000
0.996	0.000
0.997	0.000
0.998	0.000
0.999	0.000
1.000	0.000