#
#  GF1/WFV4 RSR
#
#  from Rugang Tang Excel files
#
#  Tabulated QV 2019-03-05
#
# Wavelength (nm)	RSR
#
# BAND 1 Blue
400	0.00044512
401	0.00038152
402	0.00037322
403	0.00037598
404	0.00042712
405	0.00048929
406	0.00062745
407	0.00065592
408	0.00068811
409	0.0007307
410	0.00077039
411	0.00084854
412	0.00098506
413	0.00093595
414	0.00095979
415	0.00092901
416	0.0009976
417	0.00098693
418	0.0011242
419	0.0012388
420	0.0013451
421	0.0014967
422	0.0015484
423	0.0016643
424	0.0016541
425	0.0020055
426	0.0020667
427	0.0022209
428	0.0024557
429	0.0026146
430	0.002831
431	0.0029647
432	0.0033969
433	0.0038908
434	0.0048221
435	0.0056476
436	0.0072906
437	0.0087138
438	0.010888
439	0.013034
440	0.016046
441	0.019231
442	0.024102
443	0.029033
444	0.037545
445	0.04603
446	0.061085
447	0.074742
448	0.099834
449	0.12228
450	0.16382
451	0.201
452	0.26466
453	0.31862
454	0.40504
455	0.46734
456	0.55851
457	0.61978
458	0.69307
459	0.74007
460	0.77487
461	0.8157
462	0.83804
463	0.85627
464	0.86671
465	0.87786
466	0.88427
467	0.89728
468	0.90834
469	0.92107
470	0.93339
471	0.94708
472	0.9565
473	0.96165
474	0.96546
475	0.96737
476	0.96427
477	0.96259
478	0.96586
479	0.96621
480	0.97446
481	0.98147
482	0.98885
483	0.99624
484	0.99977
485	1
486	0.99429
487	0.9882
488	0.98499
489	0.9771
490	0.97317
491	0.97265
492	0.97735
493	0.97496
494	0.97939
495	0.9801
496	0.97916
497	0.97647
498	0.97058
499	0.96394
500	0.95237
501	0.94278
502	0.92914
503	0.91744
504	0.89881
505	0.88327
506	0.85654
507	0.82846
508	0.78389
509	0.74275
510	0.67298
511	0.61692
512	0.52565
513	0.45768
514	0.36236
515	0.29851
516	0.21881
517	0.17104
518	0.11659
519	0.087247
520	0.056498
521	0.042305
522	0.029836
523	0.024745
524	0.020809
525	0.019316
526	0.01823
527	0.016854
528	0.015714
529	0.013933
530	0.012621
531	0.010667
532	0.0092694
533	0.0075442
534	0.0064488
535	0.00508
536	0.0042843
537	0.0033513
538	0.0027996
539	0.0021761
540	0.0018318
541	0.0014332
542	0.0012218
543	0.00098191
544	0.00083914
545	0.0006923
546	0.00060574
547	0.0005094
548	0.00045776
549	0.00039399
550	0.00035604
551	0.00031421
552	0.00028373
553	0.00024832
554	0.00022561
555	0.00019537
556	0.00017528
557	0.00015017
558	0.00013304
559	0.00011193
560	0.00009844
561	0.000080327
562	0.000069584
563	0.000056806
564	0.000048852
565	0.000039574
566	0.000033759
567	0.000026699
568	0.000022797
569	0.000018409
570	0.000015744
571	0.00001301
572	0.000011665
573	0.000010071
574	9.39E-06
575	8.81E-06
576	8.50E-06
577	8.70E-06
578	0.000009123
579	9.77E-06
580	0.000010666
581	0.000011706
582	0.000012416
583	0.000013605
584	0.000014355
585	0.000016
586	0.000017149
587	0.00001852
588	0.000019139
589	0.000019783
590	0.000019846
591	0.000019672
592	0.000019025
593	0.000018609
594	0.000017656
595	0.000016881
596	0.000015433
597	0.00001431
598	0.00001244
599	0.000011306
600	9.98E-06
601	0.000008858
602	7.81E-06
603	6.93E-06
604	5.86E-06
605	5.30E-06
606	4.56E-06
607	3.94E-06
608	3.09E-06
609	0.000002687
610	2.15E-06
611	1.88E-06
612	1.57E-06
613	1.46E-06
614	1.19E-06
615	1.09E-06
616	1.01E-06
617	1.04E-06
618	1.26E-06
619	1.56E-06
620	2.15E-06
621	2.74E-06
622	3.58E-06
623	4.27E-06
624	5.15E-06
625	5.63E-06
626	6.11E-06
627	6.27E-06
628	0.000006149
629	5.82E-06
630	0.000005442
631	5.08E-06
632	4.36E-06
633	4.19E-06
634	0.000003717
635	3.66E-06
636	3.39E-06
637	3.39E-06
638	3.25E-06
639	3.33E-06
640	3.14E-06
641	3.16E-06
642	0.000002749
643	2.84E-06
644	2.97E-06
645	2.68E-06
646	2.81E-06
647	2.68E-06
648	3.12E-06
649	2.83E-06
650	2.99E-06
651	2.97E-06
652	2.50E-06
653	2.50E-06
654	2.55E-06
655	2.54E-06
656	2.39E-06
657	2.46E-06
658	2.48E-06
659	2.33E-06
660	2.40E-06
661	2.22E-06
662	1.87E-06
663	2.09E-06
664	1.97E-06
665	0.00000208
666	1.86E-06
667	1.68E-06
668	1.75E-06
669	1.64E-06
670	1.42E-06
671	1.52E-06
672	0.000001365
673	1.48E-06
674	1.21E-06
675	1.18E-06
676	1.13E-06
677	1.02E-06
678	1.11E-06
679	8.80E-07
680	9.05E-07
681	8.53E-07
682	8.93E-07
683	9.41E-07
684	8.83E-07
685	7.50E-07
686	7.32E-07
687	6.70E-07
688	7.55E-07
689	5.99E-07
690	6.83E-07
691	6.06E-07
692	6.96E-07
693	6.04E-07
694	6.98E-07
695	7.25E-07
696	6.74E-07
697	5.81E-07
698	6.29E-07
699	6.24E-07
700	5.52E-07
701	6.81E-07
702	6.29E-07
703	6.85E-07
704	6.13E-07
705	7.73E-07
706	7.08E-07
707	7.09E-07
708	8.29E-07
709	6.98E-07
710	7.79E-07
711	1.18E-06
712	9.32E-07
713	1.19E-06
714	1.36E-06
715	1.39E-06
716	1.44E-06
717	1.49E-06
718	1.76E-06
719	1.93E-06
720	2.09E-06
721	2.75E-06
722	2.78E-06
723	3.27E-06
724	4.38E-06
725	4.58E-06
726	5.82E-06
727	6.80E-06
728	8.24E-06
729	9.55E-06
730	0.000012241
731	0.000014434
732	0.000018862
733	0.000021088
734	0.000026143
735	0.000029384
736	0.000031757
737	0.000031795
738	0.000030509
739	0.000027758
740	0.000024411
741	0.000020506
742	0.000018182
743	0.000014703
744	0.000012993
745	0.000011022
746	0.000010043
747	8.33E-06
748	7.18E-06
749	6.54E-06
750	5.85E-06
751	5.36E-06
752	5.33E-06
753	4.89E-06
754	4.57E-06
755	0.000004055
756	3.98E-06
757	3.72E-06
758	4.02E-06
759	3.39E-06
760	4.12E-06
761	0.000003173
762	3.49E-06
763	3.06E-06
764	3.39E-06
765	3.78E-06
766	3.58E-06
767	3.41E-06
768	4.25E-06
769	3.68E-06
770	4.50E-06
771	4.41E-06
772	4.66E-06
773	5.09E-06
774	4.55E-06
775	0.000004617
776	5.30E-06
777	6.16E-06
778	5.63E-06
779	6.22E-06
780	6.35E-06
781	0.000006657
782	7.77E-06
783	9.18E-06
784	8.73E-06
785	8.27E-06
786	9.49E-06
787	0.000011825
788	0.000011687
789	0.00001228
790	0.000013138
791	0.00001578
792	0.00001615
793	0.000017947
794	0.000018405
795	0.000021271
796	0.000021709
797	0.000025504
798	0.00002826
799	0.000030349
800	0.000031761
801	0.000032193
802	0.000034244
803	0.00003631
804	0.000038482
805	0.000039169
806	0.000039821
807	0.00004167
808	0.000043689
809	0.000043937
810	0.000044755
811	0.000048309
812	0.00004769
813	0.000045815
814	0.000045377
815	0.000045661
816	0.000043503
817	0.000040782
818	0.000043111
819	0.00004164
820	0.000040377
821	0.000039223
822	0.000039798
823	0.000037513
824	0.00003804
825	0.000033573
826	0.000035518
827	0.000032483
828	0.000028606
829	0.000031284
830	0.00003077
831	0.000029588
832	0.000027486
833	0.000027739
834	0.000025752
835	0.000025362
836	0.000023777
837	0.000023008
838	0.000023333
839	0.000019536
840	0.000020418
841	0.000018897
842	0.000016711
843	0.000019411
844	0.000017009
845	0.000015772
846	0.000014628
847	0.000013383
848	0.000013059
849	0.000012723
850	0.000012273
851	0.000010962
852	9.53E-06
853	0.000010172
854	8.73E-06
855	8.93E-06
856	8.11E-06
857	8.02E-06
858	6.62E-06
859	5.41E-06
860	5.94E-06
861	6.22E-06
862	5.24E-06
863	0.000005936
864	5.51E-06
865	5.41E-06
866	4.94E-06
867	4.51E-06
868	5.08E-06
869	5.05E-06
870	4.58E-06
871	5.65E-06
872	5.27E-06
873	5.40E-06
874	5.76E-06
875	7.38E-06
876	7.16E-06
877	8.08E-06
878	8.34E-06
879	9.00E-06
880	9.59E-06
881	0.000010427
882	0.000011237
883	0.000012936
884	0.00001287
885	0.000015494
886	0.000016418
887	0.000018841
888	0.000019886
889	0.000021001
890	0.000022097
891	0.000021668
892	0.000024728
893	0.000023853
894	0.000024018
895	0.000024439
896	0.000021289
897	0.000021329
898	0.000021962
899	0.000018877
900	0.000019001
901	0.00001928
902	0.000018275
903	0.000015657
904	0.000015969
905	0.000015248
906	0.000011592
907	0.000013899
908	0.000011854
909	0.000010232
910	0.000011148
911	0.000011859
912	0.000012484
913	0.000011103
914	0.000011087
915	0.000012462
916	8.35E-06
917	0.000010437
918	9.56E-06
919	0.000011712
920	7.65E-06
921	8.70E-06
922	9.66E-06
923	9.24E-06
924	0.000010655
925	7.35E-06
926	0.000011609
927	0.000011557
928	9.53E-06
929	0.000006851
930	0.000010485
931	8.05E-06
932	0.000011879
933	0.000010948
934	0.000012656
935	5.35E-06
936	0.000011477
937	0.000012577
938	0.000013291
939	0.000011468
940	0.000016531
941	0.000012265
942	0.000011893
943	0.000014408
944	0.000014029
945	0.000017551
946	0.000014197
947	0.00001149
948	0.000014601
949	0.000012978
950	0.00001521
951	0.000011159
952	0.000012243
953	0.000013224
954	0.000011968
955	0.000013103
956	0.000010553
957	0.000010991
958	0.000011772
959	0.000012533
960	0.000009015
961	0.000011521
962	9.70E-06
963	0.000011398
964	0.000012201
965	0.0000111
966	0.00001225
967	0.000011912
968	0.000011168
969	0.00001154
970	9.15E-06
971	0.000011654
972	9.28E-06
973	0.000011846
974	9.04E-06
975	9.74E-06
976	9.47E-06
977	0.00001031
978	0.000010814
979	0.000011905
980	0.000011125
981	0.000010485
982	0.000011317
983	0.000012593
984	0.00001182
985	0.000012571
986	0.000013093
987	0.000013643
988	0.000015002
989	0.000013625
990	0.000013715
991	0.000013539
992	0.000014812
993	0.000013491
994	0.000013373
995	0.000012624
996	0.000013265
997	0.000013527
998	0.000012537
999	0.000012538
1000	0.000012784
1001	0.000013629
1002	0.000013944
1003	0.000014934
1004	0.000014208
1005	0.000015917
1006	0.000015902
1007	0.000017699
1008	0.000016907
1009	0.000018483
1010	0.000021441
1011	0.000022937
1012	0.000021825
1013	0.000021923
1014	0.00002506
1015	0.000028688
1016	0.000027533
1017	0.0000305
1018	0.000028325
1019	0.000028842
1020	0.000034747
1021	0.000038979
1022	0.000036956
1023	0.000041773
1024	0.000041411
1025	0.000040549
1026	0.000034312
1027	0.000043845
1028	0.000045945
1029	0.000040839
1030	0.000044228
1031	0.000047396
1032	0.000042684
1033	0.000038874
1034	0.00004053
1035	0.000042023
1036	0.000039008
1037	0.000037303
1038	0.00003574
1039	0.000030557
1040	0.000033537
#
# BAND 2 Green
400	0.00092643
401	0.00093785
402	0.00076728
403	0.00098544
404	0.00094984
405	0.00099296
406	0.001064
407	0.001005
408	0.00094847
409	0.001093
410	0.001046
411	0.0011306
412	0.00098907
413	0.0010791
414	0.0011038
415	0.0011412
416	0.001133
417	0.0010265
418	0.0011805
419	0.0011752
420	0.0011968
421	0.0011155
422	0.0012379
423	0.0012194
424	0.0010989
425	0.0011888
426	0.0012478
427	0.0013393
428	0.0012406
429	0.0011383
430	0.0013019
431	0.0012349
432	0.0012849
433	0.0012246
434	0.0013084
435	0.0012429
436	0.0011947
437	0.001124
438	0.0012631
439	0.0011085
440	0.0011565
441	0.0011343
442	0.0011418
443	0.0011193
444	0.0012448
445	0.0011475
446	0.0011246
447	0.0011354
448	0.0011761
449	0.0011169
450	0.0011694
451	0.0010773
452	0.0010766
453	0.00098706
454	0.0010243
455	0.0010653
456	0.0011685
457	0.0011
458	0.0011036
459	0.0010063
460	0.0010824
461	0.001044
462	0.0010365
463	0.0011225
464	0.0010327
465	0.0011196
466	0.0010805
467	0.0011411
468	0.0011563
469	0.0011981
470	0.0010859
471	0.0012637
472	0.001196
473	0.0011095
474	0.0012607
475	0.0013702
476	0.0014378
477	0.0014227
478	0.0015022
479	0.001626
480	0.0017059
481	0.0017185
482	0.0018164
483	0.0018889
484	0.0018914
485	0.0020169
486	0.0020827
487	0.002306
488	0.0025108
489	0.0028959
490	0.0031286
491	0.0037767
492	0.0043177
493	0.0050446
494	0.0062136
495	0.0073692
496	0.0094253
497	0.011207
498	0.01402
499	0.016542
500	0.02061
501	0.024076
502	0.030086
503	0.035463
504	0.044696
505	0.053395
506	0.068821
507	0.082427
508	0.10843
509	0.13167
510	0.17015
511	0.20614
512	0.26258
513	0.31015
514	0.38267
515	0.43635
516	0.51516
517	0.57437
518	0.65921
519	0.71501
520	0.77847
521	0.81978
522	0.86383
523	0.8885
524	0.90963
525	0.92351
526	0.93336
527	0.94248
528	0.94702
529	0.95184
530	0.95472
531	0.96145
532	0.96107
533	0.96251
534	0.96329
535	0.96354
536	0.96265
537	0.96066
538	0.95766
539	0.95441
540	0.94975
541	0.9458
542	0.93991
543	0.93639
544	0.93095
545	0.9287
546	0.9289
547	0.92786
548	0.92957
549	0.93688
550	0.93995
551	0.94992
552	0.95759
553	0.96706
554	0.9759
555	0.98627
556	0.99013
557	0.99641
558	0.99792
559	0.9999
560	1
561	0.99422
562	0.9914
563	0.98428
564	0.98075
565	0.97612
566	0.97014
567	0.96594
568	0.96445
569	0.95977
570	0.95938
571	0.9579
572	0.95915
573	0.95994
574	0.96094
575	0.96104
576	0.9616
577	0.96352
578	0.96255
579	0.9607
580	0.95858
581	0.95561
582	0.9501
583	0.94279
584	0.9378
585	0.92973
586	0.92827
587	0.92251
588	0.92135
589	0.92171
590	0.92602
591	0.93008
592	0.93329
593	0.93013
594	0.90929
595	0.87748
596	0.80075
597	0.72255
598	0.59433
599	0.49916
600	0.37411
601	0.29825
602	0.21343
603	0.16802
604	0.11979
605	0.094908
606	0.06926
607	0.055786
608	0.041636
609	0.034244
610	0.026194
611	0.02189
612	0.017029
613	0.01431
614	0.011313
615	0.0096063
616	0.0075563
617	0.0063964
618	0.0050133
619	0.0042543
620	0.0032826
621	0.0027752
622	0.0021079
623	0.0017505
624	0.0013385
625	0.0011476
626	0.00090412
627	0.00076983
628	0.00064429
629	0.00056928
630	0.00050107
631	0.00045392
632	0.00041262
633	0.00036568
634	0.00034378
635	0.00036283
636	0.00032988
637	0.00033311
638	0.00030429
639	0.0002993
640	0.00029165
641	0.00029875
642	0.00027902
643	0.00026848
644	0.00026619
645	0.0002638
646	0.00028155
647	0.00026027
648	0.00026195
649	0.00025252
650	0.00025409
651	0.00023537
652	0.00022738
653	0.00025044
654	0.00023168
655	0.00022791
656	0.00023072
657	0.00023778
658	0.00022147
659	0.0002242
660	0.00022841
661	0.00022987
662	0.00020693
663	0.00020155
664	0.0002017
665	0.00021012
666	0.00022511
667	0.00021029
668	0.0001955
669	0.00019971
670	0.00020255
671	0.00019857
672	0.0001987
673	0.0001988
674	0.00019078
675	0.0001923
676	0.00019104
677	0.00019953
678	0.00019705
679	0.00016122
680	0.00020831
681	0.00017837
682	0.00018965
683	0.00019269
684	0.00019026
685	0.00016407
686	0.00017283
687	0.00018006
688	0.00017878
689	0.00016638
690	0.00018489
691	0.00015712
692	0.00016856
693	0.00016169
694	0.00013567
695	0.00017493
696	0.00017244
697	0.00018258
698	0.00016862
699	0.00015616
700	0.00013119
701	0.00014522
702	0.000087489
703	0.00014704
704	0.0001192
705	0.00012486
706	0.00012879
707	0.0001147
708	0.00011944
709	0.00014524
710	0.00011877
711	0.00012252
712	0.00013112
713	0.00012449
714	0.00013657
715	0.00013892
716	0.00014186
717	0.00015141
718	0.00015312
719	0.00016073
720	0.00014787
721	0.00015551
722	0.00016879
723	0.00016909
724	0.00020793
725	0.00018012
726	0.00019083
727	0.00019242
728	0.00023571
729	0.00023172
730	0.00026065
731	0.00024755
732	0.00023283
733	0.00022884
734	0.00026545
735	0.000239
736	0.00022994
737	0.00021394
738	0.00022931
739	0.00023885
740	0.00028943
741	0.00027639
742	0.00031024
743	0.00029561
744	0.00027333
745	0.00032307
746	0.00034492
747	0.00035438
748	0.00037991
749	0.00031078
750	0.00036723
751	0.00033344
752	0.00037904
753	0.00040859
754	0.00049303
755	0.00040207
756	0.00043565
757	0.00053904
758	0.0004327
759	0.00056074
760	0.00045941
761	0.00041026
762	0.00044032
763	0.00053308
764	0.00050563
765	0.00052338
766	0.00048909
767	0.00048493
768	0.00053872
769	0.00059743
770	0.00057717
771	0.0004119
772	0.00044546
773	0.00044711
774	0.00074154
775	0.00062898
776	0.00039476
777	0.00053456
778	0.00055165
779	0.00079718
780	0.00058482
781	0.00072089
782	0.00066496
783	0.00071551
784	0.00072025
785	0.00074756
786	0.0007777
787	0.00079357
788	0.00072759
789	0.00085007
790	0.00069527
791	0.0010472
792	0.00091168
793	0.0013201
794	0.0010714
795	0.0010522
796	0.0011597
797	0.0013033
798	0.0012132
799	0.0011872
800	0.0012011
801	0.0010613
802	0.001509
803	0.0012697
804	0.0012274
805	0.0013591
806	0.0014037
807	0.0014787
808	0.001298
809	0.0012764
810	0.0011613
811	0.0015047
812	0.0013671
813	0.0012682
814	0.00094893
815	0.0014477
816	0.0011054
817	0.001254
818	0.0015967
819	0.0019285
820	0.0020342
821	0.0026445
822	0.0026014
823	0.003158
824	0.0033095
825	0.0028543
826	0.0032118
827	0.0025677
828	0.0026049
829	0.0024707
830	0.0020548
831	0.0023207
832	0.0019914
833	0.0020557
834	0.0019033
835	0.0021631
836	0.0023237
837	0.0027114
838	0.0027588
839	0.0019248
840	0.0028242
841	0.0029006
842	0.0027923
843	0.0029601
844	0.003312
845	0.0033634
846	0.0035882
847	0.0035395
848	0.0037452
849	0.0040419
850	0.0037528
851	0.0043082
852	0.0041714
853	0.0041419
854	0.0040315
855	0.0039329
856	0.0041755
857	0.0035944
858	0.0034
859	0.0033926
860	0.0033421
861	0.0031138
862	0.0030777
863	0.0032544
864	0.0030065
865	0.0030777
866	0.0031024
867	0.0029034
868	0.0031831
869	0.0030832
870	0.0030304
871	0.0025302
872	0.0027994
873	0.0027585
874	0.0026885
875	0.0024879
876	0.0026325
877	0.002516
878	0.0028701
879	0.0028123
880	0.0024535
881	0.0027012
882	0.0018767
883	0.0024285
884	0.0027293
885	0.002613
886	0.0021909
887	0.0026373
888	0.0021991
889	0.0024213
890	0.001917
891	0.0019923
892	0.0019713
893	0.0017042
894	0.0017521
895	0.0015892
896	0.0014772
897	0.001303
898	0.0012973
899	0.0011024
900	0.0012349
901	0.0014612
902	0.0013727
903	0.0012398
904	0.0011504
905	0.0011757
906	0.0012951
907	0.0014284
908	0.0013485
909	0.0011279
910	0.00097345
911	0.0011572
912	0.0010419
913	0.0013491
914	0.0010393
915	0.0013269
916	0.0012774
917	0.0013611
918	0.0010668
919	0.0014051
920	0.00090956
921	0.0012584
922	0.0014377
923	0.0011758
924	0.0013638
925	0.0014706
926	0.001631
927	0.0010323
928	0.0013461
929	0.001419
930	0.0013826
931	0.0015508
932	0.0012613
933	0.0013289
934	0.001515
935	0.0016333
936	0.0015649
937	0.001291
938	0.0016654
939	0.0014039
940	0.0019774
941	0.0016574
942	0.0016865
943	0.0016641
944	0.0019352
945	0.0019001
946	0.0018802
947	0.0019266
948	0.0019316
949	0.0023202
950	0.0021335
951	0.0023292
952	0.0023516
953	0.002481
954	0.002635
955	0.002413
956	0.002568
957	0.0026178
958	0.0023867
959	0.0025826
960	0.0026317
961	0.002603
962	0.0026343
963	0.0026089
964	0.0025635
965	0.0024096
966	0.0025914
967	0.0022292
968	0.0020821
969	0.0018
970	0.0018373
971	0.0016434
972	0.0016766
973	0.0015564
974	0.0013183
975	0.0012917
976	0.0013623
977	0.0011104
978	0.0013251
979	0.0012095
980	0.00085935
981	0.00099009
982	0.00093691
983	0.00080153
984	0.00088703
985	0.00076521
986	0.00064911
987	0.00068448
988	0.00071664
989	0.00078179
990	0.0008191
991	0.00080654
992	0.00067147
993	0.00062941
994	0.00069825
995	0.00066021
996	0.00056755
997	0.00075714
998	0.00064742
999	0.00073123
1000	0.00067985
1001	0.00066834
1002	0.00057652
1003	0.0005955
1004	0.00061205
1005	0.00056966
1006	0.00058949
1007	0.00061762
1008	0.00072656
1009	0.00071454
1010	0.0006715
1011	0.00080639
1012	0.00077424
1013	0.00075885
1014	0.0006836
1015	0.00069534
1016	0.00061664
1017	0.00075164
1018	0.00090994
1019	0.00071892
1020	0.00080213
1021	0.00087978
1022	0.00088288
1023	0.00085513
1024	0.00092867
1025	0.0010853
1026	0.0012496
1027	0.0013548
1028	0.0014153
1029	0.0013231
1030	0.001632
1031	0.0017622
1032	0.0016503
1033	0.0019445
1034	0.0022768
1035	0.0022694
1036	0.0026221
1037	0.0026169
1038	0.0027252
1039	0.0028438
1040	0.0032065
#
# BAND 3 Red
400	0.0013747
401	0.0011676
402	0.0012272
403	0.0013855
404	0.0014648
405	0.0011793
406	0.0011594
407	0.0012219
408	0.0012194
409	0.001352
410	0.001365
411	0.0014003
412	0.0012682
413	0.0013794
414	0.001391
415	0.0013976
416	0.0013568
417	0.0012996
418	0.0013128
419	0.0014015
420	0.0014719
421	0.0013251
422	0.0014077
423	0.001366
424	0.0012697
425	0.0013175
426	0.0013139
427	0.0013391
428	0.0014649
429	0.0013358
430	0.0012453
431	0.001292
432	0.0013141
433	0.0012921
434	0.0012383
435	0.0011865
436	0.0011764
437	0.0011702
438	0.0010791
439	0.0011702
440	0.001082
441	0.0010467
442	0.00087329
443	0.001004
444	0.00090655
445	0.0010085
446	0.0010201
447	0.0009382
448	0.00097598
449	0.00090932
450	0.00099444
451	0.00092565
452	0.00071541
453	0.0008959
454	0.00083111
455	0.00085394
456	0.00077069
457	0.00088309
458	0.00073825
459	0.00087772
460	0.00090153
461	0.00078708
462	0.00078519
463	0.00070756
464	0.00062854
465	0.00072457
466	0.00067467
467	0.0006912
468	0.00064371
469	0.00063645
470	0.00064109
471	0.00062559
472	0.00069461
473	0.00060431
474	0.00068673
475	0.00057605
476	0.00059427
477	0.00061462
478	0.00063842
479	0.00057872
480	0.00053689
481	0.00051877
482	0.00056736
483	0.00054372
484	0.00054719
485	0.00052586
486	0.00052023
487	0.00052792
488	0.00051156
489	0.00044998
490	0.00048109
491	0.0004751
492	0.00046661
493	0.00050558
494	0.00048733
495	0.00048418
496	0.00046416
497	0.0004261
498	0.00043368
499	0.00041665
500	0.00042936
501	0.00040974
502	0.00043598
503	0.00040944
504	0.00041435
505	0.0004259
506	0.00036666
507	0.00041461
508	0.00034775
509	0.00036365
510	0.00038382
511	0.00039181
512	0.00033542
513	0.00037109
514	0.00036399
515	0.00035966
516	0.00041341
517	0.00036772
518	0.00039107
519	0.00037158
520	0.00037833
521	0.00034954
522	0.00041126
523	0.00040603
524	0.00039246
525	0.00042726
526	0.00040217
527	0.00035483
528	0.00035021
529	0.00038811
530	0.00035615
531	0.00036132
532	0.00038115
533	0.00040371
534	0.00036626
535	0.00038121
536	0.00033741
537	0.00037411
538	0.00033587
539	0.00032562
540	0.00035951
541	0.00033816
542	0.00035882
543	0.00035333
544	0.00038219
545	0.00034358
546	0.0003739
547	0.00034494
548	0.00036279
549	0.00038015
550	0.00033632
551	0.00038955
552	0.00037147
553	0.00033378
554	0.00034229
555	0.00034484
556	0.00039037
557	0.00037059
558	0.00037022
559	0.00040017
560	0.00042432
561	0.00039698
562	0.00042931
563	0.00042411
564	0.00043445
565	0.00040699
566	0.00045453
567	0.00046868
568	0.00048654
569	0.00045971
570	0.00045713
571	0.00045165
572	0.0004863
573	0.00048307
574	0.00053661
575	0.00058914
576	0.00063641
577	0.00067297
578	0.00072319
579	0.00079417
580	0.00083149
581	0.00091664
582	0.0010028
583	0.001106
584	0.001183
585	0.0013279
586	0.0014599
587	0.0016957
588	0.0019211
589	0.002171
590	0.0025371
591	0.0028347
592	0.0033075
593	0.00376
594	0.0044597
595	0.0051192
596	0.0062157
597	0.0070861
598	0.008545
599	0.0099495
600	0.012285
601	0.014334
602	0.017576
603	0.020715
604	0.025666
605	0.03042
606	0.038134
607	0.044774
608	0.056662
609	0.067225
610	0.08454
611	0.10035
612	0.12715
613	0.145500483
614	0.176067931
615	0.200662418
616	0.239155233
617	0.266878809
618	0.310847252
619	0.339829556
620	0.382466451
621	0.40896187
622	0.445193354
623	0.4642143
624	0.49072212
625	0.586784
626	0.698605101
627	0.802609114
628	0.84698
629	0.86647
630	0.89075
631	0.90288
632	0.91773
633	0.92584
634	0.93523
635	0.93902
636	0.94239
637	0.94529
638	0.94812
639	0.94923
640	0.95041
641	0.95042
642	0.95036
643	0.94976
644	0.95116
645	0.95093
646	0.95049
647	0.95016
648	0.95008
649	0.94884
650	0.94968
651	0.94917
652	0.95102
653	0.94988
654	0.95068
655	0.95191
656	0.95229
657	0.9534
658	0.95338
659	0.95212
660	0.9527
661	0.95443
662	0.95396
663	0.95427
664	0.95497
665	0.95476
666	0.95468
667	0.95552
668	0.95531
669	0.95449
670	0.95501
671	0.95431
672	0.95357
673	0.95408
674	0.95378
675	0.9545
676	0.95375
677	0.95356
678	0.95487
679	0.95354
680	0.9533
681	0.95417
682	0.95658
683	0.95658
684	0.95969
685	0.96217
686	0.96587
687	0.96996
688	0.97192
689	0.97564
690	0.98015
691	0.98437
692	0.98837
693	0.99202
694	0.99675
695	0.99945
696	1
697	0.99726
698	0.98739
699	0.97415
700	0.9474
701	0.914586872
702	0.77540026
703	0.65196
704	0.516063626
705	0.4907644
706	0.440612395
707	0.404501353
708	0.347439371
709	0.292719925
710	0.259094912
711	0.215052137
712	0.188437362
713	0.154394648
714	0.134703246
715	0.10962
716	0.093537
717	0.075487
718	0.065014
719	0.053104
720	0.046257
721	0.038106
722	0.033287
723	0.027788
724	0.023297
725	0.020604
726	0.017635
727	0.01578
728	0.013391
729	0.012265
730	0.01061
731	0.0095825
732	0.0085343
733	0.0078714
734	0.0069912
735	0.0064681
736	0.0057825
737	0.0052858
738	0.0049565
739	0.0046004
740	0.0043178
741	0.0040475
742	0.0037732
743	0.0034114
744	0.0033742
745	0.003146
746	0.0030011
747	0.0027655
748	0.002713
749	0.0027138
750	0.0025272
751	0.0024836
752	0.0023691
753	0.002355
754	0.0023291
755	0.002317
756	0.0023675
757	0.0021743
758	0.0021952
759	0.0022253
760	0.0022566
761	0.0021095
762	0.0021261
763	0.0021274
764	0.0021306
765	0.0021174
766	0.0020881
767	0.00206
768	0.0021526
769	0.0020624
770	0.002155
771	0.0022025
772	0.0022658
773	0.0020824
774	0.0022066
775	0.0023587
776	0.0023721
777	0.0022532
778	0.0024511
779	0.0024221
780	0.002497
781	0.0028742
782	0.0027095
783	0.0025105
784	0.0027647
785	0.0027208
786	0.0028227
787	0.0027926
788	0.0030832
789	0.0030914
790	0.0031791
791	0.0031907
792	0.0031979
793	0.0030059
794	0.0033858
795	0.0035196
796	0.0034665
797	0.0033004
798	0.0033616
799	0.0031339
800	0.0034387
801	0.0034486
802	0.0035784
803	0.003575
804	0.0032056
805	0.0033298
806	0.0031856
807	0.0035538
808	0.0032464
809	0.0034499
810	0.0033636
811	0.0035029
812	0.0032591
813	0.0034449
814	0.0037745
815	0.0035078
816	0.0030549
817	0.0030869
818	0.0033712
819	0.002886
820	0.003546
821	0.0033265
822	0.0031583
823	0.0030876
824	0.0032746
825	0.0033543
826	0.0033789
827	0.003402
828	0.0028401
829	0.0032844
830	0.0033582
831	0.0033997
832	0.0032038
833	0.0033844
834	0.0033077
835	0.003574
836	0.0030951
837	0.0029907
838	0.0027981
839	0.0033603
840	0.0031054
841	0.0033979
842	0.0031068
843	0.0031461
844	0.0030542
845	0.0030099
846	0.0030872
847	0.0030662
848	0.0030929
849	0.0030597
850	0.0027739
851	0.0027569
852	0.0029412
853	0.0028641
854	0.0028885
855	0.0029449
856	0.0030764
857	0.0025415
858	0.0027188
859	0.0027921
860	0.0028756
861	0.0027097
862	0.0025612
863	0.0026945
864	0.0026649
865	0.0026022
866	0.0025176
867	0.0025305
868	0.0028539
869	0.0025001
870	0.002225
871	0.0021874
872	0.0024117
873	0.0024805
874	0.0025002
875	0.0026485
876	0.0022407
877	0.0025973
878	0.0024757
879	0.0021291
880	0.0024052
881	0.0022749
882	0.0023654
883	0.0023359
884	0.0020104
885	0.0020696
886	0.00234
887	0.0021357
888	0.0022162
889	0.0021784
890	0.0023162
891	0.0020382
892	0.0020166
893	0.0022509
894	0.002435
895	0.0021913
896	0.0021003
897	0.0021047
898	0.0024376
899	0.0024039
900	0.0021588
901	0.0020681
902	0.0023411
903	0.0021157
904	0.0023683
905	0.0024376
906	0.0019683
907	0.0018293
908	0.0022783
909	0.0021931
910	0.0019621
911	0.0020539
912	0.0022203
913	0.002384
914	0.0021389
915	0.0026755
916	0.0023229
917	0.0019693
918	0.0017003
919	0.0020643
920	0.0020974
921	0.0021568
922	0.0020575
923	0.0024954
924	0.0023492
925	0.0019668
926	0.001727
927	0.0021565
928	0.0021871
929	0.0019925
930	0.0021994
931	0.002178
932	0.0022056
933	0.0022526
934	0.0018834
935	0.0018826
936	0.0019008
937	0.0020466
938	0.0020534
939	0.0020904
940	0.0020507
941	0.0023137
942	0.0020162
943	0.0021563
944	0.0020975
945	0.0022021
946	0.002088
947	0.0019417
948	0.0016967
949	0.0019757
950	0.0019291
951	0.0017739
952	0.0020186
953	0.0014171
954	0.0015901
955	0.0017366
956	0.0017095
957	0.001689
958	0.00146
959	0.0016062
960	0.0014742
961	0.0015209
962	0.0016203
963	0.0016151
964	0.0014286
965	0.0015793
966	0.0015705
967	0.0016079
968	0.0016946
969	0.0015176
970	0.0014691
971	0.0014614
972	0.0014882
973	0.0014164
974	0.0015513
975	0.0014703
976	0.0013129
977	0.0015947
978	0.0012771
979	0.001394
980	0.0013681
981	0.0014632
982	0.0013454
983	0.0013817
984	0.0015397
985	0.0016446
986	0.001316
987	0.0017009
988	0.0015095
989	0.0014377
990	0.0015763
991	0.0014424
992	0.0015483
993	0.0016404
994	0.0014551
995	0.001477
996	0.0016754
997	0.001682
998	0.0017215
999	0.0015658
1000	0.0014659
1001	0.0016231
1002	0.0014704
1003	0.0013572
1004	0.001386
1005	0.0013603
1006	0.0014216
1007	0.0013592
1008	0.0012721
1009	0.0013725
1010	0.0013528
1011	0.0014318
1012	0.0011983
1013	0.0012258
1014	0.0011633
1015	0.0010943
1016	0.0011358
1017	0.0010673
1018	0.0010482
1019	0.0010727
1020	0.00096816
1021	0.0010951
1022	0.0010013
1023	0.00096307
1024	0.0010645
1025	0.00092561
1026	0.00095745
1027	0.00093901
1028	0.00086794
1029	0.0008024
1030	0.00090803
1031	0.0010147
1032	0.00086925
1033	0.0008813
1034	0.00092492
1035	0.00099685
1036	0.00097646
1037	0.00093058
1038	0.00086663
1039	0.00084408
1040	0.00098907
#
# BAND 4 NIR
400	0.00016725
401	0.00014626
402	0.0001552
403	0.00014999
404	0.00017462
405	0.00017323
406	0.00016174
407	0.0001696
408	0.00018346
409	0.00017459
410	0.00019636
411	0.00017375
412	0.00020661
413	0.00019982
414	0.00018749
415	0.00018615
416	0.00019651
417	0.0001885
418	0.00020866
419	0.00018866
420	0.00020576
421	0.00019999
422	0.0001954
423	0.00019163
424	0.00020689
425	0.00021399
426	0.00020014
427	0.00019801
428	0.00017367
429	0.00019127
430	0.00017197
431	0.00019383
432	0.00018999
433	0.00018766
434	0.00018356
435	0.00017291
436	0.00015742
437	0.00017625
438	0.00019176
439	0.00014066
440	0.00014014
441	0.00013628
442	0.00013503
443	0.00015591
444	0.00012682
445	0.00014087
446	0.00015782
447	0.00015222
448	0.00016638
449	0.00014092
450	0.00011908
451	0.00013172
452	0.00012449
453	0.00013689
454	0.00012022
455	0.00013275
456	0.00011259
457	0.00012501
458	0.00011076
459	0.00010071
460	0.00011073
461	0.00011475
462	0.00010343
463	0.00010727
464	0.000099771
465	0.00010387
466	0.00010046
467	0.000082796
468	0.00010056
469	0.000098287
470	0.00010076
471	0.000081957
472	0.00010097
473	0.000093069
474	0.000094632
475	0.000088862
476	0.000078207
477	0.000077455
478	0.000083549
479	0.000071283
480	0.000082819
481	0.000081148
482	0.00007628
483	0.000069746
484	0.000069549
485	0.000066878
486	0.000067422
487	0.000073531
488	0.000060952
489	0.000069963
490	0.000072746
491	0.000065646
492	0.000067973
493	0.000065136
494	0.000064548
495	0.000063218
496	0.000058027
497	0.000054182
498	0.000056038
499	0.000051854
500	0.000056978
501	0.000055993
502	0.000045863
503	0.000056482
504	0.000048197
505	0.000054718
506	0.000053514
507	0.000048922
508	0.00004031
509	0.000043054
510	0.000043834
511	0.000041957
512	0.000047578
513	0.000042674
514	0.000040272
515	0.000041087
516	0.000037893
517	0.000037439
518	0.000043774
519	0.000038788
520	0.000047551
521	0.000039555
522	0.000040292
523	0.000044456
524	0.000039701
525	0.000038292
526	0.000040741
527	0.000041539
528	0.000038899
529	0.000043294
530	0.000043853
531	0.000043645
532	0.000041619
533	0.000038921
534	0.000037571
535	0.000045352
536	0.000039032
537	0.00003445
538	0.000041317
539	0.000033638
540	0.000034883
541	0.000040393
542	0.000034017
543	0.000035315
544	0.000032818
545	0.000031197
546	0.000035289
547	0.000035877
548	0.000039266
549	0.000040114
550	0.000039324
551	0.000037799
552	0.000049657
553	0.00004043
554	0.000048993
555	0.000041996
556	0.000045777
557	0.000039151
558	0.000040407
559	0.000036459
560	0.000041278
561	0.000037222
562	0.000033703
563	0.000035065
564	0.000031676
565	0.000033626
566	0.000031938
567	0.000038801
568	0.000043704
569	0.000049954
570	0.000055477
571	0.00006351
572	0.000069128
573	0.00006624
574	0.000057041
575	0.000039233
576	0.000033992
577	0.00003363
578	0.000031676
579	0.000030515
580	0.000031793
581	0.000026545
582	0.000028222
583	0.00002539
584	0.000026036
585	0.000024907
586	0.000025744
587	0.000022983
588	0.000025848
589	0.000023948
590	0.000024268
591	0.000026154
592	0.000027313
593	0.000026988
594	0.000023617
595	0.000027784
596	0.00002626
597	0.000027441
598	0.000023651
599	0.000024588
600	0.000026175
601	0.00002752
602	0.000027698
603	0.000024147
604	0.00002763
605	0.000025773
606	0.000026219
607	0.000027293
608	0.000030664
609	0.000024342
610	0.00002525
611	0.000028137
612	0.000031684
613	0.000028043
614	0.000028015
615	0.000028717
616	0.000027113
617	0.000029758
618	0.000028674
619	0.000028224
620	0.000030582
621	0.000026548
622	0.000029017
623	0.000025777
624	0.000030905
625	0.000028499
626	0.0000294
627	0.000027658
628	0.000031325
629	0.000030304
630	0.000029056
631	0.000030123
632	0.000029375
633	0.000026826
634	0.000029961
635	0.000027068
636	0.000033662
637	0.000028913
638	0.000032552
639	0.000029601
640	0.000033647
641	0.000031615
642	0.000028742
643	0.000036441
644	0.000030986
645	0.000034393
646	0.000035505
647	0.000032918
648	0.000032199
649	0.000033224
650	0.000032951
651	0.000033332
652	0.000034948
653	0.00003746
654	0.000036197
655	0.000035554
656	0.000035392
657	0.000032695
658	0.000036898
659	0.000037638
660	0.000038154
661	0.000040172
662	0.000039044
663	0.000040931
664	0.000041924
665	0.000038116
666	0.000043469
667	0.000041237
668	0.000043488
669	0.000045553
670	0.000041603
671	0.000044927
672	0.000050544
673	0.00004487
674	0.000048375
675	0.000050599
676	0.000048776
677	0.000048628
678	0.000053519
679	0.000053768
680	0.000053193
681	0.000054578
682	0.000058309
683	0.000060498
684	0.000060206
685	0.000068417
686	0.000071675
687	0.000065698
688	0.000074711
689	0.000071375
690	0.000079381
691	0.000089253
692	0.000083236
693	0.000082122
694	0.00009015
695	0.000090619
696	0.000090047
697	0.000098493
698	0.00010154
699	0.00010849
700	0.00010747
701	0.00010883
702	0.00011432
703	0.00012566
704	0.0001271
705	0.0001265
706	0.00013295
707	0.00013898
708	0.00014062
709	0.00014003
710	0.00015671
711	0.00015941
712	0.00017028
713	0.00017757
714	0.00018139
715	0.00020345
716	0.0002075
717	0.00022648
718	0.00023935
719	0.0002556
720	0.00026932
721	0.00029947
722	0.00031841
723	0.0003455
724	0.00038192
725	0.00041327
726	0.00045927
727	0.00049289
728	0.00054444
729	0.00058391
730	0.0006593
731	0.00072337
732	0.0008247
733	0.00089118
734	0.0010361
735	0.0011338
736	0.0012868
737	0.0015149
738	0.0016876
739	0.0019893
740	0.0022478
741	0.0026844
742	0.0030482
743	0.0036146
744	0.004144
745	0.0050157
746	0.0057602
747	0.007066
748	0.0086931
749	0.010126
750	0.012536
751	0.014789
752	0.018473
753	0.021968
754	0.027819
755	0.033278
756	0.042757
757	0.051572
758	0.067143
759	0.08799
760	0.10766
761	0.14156
762	0.17373
763	0.22657
764	0.2739
765	0.34855
766	0.41042
767	0.50009
768	0.5925
769	0.65823
770	0.74307
771	0.79848
772	0.86325
773	0.90131
774	0.94156
775	0.95796
776	0.97041
777	0.97522
778	0.97369
779	0.96896
780	0.96439
781	0.9589
782	0.95825
783	0.95715
784	0.95604
785	0.95814
786	0.96229
787	0.96627
788	0.97159
789	0.97461
790	0.98035
791	0.98562
792	0.99067
793	0.99037
794	0.99718
795	0.99541
796	0.99618
797	1
798	0.99603
799	0.99572
800	0.99674
801	0.99521
802	0.99331
803	0.98662
804	0.98389
805	0.97902
806	0.97409
807	0.9718
808	0.96613
809	0.96084
810	0.9569
811	0.95037
812	0.95003
813	0.94401
814	0.93808
815	0.93559
816	0.9311
817	0.92742
818	0.92301
819	0.9153
820	0.91368
821	0.91046
822	0.90787
823	0.90265
824	0.89972
825	0.89743
826	0.89348
827	0.88985
828	0.88438
829	0.8802
830	0.87419
831	0.86845
832	0.86617
833	0.85739
834	0.85377
835	0.84772
836	0.845
837	0.83849
838	0.83553
839	0.83022
840	0.82107
841	0.81913
842	0.81318
843	0.80744
844	0.8006
845	0.79289
846	0.7886
847	0.78149
848	0.77607
849	0.76884
850	0.7624
851	0.75687
852	0.7497
853	0.74317
854	0.73525
855	0.7308
856	0.72393
857	0.71751
858	0.7116
859	0.70431
860	0.69747
861	0.69301
862	0.68565
863	0.67982
864	0.67678
865	0.67021
866	0.6653
867	0.65996
868	0.65454
869	0.65081
870	0.64622
871	0.64168
872	0.63657
873	0.63259
874	0.62737
875	0.62158
876	0.61855
877	0.61294
878	0.60855
879	0.60143
880	0.59532
881	0.59082
882	0.58297
883	0.57604
884	0.5693
885	0.56342
886	0.55616
887	0.54877
888	0.54214
889	0.53414
890	0.52701
891	0.52116
892	0.51609
893	0.50903
894	0.50312
895	0.4982
896	0.49287
897	0.48729
898	0.47789
899	0.46814
900	0.45795
901	0.44154
902	0.4249
903	0.39975
904	0.37474
905	0.33788
906	0.30013
907	0.27011
908	0.23147
909	0.2025
910	0.16802
911	0.13719
912	0.11769
913	0.095596
914	0.082037
915	0.066475
916	0.053547
917	0.0455
918	0.036932
919	0.032059
920	0.026528
921	0.02199
922	0.019271
923	0.01596
924	0.01407
925	0.011797
926	0.010161
927	0.0090726
928	0.0079043
929	0.007124
930	0.0061185
931	0.0056093
932	0.005031
933	0.0045028
934	0.0041206
935	0.0037033
936	0.0034323
937	0.0030561
938	0.0028317
939	0.002602
940	0.002451
941	0.0022753
942	0.0020825
943	0.0018835
944	0.0017856
945	0.0016672
946	0.0015892
947	0.0015363
948	0.0013184
949	0.0012393
950	0.0011418
951	0.0011161
952	0.0010425
953	0.0009875
954	0.00095379
955	0.00084866
956	0.00084455
957	0.00078134
958	0.00073541
959	0.00073829
960	0.00069892
961	0.00068555
962	0.00068223
963	0.00058578
964	0.00059256
965	0.00059779
966	0.00059684
967	0.00054772
968	0.00052555
969	0.00052648
970	0.00052228
971	0.00048837
972	0.00045991
973	0.00041816
974	0.00043924
975	0.00042266
976	0.00039877
977	0.00038181
978	0.0004194
979	0.00038758
980	0.0003669
981	0.00034332
982	0.00034293
983	0.00031386
984	0.0003252
985	0.00034476
986	0.00033436
987	0.00033541
988	0.00029901
989	0.00033182
990	0.00030808
991	0.00030165
992	0.00029985
993	0.00026321
994	0.00026375
995	0.00025568
996	0.000271
997	0.0002714
998	0.00027189
999	0.00027348
1000	0.0002204
1001	0.00023798
1002	0.00022057
1003	0.00023199
1004	0.00024156
1005	0.00024416
1006	0.00018863
1007	0.00025359
1008	0.00022061
1009	0.00021393
1010	0.00021391
1011	0.00021198
1012	0.00020893
1013	0.0002163
1014	0.00018755
1015	0.0002055
1016	0.00018886
1017	0.00019636
1018	0.00018776
1019	0.00018767
1020	0.00018724
1021	0.00019943
1022	0.00016281
1023	0.00023148
1024	0.00020282
1025	0.00019081
1026	0.00015591
1027	0.00019817
1028	0.00018585
1029	0.00016944
1030	0.00019554
1031	0.00021339
1032	0.00018801
1033	0.00020457
1034	0.00019555
1035	0.00018693
1036	0.00017778
1037	0.0001761
1038	0.00018566
1039	0.00019524
1040	0.00018407
#
