#
#  GF1/WFV2 RSR
#
#  from Rugang Tang Excel files
#
#  Tabulated QV 2019-03-05
#
# Wavelength (nm)	RSR
#
# BAND 1 Blue
400	0.00045915
401	0.00037443
402	0.00033911
403	0.00034695
404	0.00038598
405	0.00048166
406	0.00056861
407	0.00054838
408	0.0006072
409	0.00062473
410	0.00071376
411	0.00080057
412	0.00089332
413	0.00096083
414	0.00084495
415	0.00095613
416	0.00091585
417	0.000924
418	0.0010823
419	0.0012919
420	0.001308
421	0.0014484
422	0.0015143
423	0.0015334
424	0.0016556
425	0.0017283
426	0.001982
427	0.002065
428	0.0022471
429	0.0023953
430	0.0024344
431	0.0027008
432	0.0028509
433	0.0032371
434	0.0039767
435	0.0046386
436	0.0059412
437	0.0070388
438	0.0088128
439	0.010253
440	0.012595
441	0.014954
442	0.018585
443	0.02211
444	0.028366
445	0.034257
446	0.045126
447	0.055733
448	0.074535
449	0.092248
450	0.12676
451	0.15978
452	0.22036
453	0.27633
454	0.36844
455	0.44286
456	0.5517
457	0.62497
458	0.70918
459	0.75436
460	0.78888
461	0.82026
462	0.82863
463	0.83466
464	0.83809
465	0.83612
466	0.83786
467	0.84814
468	0.85751
469	0.87072
470	0.88625
471	0.9062
472	0.91774
473	0.93053
474	0.93518
475	0.94018
476	0.94088
477	0.94578
478	0.95113
479	0.9578
480	0.96203
481	0.97165
482	0.97708
483	0.98218
484	0.98573
485	0.98536
486	0.98279
487	0.97634
488	0.97059
489	0.96608
490	0.9636
491	0.96316
492	0.96562
493	0.96773
494	0.97631
495	0.97936
496	0.98481
497	0.98621
498	0.98917
499	0.98756
500	0.98829
501	0.99158
502	0.99135
503	0.99236
504	0.99422
505	0.99711
506	1
507	0.99766
508	0.9906
509	0.98599
510	0.96726
511	0.94731
512	0.90723
513	0.8709
514	0.81214
515	0.76569
516	0.69547
517	0.64809
518	0.57431
519	0.52094
520	0.43325
521	0.37461
522	0.29011
523	0.23462
524	0.16544
525	0.12457
526	0.090205
527	0.054425
528	0.03629
529	0.019159
530	0.011647
531	0.0052618
532	0.0029183
533	0.0012741
534	0.00085156
535	0.00070107
536	0.00077288
537	0.00089985
538	0.00098611
539	0.0010545
540	0.0010719
541	0.001053
542	0.00099853
543	0.00091888
544	0.00083899
545	0.00072782
546	0.0006458
547	0.00053249
548	0.00046097
549	0.00036614
550	0.00030553
551	0.00023336
552	0.00018702
553	0.00013777
554	0.00011056
555	0.000079594
556	0.000063939
557	0.000048244
558	0.000041316
559	0.000035562
560	0.000033953
561	0.000033449
562	0.000034675
563	0.000036993
564	0.000038914
565	0.000040938
566	0.000043281
567	0.000045125
568	0.000047293
569	0.00004943
570	0.00004978
571	0.000050832
572	0.000051304
573	0.000051095
574	0.000051842
575	0.000051649
576	0.000051756
577	0.000050833
578	0.000050698
579	0.000049267
580	0.000049229
581	0.000048494
582	0.000047473
583	0.000045761
584	0.000044405
585	0.000042917
586	0.000041845
587	0.000039599
588	0.000037553
589	0.000034875
590	0.000031325
591	0.000028772
592	0.000025361
593	0.000023097
594	0.000020067
595	0.000017945
596	0.000015067
597	0.000013184
598	0.000010887
599	9.59E-06
600	8.33E-06
601	7.41E-06
602	6.45E-06
603	0.000005682
604	0.000004924
605	4.58E-06
606	4.31E-06
607	4.09E-06
608	3.86E-06
609	3.86E-06
610	3.84E-06
611	3.94E-06
612	4.01E-06
613	4.32E-06
614	4.62E-06
615	5.01E-06
616	0.000005652
617	6.22E-06
618	7.21E-06
619	7.72E-06
620	8.97E-06
621	9.68E-06
622	0.000010678
623	0.000011271
624	0.000011581
625	0.000011052
626	9.93E-06
627	8.84E-06
628	7.16E-06
629	6.04E-06
630	5.00E-06
631	4.32E-06
632	3.38E-06
633	2.98E-06
634	2.36E-06
635	2.10E-06
636	0.000001698
637	1.56E-06
638	1.35E-06
639	0.000001257
640	1.11E-06
641	1.03E-06
642	8.27E-07
643	7.55E-07
644	7.40E-07
645	6.04E-07
646	5.98E-07
647	5.25E-07
648	5.78E-07
649	4.69E-07
650	4.52E-07
651	3.98E-07
652	3.09E-07
653	2.83E-07
654	2.72E-07
655	2.57E-07
656	2.33E-07
657	2.16E-07
658	1.98E-07
659	1.69E-07
660	1.59E-07
661	1.39E-07
662	1.13E-07
663	1.27E-07
664	1.25E-07
665	1.39E-07
666	1.36E-07
667	1.24E-07
668	1.40E-07
669	1.35E-07
670	1.23E-07
671	1.43E-07
672	1.53E-07
673	1.85E-07
674	1.87E-07
675	2.11E-07
676	2.38E-07
677	2.51E-07
678	3.02E-07
679	2.65E-07
680	2.97E-07
681	3.27E-07
682	3.77E-07
683	4.57E-07
684	4.68E-07
685	4.37E-07
686	4.49E-07
687	4.44E-07
688	5.15E-07
689	4.27E-07
690	5.10E-07
691	4.79E-07
692	5.72E-07
693	5.10E-07
694	5.96E-07
695	5.95E-07
696	5.28E-07
697	4.37E-07
698	4.52E-07
699	4.30E-07
700	3.75E-07
701	4.51E-07
702	4.10E-07
703	4.42E-07
704	3.84E-07
705	4.59E-07
706	3.89E-07
707	3.68E-07
708	3.93E-07
709	3.09E-07
710	3.32E-07
711	4.83E-07
712	3.69E-07
713	4.50E-07
714	4.92E-07
715	4.61E-07
716	4.52E-07
717	4.31E-07
718	4.83E-07
719	5.01E-07
720	5.29E-07
721	6.66E-07
722	6.40E-07
723	7.17E-07
724	8.95E-07
725	8.75E-07
726	9.81E-07
727	1.04E-06
728	1.17E-06
729	1.27E-06
730	0.000001525
731	1.79E-06
732	2.22E-06
733	2.38E-06
734	2.72E-06
735	2.86E-06
736	2.73E-06
737	2.39E-06
738	2.05E-06
739	1.72E-06
740	1.43E-06
741	1.12E-06
742	1.03E-06
743	8.53E-07
744	7.57E-07
745	6.63E-07
746	6.18E-07
747	5.06E-07
748	4.89E-07
749	4.59E-07
750	4.59E-07
751	4.26E-07
752	4.92E-07
753	4.87E-07
754	5.22E-07
755	5.30E-07
756	6.00E-07
757	6.13E-07
758	8.13E-07
759	7.43E-07
760	1.01E-06
761	8.35E-07
762	9.68E-07
763	8.91E-07
764	1.09E-06
765	1.29E-06
766	1.32E-06
767	1.36E-06
768	1.86E-06
769	1.73E-06
770	2.27E-06
771	2.21E-06
772	2.34E-06
773	2.60E-06
774	2.45E-06
775	2.37E-06
776	2.92E-06
777	3.44E-06
778	3.25E-06
779	3.69E-06
780	3.88E-06
781	4.18E-06
782	4.93E-06
783	5.76E-06
784	5.54E-06
785	5.13E-06
786	5.96E-06
787	7.23E-06
788	7.24E-06
789	7.53E-06
790	8.14E-06
791	9.72E-06
792	0.00001036
793	0.000011438
794	0.000011479
795	0.000013646
796	0.000013553
797	0.000015
798	0.00001709
799	0.000018089
800	0.00001894
801	0.00001988
802	0.000020849
803	0.000022925
804	0.000023905
805	0.000024599
806	0.000024157
807	0.000025895
808	0.000025718
809	0.00002609
810	0.000024981
811	0.00002786
812	0.000026469
813	0.000026712
814	0.000025934
815	0.000026882
816	0.00002558
817	0.000024657
818	0.000025873
819	0.000024838
820	0.000023378
821	0.000021968
822	0.000022999
823	0.000020939
824	0.00002161
825	0.000018164
826	0.000019335
827	0.000017508
828	0.000016073
829	0.000017667
830	0.000018106
831	0.00001722
832	0.000016467
833	0.000015218
834	0.000015143
835	0.000014646
836	0.000013953
837	0.000012539
838	0.000014222
839	0.000011193
840	0.000012203
841	0.000010893
842	0.00001021
843	0.000012213
844	0.00001001
845	0.000009643
846	0.000009624
847	8.23E-06
848	7.50E-06
849	7.40E-06
850	7.15E-06
851	6.68E-06
852	0.000006294
853	6.95E-06
854	6.04E-06
855	5.74E-06
856	6.00E-06
857	5.07E-06
858	5.02E-06
859	4.01E-06
860	4.13E-06
861	0.000004084
862	3.65E-06
863	3.97E-06
864	3.51E-06
865	3.39E-06
866	2.56E-06
867	2.34E-06
868	2.22E-06
869	1.93E-06
870	2.37E-06
871	2.22E-06
872	2.05E-06
873	1.37E-06
874	1.61E-06
875	1.99E-06
876	2.86E-06
877	0.000002236
878	2.47E-06
879	1.63E-06
880	2.11E-06
881	1.70E-06
882	3.36E-06
883	2.66E-06
884	1.75E-06
885	2.77E-06
886	3.26E-06
887	3.40E-06
888	3.35E-06
889	3.30E-06
890	0.00000479
891	0.00000468
892	5.51E-06
893	5.36E-06
894	4.94E-06
895	5.38E-06
896	4.49E-06
897	4.58E-06
898	5.48E-06
899	0.000004476
900	4.71E-06
901	5.10E-06
902	4.60E-06
903	4.24E-06
904	4.11E-06
905	4.20E-06
906	3.09E-06
907	0.000003799
908	3.25E-06
909	3.02E-06
910	3.24E-06
911	3.39E-06
912	3.56E-06
913	3.27E-06
914	3.03E-06
915	0.000003811
916	2.55E-06
917	3.06E-06
918	2.79E-06
919	3.82E-06
920	2.66E-06
921	2.89E-06
922	3.29E-06
923	3.07E-06
924	3.69E-06
925	2.79E-06
926	4.25E-06
927	4.18E-06
928	3.31E-06
929	2.67E-06
930	3.79E-06
931	3.09E-06
932	4.77E-06
933	3.99E-06
934	4.76E-06
935	1.96E-06
936	0.000004327
937	5.06E-06
938	5.06E-06
939	4.52E-06
940	7.36E-06
941	5.21E-06
942	4.90E-06
943	6.37E-06
944	0.000006218
945	7.99E-06
946	6.56E-06
947	5.12E-06
948	7.17E-06
949	6.05E-06
950	7.68E-06
951	5.55E-06
952	5.65E-06
953	6.57E-06
954	0.000006191
955	6.43E-06
956	5.12E-06
957	5.43E-06
958	0.000005742
959	6.68E-06
960	4.66E-06
961	5.89E-06
962	5.31E-06
963	5.80E-06
964	6.33E-06
965	6.11E-06
966	6.45E-06
967	6.70E-06
968	6.45E-06
969	6.72E-06
970	5.64E-06
971	6.59E-06
972	5.55E-06
973	0.000007467
974	5.69E-06
975	6.34E-06
976	6.43E-06
977	6.67E-06
978	7.11E-06
979	7.87E-06
980	7.61E-06
981	7.22E-06
982	8.78E-06
983	8.22E-06
984	9.63E-06
985	9.55E-06
986	0.000010142
987	0.000011278
988	0.000011089
989	0.000010156
990	0.000010677
991	0.000010402
992	0.000012565
993	0.000011672
994	0.000010537
995	0.000011834
996	0.000011955
997	0.000012513
998	0.000011681
999	0.000012683
1000	0.000013409
1001	0.000013576
1002	0.000013884
1003	0.000015487
1004	0.000014723
1005	0.000015587
1006	0.000016973
1007	0.000018794
1008	0.000018504
1009	0.000020223
1010	0.000022295
1011	0.000024477
1012	0.00002455
1013	0.000024321
1014	0.000029434
1015	0.000031647
1016	0.000035791
1017	0.000037279
1018	0.000039605
1019	0.000039728
1020	0.00004374
1021	0.00005247
1022	0.000052103
1023	0.000062808
1024	0.000061339
1025	0.000063142
1026	0.000061018
1027	0.000073689
1028	0.000085255
1029	0.000079955
1030	0.000091451
1031	0.000099644
1032	0.000097273
1033	0.000097595
1034	0.0001051
1035	0.00011902
1036	0.00012064
1037	0.00011619
1038	0.00011948
1039	0.0001291
1040	0.00013912
#
# BAND 2 Green
400	0.00081058
401	0.0007665
402	0.00065696
403	0.00073102
404	0.00070873
405	0.00066737
406	0.00078454
407	0.00071493
408	0.00057028
409	0.00079284
410	0.00090399
411	0.00070959
412	0.0008565
413	0.0008971
414	0.00082862
415	0.00084021
416	0.00083939
417	0.00085914
418	0.0010206
419	0.00091637
420	0.0009064
421	0.00087519
422	0.0010044
423	0.0011153
424	0.0010136
425	0.0010068
426	0.0010917
427	0.00099196
428	0.00091837
429	0.0010594
430	0.0010897
431	0.0010476
432	0.00097126
433	0.00097429
434	0.00088251
435	0.00096325
436	0.00099153
437	0.00092505
438	0.00096796
439	0.00097058
440	0.0010365
441	0.00090368
442	0.00090024
443	0.00093206
444	0.00090845
445	0.00081539
446	0.00086433
447	0.00086857
448	0.00095733
449	0.00091127
450	0.00079839
451	0.00085212
452	0.00076545
453	0.0008675
454	0.00080445
455	0.00079148
456	0.00083305
457	0.00081933
458	0.00088955
459	0.00087464
460	0.00093785
461	0.00094965
462	0.00091716
463	0.00083262
464	0.00098018
465	0.00093781
466	0.0010068
467	0.00096527
468	0.0010514
469	0.0011777
470	0.0011938
471	0.0011786
472	0.0011996
473	0.001254
474	0.0012822
475	0.0014728
476	0.001386
477	0.0015281
478	0.0015063
479	0.0017073
480	0.0017349
481	0.0018841
482	0.0020084
483	0.0022734
484	0.0022989
485	0.0026037
486	0.0027512
487	0.0030353
488	0.0032871
489	0.0037077
490	0.004095
491	0.0045791
492	0.0050812
493	0.0055766
494	0.0064348
495	0.0070536
496	0.0082739
497	0.0092354
498	0.011011
499	0.012314
500	0.014524
501	0.016504
502	0.019769
503	0.022653
504	0.027204
505	0.031066
506	0.037781
507	0.043349
508	0.052556
509	0.060994
510	0.074788
511	0.086734
512	0.10617
513	0.12306
514	0.15037
515	0.17422
516	0.21355
517	0.24966
518	0.30685
519	0.35468
520	0.42514
521	0.48157
522	0.55997
523	0.61489
524	0.68839
525	0.73928
526	0.78321
527	0.83681
528	0.86881
529	0.90332
530	0.92246
531	0.94177
532	0.95222
533	0.96022
534	0.96254
535	0.96263
536	0.96494
537	0.96277
538	0.96282
539	0.96173
540	0.96087
541	0.96111
542	0.96138
543	0.96168
544	0.96418
545	0.96558
546	0.96701
547	0.97166
548	0.97394
549	0.97733
550	0.98072
551	0.98411
552	0.9875
553	0.99088
554	0.99427
555	0.99649
556	0.99711
557	1
558	0.9972
559	0.99782
560	0.99504
561	0.99343
562	0.99179
563	0.98567
564	0.981
565	0.97653
566	0.97206
567	0.96648
568	0.96202
569	0.95646
570	0.95091
571	0.94757
572	0.94314
573	0.93981
574	0.9365
575	0.93356
576	0.93063
577	0.92768
578	0.92365
579	0.91742
580	0.91119
581	0.89938
582	0.88543
583	0.85945
584	0.83772
585	0.7964
586	0.76209
587	0.7049
588	0.66041
589	0.59416
590	0.52573
591	0.47606
592	0.41097
593	0.36683
594	0.31083
595	0.27606
596	0.23205
597	0.20456
598	0.17132
599	0.15068
600	0.12646
601	0.11119
602	0.093737
603	0.082827
604	0.070004
605	0.062394
606	0.052766
607	0.046804
608	0.039695
609	0.035262
610	0.029948
611	0.026565
612	0.022412
613	0.019885
614	0.01651
615	0.014598
616	0.011861
617	0.010314
618	0.0082635
619	0.0070626
620	0.0055182
621	0.0045756
622	0.0035121
623	0.0028181
624	0.0021119
625	0.0017047
626	0.0012266
627	0.0009927
628	0.00072469
629	0.00060822
630	0.00047163
631	0.00045017
632	0.00037129
633	0.00036697
634	0.00036069
635	0.00034301
636	0.00037731
637	0.00036433
638	0.00033852
639	0.00036165
640	0.00036113
641	0.00036302
642	0.00036234
643	0.00034662
644	0.00033495
645	0.00032932
646	0.00034273
647	0.00031802
648	0.00032293
649	0.00030981
650	0.000282
651	0.00028067
652	0.00025192
653	0.00025091
654	0.00023491
655	0.0002489
656	0.00021816
657	0.00023207
658	0.00023216
659	0.00020864
660	0.0002102
661	0.00019429
662	0.00020174
663	0.0001809
664	0.00018982
665	0.00019605
666	0.00016878
667	0.00017522
668	0.00016664
669	0.00017927
670	0.00018406
671	0.00015837
672	0.00014852
673	0.00017086
674	0.00017093
675	0.00015612
676	0.00015637
677	0.00018002
678	0.00017492
679	0.0001717
680	0.0001892
681	0.00018101
682	0.00015361
683	0.00017535
684	0.00019321
685	0.00018599
686	0.00017853
687	0.00017148
688	0.00018313
689	0.00017712
690	0.00017743
691	0.00016758
692	0.00016132
693	0.00014125
694	0.00015424
695	0.000166
696	0.00016993
697	0.00015359
698	0.0001359
699	0.00013614
700	0.00013509
701	0.00017506
702	0.00016376
703	0.00011147
704	0.0001344
705	0.0001235
706	0.00017484
707	0.00010624
708	0.00014275
709	0.00013518
710	0.00010442
711	0.00013545
712	0.00010867
713	0.00011381
714	0.000070231
715	0.00010722
716	0.00010582
717	0.00010901
718	0.00012356
719	0.00010658
720	0.000147
721	0.000084627
722	0.00011784
723	0.00011217
724	0.000090887
725	0.00012373
726	0.0002021
727	0.00013673
728	0.00016091
729	0.00014638
730	0.00016966
731	0.000091565
732	0.00015801
733	0.00015149
734	0.0001348
735	0.00013011
736	0.00017274
737	0.00015801
738	0.0001828
739	0.00021191
740	0.00017124
741	0.00019363
742	0.00018288
743	0.00015421
744	0.00016957
745	0.00023744
746	0.0002419
747	0.0001993
748	0.00020673
749	0.00025811
750	0.00018918
751	0.00022144
752	0.00028443
753	0.00021217
754	0.00021265
755	0.00032634
756	0.0003281
757	0.00034111
758	0.00023609
759	0.00032254
760	0.00044035
761	0.00040077
762	0.00038225
763	0.00032745
764	0.00046325
765	0.00041125
766	0.00045676
767	0.00054477
768	0.00057123
769	0.00050917
770	0.00037808
771	0.00054955
772	0.00067067
773	0.00055164
774	0.00055056
775	0.00055511
776	0.00059015
777	0.00091697
778	0.0007149
779	0.00069147
780	0.00074282
781	0.00054024
782	0.00072313
783	0.00067748
784	0.00071562
785	0.00091345
786	0.00089036
787	0.00082045
788	0.00091703
789	0.0010668
790	0.00096301
791	0.00096241
792	0.0010924
793	0.0010597
794	0.0010006
795	0.0012246
796	0.0012584
797	0.0011441
798	0.0014495
799	0.0012462
800	0.0015561
801	0.0016359
802	0.0017142
803	0.0017768
804	0.0019667
805	0.0016152
806	0.0013283
807	0.0020381
808	0.0019081
809	0.0024273
810	0.0026654
811	0.0026693
812	0.0029592
813	0.0032526
814	0.0035278
815	0.0036431
816	0.0045091
817	0.0045017
818	0.0049152
819	0.0054253
820	0.0053459
821	0.0051584
822	0.0049088
823	0.0053947
824	0.0046317
825	0.0046167
826	0.0049661
827	0.0047956
828	0.0038267
829	0.0041846
830	0.0036501
831	0.0038231
832	0.0037052
833	0.0038918
834	0.0032862
835	0.0033266
836	0.0034685
837	0.003071
838	0.0029223
839	0.0034167
840	0.0033973
841	0.0029703
842	0.0027458
843	0.0029894
844	0.0027
845	0.00274
846	0.0028616
847	0.0030383
848	0.0029733
849	0.0029669
850	0.0027072
851	0.0027869
852	0.0030716
853	0.002968
854	0.0027093
855	0.0025496
856	0.0026825
857	0.0028909
858	0.0030962
859	0.002569
860	0.0028326
861	0.0033969
862	0.0026908
863	0.0026376
864	0.0029016
865	0.0023206
866	0.002911
867	0.0028645
868	0.0022946
869	0.0025483
870	0.0022923
871	0.0024219
872	0.0028556
873	0.0029765
874	0.0028607
875	0.0029789
876	0.0024777
877	0.0025209
878	0.002647
879	0.0028997
880	0.002926
881	0.002867
882	0.0028673
883	0.0025349
884	0.0025405
885	0.0028519
886	0.0025642
887	0.0027279
888	0.0024827
889	0.0027273
890	0.0027638
891	0.0027186
892	0.0024095
893	0.0022395
894	0.0022927
895	0.0025555
896	0.0024361
897	0.0023591
898	0.0018674
899	0.0024903
900	0.0020364
901	0.0022128
902	0.0020325
903	0.0017012
904	0.0018766
905	0.0020518
906	0.0016947
907	0.0016863
908	0.0015099
909	0.0013733
910	0.0016686
911	0.001569
912	0.0014086
913	0.0013528
914	0.0012669
915	0.0013745
916	0.0010468
917	0.0011794
918	0.00095471
919	0.00079986
920	0.00089041
921	0.00076902
922	0.00076997
923	0.0010057
924	0.00074962
925	0.00063314
926	0.00078326
927	0.00092445
928	0.001064
929	0.00098679
930	0.00067274
931	0.0011221
932	0.0009366
933	0.0013397
934	0.00094336
935	0.00099035
936	0.00089035
937	0.0010017
938	0.0013018
939	0.0010312
940	0.0012958
941	0.0011096
942	0.001203
943	0.0010045
944	0.0012719
945	0.0013008
946	0.0012306
947	0.0013551
948	0.0011641
949	0.0011772
950	0.0012552
951	0.001286
952	0.0013018
953	0.0012719
954	0.0012333
955	0.0010548
956	0.0012284
957	0.00087474
958	0.0009472
959	0.00094413
960	0.0012202
961	0.00099629
962	0.00097268
963	0.0010946
964	0.0011503
965	0.0010998
966	0.0010396
967	0.00095176
968	0.00098859
969	0.00091557
970	0.00068032
971	0.0009955
972	0.00096526
973	0.00070375
974	0.00094387
975	0.00094856
976	0.00088235
977	0.00079522
978	0.00072314
979	0.00088989
980	0.0008544
981	0.00084448
982	0.00086924
983	0.00089063
984	0.00077058
985	0.00091429
986	0.00076206
987	0.00081598
988	0.00083796
989	0.00071792
990	0.00087793
991	0.00076081
992	0.00074339
993	0.0009142
994	0.00065451
995	0.00067197
996	0.00087955
997	0.00083113
998	0.00064628
999	0.00083371
1000	0.00055689
1001	0.00077831
1002	0.00070959
1003	0.00054472
1004	0.00070542
1005	0.0005685
1006	0.00079757
1007	0.00074432
1008	0.00078622
1009	0.00067568
1010	0.00075785
1011	0.00069995
1012	0.00056781
1013	0.00083509
1014	0.00060557
1015	0.00063164
1016	0.00055637
1017	0.00075273
1018	0.00054301
1019	0.00063046
1020	0.00085152
1021	0.00069671
1022	0.000731
1023	0.00074632
1024	0.00065479
1025	0.00071493
1026	0.00057228
1027	0.00069389
1028	0.00089222
1029	0.00095258
1030	0.00080987
1031	0.0010776
1032	0.00088336
1033	0.0010092
1034	0.0010173
1035	0.0011042
1036	0.0013454
1037	0.0015037
1038	0.0015282
1039	0.0015548
1040	0.0017043
#
# BAND 3 Red
400	0.0010284
401	0.0010404
402	0.0010015
403	0.0010003
404	0.0010659
405	0.0010683
406	0.0010152
407	0.0010469
408	0.0010491
409	0.0011392
410	0.0011528
411	0.0010024
412	0.0012213
413	0.0012085
414	0.0010782
415	0.0012381
416	0.0012072
417	0.0012193
418	0.0011965
419	0.0011795
420	0.0011497
421	0.0012695
422	0.0012188
423	0.001108
424	0.0012048
425	0.0011736
426	0.0011605
427	0.0011853
428	0.0011643
429	0.00099253
430	0.0010805
431	0.0010482
432	0.0011048
433	0.0010578
434	0.0010323
435	0.00096751
436	0.00092242
437	0.0010505
438	0.0010352
439	0.00084408
440	0.00090931
441	0.00091493
442	0.00098689
443	0.00096594
444	0.00084724
445	0.00082034
446	0.00084844
447	0.00087103
448	0.00077735
449	0.00085046
450	0.00075306
451	0.00084071
452	0.0007233
453	0.00072012
454	0.00062013
455	0.00072142
456	0.00068561
457	0.00066335
458	0.00062366
459	0.00059507
460	0.0006663
461	0.00063136
462	0.00060413
463	0.00056285
464	0.00056642
465	0.00053513
466	0.00052479
467	0.00056603
468	0.00055871
469	0.00063502
470	0.00065284
471	0.00062774
472	0.00054564
473	0.00066689
474	0.00054836
475	0.00063889
476	0.00056714
477	0.00056535
478	0.00050985
479	0.00051332
480	0.00043572
481	0.00046268
482	0.00050156
483	0.00056366
484	0.00046552
485	0.00043789
486	0.00047055
487	0.00045132
488	0.00046029
489	0.00039829
490	0.00039977
491	0.00033904
492	0.00040427
493	0.00035875
494	0.00036604
495	0.00040321
496	0.0004074
497	0.00037587
498	0.0003577
499	0.00037437
500	0.00039435
501	0.00034722
502	0.00032893
503	0.0003454
504	0.00036723
505	0.00033135
506	0.00031073
507	0.00033979
508	0.00029351
509	0.00034176
510	0.00033481
511	0.00035114
512	0.00032497
513	0.00035395
514	0.00033095
515	0.0003137
516	0.00038856
517	0.00034622
518	0.00037964
519	0.00037141
520	0.00041644
521	0.00037122
522	0.00035929
523	0.000421
524	0.00039402
525	0.00041341
526	0.00040236
527	0.00038033
528	0.00037882
529	0.00037076
530	0.00038856
531	0.00041217
532	0.00044154
533	0.0004298
534	0.00048181
535	0.00054118
536	0.00049908
537	0.00056798
538	0.00054134
539	0.00055588
540	0.00059753
541	0.00059215
542	0.00061726
543	0.00065202
544	0.0006228
545	0.00067914
546	0.00067232
547	0.0006992
548	0.00069113
549	0.00073062
550	0.00071607
551	0.00074224
552	0.00070072
553	0.00064778
554	0.00063947
555	0.00060555
556	0.0005928
557	0.00062429
558	0.00071251
559	0.00093127
560	0.0010113
561	0.0011978
562	0.001237
563	0.001379
564	0.0013977
565	0.0015193
566	0.0016733
567	0.0017432
568	0.0018354
569	0.0020177
570	0.0021177
571	0.0022916
572	0.0024115
573	0.0026466
574	0.0028068
575	0.003029
576	0.0032101
577	0.0035071
578	0.0037591
579	0.0041227
580	0.0044145
581	0.0048946
582	0.0052162
583	0.0057541
584	0.0062437
585	0.0069198
586	0.0074564
587	0.008338
588	0.0090564
589	0.010241
590	0.011558
591	0.012569
592	0.01429
593	0.015706
594	0.017844
595	0.019807
596	0.022666
597	0.025122
598	0.028976
599	0.032205
600	0.037448
601	0.041833
602	0.048846
603	0.054785
604	0.064393
605	0.072204
606	0.085015
607	0.096016
608	0.11378
609	0.1285
610	0.15177
611	0.1723
612	0.20302
613	0.23021
614	0.26999
615	0.30346
616	0.3538
617	0.3937
618	0.45182
619	0.49629
620	0.56102
621	0.6083
622	0.67188
623	0.71529
624	0.77272
625	0.80888
626	0.85381
627	0.88052
628	0.90841
629	0.92552
630	0.93867
631	0.94429
632	0.94772
633	0.9489
634	0.94682
635	0.94434
636	0.93951
637	0.93461
638	0.92862
639	0.92369
640	0.921
641	0.91717
642	0.91628
643	0.91192
644	0.91315
645	0.91213
646	0.91223
647	0.91458
648	0.91467
649	0.9155
650	0.91742
651	0.91933
652	0.9224
653	0.92432
654	0.92511
655	0.92818
656	0.92897
657	0.93295
658	0.93555
659	0.93473
660	0.93962
661	0.9411
662	0.94371
663	0.94518
664	0.9501
665	0.95158
666	0.95529
667	0.96022
668	0.96398
669	0.96893
670	0.97377
671	0.97988
672	0.98707
673	0.98971
674	0.99462
675	0.99727
676	1
677	0.99927
678	0.99506
679	0.98766
680	0.97665
681	0.95767
682	0.93626
683	0.90326
684	0.87361
685	0.82535
686	0.78524
687	0.72952
688	0.68658
689	0.62375
690	0.57938
691	0.51734
692	0.47439
693	0.41786
694	0.36701
695	0.33241
696	0.28911
697	0.26136
698	0.22643
699	0.20438
700	0.17751
701	0.16103
702	0.13996
703	0.12594
704	0.11043
705	0.10062
706	0.088514
707	0.080685
708	0.071026
709	0.06301
710	0.057773
711	0.051516
712	0.047399
713	0.042547
714	0.039412
715	0.035491
716	0.03309
717	0.029998
718	0.028019
719	0.025664
720	0.023999
721	0.021962
722	0.020774
723	0.019071
724	0.01753
725	0.016575
726	0.015389
727	0.01455
728	0.013568
729	0.012847
730	0.012002
731	0.011387
732	0.010559
733	0.010152
734	0.0094805
735	0.0090448
736	0.0084452
737	0.0079314
738	0.0075793
739	0.007231
740	0.006817
741	0.0066191
742	0.0062862
743	0.0059398
744	0.0056306
745	0.0052824
746	0.0051748
747	0.0047996
748	0.0045689
749	0.0043782
750	0.0041969
751	0.0038688
752	0.003591
753	0.0035437
754	0.0032558
755	0.0031435
756	0.0028504
757	0.0026986
758	0.0024948
759	0.0023061
760	0.0022776
761	0.001986
762	0.002011
763	0.0017138
764	0.001598
765	0.001495
766	0.0014959
767	0.0014317
768	0.001356
769	0.0014351
770	0.0013286
771	0.0013585
772	0.0012913
773	0.0013601
774	0.0012916
775	0.0014795
776	0.0014258
777	0.0014669
778	0.001454
779	0.0016097
780	0.0016885
781	0.0014254
782	0.0016629
783	0.0016889
784	0.0017274
785	0.0017641
786	0.0018156
787	0.0020108
788	0.0022294
789	0.0019548
790	0.0018107
791	0.002096
792	0.0023367
793	0.002343
794	0.0024138
795	0.0023457
796	0.0026623
797	0.0023486
798	0.0023846
799	0.0023284
800	0.0024793
801	0.0023464
802	0.0027594
803	0.0024833
804	0.002682
805	0.0025811
806	0.002672
807	0.0027871
808	0.0028133
809	0.0026669
810	0.0027475
811	0.0027745
812	0.0029173
813	0.0028581
814	0.0028818
815	0.0027363
816	0.0027571
817	0.003055
818	0.0030497
819	0.0031574
820	0.003141
821	0.0025423
822	0.0031036
823	0.002829
824	0.0030597
825	0.0029117
826	0.0031405
827	0.0028536
828	0.0031804
829	0.002825
830	0.0028986
831	0.0029825
832	0.0029988
833	0.0026986
834	0.0029133
835	0.0029946
836	0.0028119
837	0.002696
838	0.0030187
839	0.0027712
840	0.002766
841	0.0028793
842	0.0028179
843	0.0026979
844	0.0027412
845	0.0027252
846	0.0026728
847	0.0029365
848	0.0023629
849	0.0028287
850	0.0024406
851	0.0025044
852	0.002581
853	0.0025357
854	0.0023478
855	0.0025175
856	0.0029419
857	0.00248
858	0.0024745
859	0.0022518
860	0.0022557
861	0.0023846
862	0.0023572
863	0.0021476
864	0.0024102
865	0.0025774
866	0.0023967
867	0.0023382
868	0.0022923
869	0.0023268
870	0.0023891
871	0.0023037
872	0.0020328
873	0.0025714
874	0.0022437
875	0.0019876
876	0.0022791
877	0.0019323
878	0.0021953
879	0.0020974
880	0.0019696
881	0.0018748
882	0.001874
883	0.0021176
884	0.0017375
885	0.0018921
886	0.0019569
887	0.0021107
888	0.0019983
889	0.0019721
890	0.0020252
891	0.0023444
892	0.0020264
893	0.0023105
894	0.0018056
895	0.0018723
896	0.0022138
897	0.0018005
898	0.0020095
899	0.0018969
900	0.0017951
901	0.0021776
902	0.0017991
903	0.0019703
904	0.0021028
905	0.0024336
906	0.0023137
907	0.0020377
908	0.0023208
909	0.0021331
910	0.0022053
911	0.0024325
912	0.0021306
913	0.0019148
914	0.0020773
915	0.0023058
916	0.0018377
917	0.0019691
918	0.0023133
919	0.0022072
920	0.0024675
921	0.0022306
922	0.0023693
923	0.0022625
924	0.0023018
925	0.0023149
926	0.002437
927	0.0025606
928	0.0025173
929	0.0028208
930	0.0026082
931	0.0024129
932	0.0027497
933	0.0029003
934	0.0030328
935	0.0030494
936	0.0032084
937	0.0030756
938	0.003392
939	0.0033501
940	0.003707
941	0.0037503
942	0.0036502
943	0.0036847
944	0.0035395
945	0.0038421
946	0.0039655
947	0.0035229
948	0.00346
949	0.0032485
950	0.003268
951	0.0027725
952	0.0028267
953	0.0025042
954	0.0026112
955	0.0024225
956	0.0022782
957	0.0022632
958	0.0022358
959	0.0022597
960	0.0023361
961	0.0019562
962	0.0020282
963	0.0019733
964	0.0016506
965	0.0018725
966	0.002089
967	0.0017233
968	0.0016912
969	0.0017495
970	0.0018514
971	0.0017873
972	0.0014517
973	0.0014085
974	0.0014382
975	0.0012959
976	0.0013541
977	0.0015251
978	0.0013405
979	0.0012238
980	0.001345
981	0.0012966
982	0.0010987
983	0.0012335
984	0.0010297
985	0.0013342
986	0.0011979
987	0.0011054
988	0.00093763
989	0.0011421
990	0.0011078
991	0.0012641
992	0.00098325
993	0.0012336
994	0.0010384
995	0.0012579
996	0.0010458
997	0.001065
998	0.0011578
999	0.0010575
1000	0.001129
1001	0.00096927
1002	0.0010253
1003	0.0009168
1004	0.0011191
1005	0.0011812
1006	0.00083093
1007	0.0010433
1008	0.0010502
1009	0.00097698
1010	0.0010065
1011	0.00091509
1012	0.00099623
1013	0.00093424
1014	0.0009179
1015	0.00097437
1016	0.00094088
1017	0.0010223
1018	0.0010123
1019	0.00094483
1020	0.001023
1021	0.0010488
1022	0.0010154
1023	0.00095121
1024	0.0007502
1025	0.00099514
1026	0.00077234
1027	0.001032
1028	0.0010836
1029	0.00093215
1030	0.00074495
1031	0.00080834
1032	0.00093933
1033	0.0010117
1034	0.00098471
1035	0.0010633
1036	0.001021
1037	0.00098867
1038	0.00083856
1039	0.00090033
1040	0.0010697
#
# BAND 4 NIR
400	0.00019005
401	0.00021387
402	0.00021833
403	0.00020332
404	0.00020322
405	0.00017894
406	0.00019683
407	0.00019736
408	0.000208
409	0.00017975
410	0.00020702
411	0.00021553
412	0.00021917
413	0.00021874
414	0.00022313
415	0.00022909
416	0.00025032
417	0.00025641
418	0.00021684
419	0.0002162
420	0.00022925
421	0.00026712
422	0.00024156
423	0.00021872
424	0.00024837
425	0.00021758
426	0.00026237
427	0.00023083
428	0.00027801
429	0.00023727
430	0.00022316
431	0.00022364
432	0.00023758
433	0.000231
434	0.00021844
435	0.00024362
436	0.00022432
437	0.00022241
438	0.00024087
439	0.00022428
440	0.0002102
441	0.00018992
442	0.00022794
443	0.00019921
444	0.00021517
445	0.00016908
446	0.00021966
447	0.00017746
448	0.00019834
449	0.00016495
450	0.00022045
451	0.00018979
452	0.00017185
453	0.00017509
454	0.00017052
455	0.00017669
456	0.00014471
457	0.00014821
458	0.00015225
459	0.00015055
460	0.00015049
461	0.0001324
462	0.00014339
463	0.00012261
464	0.00012839
465	0.00013467
466	0.00012077
467	0.00012482
468	0.0001173
469	0.00012261
470	0.00011724
471	0.00010195
472	0.00011608
473	0.00010335
474	0.00011237
475	0.00012156
476	0.00010678
477	0.00010984
478	0.00010371
479	0.00011046
480	0.00010024
481	0.000094019
482	0.000083447
483	0.0000847
484	0.000098515
485	0.00010792
486	0.000089855
487	0.000090838
488	0.000086252
489	0.000075947
490	0.000079544
491	0.000072473
492	0.000083112
493	0.000080454
494	0.000077362
495	0.0000722
496	0.000068528
497	0.000069239
498	0.000067712
499	0.00007351
500	0.00008
501	0.000066664
502	0.000065023
503	0.000065107
504	0.000061904
505	0.000058943
506	0.00006639
507	0.000061932
508	0.000059754
509	0.000059917
510	0.000071125
511	0.000058869
512	0.000061301
513	0.000061479
514	0.000058479
515	0.000056594
516	0.000065343
517	0.00006346
518	0.000062553
519	0.000071804
520	0.000080396
521	0.000091175
522	0.00009656
523	0.00010509
524	0.00011853
525	0.00013211
526	0.00014625
527	0.00015614
528	0.00014993
529	0.00015544
530	0.00016106
531	0.00014698
532	0.00013667
533	0.00011968
534	0.00011825
535	0.00010116
536	0.000094754
537	0.000084776
538	0.000085553
539	0.000082082
540	0.000079729
541	0.000070475
542	0.000072748
543	0.00007451
544	0.000070602
545	0.000079938
546	0.000077652
547	0.00007682
548	0.000084749
549	0.000089195
550	0.00010763
551	0.00011811
552	0.0001582
553	0.00022159
554	0.00027352
555	0.00033771
556	0.00036263
557	0.00036031
558	0.00030598
559	0.00021212
560	0.00015173
561	0.00011043
562	0.000089848
563	0.000067631
564	0.000067077
565	0.000054646
566	0.000055741
567	0.000045427
568	0.00004833
569	0.000043539
570	0.00004867
571	0.000039975
572	0.000041975
573	0.000041942
574	0.000044147
575	0.000036754
576	0.000045068
577	0.000035964
578	0.000040138
579	0.000044752
580	0.000042243
581	0.000033668
582	0.000036847
583	0.000036038
584	0.000040258
585	0.000037807
586	0.00003822
587	0.000039453
588	0.000039076
589	0.000042545
590	0.000033129
591	0.000037083
592	0.000035716
593	0.00004488
594	0.000040337
595	0.000038326
596	0.000037129
597	0.000039458
598	0.000041921
599	0.000036458
600	0.000039812
601	0.000041769
602	0.000040047
603	0.000044015
604	0.00004223
605	0.00004511
606	0.000042146
607	0.000044033
608	0.000048638
609	0.000050802
610	0.000049461
611	0.000055989
612	0.000053103
613	0.00005317
614	0.000058128
615	0.000062429
616	0.000064331
617	0.000069184
618	0.000078425
619	0.000075146
620	0.000075431
621	0.000079149
622	0.000085547
623	0.0000872
624	0.000088169
625	0.000097552
626	0.00009983
627	0.00010021
628	0.00010183
629	0.00010404
630	0.00010319
631	0.00010308
632	0.00011115
633	0.00010609
634	0.0001107
635	0.00011398
636	0.00011067
637	0.00010686
638	0.00010929
639	0.00011099
640	0.00011172
641	0.00011457
642	0.0001104
643	0.00011302
644	0.00012195
645	0.00011896
646	0.0001178
647	0.00012183
648	0.00012374
649	0.00013005
650	0.00012887
651	0.00013794
652	0.00013818
653	0.00014621
654	0.00014257
655	0.00014736
656	0.00015334
657	0.00015091
658	0.00016482
659	0.00016738
660	0.00016968
661	0.00017821
662	0.0001788
663	0.00019032
664	0.00019664
665	0.00019781
666	0.00020528
667	0.00021391
668	0.00022386
669	0.00023298
670	0.00024087
671	0.00025034
672	0.0002521
673	0.00026553
674	0.00028197
675	0.00028913
676	0.00030239
677	0.00031491
678	0.00033054
679	0.00034911
680	0.00036011
681	0.00038579
682	0.00040246
683	0.00043746
684	0.00045211
685	0.0004799
686	0.00049425
687	0.00053573
688	0.00055809
689	0.00059357
690	0.00061749
691	0.00066779
692	0.00070085
693	0.00074969
694	0.00079891
695	0.00084137
696	0.00090542
697	0.00096031
698	0.0010152
699	0.0010949
700	0.0011724
701	0.0012495
702	0.0013451
703	0.0014481
704	0.0015668
705	0.0016762
706	0.0018189
707	0.0019173
708	0.0021039
709	0.0022952
710	0.0024453
711	0.0026861
712	0.0028989
713	0.0031826
714	0.0034349
715	0.00377
716	0.0040722
717	0.0045043
718	0.0048582
719	0.0054272
720	0.0058659
721	0.0065302
722	0.0070562
723	0.0079258
724	0.0089093
725	0.0096649
726	0.010938
727	0.011905
728	0.013439
729	0.014735
730	0.016685
731	0.018305
732	0.020744
733	0.022843
734	0.025993
735	0.028715
736	0.032838
737	0.03768
738	0.041757
739	0.04809
740	0.053499
741	0.061819
742	0.069038
743	0.079963
744	0.089285
745	0.10328
746	0.11537
747	0.13452
748	0.15664
749	0.17514
750	0.20351
751	0.2273
752	0.26347
753	0.29284
754	0.33706
755	0.37204
756	0.42375
757	0.46328
758	0.52132
759	0.58116
760	0.62366
761	0.68355
762	0.7238
763	0.77731
764	0.8127
765	0.8547
766	0.88436
767	0.917
768	0.94468
769	0.96093
770	0.97435
771	0.98626
772	0.99393
773	0.99538
774	1
775	0.99909
776	0.99755
777	0.99576
778	0.99326
779	0.98868
780	0.98722
781	0.9823
782	0.98202
783	0.98032
784	0.97911
785	0.97579
786	0.97374
787	0.9741
788	0.97167
789	0.97074
790	0.97162
791	0.97311
792	0.9751
793	0.97086
794	0.96922
795	0.97094
796	0.97178
797	0.97136
798	0.97181
799	0.97251
800	0.97282
801	0.9715
802	0.97236
803	0.97008
804	0.97245
805	0.96705
806	0.96641
807	0.96462
808	0.96075
809	0.95675
810	0.95568
811	0.95245
812	0.94796
813	0.94469
814	0.94227
815	0.93744
816	0.9343
817	0.92903
818	0.92476
819	0.92273
820	0.91681
821	0.91343
822	0.91164
823	0.90571
824	0.90305
825	0.89971
826	0.89317
827	0.88943
828	0.88607
829	0.88101
830	0.87675
831	0.87118
832	0.86581
833	0.86177
834	0.85801
835	0.85353
836	0.84572
837	0.83735
838	0.83426
839	0.82967
840	0.82294
841	0.82054
842	0.81439
843	0.8098
844	0.80254
845	0.79825
846	0.78967
847	0.78409
848	0.77994
849	0.77155
850	0.76892
851	0.76306
852	0.75386
853	0.74874
854	0.74219
855	0.73782
856	0.73214
857	0.72555
858	0.71621
859	0.70864
860	0.70479
861	0.69964
862	0.6889
863	0.68198
864	0.67771
865	0.67246
866	0.66392
867	0.65802
868	0.64795
869	0.64533
870	0.63913
871	0.62965
872	0.62266
873	0.61894
874	0.61147
875	0.60392
876	0.59947
877	0.59423
878	0.58798
879	0.58254
880	0.57595
881	0.57201
882	0.56721
883	0.56159
884	0.55647
885	0.55208
886	0.54283
887	0.53722
888	0.53072
889	0.52138
890	0.51139
891	0.49744
892	0.48315
893	0.46744
894	0.44897
895	0.43224
896	0.40757
897	0.38864
898	0.35788
899	0.3276
900	0.3043
901	0.27641
902	0.25393
903	0.22555
904	0.20491
905	0.17835
906	0.15522
907	0.14048
908	0.12173
909	0.10909
910	0.09422
911	0.080339
912	0.072036
913	0.06192
914	0.056018
915	0.048276
916	0.041658
917	0.037468
918	0.032409
919	0.028989
920	0.025309
921	0.022458
922	0.020273
923	0.017885
924	0.016295
925	0.014372
926	0.012825
927	0.011733
928	0.010471
929	0.0095818
930	0.008603
931	0.0079644
932	0.0071749
933	0.0067249
934	0.0061417
935	0.0056401
936	0.005172
937	0.0046988
938	0.0044149
939	0.0040557
940	0.0036957
941	0.003505
942	0.0031743
943	0.0029852
944	0.0027875
945	0.0025494
946	0.0024981
947	0.0022524
948	0.0020595
949	0.0019953
950	0.001834
951	0.0017181
952	0.0015588
953	0.0015812
954	0.0014269
955	0.0013221
956	0.0012355
957	0.0011751
958	0.0011058
959	0.0010971
960	0.00097559
961	0.00094421
962	0.00089649
963	0.00090091
964	0.00086492
965	0.0007752
966	0.00080071
967	0.00075609
968	0.00069463
969	0.00069394
970	0.00061163
971	0.00066017
972	0.00062384
973	0.0005696
974	0.00053077
975	0.00058274
976	0.00052155
977	0.00050843
978	0.00047386
979	0.00042377
980	0.00045479
981	0.0004283
982	0.00038481
983	0.00040498
984	0.00039655
985	0.00037145
986	0.00036892
987	0.0003638
988	0.00032824
989	0.00035872
990	0.00033985
991	0.00035499
992	0.00033864
993	0.00034347
994	0.00033453
995	0.00031893
996	0.00028902
997	0.00031143
998	0.0003296
999	0.00029897
1000	0.00030768
1001	0.00025661
1002	0.00027758
1003	0.00023607
1004	0.00026779
1005	0.00024736
1006	0.00024689
1007	0.00023848
1008	0.00025294
1009	0.0002786
1010	0.00024048
1011	0.00024453
1012	0.00025811
1013	0.00022699
1014	0.00022188
1015	0.00023673
1016	0.00025335
1017	0.00023438
1018	0.00019238
1019	0.00024689
1020	0.00022944
1021	0.00023202
1022	0.00023468
1023	0.0002148
1024	0.00023648
1025	0.00022307
1026	0.0002297
1027	0.00023123
1028	0.00024007
1029	0.00022907
1030	0.00018572
1031	0.0002389
1032	0.00017664
1033	0.00017854
1034	0.00022254
1035	0.00017897
1036	0.0002189
1037	0.00020667
1038	0.00020326
1039	0.00019167
1040	0.00019576
#
