#
#  GF1/WFV3 RSR
#
#  from Rugang Tang Excel files
#
#  Tabulated QV 2019-03-05
#
# Wavelength (nm)	RSR
#
# BAND 1 Blue
400	0.00044163
401	0.00048683
402	0.0004584
403	0.00041768
404	0.00059189
405	0.00061474
406	0.00079763
407	0.00079016
408	0.00079
409	0.00086685
410	0.00093816
411	0.00097787
412	0.0010436
413	0.0012297
414	0.001178
415	0.0011734
416	0.0012503
417	0.0013699
418	0.0013699
419	0.0014206
420	0.0017052
421	0.0018323
422	0.0020452
423	0.0019287
424	0.0022039
425	0.0023388
426	0.0027295
427	0.0031429
428	0.0034545
429	0.0037953
430	0.0042732
431	0.0045938
432	0.0054921
433	0.0064848
434	0.0085431
435	0.010163
436	0.013414
437	0.016327
438	0.021275
439	0.025403
440	0.032654
441	0.039792
442	0.053056
443	0.066374
444	0.090179
445	0.11453
446	0.16048
447	0.20123
448	0.27271
449	0.33415
450	0.42779
451	0.49812
452	0.59229
453	0.65228
454	0.72197
455	0.75817
456	0.7915
457	0.81485
458	0.83305
459	0.84549
460	0.85355
461	0.86541
462	0.87242
463	0.87706
464	0.87912
465	0.88386
466	0.88915
467	0.90107
468	0.91103
469	0.92372
470	0.93821
471	0.9552
472	0.96127
473	0.97092
474	0.97131
475	0.97432
476	0.97006
477	0.97056
478	0.97163
479	0.97312
480	0.98028
481	0.9862
482	0.98905
483	0.99764
484	1
485	0.99561
486	0.99111
487	0.98391
488	0.97959
489	0.97061
490	0.969
491	0.96965
492	0.9732
493	0.97546
494	0.97994
495	0.98418
496	0.98918
497	0.99126
498	0.99024
499	0.99074
500	0.98991
501	0.98868
502	0.98967
503	0.99007
504	0.99006
505	0.99343
506	0.9959
507	0.99438
508	0.99055
509	0.98568
510	0.96933
511	0.95493
512	0.92332
513	0.89294
514	0.84489
515	0.80773
516	0.75203
517	0.71568
518	0.65765
519	0.61477
520	0.53998
521	0.48593
522	0.40458
523	0.34788
524	0.27042
525	0.22065
526	0.17639
527	0.12395
528	0.094683
529	0.062966
530	0.046675
531	0.030184
532	0.022154
533	0.014436
534	0.010866
535	0.0073793
536	0.0057879
537	0.0042178
538	0.0034897
539	0.0027104
540	0.0023121
541	0.0018819
542	0.0016345
543	0.0013585
544	0.001198
545	0.0010156
546	0.00090105
547	0.00077651
548	0.00069449
549	0.00060055
550	0.0005434
551	0.00047526
552	0.00042597
553	0.00037131
554	0.00033498
555	0.00028973
556	0.00026062
557	0.00022498
558	0.00019875
559	0.00016873
560	0.00014937
561	0.00012417
562	0.00010838
563	9.04E-05
564	7.79E-05
565	6.28E-05
566	5.46E-05
567	4.37E-05
568	3.72E-05
569	2.94E-05
570	2.46E-05
571	1.94E-05
572	1.63E-05
573	1.25E-05
574	1.07E-05
575	8.44E-06
576	7.20E-06
577	6.09E-06
578	5.66E-06
579	5.37E-06
580	5.50E-06
581	5.98E-06
582	6.53E-06
583	7.70E-06
584	8.63E-06
585	9.96E-06
586	1.11E-05
587	1.29E-05
588	1.39E-05
589	1.53E-05
590	1.66E-05
591	1.72E-05
592	1.76E-05
593	1.77E-05
594	1.75E-05
595	1.71E-05
596	1.63E-05
597	1.56E-05
598	1.44E-05
599	1.36E-05
600	1.28E-05
601	1.17E-05
602	1.07E-05
603	9.71E-06
604	8.66E-06
605	8.12E-06
606	7.48E-06
607	6.82E-06
608	5.90E-06
609	5.40E-06
610	4.75E-06
611	4.43E-06
612	3.87E-06
613	3.68E-06
614	3.21E-06
615	2.94E-06
616	2.58E-06
617	2.41E-06
618	2.17E-06
619	2.00E-06
620	1.89E-06
621	1.83E-06
622	1.78E-06
623	1.84E-06
624	2.00E-06
625	1.93E-06
626	2.06E-06
627	2.13E-06
628	2.09E-06
629	2.02E-06
630	2.01E-06
631	1.95E-06
632	1.80E-06
633	1.79E-06
634	1.67E-06
635	1.68E-06
636	1.60E-06
637	1.63E-06
638	1.59E-06
639	1.67E-06
640	1.61E-06
641	1.68E-06
642	1.49E-06
643	1.58E-06
644	1.69E-06
645	1.54E-06
646	1.64E-06
647	1.55E-06
648	1.84E-06
649	1.67E-06
650	1.78E-06
651	1.81E-06
652	1.53E-06
653	1.57E-06
654	1.62E-06
655	1.65E-06
656	1.57E-06
657	1.61E-06
658	1.65E-06
659	1.54E-06
660	1.62E-06
661	1.50E-06
662	1.30E-06
663	1.47E-06
664	1.43E-06
665	1.55E-06
666	1.42E-06
667	1.30E-06
668	1.38E-06
669	1.31E-06
670	1.15E-06
671	1.24E-06
672	1.15E-06
673	1.28E-06
674	1.09E-06
675	1.10E-06
676	1.11E-06
677	1.05E-06
678	1.18E-06
679	9.86E-07
680	1.03E-06
681	1.01E-06
682	1.08E-06
683	1.17E-06
684	1.11E-06
685	9.67E-07
686	9.65E-07
687	9.25E-07
688	1.06E-06
689	8.60E-07
690	1.00E-06
691	9.11E-07
692	1.04E-06
693	8.80E-07
694	1.01E-06
695	1.04E-06
696	9.30E-07
697	7.84E-07
698	8.16E-07
699	7.94E-07
700	6.91E-07
701	8.33E-07
702	7.55E-07
703	8.09E-07
704	7.04E-07
705	8.79E-07
706	7.81E-07
707	7.69E-07
708	8.59E-07
709	6.97E-07
710	7.51E-07
711	1.10E-06
712	8.56E-07
713	1.06E-06
714	1.20E-06
715	1.19E-06
716	1.22E-06
717	1.24E-06
718	1.46E-06
719	1.56E-06
720	1.66E-06
721	2.14E-06
722	2.11E-06
723	2.41E-06
724	3.12E-06
725	3.21E-06
726	3.99E-06
727	4.58E-06
728	5.45E-06
729	6.30E-06
730	8.04E-06
731	9.38E-06
732	1.21E-05
733	1.33E-05
734	1.65E-05
735	1.83E-05
736	1.93E-05
737	1.94E-05
738	1.85E-05
739	1.66E-05
740	1.44E-05
741	1.25E-05
742	1.10E-05
743	8.93E-06
744	7.93E-06
745	7.01E-06
746	6.45E-06
747	5.55E-06
748	4.84E-06
749	4.58E-06
750	4.22E-06
751	3.95E-06
752	4.04E-06
753	3.88E-06
754	3.82E-06
755	3.43E-06
756	3.55E-06
757	3.49E-06
758	3.96E-06
759	3.54E-06
760	4.45E-06
761	3.68E-06
762	4.18E-06
763	3.83E-06
764	4.38E-06
765	5.05E-06
766	4.89E-06
767	4.92E-06
768	6.36E-06
769	5.56E-06
770	6.94E-06
771	6.85E-06
772	7.40E-06
773	8.22E-06
774	7.56E-06
775	7.52E-06
776	8.88E-06
777	1.05E-05
778	9.63E-06
779	1.07E-05
780	1.12E-05
781	1.20E-05
782	1.36E-05
783	1.63E-05
784	1.56E-05
785	1.48E-05
786	1.66E-05
787	2.10E-05
788	2.14E-05
789	2.17E-05
790	2.25E-05
791	2.74E-05
792	2.89E-05
793	3.12E-05
794	3.18E-05
795	3.69E-05
796	3.77E-05
797	4.37E-05
798	4.80E-05
799	5.24E-05
800	5.33E-05
801	5.59E-05
802	5.82E-05
803	6.08E-05
804	6.31E-05
805	6.40E-05
806	6.43E-05
807	7.00E-05
808	6.95E-05
809	7.00E-05
810	7.13E-05
811	7.61E-05
812	7.46E-05
813	7.44E-05
814	7.17E-05
815	7.14E-05
816	6.72E-05
817	6.20E-05
818	6.71E-05
819	6.35E-05
820	6.15E-05
821	5.80E-05
822	5.88E-05
823	5.31E-05
824	5.52E-05
825	4.88E-05
826	5.01E-05
827	4.47E-05
828	4.19E-05
829	4.29E-05
830	4.27E-05
831	3.99E-05
832	3.73E-05
833	3.74E-05
834	3.42E-05
835	3.37E-05
836	3.24E-05
837	2.99E-05
838	3.06E-05
839	2.63E-05
840	2.54E-05
841	2.33E-05
842	2.10E-05
843	2.44E-05
844	1.93E-05
845	1.80E-05
846	1.68E-05
847	1.46E-05
848	1.45E-05
849	1.40E-05
850	1.33E-05
851	1.20E-05
852	1.01E-05
853	1.07E-05
854	9.07E-06
855	8.62E-06
856	8.63E-06
857	7.99E-06
858	8.03E-06
859	5.65E-06
860	5.86E-06
861	5.28E-06
862	4.74E-06
863	6.34E-06
864	4.36E-06
865	4.89E-06
866	3.93E-06
867	4.05E-06
868	4.49E-06
869	4.86E-06
870	3.88E-06
871	4.66E-06
872	5.76E-06
873	5.76E-06
874	5.62E-06
875	7.56E-06
876	7.13E-06
877	9.01E-06
878	9.14E-06
879	9.58E-06
880	1.08E-05
881	1.28E-05
882	1.19E-05
883	1.54E-05
884	1.39E-05
885	1.84E-05
886	1.89E-05
887	2.11E-05
888	2.27E-05
889	2.59E-05
890	2.57E-05
891	2.48E-05
892	2.69E-05
893	2.79E-05
894	2.86E-05
895	2.80E-05
896	2.27E-05
897	2.33E-05
898	2.45E-05
899	2.32E-05
900	2.17E-05
901	2.22E-05
902	2.05E-05
903	1.80E-05
904	1.93E-05
905	1.79E-05
906	1.40E-05
907	1.64E-05
908	1.49E-05
909	1.20E-05
910	1.29E-05
911	1.35E-05
912	1.46E-05
913	1.36E-05
914	1.26E-05
915	1.45E-05
916	9.78E-06
917	1.19E-05
918	1.11E-05
919	1.33E-05
920	8.67E-06
921	1.03E-05
922	1.14E-05
923	1.06E-05
924	1.24E-05
925	8.82E-06
926	1.35E-05
927	1.35E-05
928	1.08E-05
929	8.11E-06
930	1.21E-05
931	9.26E-06
932	1.35E-05
933	1.25E-05
934	1.41E-05
935	5.91E-06
936	1.30E-05
937	1.36E-05
938	1.42E-05
939	1.24E-05
940	1.88E-05
941	1.35E-05
942	1.27E-05
943	1.70E-05
944	1.56E-05
945	1.99E-05
946	1.62E-05
947	1.34E-05
948	1.66E-05
949	1.50E-05
950	1.76E-05
951	1.30E-05
952	1.38E-05
953	1.52E-05
954	1.32E-05
955	1.52E-05
956	1.20E-05
957	1.22E-05
958	1.28E-05
959	1.39E-05
960	1.01E-05
961	1.27E-05
962	1.08E-05
963	1.30E-05
964	1.29E-05
965	1.23E-05
966	1.40E-05
967	1.29E-05
968	1.27E-05
969	1.26E-05
970	9.73E-06
971	1.25E-05
972	1.08E-05
973	1.32E-05
974	1.12E-05
975	1.16E-05
976	1.15E-05
977	1.19E-05
978	1.30E-05
979	1.36E-05
980	1.17E-05
981	1.18E-05
982	1.26E-05
983	1.37E-05
984	1.34E-05
985	1.39E-05
986	1.47E-05
987	1.45E-05
988	1.44E-05
989	1.51E-05
990	1.59E-05
991	1.44E-05
992	1.67E-05
993	1.77E-05
994	1.53E-05
995	1.64E-05
996	1.56E-05
997	1.68E-05
998	1.41E-05
999	1.61E-05
1000	1.78E-05
1001	1.74E-05
1002	1.64E-05
1003	1.93E-05
1004	1.89E-05
1005	2.03E-05
1006	2.17E-05
1007	2.21E-05
1008	2.22E-05
1009	2.39E-05
1010	2.69E-05
1011	2.88E-05
1012	3.23E-05
1013	3.10E-05
1014	3.26E-05
1015	4.12E-05
1016	4.04E-05
1017	4.39E-05
1018	4.15E-05
1019	5.18E-05
1020	5.25E-05
1021	6.23E-05
1022	5.80E-05
1023	7.99E-05
1024	7.41E-05
1025	8.36E-05
1026	7.65E-05
1027	9.58E-05
1028	0.00010058
1029	0.00010358
1030	0.00010528
1031	0.00013269
1032	0.00012062
1033	0.00012854
1034	0.00014194
1035	0.00015825
1036	0.00016205
1037	0.0001619
1038	0.00016631
1039	0.00017668
1040	0.00017683
#
# BAND 2 Green
400	0.0008079
401	0.00063264
402	0.00082471
403	0.00080992
404	0.00072125
405	0.00071495
406	0.00082859
407	0.0007461
408	0.0008036
409	0.00079552
410	0.00080229
411	0.00070561
412	0.00077873
413	0.00079598
414	0.0010016
415	0.0008511
416	0.0009089
417	0.00091785
418	0.00087312
419	0.0009193
420	0.00095238
421	0.0010154
422	0.0010878
423	0.0010064
424	0.0010872
425	0.0010413
426	0.00087118
427	0.0010375
428	0.0010161
429	0.0010172
430	0.0010364
431	0.0010277
432	0.001017
433	0.00090898
434	0.0011392
435	0.00096914
436	0.00092409
437	0.00091365
438	0.00091249
439	0.00091078
440	0.0010425
441	0.00085173
442	0.00081177
443	0.00083514
444	0.00090412
445	0.00086371
446	0.00094195
447	0.00087433
448	0.00082877
449	0.00082388
450	0.0008109
451	0.00090979
452	0.00088964
453	0.00079741
454	0.00089525
455	0.0007436
456	0.00081313
457	0.00086066
458	0.0007913
459	0.00083854
460	0.00081712
461	0.0008314
462	0.00079181
463	0.00076195
464	0.00081434
465	0.00074412
466	0.00077179
467	0.00077123
468	0.00076031
469	0.00077456
470	0.00084768
471	0.00084111
472	0.00078503
473	0.00080583
474	0.00078252
475	0.00080874
476	0.00076928
477	0.00081522
478	0.00082389
479	0.00080153
480	0.00088399
481	0.00087475
482	0.00079933
483	0.00081707
484	0.00083409
485	0.00089702
486	0.00087786
487	0.00090497
488	0.0010021
489	0.00096448
490	0.0010221
491	0.0011055
492	0.001228
493	0.0013591
494	0.0014606
495	0.0016236
496	0.0018471
497	0.0020792
498	0.0024082
499	0.002716
500	0.003146
501	0.0035415
502	0.0041489
503	0.0047477
504	0.0055698
505	0.0064581
506	0.0079318
507	0.0093664
508	0.011841
509	0.014188
510	0.018454
511	0.022459
512	0.02979
513	0.036514
514	0.04856
515	0.059623
516	0.079255
517	0.097632
518	0.13074
519	0.16021
520	0.20745
521	0.24853
522	0.31079
523	0.36086
524	0.43421
525	0.4872
526	0.54245
527	0.61497
528	0.66314
529	0.72466
530	0.76545
531	0.81282
532	0.84047
533	0.87138
534	0.88882
535	0.90714
536	0.91516
537	0.92335
538	0.92798
539	0.93095
540	0.92864
541	0.92834
542	0.92606
543	0.92355
544	0.9218
545	0.92073
546	0.92093
547	0.92377
548	0.92561
549	0.93457
550	0.93784
551	0.94703
552	0.95511
553	0.96643
554	0.97705
555	0.98665
556	0.99209
557	0.99746
558	0.9991
559	0.9999
560	1
561	0.99402
562	0.99106
563	0.98231
564	0.97734
565	0.97114
566	0.9649
567	0.9592
568	0.95504
569	0.94887
570	0.94848
571	0.94702
572	0.94573
573	0.94409
574	0.94515
575	0.94785
576	0.94589
577	0.94536
578	0.94562
579	0.94372
580	0.94154
581	0.93715
582	0.93398
583	0.92636
584	0.92369
585	0.91653
586	0.91492
587	0.91148
588	0.91155
589	0.91707
590	0.92164
591	0.92719
592	0.93059
593	0.92594
594	0.9027
595	0.86652
596	0.78434
597	0.7045
598	0.57321
599	0.47805
600	0.35531
601	0.28181
602	0.20019
603	0.15753
604	0.11201
605	0.088242
606	0.064088
607	0.051436
608	0.038225
609	0.031211
610	0.023639
611	0.01962
612	0.015153
613	0.012664
614	0.0097401
615	0.0081893
616	0.0063349
617	0.0052977
618	0.0041073
619	0.003413
620	0.002618
621	0.0021491
622	0.0016624
623	0.00138
624	0.0010681
625	0.00088257
626	0.00072692
627	0.00062909
628	0.00052957
629	0.00047657
630	0.00042518
631	0.0004074
632	0.00037905
633	0.00033507
634	0.00033288
635	0.00032211
636	0.00028454
637	0.00028642
638	0.00027001
639	0.00026751
640	0.00026644
641	0.00028233
642	0.00028129
643	0.00027159
644	0.00025783
645	0.00022975
646	0.00025835
647	0.00021173
648	0.00024188
649	0.00022909
650	0.00023357
651	0.00022379
652	0.00020965
653	0.00019685
654	0.00020701
655	0.00020442
656	0.00020164
657	0.00019185
658	0.00020473
659	0.00019759
660	0.00017765
661	0.00020496
662	0.00020945
663	0.00020377
664	0.00018669
665	0.00018978
666	0.00020846
667	0.00018562
668	0.00016999
669	0.00019891
670	0.00018027
671	0.00017028
672	0.00019349
673	0.00019215
674	0.00017355
675	0.00019395
676	0.00018248
677	0.000174
678	0.00017569
679	0.00017714
680	0.00018026
681	0.0001763
682	0.00018525
683	0.00016214
684	0.00019024
685	0.00018754
686	0.00018212
687	0.00017356
688	0.00018397
689	0.00020331
690	0.00019926
691	0.00018478
692	0.00017466
693	0.00018519
694	0.00015142
695	0.00011996
696	0.00014402
697	0.0001745
698	0.00015976
699	0.00017952
700	0.00014169
701	0.00013277
702	0.00013678
703	0.0001387
704	0.00013268
705	0.00014272
706	0.00015565
707	0.00014247
708	0.00012404
709	0.00012547
710	0.00011863
711	0.00012835
712	0.00012264
713	0.00012996
714	0.0001111
715	0.0001363
716	0.00014795
717	0.00015801
718	0.00012293
719	0.00014519
720	0.00013699
721	0.00015397
722	0.00014708
723	0.00014564
724	0.00010971
725	0.00017424
726	0.00018394
727	0.00015909
728	0.00017652
729	0.00020035
730	0.0002213
731	0.00022786
732	0.00022804
733	0.00019859
734	0.00018331
735	0.00018215
736	0.00014807
737	0.00017145
738	0.00017645
739	0.00030266
740	0.00018203
741	0.00022723
742	0.00022595
743	0.00024727
744	0.0002687
745	0.00031784
746	0.00029561
747	0.00027158
748	0.00033711
749	0.00025128
750	0.00026339
751	0.00030744
752	0.00028855
753	0.00036042
754	0.00034962
755	0.00026337
756	0.00047545
757	0.00033982
758	0.00037694
759	0.00039995
760	0.00040012
761	0.00046036
762	0.00041279
763	0.00048738
764	0.00040043
765	0.00040245
766	0.00047891
767	0.00034343
768	0.00075855
769	0.00054648
770	0.00043038
771	0.00057372
772	0.00054098
773	0.00073917
774	0.00055147
775	0.00063614
776	0.00070716
777	0.00059328
778	0.00045305
779	0.00052501
780	0.00042138
781	0.00043217
782	0.00071234
783	0.00072234
784	0.0006809
785	0.00051186
786	0.00058061
787	0.00062218
788	0.00078992
789	0.0009835
790	0.00078721
791	0.0009036
792	0.00072997
793	0.00093776
794	0.00099754
795	0.00089943
796	0.00088593
797	0.0010178
798	0.00098924
799	0.0010449
800	0.00077849
801	0.0010715
802	0.0010913
803	0.0011966
804	0.0010216
805	0.00095371
806	0.0012694
807	0.0012953
808	0.0009675
809	0.00099345
810	0.00095176
811	0.0011177
812	0.0010971
813	0.0012022
814	0.0016078
815	0.0015026
816	0.0011739
817	0.0013969
818	0.0018026
819	0.0017183
820	0.0020542
821	0.0024605
822	0.0024759
823	0.0030492
824	0.0031809
825	0.0033273
826	0.0030517
827	0.0027777
828	0.0029164
829	0.0022905
830	0.0026039
831	0.0023611
832	0.0023082
833	0.0024994
834	0.0023099
835	0.0022656
836	0.0025717
837	0.0021496
838	0.0023391
839	0.0026595
840	0.0025356
841	0.002485
842	0.0027973
843	0.0030405
844	0.0034118
845	0.0028586
846	0.0034209
847	0.0035892
848	0.0036927
849	0.0037298
850	0.0036792
851	0.0043283
852	0.0041239
853	0.0040947
854	0.0038586
855	0.0041684
856	0.0039443
857	0.003859
858	0.0044932
859	0.0036569
860	0.0035798
861	0.0031078
862	0.0033921
863	0.0036223
864	0.0032582
865	0.0031424
866	0.0029367
867	0.0028173
868	0.0028734
869	0.0029023
870	0.0025912
871	0.0027515
872	0.0027067
873	0.0026864
874	0.0026871
875	0.0026938
876	0.0024976
877	0.0028341
878	0.00249
879	0.0019357
880	0.0025259
881	0.0023262
882	0.0023282
883	0.0023465
884	0.0018598
885	0.0020983
886	0.0020542
887	0.0015294
888	0.002031
889	0.0019753
890	0.0016668
891	0.0013637
892	0.0013404
893	0.0013381
894	0.0016286
895	0.0013725
896	0.0012059
897	0.0010425
898	0.0011909
899	0.0012446
900	0.00084829
901	0.0011324
902	0.0011232
903	0.00084156
904	0.001133
905	0.00081548
906	0.0012794
907	0.00098293
908	0.0013753
909	0.0011885
910	0.00098116
911	0.0010872
912	0.0012506
913	0.0014719
914	0.0010596
915	0.0011945
916	0.0012906
917	0.0011392
918	0.0010293
919	0.0013265
920	0.0010576
921	0.001215
922	0.0014312
923	0.0013852
924	0.0012991
925	0.0013265
926	0.0012844
927	0.0014866
928	0.0010251
929	0.0012127
930	0.0013814
931	0.0012901
932	0.0012556
933	0.0017462
934	0.0013266
935	0.0011673
936	0.0013867
937	0.0012128
938	0.0013707
939	0.0012593
940	0.0014243
941	0.0014637
942	0.0017625
943	0.0016911
944	0.0017837
945	0.0018062
946	0.0019858
947	0.0019446
948	0.0019201
949	0.0021087
950	0.0020199
951	0.0020135
952	0.0021323
953	0.0024381
954	0.0023132
955	0.0024276
956	0.0024561
957	0.0024626
958	0.002515
959	0.0025694
960	0.0026822
961	0.00265
962	0.00246
963	0.0026804
964	0.0023501
965	0.0023237
966	0.0023983
967	0.002055
968	0.0020434
969	0.0018381
970	0.0015761
971	0.0015502
972	0.0015072
973	0.0016172
974	0.0015772
975	0.0013335
976	0.001162
977	0.00121
978	0.0012162
979	0.0011361
980	0.000898
981	0.0010482
982	0.00084243
983	0.00080201
984	0.00083007
985	0.00096805
986	0.00068399
987	0.00070147
988	0.00064145
989	0.00072875
990	0.00059196
991	0.00048565
992	0.00070954
993	0.00072936
994	0.00066524
995	0.00070128
996	0.00044991
997	0.0005773
998	0.00059824
999	0.00045133
1000	0.00062914
1001	0.00060948
1002	0.00066185
1003	0.00052735
1004	0.00051504
1005	0.00069009
1006	0.0008501
1007	0.00056839
1008	0.000659
1009	0.00058607
1010	0.00051545
1011	0.00056691
1012	0.00057678
1013	0.0005047
1014	0.00042401
1015	0.00054658
1016	0.00040972
1017	0.00057684
1018	0.00047449
1019	0.00071797
1020	0.00048671
1021	0.00048948
1022	0.00054236
1023	0.00078965
1024	0.00053163
1025	0.00063127
1026	0.00063704
1027	0.00054075
1028	0.00049963
1029	0.00055035
1030	0.00063614
1031	0.00068138
1032	0.00058444
1033	0.00058744
1034	0.00061989
1035	0.00081111
1036	0.0007486
1037	0.00084645
1038	0.00093583
1039	0.0010363
1040	0.0010509
#
# BAND 3 Red
400	0.0011046
401	0.0010898
402	0.0011294
403	0.0011475
404	0.0012079
405	0.001133
406	0.0011361
407	0.0011602
408	0.0011129
409	0.0011152
410	0.0011733
411	0.0011266
412	0.0010964
413	0.0012637
414	0.0013156
415	0.0013383
416	0.0014223
417	0.0012943
418	0.0013035
419	0.0012976
420	0.0014348
421	0.0014003
422	0.0014464
423	0.0014086
424	0.0014279
425	0.001194
426	0.0012492
427	0.0013817
428	0.0013631
429	0.0012583
430	0.0013889
431	0.0013737
432	0.001224
433	0.001184
434	0.0014237
435	0.00133
436	0.0012075
437	0.001207
438	0.0012032
439	0.0011573
440	0.0011586
441	0.0011985
442	0.00099818
443	0.0010525
444	0.0010206
445	0.0010492
446	0.0011214
447	0.0010182
448	0.0010437
449	0.00091735
450	0.00090583
451	0.00094129
452	0.00088145
453	0.0008146
454	0.00097819
455	0.00080783
456	0.00085562
457	0.00076874
458	0.00080653
459	0.00076253
460	0.0007628
461	0.00072011
462	0.00079623
463	0.0006659
464	0.00074287
465	0.00072161
466	0.00071752
467	0.00066547
468	0.00057832
469	0.00062541
470	0.00060463
471	0.0005638
472	0.00061576
473	0.00064811
474	0.00058124
475	0.00054611
476	0.00047843
477	0.00056695
478	0.00056985
479	0.00046048
480	0.00051376
481	0.0004804
482	0.00047754
483	0.00044767
484	0.00046405
485	0.0004854
486	0.00042896
487	0.00045476
488	0.00042894
489	0.00041237
490	0.00038223
491	0.00039729
492	0.00038795
493	0.00047281
494	0.00041718
495	0.00044363
496	0.00039401
497	0.00040101
498	0.00037394
499	0.0003695
500	0.00036801
501	0.00038105
502	0.00038582
503	0.00037328
504	0.00036722
505	0.00039165
506	0.00038375
507	0.00038838
508	0.000353
509	0.00035556
510	0.00034179
511	0.00035625
512	0.00033191
513	0.00035545
514	0.00037515
515	0.00034912
516	0.00034745
517	0.00037971
518	0.00035144
519	0.00037842
520	0.00036644
521	0.00039088
522	0.00039069
523	0.00036859
524	0.00041285
525	0.00035548
526	0.00037672
527	0.00040494
528	0.00036839
529	0.00031134
530	0.00035689
531	0.00034569
532	0.00035157
533	0.00033839
534	0.00033008
535	0.00031122
536	0.00035571
537	0.0003395
538	0.00033717
539	0.00034557
540	0.00034308
541	0.00036948
542	0.00033057
543	0.0003376
544	0.00031399
545	0.00032189
546	0.00034412
547	0.00034681
548	0.00033088
549	0.00029996
550	0.00032841
551	0.00036881
552	0.00035715
553	0.00033872
554	0.00032572
555	0.00036756
556	0.0003411
557	0.000368
558	0.00037933
559	0.00037135
560	0.00038567
561	0.00037969
562	0.00040029
563	0.00044521
564	0.00045508
565	0.0004035
566	0.00044958
567	0.00046614
568	0.00046989
569	0.00046168
570	0.00047825
571	0.0004788
572	0.00051227
573	0.00050881
574	0.00053438
575	0.00062565
576	0.00062907
577	0.00071981
578	0.00074568
579	0.00084267
580	0.00087648
581	0.00095798
582	0.0010354
583	0.0011709
584	0.0012526
585	0.001456
586	0.001611
587	0.0018522
588	0.0020439
589	0.0024025
590	0.0028097
591	0.0031559
592	0.0037928
593	0.0042676
594	0.0051107
595	0.0059112
596	0.0070414
597	0.0081456
598	0.0099356
599	0.011591
600	0.014261
601	0.016599
602	0.020479
603	0.02412
604	0.030232
605	0.035749
606	0.044707
607	0.053042
608	0.066765
609	0.079071
610	0.099966
611	0.11873
612	0.14882
613	0.170861526
614	0.205990572
615	0.234586297
616	0.275599049
617	0.30619312
618	0.353074627
619	0.382709187
620	0.424943106
621	0.448937284
622	0.48263029
623	0.4990718
624	0.5205
625	0.616864
626	0.725725239
627	0.826773965
628	0.86445
629	0.87985
630	0.90034
631	0.90923
632	0.91819
633	0.92541
634	0.93124
635	0.93522
636	0.9374
637	0.94039
638	0.9447
639	0.94581
640	0.94698
641	0.94829
642	0.94953
643	0.95023
644	0.95163
645	0.95411
646	0.95498
647	0.95737
648	0.96002
649	0.96291
650	0.96235
651	0.96598
652	0.96936
653	0.97095
654	0.97318
655	0.97868
656	0.98049
657	0.98447
658	0.98587
659	0.98877
660	0.99079
661	0.99263
662	0.99494
663	0.99527
664	0.99741
665	1
666	0.99849
667	0.99795
668	0.99911
669	0.99822
670	0.99733
671	0.99655
672	0.99574
673	0.9934
674	0.99161
675	0.99093
676	0.98866
677	0.98698
678	0.98689
679	0.98402
680	0.98227
681	0.98167
682	0.98132
683	0.9798
684	0.98016
685	0.97696
686	0.97934
687	0.97784
688	0.97844
689	0.978
690	0.9798
691	0.98423
692	0.98697
693	0.98936
694	0.99283
695	0.99415
696	0.99459
697	0.99301
698	0.98524
699	0.97528
700	0.95074
701	0.921514201
702	0.784491754
703	0.66296
704	0.5287
705	0.5046855
706	0.456469891
707	0.42042493
708	0.363260599
709	0.308999012
710	0.273863967
711	0.226241797
712	0.198791063
713	0.163428276
714	0.143019356
715	0.11642
716	0.099547
717	0.080253
718	0.069122
719	0.056595
720	0.049065
721	0.040589
722	0.035551
723	0.029474
724	0.024942
725	0.022041
726	0.018688
727	0.01669
728	0.014317
729	0.012949
730	0.011258
731	0.01026
732	0.009131
733	0.0082919
734	0.0074059
735	0.0067794
736	0.006182
737	0.0055681
738	0.0053236
739	0.0047821
740	0.0044614
741	0.0041857
742	0.0039535
743	0.003659
744	0.0034594
745	0.003277
746	0.0031369
747	0.0030272
748	0.0028744
749	0.002827
750	0.0026096
751	0.0025948
752	0.0025359
753	0.0025045
754	0.002428
755	0.0023987
756	0.0025178
757	0.0022934
758	0.0022832
759	0.0023156
760	0.002284
761	0.0022561
762	0.0024376
763	0.002308
764	0.0022296
765	0.0022481
766	0.0022658
767	0.0022355
768	0.002401
769	0.0022711
770	0.0021568
771	0.0022243
772	0.0021934
773	0.0022927
774	0.0023275
775	0.0023429
776	0.0024729
777	0.0023281
778	0.0024424
779	0.002477
780	0.0024258
781	0.0025033
782	0.0025395
783	0.0026879
784	0.002715
785	0.0027498
786	0.0025311
787	0.0027288
788	0.0029431
789	0.0029693
790	0.0028675
791	0.0032243
792	0.003053
793	0.0032055
794	0.0031914
795	0.0032567
796	0.0031684
797	0.0034422
798	0.003428
799	0.0034724
800	0.0034156
801	0.0036989
802	0.0035348
803	0.0035806
804	0.0036591
805	0.0034921
806	0.0035576
807	0.0038282
808	0.003544
809	0.0037164
810	0.0035459
811	0.0035423
812	0.0036028
813	0.0038637
814	0.0039598
815	0.0037182
816	0.003381
817	0.0033253
818	0.0038548
819	0.0035234
820	0.0035544
821	0.0036274
822	0.0033876
823	0.0033697
824	0.0034263
825	0.0036277
826	0.0037401
827	0.0035221
828	0.0035269
829	0.0033266
830	0.0036316
831	0.0032306
832	0.0033265
833	0.0032331
834	0.0032616
835	0.0032378
836	0.0032528
837	0.0032621
838	0.0033491
839	0.0029944
840	0.0031601
841	0.0030283
842	0.0034251
843	0.0033501
844	0.0030578
845	0.0028835
846	0.0029816
847	0.0031511
848	0.0028163
849	0.0029713
850	0.0031245
851	0.0030438
852	0.0030094
853	0.0028059
854	0.002798
855	0.0026815
856	0.0029577
857	0.0033278
858	0.0032568
859	0.0026826
860	0.0027062
861	0.002587
862	0.0027704
863	0.0031164
864	0.0025468
865	0.0029362
866	0.0024046
867	0.0029113
868	0.0029119
869	0.0026502
870	0.0024927
871	0.0025148
872	0.0023675
873	0.0026824
874	0.0023837
875	0.002444
876	0.002434
877	0.002506
878	0.002507
879	0.0022046
880	0.0023947
881	0.0026062
882	0.0022102
883	0.0024493
884	0.0017857
885	0.0021918
886	0.002222
887	0.0021343
888	0.0021221
889	0.0026547
890	0.002513
891	0.0023111
892	0.0023043
893	0.0024421
894	0.0024591
895	0.0023776
896	0.0023133
897	0.0023176
898	0.0024679
899	0.0023265
900	0.0023256
901	0.0024861
902	0.0023618
903	0.0021044
904	0.0022608
905	0.0021831
906	0.0024507
907	0.0023814
908	0.0026199
909	0.0021389
910	0.002364
911	0.0022853
912	0.0024998
913	0.0020843
914	0.0020927
915	0.0022695
916	0.002193
917	0.0022573
918	0.0023013
919	0.0021706
920	0.002135
921	0.0019739
922	0.0021845
923	0.0020964
924	0.0021825
925	0.0023153
926	0.0019694
927	0.0020536
928	0.0017833
929	0.0019481
930	0.0019035
931	0.0017497
932	0.0021686
933	0.0020618
934	0.001958
935	0.0017913
936	0.0018354
937	0.0018755
938	0.0017439
939	0.0016889
940	0.0016855
941	0.0017992
942	0.0020607
943	0.0022229
944	0.0018376
945	0.0017895
946	0.0019448
947	0.0017973
948	0.0018013
949	0.0019898
950	0.0018861
951	0.0016463
952	0.0016711
953	0.0017417
954	0.0015652
955	0.0016585
956	0.0015475
957	0.0015264
958	0.0016811
959	0.0014731
960	0.0016348
961	0.0016985
962	0.0016203
963	0.0015764
964	0.001549
965	0.0015699
966	0.0017725
967	0.0015991
968	0.0017477
969	0.0013659
970	0.0014147
971	0.0015713
972	0.0015829
973	0.0016334
974	0.0017295
975	0.001499
976	0.0016021
977	0.0017284
978	0.0015541
979	0.0015575
980	0.0013495
981	0.0015786
982	0.0015593
983	0.0015635
984	0.0014836
985	0.0017242
986	0.0014176
987	0.001512
988	0.0015091
989	0.0015508
990	0.0016734
991	0.0015337
992	0.0016482
993	0.0019463
994	0.0016922
995	0.0017611
996	0.0016363
997	0.001604
998	0.0013986
999	0.0015983
1000	0.0014894
1001	0.0016999
1002	0.0016315
1003	0.0015055
1004	0.0015112
1005	0.0015721
1006	0.0013696
1007	0.001422
1008	0.0013991
1009	0.0013374
1010	0.001326
1011	0.001491
1012	0.0011943
1013	0.0011444
1014	0.0010777
1015	0.0012255
1016	0.001068
1017	0.0010705
1018	0.00094892
1019	0.0010601
1020	0.0008932
1021	0.00089331
1022	0.00091194
1023	0.0012564
1024	0.00093226
1025	0.0011059
1026	0.00099613
1027	0.00097723
1028	0.0007989
1029	0.0008886
1030	0.00085983
1031	0.0010007
1032	0.00075659
1033	0.00094205
1034	0.00085401
1035	0.00092834
1036	0.00086307
1037	0.00097624
1038	0.0011431
1039	0.00080412
1040	0.00085963
#
# BAND 4 NIR
400	0.00012845
401	0.00012582
402	0.00014741
403	0.0001422
404	0.00013072
405	0.00014595
406	0.00013975
407	0.00013447
408	0.00014383
409	0.0001528
410	0.00015092
411	0.00015746
412	0.00018805
413	0.00015679
414	0.00016708
415	0.00014101
416	0.00016538
417	0.00018517
418	0.00018044
419	0.00019175
420	0.00017098
421	0.00015167
422	0.00016644
423	0.00018936
424	0.00019472
425	0.00017001
426	0.0001957
427	0.00017514
428	0.000167
429	0.00017912
430	0.00015584
431	0.0001566
432	0.00014354
433	0.00016433
434	0.0001459
435	0.00014055
436	0.00013891
437	0.0001487
438	0.00014596
439	0.0001406
440	0.00010995
441	0.00012762
442	0.00012492
443	0.00010466
444	0.0001125
445	0.00013885
446	0.00013744
447	0.00011161
448	0.00012474
449	0.0001301
450	0.00011712
451	0.00012483
452	0.00010327
453	0.00010348
454	9.53E-05
455	7.16E-05
456	0.00010216
457	0.00010424
458	8.66E-05
459	8.33E-05
460	9.09E-05
461	8.86E-05
462	9.27E-05
463	7.42E-05
464	8.32E-05
465	6.58E-05
466	7.23E-05
467	8.11E-05
468	8.07E-05
469	5.71E-05
470	5.77E-05
471	7.74E-05
472	7.63E-05
473	7.64E-05
474	7.38E-05
475	7.90E-05
476	6.91E-05
477	5.28E-05
478	6.57E-05
479	7.00E-05
480	7.03E-05
481	6.82E-05
482	5.99E-05
483	6.31E-05
484	5.31E-05
485	6.75E-05
486	5.74E-05
487	4.51E-05
488	5.04E-05
489	5.57E-05
490	4.41E-05
491	4.87E-05
492	5.63E-05
493	4.09E-05
494	4.56E-05
495	4.55E-05
496	3.89E-05
497	3.66E-05
498	4.23E-05
499	4.20E-05
500	5.26E-05
501	4.01E-05
502	3.43E-05
503	4.51E-05
504	3.45E-05
505	3.73E-05
506	4.07E-05
507	3.80E-05
508	3.90E-05
509	3.53E-05
510	3.83E-05
511	3.41E-05
512	4.26E-05
513	3.73E-05
514	3.83E-05
515	2.83E-05
516	3.60E-05
517	3.91E-05
518	3.47E-05
519	3.45E-05
520	3.40E-05
521	4.01E-05
522	4.27E-05
523	5.09E-05
524	3.87E-05
525	3.53E-05
526	3.47E-05
527	3.45E-05
528	3.60E-05
529	3.75E-05
530	3.33E-05
531	3.16E-05
532	4.04E-05
533	3.91E-05
534	4.07E-05
535	3.16E-05
536	3.90E-05
537	4.07E-05
538	3.71E-05
539	3.94E-05
540	4.12E-05
541	3.47E-05
542	3.08E-05
543	3.14E-05
544	3.70E-05
545	2.92E-05
546	2.54E-05
547	2.92E-05
548	3.58E-05
549	2.98E-05
550	2.90E-05
551	3.51E-05
552	3.49E-05
553	3.97E-05
554	4.42E-05
555	5.36E-05
556	4.57E-05
557	4.42E-05
558	4.48E-05
559	3.45E-05
560	3.11E-05
561	3.24E-05
562	3.30E-05
563	3.01E-05
564	2.71E-05
565	3.17E-05
566	2.48E-05
567	3.18E-05
568	3.03E-05
569	4.05E-05
570	4.75E-05
571	5.52E-05
572	6.37E-05
573	7.14E-05
574	6.96E-05
575	5.71E-05
576	4.51E-05
577	3.04E-05
578	2.79E-05
579	2.20E-05
580	1.94E-05
581	2.56E-05
582	2.46E-05
583	2.29E-05
584	2.31E-05
585	2.40E-05
586	2.26E-05
587	2.11E-05
588	2.19E-05
589	2.21E-05
590	2.48E-05
591	2.33E-05
592	2.07E-05
593	1.37E-05
594	1.83E-05
595	1.77E-05
596	1.87E-05
597	2.03E-05
598	2.04E-05
599	2.10E-05
600	2.22E-05
601	1.93E-05
602	2.27E-05
603	1.82E-05
604	2.09E-05
605	1.77E-05
606	2.47E-05
607	1.93E-05
608	2.46E-05
609	2.11E-05
610	2.07E-05
611	2.49E-05
612	2.27E-05
613	2.33E-05
614	2.63E-05
615	2.24E-05
616	2.12E-05
617	2.43E-05
618	2.61E-05
619	2.44E-05
620	2.40E-05
621	2.46E-05
622	2.52E-05
623	2.23E-05
624	2.69E-05
625	2.58E-05
626	2.86E-05
627	2.68E-05
628	2.69E-05
629	2.41E-05
630	2.69E-05
631	2.62E-05
632	2.74E-05
633	2.70E-05
634	2.58E-05
635	2.70E-05
636	2.57E-05
637	3.02E-05
638	2.48E-05
639	2.43E-05
640	2.81E-05
641	2.69E-05
642	2.65E-05
643	3.03E-05
644	2.75E-05
645	3.27E-05
646	3.03E-05
647	2.58E-05
648	2.58E-05
649	2.82E-05
650	2.85E-05
651	2.95E-05
652	2.99E-05
653	2.91E-05
654	2.86E-05
655	3.14E-05
656	2.85E-05
657	3.06E-05
658	2.86E-05
659	3.17E-05
660	3.58E-05
661	3.14E-05
662	3.14E-05
663	3.51E-05
664	3.36E-05
665	3.42E-05
666	3.63E-05
667	3.70E-05
668	3.57E-05
669	3.11E-05
670	3.67E-05
671	3.91E-05
672	4.04E-05
673	3.93E-05
674	3.93E-05
675	4.07E-05
676	4.04E-05
677	4.74E-05
678	4.01E-05
679	4.91E-05
680	4.59E-05
681	4.81E-05
682	4.88E-05
683	5.50E-05
684	5.27E-05
685	5.97E-05
686	5.74E-05
687	5.73E-05
688	6.36E-05
689	6.48E-05
690	6.40E-05
691	6.42E-05
692	7.34E-05
693	6.89E-05
694	7.26E-05
695	7.83E-05
696	7.56E-05
697	7.47E-05
698	8.95E-05
699	8.40E-05
700	9.33E-05
701	9.02E-05
702	9.76E-05
703	9.23E-05
704	0.00011166
705	0.00010541
706	0.00010905
707	0.00012074
708	0.00012478
709	0.00012202
710	0.00014347
711	0.00014073
712	0.00015263
713	0.0001639
714	0.0001616
715	0.00017632
716	0.00018679
717	0.00019445
718	0.00021048
719	0.00022293
720	0.00024078
721	0.00026524
722	0.00028691
723	0.00030263
724	0.0003489
725	0.00036324
726	0.00041302
727	0.00043907
728	0.00048521
729	0.00053607
730	0.00059978
731	0.00065534
732	0.00074542
733	0.00081627
734	0.0009293
735	0.0010284
736	0.0011897
737	0.0013602
738	0.0015171
739	0.0017767
740	0.0019974
741	0.0023497
742	0.002684
743	0.0031681
744	0.0035836
745	0.0043059
746	0.0049396
747	0.0059662
748	0.0073217
749	0.0084679
750	0.010451
751	0.012274
752	0.015226
753	0.017977
754	0.022609
755	0.027002
756	0.03433
757	0.041281
758	0.053677
759	0.069718
760	0.084674
761	0.11157
762	0.13668
763	0.17894
764	0.21776
765	0.28072
766	0.33519
767	0.41848
768	0.50704
769	0.57517
770	0.66342
771	0.72314
772	0.79653
773	0.84254
774	0.8944
775	0.92014
776	0.94403
777	0.95825
778	0.95821
779	0.95692
780	0.95382
781	0.94653
782	0.94538
783	0.94418
784	0.94155
785	0.94379
786	0.94659
787	0.95252
788	0.95721
789	0.9638
790	0.96885
791	0.9749
792	0.9781
793	0.98247
794	0.99066
795	0.99077
796	0.993
797	0.99623
798	0.99712
799	0.99938
800	1
801	0.99784
802	0.99923
803	0.9944
804	0.98503
805	0.98593
806	0.97908
807	0.97473
808	0.96935
809	0.96351
810	0.95714
811	0.95293
812	0.94485
813	0.94108
814	0.93585
815	0.92999
816	0.92535
817	0.92197
818	0.91734
819	0.91384
820	0.91138
821	0.90859
822	0.90585
823	0.90103
824	0.90126
825	0.89646
826	0.8952
827	0.89071
828	0.88723
829	0.88498
830	0.88119
831	0.87561
832	0.87177
833	0.8687
834	0.86445
835	0.85782
836	0.85641
837	0.85066
838	0.84381
839	0.84099
840	0.83294
841	0.83014
842	0.82229
843	0.81761
844	0.81214
845	0.80768
846	0.80156
847	0.79257
848	0.78843
849	0.78256
850	0.77721
851	0.77008
852	0.76287
853	0.75643
854	0.74853
855	0.74369
856	0.73563
857	0.72665
858	0.71897
859	0.71039
860	0.70231
861	0.69765
862	0.68794
863	0.67992
864	0.66972
865	0.66545
866	0.65729
867	0.65098
868	0.64741
869	0.6424
870	0.63807
871	0.63624
872	0.63325
873	0.63122
874	0.6252
875	0.61961
876	0.61251
877	0.59947
878	0.58782
879	0.5628
880	0.52925
881	0.49722
882	0.45118
883	0.41191
884	0.35927
885	0.31829
886	0.26419
887	0.21563
888	0.18552
889	0.14944
890	0.1274
891	0.10195
892	0.081115
893	0.068679
894	0.055158
895	0.047428
896	0.038734
897	0.033455
898	0.027253
899	0.022512
900	0.019655
901	0.01656
902	0.014613
903	0.012574
904	0.011101
905	0.00944
906	0.0080729
907	0.0073038
908	0.0064717
909	0.0059408
910	0.0051698
911	0.0046459
912	0.0041422
913	0.0037487
914	0.0035028
915	0.0032188
916	0.0028888
917	0.0026615
918	0.0024377
919	0.0022594
920	0.0021065
921	0.0020144
922	0.0018588
923	0.0018028
924	0.0016932
925	0.0015655
926	0.0014876
927	0.0014224
928	0.0013305
929	0.0012726
930	0.001212
931	0.0011385
932	0.001072
933	0.00097149
934	0.0010071
935	0.0009438
936	0.00088468
937	0.0008869
938	0.00085053
939	0.00084636
940	0.00085341
941	0.00076915
942	0.00077406
943	0.00068788
944	0.0006553
945	0.00068654
946	0.00063448
947	0.00066082
948	0.00058603
949	0.00055022
950	0.00053242
951	0.00051311
952	0.0004665
953	0.00053157
954	0.00042323
955	0.00042547
956	0.00039233
957	0.00042421
958	0.00035681
959	0.00040591
960	0.00034721
961	0.00036778
962	0.00034101
963	0.00031754
964	0.00033759
965	0.00036146
966	0.00036881
967	0.00029233
968	0.00030759
969	0.0003082
970	0.00029423
971	0.000298
972	0.00030787
973	0.0002548
974	0.0002601
975	0.00029311
976	0.00026911
977	0.00023866
978	0.00022474
979	0.00021616
980	0.00023407
981	0.0002213
982	0.00023127
983	0.00020371
984	0.00023214
985	0.00021201
986	0.00019537
987	0.00019144
988	0.00022908
989	0.00018655
990	0.0002132
991	0.00014865
992	0.00020719
993	0.00020288
994	0.00017545
995	0.00015314
996	0.00016944
997	0.00017281
998	0.00017537
999	0.00015783
1000	0.00016444
1001	0.00015741
1002	0.00017443
1003	0.00017461
1004	0.00013806
1005	0.00015242
1006	0.00017046
1007	0.00016155
1008	0.00017431
1009	0.00013709
1010	0.00014895
1011	0.0001331
1012	0.00015903
1013	0.00014533
1014	0.00014904
1015	0.00015376
1016	0.00015486
1017	0.00013876
1018	0.00014636
1019	0.00015383
1020	0.00016301
1021	0.00015277
1022	0.00015083
1023	0.00014358
1024	0.00013846
1025	0.000134
1026	0.0001263
1027	0.00016182
1028	0.00015291
1029	0.00016558
1030	0.00015552
1031	0.00015791
1032	0.00014852
1033	0.00016711
1034	0.00015234
1035	0.00013922
1036	0.00018368
1037	0.0001075
1038	0.00015269
1039	0.00014951
1040	0.0001066
#
