;; GF6/WFV RSR
;;
;; Quinten Vanhellemont 2021-08-09
;; from Table sent by Mona Allam
;;
;; datasets: wavelength, RSR
;;
;; BAND B1
400	0.00287
401	0.00272
402	0.00257
403	0.00254
404	0.00252
405	0.00258
406	0.00264
407	0.00263
408	0.00262
409	0.00237
410	0.00211
411	0.00224
412	0.00236
413	0.00222
414	0.00207
415	0.00217
416	0.00226
417	0.00214
418	0.00203
419	0.002
420	0.00198
421	0.00188
422	0.00178
423	0.00183
424	0.00187
425	0.00184
426	0.00181
427	0.00179
428	0.00177
429	0.00183
430	0.0019
431	0.00164
432	0.00139
433	0.00134
434	0.0013
435	0.00133
436	0.00136
437	0.00151
438	0.00165
439	0.00208
440	0.0025
441	0.00528
442	0.00806
443	0.01448
444	0.02089
445	0.04192
446	0.06295
447	0.15163
448	0.24031
449	0.37221
450	0.5041
451	0.5914
452	0.67869
453	0.75962
454	0.84055
455	0.84466
456	0.84876
457	0.82736
458	0.80595
459	0.84323
460	0.8805
461	0.9049
462	0.9293
463	0.94522
464	0.96114
465	0.94464
466	0.92814
467	0.91124
468	0.89435
469	0.90474
470	0.91512
471	0.92867
472	0.94221
473	0.95123
474	0.96026
475	0.97292
476	0.98558
477	0.99279
478	1
479	0.97653
480	0.95306
481	0.93935
482	0.92564
483	0.93944
484	0.95324
485	0.9605
486	0.96776
487	0.96446
488	0.96115
489	0.95762
490	0.95409
491	0.94148
492	0.92887
493	0.92363
494	0.91839
495	0.92399
496	0.92958
497	0.93453
498	0.93948
499	0.93767
500	0.93587
501	0.93414
502	0.93242
503	0.91206
504	0.8917
505	0.88472
506	0.87773
507	0.88136
508	0.88499
509	0.88243
510	0.87987
511	0.87392
512	0.86797
513	0.85399
514	0.84002
515	0.82374
516	0.80746
517	0.79102
518	0.77458
519	0.76754
520	0.7605
521	0.74038
522	0.72026
523	0.72032
524	0.72039
525	0.71781
526	0.71522
527	0.60847
528	0.50172
529	0.32612
530	0.15051
531	0.09167
532	0.03283
533	0.0211
534	0.00937
535	0.00658
536	0.00379
537	0.00289
538	0.00199
539	0.00159
540	0.00119
541	0.001
542	8.12E-04
543	6.58E-04
544	5.03E-04
545	5.01E-04
546	4.99E-04
547	4.43E-04
548	3.87E-04
549	3.73E-04
550	3.59E-04
551	3.42E-04
552	3.25E-04
553	3.14E-04
554	3.03E-04
555	3.19E-04
556	3.35E-04
557	3.36E-04
558	3.36E-04
559	3.24E-04
560	3.13E-04
561	3.01E-04
562	2.9E-04
563	2.73E-04
564	2.56E-04
565	2.93E-04
566	3.3E-04
567	3.16E-04
568	3.03E-04
569	2.76E-04
570	2.5E-04
571	2.68E-04
572	2.85E-04
573	3.07E-04
574	3.29E-04
575	3.26E-04
576	3.22E-04
577	3.17E-04
578	3.12E-04
579	3.2E-04
580	3.28E-04
581	3.09E-04
582	2.9E-04
583	2.97E-04
584	3.04E-04
585	2.96E-04
586	2.89E-04
587	2.9E-04
588	2.91E-04
589	3.14E-04
590	3.37E-04
591	3.23E-04
592	3.08E-04
593	2.92E-04
594	2.76E-04
595	2.95E-04
596	3.14E-04
597	2.98E-04
598	2.82E-04
599	2.65E-04
600	2.47E-04
601	1.58E-04
602	7.01E-05
603	9.25E-05
604	1.15E-04
605	9.85E-05
606	8.21E-05
607	8.15E-05
608	8.1E-05
609	7.87E-05
610	7.65E-05
611	7.73E-05
612	7.81E-05
613	7.94E-05
614	8.07E-05
615	7.13E-05
616	6.18E-05
617	5.62E-05
618	5.05E-05
619	6.62E-05
620	8.18E-05
621	9.06E-05
622	9.94E-05
623	8.35E-05
624	6.76E-05
625	7.56E-05
626	8.35E-05
627	8.17E-05
628	7.99E-05
629	7.71E-05
630	7.43E-05
631	5.88E-05
632	4.34E-05
633	5.59E-05
634	6.85E-05
635	6.13E-05
636	5.4E-05
637	6.14E-05
638	6.87E-05
639	7.62E-05
640	8.37E-05
641	8.28E-05
642	8.2E-05
643	7.53E-05
644	6.86E-05
645	5.91E-05
646	4.96E-05
647	5.89E-05
648	6.83E-05
649	6.91E-05
650	6.98E-05
651	7.99E-05
652	9E-05
653	7.86E-05
654	6.72E-05
655	7.05E-05
656	7.39E-05
657	6.44E-05
658	5.5E-05
659	6.84E-05
660	8.17E-05
661	7.53E-05
662	6.88E-05
663	6.88E-05
664	6.88E-05
665	7.23E-05
666	7.59E-05
667	8.92E-05
668	1.02E-04
669	1.05E-04
670	1.07E-04
671	8.61E-05
672	6.5E-05
673	6.38E-05
674	6.27E-05
675	5.79E-05
676	5.32E-05
677	6.29E-05
678	7.26E-05
679	7.45E-05
680	7.65E-05
681	7.19E-05
682	6.72E-05
683	9.11E-05
684	1.15E-04
685	1.18E-04
686	1.2E-04
687	8.72E-05
688	5.38E-05
689	6.84E-05
690	8.3E-05
691	6.21E-05
692	4.12E-05
693	4.82E-05
694	5.51E-05
695	5.89E-05
696	6.27E-05
697	5.63E-05
698	4.98E-05
699	6.1E-05
700	7.21E-05
701	6.56E-05
702	5.91E-05
703	4.75E-05
704	3.6E-05
705	4.21E-05
706	4.82E-05
707	6.22E-05
708	7.62E-05
709	1.23E-04
710	1.71E-04
711	3.52E-04
712	5.33E-04
713	3.94E-04
714	2.55E-04
715	1.63E-04
716	7.16E-05
717	7.44E-05
718	7.73E-05
719	7.32E-05
720	6.91E-05
721	6.02E-05
722	5.13E-05
723	4.48E-05
724	3.84E-05
725	5.37E-05
726	6.9E-05
727	6.66E-05
728	6.43E-05
729	6.86E-05
730	7.29E-05
731	6.37E-05
732	5.45E-05
733	6.89E-05
734	8.32E-05
735	9.64E-05
736	1.1E-04
737	8.88E-05
738	6.8E-05
739	6.43E-05
740	6.06E-05
741	6.95E-05
742	7.84E-05
743	6.13E-05
744	4.41E-05
745	6.2E-05
746	7.99E-05
747	6.57E-05
748	5.15E-05
749	6.02E-05
750	6.89E-05
751	6.81E-05
752	6.73E-05
753	6.88E-05
754	7.03E-05
755	7E-05
756	6.97E-05
757	6.33E-05
758	5.68E-05
759	5.18E-05
760	4.68E-05
761	4.99E-05
762	5.3E-05
763	6.88E-05
764	8.46E-05
765	7.5E-05
766	6.53E-05
767	6.2E-05
768	5.87E-05
769	6.11E-05
770	6.35E-05
771	8.88E-05
772	1.14E-04
773	8.15E-05
774	4.89E-05
775	5.63E-05
776	6.36E-05
777	5.25E-05
778	4.14E-05
779	5.91E-05
780	7.68E-05
781	7.19E-05
782	6.71E-05
783	7.11E-05
784	7.52E-05
785	6.96E-05
786	6.4E-05
787	5.43E-05
788	4.47E-05
789	4.09E-05
790	3.71E-05
791	4.69E-05
792	5.68E-05
793	8.07E-05
794	1.05E-04
795	6.97E-05
796	3.47E-05
797	4.56E-05
798	5.64E-05
799	6.06E-05
800	6.48E-05
801	6.98E-05
802	7.47E-05
803	8.77E-05
804	1.01E-04
805	9.43E-05
806	8.8E-05
807	8.36E-05
808	7.93E-05
809	8.35E-05
810	8.77E-05
811	9.08E-05
812	9.39E-05
813	8.93E-05
814	8.48E-05
815	8.87E-05
816	9.27E-05
817	7.31E-05
818	5.35E-05
819	5.31E-05
820	5.27E-05
821	6.52E-05
822	7.77E-05
823	5.48E-05
824	3.2E-05
825	2.94E-05
826	2.69E-05
827	4.67E-05
828	6.65E-05
829	6.67E-05
830	6.69E-05
831	6.57E-05
832	6.45E-05
833	7.46E-05
834	8.48E-05
835	6.75E-05
836	5.02E-05
837	5.66E-05
838	6.3E-05
839	7.74E-05
840	9.18E-05
841	7.88E-05
842	6.59E-05
843	6.81E-05
844	7.03E-05
845	5.5E-05
846	3.97E-05
847	5.19E-05
848	6.42E-05
849	7.9E-05
850	9.38E-05
851	9.22E-05
852	9.07E-05
853	7.82E-05
854	6.57E-05
855	5.45E-05
856	4.33E-05
857	4.79E-05
858	5.25E-05
859	5.44E-05
860	5.63E-05
861	6.2E-05
862	6.78E-05
863	5.67E-05
864	4.56E-05
865	6.1E-05
866	7.63E-05
867	5.59E-05
868	3.55E-05
869	4.45E-05
870	5.35E-05
871	6.41E-05
872	7.47E-05
873	5.7E-05
874	3.94E-05
875	5.16E-05
876	6.38E-05
877	4.79E-05
878	3.2E-05
879	3.43E-05
880	3.65E-05
881	5.01E-05
882	6.38E-05
883	7.16E-05
884	7.94E-05
885	4.76E-05
886	1.58E-05
887	3.5E-05
888	5.43E-05
889	5.89E-05
890	6.35E-05
891	5.43E-05
892	4.51E-05
893	4.62E-05
894	4.72E-05
895	4.73E-05
896	4.74E-05
897	6.9E-05
898	9.06E-05
899	7.06E-05
900	5.06E-05
901	6.07E-05
902	7.07E-05
903	4.22E-05
904	1.38E-05
905	3.89E-05
906	6.4E-05
907	5.26E-05
908	4.12E-05
909	4.08E-05
910	4.04E-05
911	5.47E-05
912	6.89E-05
913	5.04E-05
914	3.19E-05
915	3.43E-05
916	3.67E-05
917	5.53E-05
918	7.39E-05
919	5.07E-05
920	2.75E-05
921	4.43E-05
922	6.1E-05
923	6.14E-05
924	6.18E-05
925	4.89E-05
926	3.59E-05
927	3.91E-05
928	4.22E-05
929	4.47E-05
930	4.72E-05
931	5.28E-05
932	5.83E-05
933	5.6E-05
934	5.36E-05
935	4.93E-05
936	4.5E-05
937	4.94E-05
938	5.37E-05
939	5.41E-05
940	5.44E-05
941	5.49E-05
942	5.54E-05
943	4.33E-05
944	3.11E-05
945	2.88E-05
946	2.66E-05
947	2.93E-05
948	3.21E-05
949	3.53E-05
950	3.85E-05
951	3.61E-05
952	3.37E-05
953	3.18E-05
954	2.99E-05
955	3.96E-05
956	4.92E-05
957	4.56E-05
958	4.21E-05
959	4.45E-05
960	4.7E-05
961	3.96E-05
962	3.23E-05
963	4.46E-05
964	5.69E-05
965	4.13E-05
966	2.57E-05
967	3E-05
968	3.43E-05
969	4.24E-05
970	5.05E-05
971	4.91E-05
972	4.76E-05
973	5.04E-05
974	5.32E-05
975	5.53E-05
976	5.74E-05
977	4.71E-05
978	3.68E-05
979	5.12E-05
980	6.56E-05
981	5.03E-05
982	3.5E-05
983	5.54E-05
984	7.58E-05
985	7.03E-05
986	6.49E-05
987	6.48E-05
988	6.47E-05
989	5.58E-05
990	4.69E-05
991	4.36E-05
992	4.04E-05
993	3.68E-05
994	3.33E-05
995	2.88E-05
996	2.42E-05
997	3.39E-05
998	4.37E-05
999	4.25E-05
1000	4.12E-05
;;
;; BAND B2
400	0.00749
401	0.00736
402	0.00723
403	0.00687
404	0.00651
405	0.007
406	0.00748
407	0.00695
408	0.00643
409	0.00638
410	0.00633
411	0.00574
412	0.00516
413	0.00545
414	0.00574
415	0.00574
416	0.00573
417	0.00551
418	0.00529
419	0.0054
420	0.00552
421	0.00548
422	0.00545
423	0.00528
424	0.00512
425	0.00508
426	0.00505
427	0.00499
428	0.00493
429	0.00497
430	0.005
431	0.00509
432	0.00518
433	0.00509
434	0.00501
435	0.00432
436	0.00363
437	0.00326
438	0.00289
439	0.00254
440	0.00219
441	0.00233
442	0.00247
443	0.0023
444	0.00213
445	0.0021
446	0.00208
447	0.00237
448	0.00266
449	0.00246
450	0.00227
451	0.00221
452	0.00215
453	0.00222
454	0.00228
455	0.00239
456	0.00249
457	0.00243
458	0.00238
459	0.00232
460	0.00226
461	0.00221
462	0.00215
463	0.00224
464	0.00232
465	0.00212
466	0.00192
467	0.0019
468	0.00187
469	0.00204
470	0.0022
471	0.00214
472	0.00209
473	0.00207
474	0.00205
475	0.00206
476	0.00207
477	0.00203
478	0.00198
479	0.00178
480	0.00158
481	0.00182
482	0.00206
483	0.00187
484	0.00169
485	0.00172
486	0.00175
487	0.00164
488	0.00153
489	0.00134
490	0.00114
491	0.00112
492	0.0011
493	0.00105
494	9.93E-04
495	9.55E-04
496	9.18E-04
497	8.42E-04
498	7.67E-04
499	8.32E-04
500	8.97E-04
501	9.26E-04
502	9.54E-04
503	8.78E-04
504	8.02E-04
505	9.7E-04
506	0.00114
507	0.00135
508	0.00157
509	0.00255
510	0.00353
511	0.00692
512	0.01031
513	0.01966
514	0.02901
515	0.0519
516	0.07479
517	0.13624
518	0.19769
519	0.34574
520	0.49378
521	0.64071
522	0.78765
523	0.85244
524	0.91724
525	0.94113
526	0.96501
527	0.98251
528	1
529	0.99511
530	0.99023
531	0.96376
532	0.93729
533	0.90675
534	0.87622
535	0.85754
536	0.83886
537	0.84126
538	0.84366
539	0.85904
540	0.87442
541	0.89782
542	0.92121
543	0.92693
544	0.93265
545	0.92104
546	0.90943
547	0.89635
548	0.88327
549	0.85627
550	0.82927
551	0.82067
552	0.81207
553	0.81071
554	0.80935
555	0.82071
556	0.83206
557	0.84164
558	0.85122
559	0.85477
560	0.85833
561	0.85978
562	0.86123
563	0.84621
564	0.83119
565	0.81594
566	0.80068
567	0.78809
568	0.77551
569	0.76881
570	0.76211
571	0.7628
572	0.76349
573	0.77233
574	0.78116
575	0.78596
576	0.79076
577	0.79201
578	0.79327
579	0.788
580	0.78273
581	0.77236
582	0.76199
583	0.74769
584	0.7334
585	0.7215
586	0.7096
587	0.7042
588	0.69881
589	0.70092
590	0.70303
591	0.71121
592	0.71938
593	0.71998
594	0.72058
595	0.71483
596	0.70908
597	0.68706
598	0.66504
599	0.59043
600	0.51581
601	0.36163
602	0.20746
603	0.12591
604	0.04437
605	0.0276
606	0.01084
607	0.00723
608	0.00363
609	0.00261
610	0.00159
611	0.00122
612	8.58E-04
613	6.77E-04
614	4.96E-04
615	4.33E-04
616	3.69E-04
617	3.54E-04
618	3.38E-04
619	2.99E-04
620	2.61E-04
621	2.65E-04
622	2.69E-04
623	2.68E-04
624	2.67E-04
625	2.36E-04
626	2.06E-04
627	2.2E-04
628	2.35E-04
629	2.17E-04
630	1.99E-04
631	2.13E-04
632	2.26E-04
633	2.19E-04
634	2.11E-04
635	2.15E-04
636	2.18E-04
637	2.08E-04
638	1.98E-04
639	2.01E-04
640	2.03E-04
641	2.3E-04
642	2.57E-04
643	2.55E-04
644	2.52E-04
645	2.09E-04
646	1.66E-04
647	2.05E-04
648	2.44E-04
649	2.36E-04
650	2.28E-04
651	2.17E-04
652	2.07E-04
653	2.11E-04
654	2.15E-04
655	2.25E-04
656	2.35E-04
657	2.14E-04
658	1.92E-04
659	2.05E-04
660	2.18E-04
661	1.87E-04
662	1.56E-04
663	1.87E-04
664	2.17E-04
665	2.05E-04
666	1.93E-04
667	1.94E-04
668	1.95E-04
669	2.05E-04
670	2.15E-04
671	2.09E-04
672	2.03E-04
673	2.01E-04
674	1.99E-04
675	2.2E-04
676	2.4E-04
677	2.29E-04
678	2.19E-04
679	2.14E-04
680	2.08E-04
681	2.24E-04
682	2.4E-04
683	2.18E-04
684	1.96E-04
685	2.2E-04
686	2.44E-04
687	2.63E-04
688	2.82E-04
689	2.55E-04
690	2.27E-04
691	2.28E-04
692	2.29E-04
693	2.53E-04
694	2.77E-04
695	2.67E-04
696	2.57E-04
697	2.66E-04
698	2.74E-04
699	2.63E-04
700	2.51E-04
701	2.45E-04
702	2.39E-04
703	2.17E-04
704	1.95E-04
705	2.22E-04
706	2.5E-04
707	2.66E-04
708	2.81E-04
709	2.58E-04
710	2.35E-04
711	2.37E-04
712	2.39E-04
713	2.13E-04
714	1.87E-04
715	1.98E-04
716	2.1E-04
717	2.21E-04
718	2.31E-04
719	2.3E-04
720	2.3E-04
721	2.38E-04
722	2.47E-04
723	2.51E-04
724	2.55E-04
725	2.25E-04
726	1.94E-04
727	2.5E-04
728	3.06E-04
729	2.75E-04
730	2.44E-04
731	2.51E-04
732	2.58E-04
733	2.64E-04
734	2.7E-04
735	2.83E-04
736	2.97E-04
737	2.71E-04
738	2.44E-04
739	2.65E-04
740	2.86E-04
741	2.76E-04
742	2.65E-04
743	2.78E-04
744	2.91E-04
745	2.78E-04
746	2.64E-04
747	2.74E-04
748	2.84E-04
749	2.7E-04
750	2.55E-04
751	2.98E-04
752	3.4E-04
753	3.1E-04
754	2.79E-04
755	2.78E-04
756	2.77E-04
757	2.86E-04
758	2.95E-04
759	2.98E-04
760	3.01E-04
761	2.94E-04
762	2.87E-04
763	3.08E-04
764	3.29E-04
765	2.93E-04
766	2.57E-04
767	2.62E-04
768	2.67E-04
769	2.69E-04
770	2.71E-04
771	2.98E-04
772	3.26E-04
773	3.6E-04
774	3.93E-04
775	3.38E-04
776	2.82E-04
777	2.36E-04
778	1.9E-04
779	2.35E-04
780	2.8E-04
781	2.83E-04
782	2.86E-04
783	2.51E-04
784	2.17E-04
785	2.3E-04
786	2.43E-04
787	2.69E-04
788	2.95E-04
789	2.7E-04
790	2.44E-04
791	2.64E-04
792	2.84E-04
793	2.66E-04
794	2.47E-04
795	2.67E-04
796	2.87E-04
797	2.92E-04
798	2.97E-04
799	2.73E-04
800	2.5E-04
801	2.95E-04
802	3.41E-04
803	3.14E-04
804	2.87E-04
805	3.08E-04
806	3.28E-04
807	4.13E-04
808	4.98E-04
809	9.65E-04
810	0.00143
811	0.00103
812	6.32E-04
813	4.84E-04
814	3.35E-04
815	3.3E-04
816	3.25E-04
817	2.94E-04
818	2.63E-04
819	2.68E-04
820	2.74E-04
821	2.91E-04
822	3.08E-04
823	2.71E-04
824	2.35E-04
825	2.23E-04
826	2.11E-04
827	2.16E-04
828	2.21E-04
829	2.5E-04
830	2.8E-04
831	2.41E-04
832	2.02E-04
833	2.22E-04
834	2.41E-04
835	2.3E-04
836	2.2E-04
837	2.64E-04
838	3.09E-04
839	2.98E-04
840	2.88E-04
841	3.22E-04
842	3.56E-04
843	3.54E-04
844	3.52E-04
845	3.57E-04
846	3.62E-04
847	3.44E-04
848	3.27E-04
849	3.02E-04
850	2.77E-04
851	2.73E-04
852	2.69E-04
853	2.66E-04
854	2.63E-04
855	2.38E-04
856	2.13E-04
857	2.4E-04
858	2.67E-04
859	2.47E-04
860	2.28E-04
861	1.88E-04
862	1.48E-04
863	2.01E-04
864	2.55E-04
865	2.22E-04
866	1.89E-04
867	2.07E-04
868	2.26E-04
869	2.37E-04
870	2.47E-04
871	2.08E-04
872	1.69E-04
873	1.75E-04
874	1.8E-04
875	1.7E-04
876	1.61E-04
877	1.72E-04
878	1.83E-04
879	1.89E-04
880	1.94E-04
881	1.6E-04
882	1.26E-04
883	1.36E-04
884	1.46E-04
885	1.5E-04
886	1.55E-04
887	1.5E-04
888	1.44E-04
889	1.5E-04
890	1.56E-04
891	1.58E-04
892	1.6E-04
893	1.5E-04
894	1.39E-04
895	1.43E-04
896	1.48E-04
897	1.36E-04
898	1.25E-04
899	1.24E-04
900	1.23E-04
901	7.87E-05
902	3.42E-05
903	4.79E-05
904	6.15E-05
905	5.7E-05
906	5.25E-05
907	4.06E-05
908	2.87E-05
909	3.68E-05
910	4.48E-05
911	4.98E-05
912	5.48E-05
913	4.39E-05
914	3.29E-05
915	5.1E-05
916	6.91E-05
917	5.71E-05
918	4.5E-05
919	2.26E-05
920	1.3E-07
921	8.79E-06
922	1.75E-05
923	4.88E-05
924	8.02E-05
925	7.93E-05
926	7.84E-05
927	7.51E-05
928	7.18E-05
929	6.34E-05
930	5.49E-05
931	6.46E-05
932	7.42E-05
933	6.46E-05
934	5.5E-05
935	4.77E-05
936	4.04E-05
937	2.83E-05
938	1.63E-05
939	8.89E-06
940	1.49E-06
941	2.57E-05
942	5E-05
943	2.84E-05
944	6.74E-06
945	2.07E-05
946	3.47E-05
947	3.39E-05
948	3.31E-05
949	1.34E-05
950	-6.23E-06
951	2.28E-05
952	5.18E-05
953	6.42E-05
954	7.66E-05
955	6.98E-05
956	6.29E-05
957	5.62E-05
958	4.95E-05
959	3.33E-05
960	1.7E-05
961	2.41E-05
962	3.13E-05
963	3.62E-05
964	4.1E-05
965	5.44E-05
966	6.78E-05
967	4.08E-05
968	1.38E-05
969	6.99E-06
970	1.5E-07
971	2.34E-05
972	4.67E-05
973	3.25E-05
974	1.82E-05
975	2.38E-05
976	2.94E-05
977	2.75E-05
978	2.56E-05
979	2.58E-05
980	2.59E-05
981	4.71E-05
982	6.84E-05
983	6.27E-05
984	5.69E-05
985	5.41E-05
986	5.12E-05
987	4.46E-05
988	3.79E-05
989	3.71E-05
990	3.63E-05
991	4.68E-05
992	5.73E-05
993	4.74E-05
994	3.74E-05
995	2.67E-05
996	1.6E-05
997	4.21E-05
998	6.82E-05
999	4.22E-05
1000	1.62E-05
;;
;; BAND B3
400	0.00935
401	0.01087
402	0.0124
403	0.01226
404	0.01212
405	0.01233
406	0.01254
407	0.01214
408	0.01174
409	0.01175
410	0.01175
411	0.01033
412	0.00891
413	0.00895
414	0.00898
415	0.00888
416	0.00877
417	0.00909
418	0.00941
419	0.00931
420	0.0092
421	0.00861
422	0.00802
423	0.00776
424	0.00749
425	0.00718
426	0.00686
427	0.00695
428	0.00703
429	0.00714
430	0.00725
431	0.00698
432	0.00671
433	0.00702
434	0.00733
435	0.00637
436	0.00541
437	0.00525
438	0.00509
439	0.00462
440	0.00415
441	0.00374
442	0.00333
443	0.00269
444	0.00204
445	0.00227
446	0.00249
447	0.00261
448	0.00272
449	0.00263
450	0.00254
451	0.00263
452	0.00272
453	0.00266
454	0.0026
455	0.00251
456	0.00241
457	0.00272
458	0.00302
459	0.00357
460	0.00413
461	0.00419
462	0.00425
463	0.00445
464	0.00465
465	0.00501
466	0.00537
467	0.00516
468	0.00495
469	0.005
470	0.00506
471	0.00524
472	0.00541
473	0.00507
474	0.00473
475	0.00459
476	0.00446
477	0.00462
478	0.00477
479	0.0046
480	0.00442
481	0.00432
482	0.00423
483	0.00422
484	0.00422
485	0.00403
486	0.00384
487	0.00367
488	0.00351
489	0.0036
490	0.00369
491	0.00361
492	0.00354
493	0.00352
494	0.0035
495	0.00364
496	0.00378
497	0.0035
498	0.00321
499	0.003
500	0.00279
501	0.00233
502	0.00186
503	0.00158
504	0.00129
505	0.00103
506	7.73E-04
507	9.63E-04
508	0.00115
509	0.00112
510	0.00109
511	0.00113
512	0.00116
513	0.00101
514	8.5E-04
515	0.00102
516	0.00118
517	0.00109
518	9.96E-04
519	0.00125
520	0.0015
521	0.00155
522	0.0016
523	0.00159
524	0.00158
525	0.00147
526	0.00136
527	0.00142
528	0.00147
529	0.00151
530	0.00155
531	0.00143
532	0.00131
533	0.00128
534	0.00124
535	0.00133
536	0.00142
537	0.00135
538	0.00128
539	0.00126
540	0.00123
541	0.00116
542	0.00109
543	0.00117
544	0.00126
545	0.00117
546	0.00108
547	0.00106
548	0.00104
549	9.96E-04
550	9.53E-04
551	9.67E-04
552	9.82E-04
553	9.65E-04
554	9.48E-04
555	9.02E-04
556	8.55E-04
557	9.1E-04
558	9.66E-04
559	9E-04
560	8.35E-04
561	7.62E-04
562	6.88E-04
563	5.53E-04
564	4.18E-04
565	4.71E-04
566	5.24E-04
567	4.29E-04
568	3.33E-04
569	3.34E-04
570	3.35E-04
571	3.02E-04
572	2.68E-04
573	3.45E-04
574	4.23E-04
575	4.23E-04
576	4.23E-04
577	3.93E-04
578	3.64E-04
579	3.86E-04
580	4.09E-04
581	4.59E-04
582	5.1E-04
583	4.67E-04
584	4.24E-04
585	4.51E-04
586	4.78E-04
587	4.37E-04
588	3.96E-04
589	3.26E-04
590	2.57E-04
591	3.16E-04
592	3.75E-04
593	3.22E-04
594	2.69E-04
595	2.24E-04
596	1.79E-04
597	2.2E-04
598	2.6E-04
599	2.39E-04
600	2.17E-04
601	3.06E-04
602	3.95E-04
603	4.09E-04
604	4.23E-04
605	3.7E-04
606	3.17E-04
607	3.37E-04
608	3.56E-04
609	3.4E-04
610	3.23E-04
611	3.78E-04
612	4.34E-04
613	4.95E-04
614	5.56E-04
615	6.46E-04
616	7.36E-04
617	9.33E-04
618	0.00113
619	0.00138
620	0.00162
621	0.00233
622	0.00305
623	0.00462
624	0.00619
625	0.01091
626	0.01564
627	0.03059
628	0.04554
629	0.09427
630	0.14299
631	0.25993
632	0.37687
633	0.5287
634	0.68053
635	0.76611
636	0.85168
637	0.88209
638	0.9125
639	0.92723
640	0.94195
641	0.94482
642	0.94769
643	0.94256
644	0.93742
645	0.93161
646	0.9258
647	0.92312
648	0.92044
649	0.92262
650	0.9248
651	0.9308
652	0.93681
653	0.95327
654	0.96973
655	0.98038
656	0.99102
657	0.99547
658	0.99991
659	0.99995
660	1
661	0.99256
662	0.98512
663	0.97383
664	0.96253
665	0.9509
666	0.93927
667	0.92721
668	0.91515
669	0.90402
670	0.89288
671	0.88603
672	0.87918
673	0.8771
674	0.87503
675	0.87939
676	0.88374
677	0.88923
678	0.89472
679	0.90388
680	0.91305
681	0.91477
682	0.9165
683	0.91303
684	0.90956
685	0.9014
686	0.89325
687	0.87106
688	0.84886
689	0.76207
690	0.67529
691	0.50275
692	0.33021
693	0.21403
694	0.09785
695	0.06297
696	0.02809
697	0.01902
698	0.00996
699	0.00713
700	0.0043
701	0.00325
702	0.0022
703	0.00176
704	0.00132
705	0.00105
706	7.95E-04
707	6.66E-04
708	5.37E-04
709	5.25E-04
710	5.14E-04
711	4.59E-04
712	4.05E-04
713	3.61E-04
714	3.16E-04
715	3.27E-04
716	3.38E-04
717	3.13E-04
718	2.88E-04
719	2.48E-04
720	2.09E-04
721	2.29E-04
722	2.5E-04
723	2.17E-04
724	1.84E-04
725	1.94E-04
726	2.04E-04
727	2.01E-04
728	1.98E-04
729	2.33E-04
730	2.69E-04
731	2.46E-04
732	2.24E-04
733	2.47E-04
734	2.7E-04
735	2.66E-04
736	2.62E-04
737	2.53E-04
738	2.43E-04
739	2.4E-04
740	2.36E-04
741	2.4E-04
742	2.43E-04
743	2.03E-04
744	1.64E-04
745	2E-04
746	2.37E-04
747	2.13E-04
748	1.9E-04
749	2.25E-04
750	2.6E-04
751	3.04E-04
752	3.48E-04
753	3.4E-04
754	3.31E-04
755	3.2E-04
756	3.09E-04
757	2.79E-04
758	2.48E-04
759	2.71E-04
760	2.94E-04
761	2.75E-04
762	2.56E-04
763	3.05E-04
764	3.55E-04
765	3.46E-04
766	3.37E-04
767	2.48E-04
768	1.6E-04
769	2.09E-04
770	2.58E-04
771	3.18E-04
772	3.78E-04
773	3.13E-04
774	2.48E-04
775	2.71E-04
776	2.94E-04
777	3.19E-04
778	3.44E-04
779	2.89E-04
780	2.34E-04
781	2.63E-04
782	2.93E-04
783	3.22E-04
784	3.52E-04
785	3.35E-04
786	3.18E-04
787	3.11E-04
788	3.04E-04
789	2.81E-04
790	2.58E-04
791	2.76E-04
792	2.95E-04
793	2.62E-04
794	2.29E-04
795	2.42E-04
796	2.54E-04
797	2.95E-04
798	3.36E-04
799	3.23E-04
800	3.1E-04
801	2.53E-04
802	1.96E-04
803	2.08E-04
804	2.2E-04
805	3.61E-04
806	5.02E-04
807	5.13E-04
808	5.25E-04
809	4.44E-04
810	3.63E-04
811	4.32E-04
812	5.01E-04
813	4.18E-04
814	3.36E-04
815	3.4E-04
816	3.45E-04
817	3.25E-04
818	3.05E-04
819	3.7E-04
820	4.34E-04
821	3.32E-04
822	2.31E-04
823	3.27E-04
824	4.23E-04
825	3.82E-04
826	3.41E-04
827	3.56E-04
828	3.7E-04
829	3.8E-04
830	3.9E-04
831	3.61E-04
832	3.32E-04
833	3.87E-04
834	4.43E-04
835	3.8E-04
836	3.18E-04
837	3.79E-04
838	4.41E-04
839	3.99E-04
840	3.58E-04
841	4.12E-04
842	4.66E-04
843	3.7E-04
844	2.74E-04
845	2.53E-04
846	2.32E-04
847	2.74E-04
848	3.15E-04
849	3.44E-04
850	3.73E-04
851	3.36E-04
852	2.99E-04
853	2.92E-04
854	2.85E-04
855	3.16E-04
856	3.47E-04
857	3.7E-04
858	3.93E-04
859	3.72E-04
860	3.51E-04
861	3.46E-04
862	3.42E-04
863	3.32E-04
864	3.21E-04
865	3.52E-04
866	3.82E-04
867	3.12E-04
868	2.43E-04
869	3.08E-04
870	3.73E-04
871	3.55E-04
872	3.37E-04
873	3.13E-04
874	2.89E-04
875	3.55E-04
876	4.22E-04
877	4.48E-04
878	4.75E-04
879	3.98E-04
880	3.22E-04
881	3.45E-04
882	3.68E-04
883	3.3E-04
884	2.91E-04
885	2.51E-04
886	2.1E-04
887	2.02E-04
888	1.93E-04
889	1.91E-04
890	1.89E-04
891	2.22E-04
892	2.55E-04
893	2.87E-04
894	3.19E-04
895	2.63E-04
896	2.06E-04
897	2.18E-04
898	2.3E-04
899	1.7E-04
900	1.1E-04
901	6.83E-05
902	2.63E-05
903	7.34E-05
904	1.21E-04
905	9.53E-05
906	7E-05
907	4.73E-05
908	2.45E-05
909	1.65E-05
910	8.57E-06
911	5.78E-05
912	1.07E-04
913	5.74E-05
914	7.89E-06
915	-2.2E-05
916	-5.18E-05
917	-1.99E-05
918	1.21E-05
919	-9.73E-06
920	-3.16E-05
921	3.85E-05
922	1.09E-04
923	9.46E-05
924	8.07E-05
925	2.91E-05
926	-2.24E-05
927	1.13E-04
928	2.49E-04
929	4.11E-04
930	5.73E-04
931	3.73E-04
932	1.72E-04
933	1.64E-04
934	1.57E-04
935	1.13E-04
936	6.86E-05
937	1.15E-04
938	1.62E-04
939	1.41E-04
940	1.2E-04
941	7.54E-05
942	3.12E-05
943	5.62E-05
944	8.13E-05
945	9.5E-05
946	1.09E-04
947	1.1E-04
948	1.12E-04
949	4.92E-05
950	-1.37E-05
951	1.52E-05
952	4.41E-05
953	8.77E-05
954	1.31E-04
955	6.21E-05
956	-7.13E-06
957	4.11E-05
958	8.92E-05
959	5.29E-05
960	1.65E-05
961	1.27E-05
962	8.93E-06
963	3.19E-05
964	5.49E-05
965	9.47E-05
966	1.34E-04
967	1.38E-04
968	1.41E-04
969	1.38E-04
970	1.36E-04
971	1.2E-04
972	1.03E-04
973	7.61E-05
974	4.87E-05
975	1.11E-04
976	1.74E-04
977	1.56E-04
978	1.38E-04
979	1.07E-04
980	7.46E-05
981	4.47E-05
982	1.48E-05
983	4.76E-05
984	8.05E-05
985	2.92E-05
986	-2.2E-05
987	1.29E-06
988	2.46E-05
989	1.19E-05
990	-7.98E-07
991	4.14E-05
992	8.35E-05
993	5.84E-05
994	3.33E-05
995	2.81E-05
996	2.28E-05
997	3.78E-05
998	5.28E-05
999	7.95E-05
1000	1.06E-04
;;
;; BAND B4
400	0.01715
401	0.0162
402	0.01526
403	0.01396
404	0.01266
405	0.01269
406	0.01273
407	0.01153
408	0.01032
409	0.01078
410	0.01124
411	0.01006
412	0.00889
413	0.00849
414	0.00809
415	0.00824
416	0.00839
417	0.00851
418	0.00863
419	0.00869
420	0.00874
421	0.00854
422	0.00835
423	0.00848
424	0.00861
425	0.00917
426	0.00973
427	0.00923
428	0.00874
429	0.00901
430	0.00929
431	0.00893
432	0.00858
433	0.00853
434	0.00849
435	0.00854
436	0.0086
437	0.00837
438	0.00814
439	0.0083
440	0.00846
441	0.00807
442	0.00767
443	0.00737
444	0.00708
445	0.0077
446	0.00832
447	0.00846
448	0.00861
449	0.00875
450	0.00888
451	0.00839
452	0.00789
453	0.00775
454	0.00761
455	0.00786
456	0.00811
457	0.00814
458	0.00817
459	0.00876
460	0.00934
461	0.00875
462	0.00815
463	0.00773
464	0.00731
465	0.0071
466	0.00689
467	0.00701
468	0.00712
469	0.00705
470	0.00698
471	0.00668
472	0.00638
473	0.00618
474	0.00598
475	0.00573
476	0.00549
477	0.00575
478	0.006
479	0.00576
480	0.00552
481	0.00553
482	0.00553
483	0.00566
484	0.00579
485	0.0053
486	0.00481
487	0.00494
488	0.00507
489	0.00483
490	0.00459
491	0.00463
492	0.00466
493	0.005
494	0.00534
495	0.00521
496	0.00508
497	0.00515
498	0.00523
499	0.00506
500	0.00489
501	0.00486
502	0.00483
503	0.0046
504	0.00437
505	0.00424
506	0.00411
507	0.00426
508	0.00441
509	0.00438
510	0.00435
511	0.00418
512	0.004
513	0.00386
514	0.00371
515	0.00385
516	0.00399
517	0.00377
518	0.00354
519	0.00353
520	0.00353
521	0.00344
522	0.00335
523	0.00338
524	0.0034
525	0.00351
526	0.00361
527	0.00337
528	0.00313
529	0.00293
530	0.00273
531	0.00265
532	0.00256
533	0.00257
534	0.00258
535	0.00248
536	0.00238
537	0.00233
538	0.00229
539	0.00221
540	0.00214
541	0.00218
542	0.00222
543	0.00215
544	0.00209
545	0.00203
546	0.00197
547	0.00193
548	0.00188
549	0.00185
550	0.00181
551	0.00189
552	0.00196
553	0.00192
554	0.00187
555	0.00181
556	0.00176
557	0.00176
558	0.00177
559	0.00181
560	0.00186
561	0.002
562	0.00214
563	0.00215
564	0.00216
565	0.00231
566	0.00245
567	0.00245
568	0.00246
569	0.00229
570	0.00211
571	0.00207
572	0.00202
573	0.00194
574	0.00187
575	0.00188
576	0.00188
577	0.00197
578	0.00205
579	0.00223
580	0.00241
581	0.00212
582	0.00184
583	0.00179
584	0.00174
585	0.00168
586	0.00162
587	0.00166
588	0.0017
589	0.00167
590	0.00165
591	0.00159
592	0.00154
593	0.00149
594	0.00144
595	0.00148
596	0.00152
597	0.00148
598	0.00144
599	0.00141
600	0.00137
601	0.00129
602	0.00121
603	0.00129
604	0.00137
605	0.00134
606	1.32E-03
607	1.33E-03
608	1.35E-03
609	1.27E-03
610	1.19E-03
611	1.15E-03
612	1.11E-03
613	1.1E-03
614	1.1E-03
615	1.07E-03
616	1.03E-03
617	1.04E-03
618	1.04E-03
619	1.04E-03
620	1.04E-03
621	1.01E-03
622	9.85E-04
623	9.85E-04
624	9.86E-04
625	1.01E-03
626	1.03E-03
627	1.05E-03
628	1.07E-03
629	1.1E-03
630	1.13E-03
631	1.13E-03
632	1.13E-03
633	1.15E-03
634	1.18E-03
635	1.22E-03
636	1.27E-03
637	1.25E-03
638	0.00124
639	1.2E-03
640	1.17E-03
641	1.18E-03
642	0.0012
643	1.23E-03
644	1.26E-03
645	1.2E-03
646	1.14E-03
647	1.07E-03
648	1E-03
649	9.85E-04
650	9.69E-04
651	9.12E-04
652	8.55E-04
653	8.26E-04
654	7.96E-04
655	7.98E-04
656	7.99E-04
657	7.75E-04
658	7.51E-04
659	7.24E-04
660	6.96E-04
661	6.59E-04
662	6.21E-04
663	6.84E-04
664	7.47E-04
665	7.31E-04
666	7.15E-04
667	6.99E-04
668	6.82E-04
669	6.34E-04
670	5.86E-04
671	6.12E-04
672	6.39E-04
673	6.61E-04
674	6.82E-04
675	6.65E-04
676	6.47E-04
677	6.79E-04
678	7.1E-04
679	7.13E-04
680	7.17E-04
681	6.66E-04
682	6.15E-04
683	6.52E-04
684	6.89E-04
685	6.54E-04
686	6.2E-04
687	6.45E-04
688	6.71E-04
689	6.34E-04
690	5.96E-04
691	5.83E-04
692	5.7E-04
693	5.78E-04
694	5.86E-04
695	5.97E-04
696	6.08E-04
697	6.04E-04
698	6.01E-04
699	5.97E-04
700	5.92E-04
701	5.59E-04
702	5.25E-04
703	5.68E-04
704	6.1E-04
705	6.01E-04
706	5.93E-04
707	5.35E-04
708	4.78E-04
709	5.05E-04
710	5.32E-04
711	5.2E-04
712	5.07E-04
713	5.49E-04
714	5.92E-04
715	5.97E-04
716	6.03E-04
717	6.16E-04
718	6.28E-04
719	6.31E-04
720	6.33E-04
721	5.88E-04
722	5.43E-04
723	5.64E-04
724	5.85E-04
725	5.56E-04
726	5.28E-04
727	5.06E-04
728	4.83E-04
729	5.38E-04
730	5.92E-04
731	5.39E-04
732	4.86E-04
733	4.99E-04
734	5.12E-04
735	4.97E-04
736	4.82E-04
737	4.57E-04
738	4.32E-04
739	4.21E-04
740	4.1E-04
741	4.84E-04
742	5.58E-04
743	5.46E-04
744	5.35E-04
745	6.12E-04
746	6.9E-04
747	6.05E-04
748	5.2E-04
749	5.98E-04
750	6.76E-04
751	6.95E-04
752	7.13E-04
753	8.73E-04
754	0.00103
755	0.0012
756	0.00136
757	0.00172
758	0.00209
759	0.00277
760	0.00345
761	0.00484
762	0.00623
763	0.00916
764	0.01209
765	0.019
766	0.02591
767	0.04202
768	0.05812
769	0.09455
770	0.13098
771	0.20486
772	0.27874
773	0.38941
774	0.50007
775	0.60959
776	0.71911
777	0.7938
778	0.8685
779	0.90031
780	0.93213
781	0.94118
782	0.95024
783	0.95008
784	0.94992
785	0.94774
786	0.94556
787	0.94221
788	0.93886
789	0.93896
790	0.93907
791	0.94143
792	0.94379
793	0.94564
794	0.9475
795	0.95263
796	0.95777
797	0.96534
798	0.97292
799	0.97788
800	0.98284
801	0.98526
802	0.98767
803	0.99335
804	0.99903
805	0.99951
806	1
807	0.9984
808	0.9968
809	0.98744
810	0.97808
811	0.97054
812	0.963
813	0.95741
814	0.95183
815	0.94533
816	0.93883
817	0.93202
818	0.92521
819	0.92296
820	0.92071
821	0.91789
822	0.91506
823	0.91221
824	0.90936
825	0.91175
826	0.91413
827	0.91322
828	0.91232
829	0.91167
830	0.91103
831	0.90927
832	0.90752
833	0.90599
834	0.90447
835	0.90033
836	0.8962
837	0.88949
838	0.88279
839	0.87528
840	0.86777
841	0.85965
842	0.85152
843	0.84137
844	0.83122
845	0.81779
846	0.80437
847	0.79425
848	0.78413
849	0.77372
850	0.76331
851	0.75499
852	0.74667
853	0.73656
854	0.72645
855	0.72149
856	0.71652
857	0.71118
858	0.70584
859	0.70461
860	0.70338
861	0.70411
862	0.70483
863	0.70844
864	0.71205
865	0.71631
866	0.72058
867	0.72362
868	0.72666
869	0.72853
870	0.7304
871	0.73244
872	0.73448
873	0.73473
874	0.73498
875	0.73355
876	0.73212
877	0.7298
878	0.72747
879	0.72177
880	0.71607
881	0.7121
882	0.70812
883	0.70241
884	0.69671
885	0.68643
886	0.67615
887	0.65987
888	0.64359
889	0.61423
890	0.58487
891	0.53884
892	0.49281
893	0.4303
894	0.36779
895	0.30626
896	0.24473
897	0.19706
898	0.14939
899	0.11809
900	0.08679
901	0.0694
902	0.05202
903	0.04029
904	0.02855
905	0.02237
906	0.01618
907	0.0129
908	0.00963
909	0.0078
910	0.00596
911	0.00482
912	0.00369
913	0.00308
914	0.00248
915	0.00205
916	0.00163
917	0.00142
918	0.0012
919	0.00104
920	8.78E-04
921	7.51E-04
922	6.23E-04
923	5.77E-04
924	5.3E-04
925	4.9E-04
926	4.51E-04
927	4.56E-04
928	4.61E-04
929	4.05E-04
930	3.5E-04
931	3.4E-04
932	3.3E-04
933	2.75E-04
934	2.2E-04
935	2.13E-04
936	2.05E-04
937	2.51E-04
938	2.97E-04
939	2.98E-04
940	3E-04
941	2.61E-04
942	2.22E-04
943	2.12E-04
944	2.02E-04
945	2.28E-04
946	2.54E-04
947	2.6E-04
948	2.66E-04
949	2.11E-04
950	1.55E-04
951	2.02E-04
952	2.49E-04
953	2.65E-04
954	2.8E-04
955	2.77E-04
956	2.75E-04
957	2.39E-04
958	2.04E-04
959	2.12E-04
960	2.2E-04
961	2.51E-04
962	2.83E-04
963	2.4E-04
964	1.98E-04
965	2.04E-04
966	2.11E-04
967	2.3E-04
968	2.5E-04
969	1.92E-04
970	1.34E-04
971	1.26E-04
972	1.18E-04
973	1.71E-04
974	2.24E-04
975	2.31E-04
976	2.38E-04
977	2.05E-04
978	1.73E-04
979	2.29E-04
980	2.85E-04
981	2.48E-04
982	2.1E-04
983	2.13E-04
984	2.16E-04
985	2.42E-04
986	2.69E-04
987	2.4E-04
988	2.11E-04
989	2.09E-04
990	2.06E-04
991	1.96E-04
992	1.85E-04
993	2.23E-04
994	2.62E-04
995	2.87E-04
996	3.13E-04
997	2.89E-04
998	2.65E-04
999	2.73E-04
1000	2.81E-04
;;
;; BAND B5 
400	0.00556
401	0.00523
402	0.0049
403	0.00434
404	0.00379
405	0.00524
406	0.00669
407	0.00699
408	0.00729
409	0.00737
410	0.00744
411	0.00728
412	0.00711
413	0.0074
414	0.00768
415	0.00761
416	0.00754
417	0.00651
418	0.00549
419	0.00546
420	0.00544
421	0.00552
422	0.0056
423	0.00542
424	0.00524
425	0.00504
426	0.00483
427	0.00438
428	0.00392
429	0.00448
430	0.00504
431	0.00421
432	0.00338
433	0.00393
434	0.00449
435	0.00488
436	0.00527
437	0.00563
438	0.00599
439	0.00592
440	0.00586
441	0.00613
442	0.0064
443	0.00622
444	0.00605
445	0.00673
446	0.00741
447	0.00701
448	0.00661
449	0.00646
450	0.0063
451	0.00616
452	0.00601
453	0.00587
454	0.00572
455	0.00585
456	0.00599
457	0.00566
458	0.00533
459	0.00464
460	0.00396
461	0.00358
462	0.0032
463	0.00251
464	0.00182
465	0.00215
466	0.00249
467	0.00232
468	0.00216
469	0.00248
470	0.0028
471	0.00257
472	0.00233
473	0.0022
474	0.00208
475	0.00211
476	0.00215
477	0.00213
478	0.00211
479	0.00219
480	0.00227
481	0.00223
482	0.00219
483	0.00229
484	0.00239
485	0.00257
486	0.00276
487	0.00504
488	0.00732
489	0.00619
490	0.00506
491	0.00339
492	0.00172
493	0.00174
494	0.00176
495	0.00175
496	0.00173
497	0.00222
498	0.00271
499	0.00286
500	0.00301
501	0.00337
502	0.00373
503	0.00364
504	0.00354
505	0.00338
506	0.00322
507	0.00307
508	0.00292
509	0.00296
510	0.00299
511	0.00307
512	0.00315
513	0.00302
514	0.00289
515	0.00286
516	0.00282
517	0.00268
518	0.00254
519	0.00251
520	0.00248
521	0.00234
522	0.00221
523	0.00196
524	0.00171
525	0.00145
526	0.00119
527	0.00106
528	9.22E-04
529	8.03E-04
530	6.83E-04
531	6.24E-04
532	5.66E-04
533	5.37E-04
534	5.09E-04
535	5.27E-04
536	5.44E-04
537	6.69E-04
538	7.94E-04
539	7.08E-04
540	6.22E-04
541	5.87E-04
542	5.52E-04
543	6.93E-04
544	8.34E-04
545	7.32E-04
546	6.3E-04
547	6.8E-04
548	7.3E-04
549	7.38E-04
550	7.46E-04
551	6.64E-04
552	5.82E-04
553	5.39E-04
554	4.96E-04
555	5.97E-04
556	6.98E-04
557	6.89E-04
558	6.81E-04
559	7.05E-04
560	7.3E-04
561	8.01E-04
562	8.72E-04
563	9.36E-04
564	0.001
565	0.00101
566	0.00102
567	9.98E-04
568	9.79E-04
569	9.64E-04
570	9.49E-04
571	9.82E-04
572	0.00102
573	9.71E-04
574	9.27E-04
575	9.27E-04
576	9.27E-04
577	8.35E-04
578	7.44E-04
579	7.99E-04
580	8.55E-04
581	8.34E-04
582	8.13E-04
583	8.46E-04
584	8.79E-04
585	8.31E-04
586	7.84E-04
587	6.9E-04
588	5.97E-04
589	5.65E-04
590	5.34E-04
591	5.46E-04
592	5.59E-04
593	4.6E-04
594	3.61E-04
595	3.76E-04
596	3.9E-04
597	3.23E-04
598	2.56E-04
599	2.62E-04
600	2.69E-04
601	2.38E-04
602	2.08E-04
603	1.95E-04
604	1.82E-04
605	2.29E-04
606	2.77E-04
607	3.24E-04
608	3.71E-04
609	3.63E-04
610	3.55E-04
611	2.59E-04
612	1.63E-04
613	1.74E-04
614	1.86E-04
615	2.88E-04
616	3.9E-04
617	3.24E-04
618	2.59E-04
619	2.43E-04
620	2.27E-04
621	2.82E-04
622	3.37E-04
623	3.74E-04
624	4.11E-04
625	3.17E-04
626	2.23E-04
627	2.46E-04
628	2.68E-04
629	3.18E-04
630	3.67E-04
631	3.06E-04
632	2.44E-04
633	2.83E-04
634	3.22E-04
635	2.74E-04
636	2.26E-04
637	2.75E-04
638	3.24E-04
639	2.82E-04
640	2.4E-04
641	2.77E-04
642	3.15E-04
643	3.1E-04
644	3.04E-04
645	3.13E-04
646	3.22E-04
647	2.91E-04
648	2.61E-04
649	2.78E-04
650	2.96E-04
651	2.7E-04
652	2.45E-04
653	2.16E-04
654	1.87E-04
655	2.17E-04
656	2.46E-04
657	2.64E-04
658	2.83E-04
659	3.01E-04
660	3.2E-04
661	3.27E-04
662	3.34E-04
663	3.02E-04
664	2.7E-04
665	2.52E-04
666	2.35E-04
667	2.56E-04
668	2.78E-04
669	4.04E-04
670	5.3E-04
671	7.32E-04
672	9.33E-04
673	0.00132
674	0.00171
675	0.0028
676	0.00389
677	0.00692
678	0.00994
679	0.02011
680	0.03028
681	0.06763
682	0.10498
683	0.22104
684	0.3371
685	0.51357
686	0.69003
687	0.79351
688	0.897
689	0.92509
690	0.95318
691	0.95226
692	0.95134
693	0.94632
694	0.9413
695	0.93545
696	0.9296
697	0.92686
698	0.92413
699	0.92868
700	0.93323
701	0.94146
702	0.94969
703	0.95691
704	0.96413
705	0.97314
706	0.98216
707	0.98806
708	0.99397
709	0.99698
710	1
711	0.9946
712	0.9892
713	0.98057
714	0.97195
715	0.9632
716	0.95444
717	0.9434
718	0.93236
719	0.90685
720	0.88134
721	0.79207
722	0.7028
723	0.53007
724	0.35735
725	0.23582
726	0.11429
727	0.07448
728	0.03467
729	0.02357
730	0.01247
731	0.00891
732	0.00534
733	0.00395
734	0.00255
735	0.00201
736	0.00146
737	0.00119
738	9.28E-04
739	7.49E-04
740	5.71E-04
741	4.42E-04
742	3.14E-04
743	3.29E-04
744	3.45E-04
745	2.86E-04
746	2.27E-04
747	1.88E-04
748	1.5E-04
749	1.76E-04
750	2.02E-04
751	2.1E-04
752	2.17E-04
753	2.36E-04
754	2.55E-04
755	2.71E-04
756	2.87E-04
757	2.33E-04
758	1.79E-04
759	2.12E-04
760	2.45E-04
761	2.16E-04
762	1.88E-04
763	1.63E-04
764	1.38E-04
765	2.26E-04
766	3.15E-04
767	2.61E-04
768	2.07E-04
769	2.05E-04
770	2.03E-04
771	2.37E-04
772	2.7E-04
773	2.13E-04
774	1.56E-04
775	2.4E-04
776	3.24E-04
777	2.64E-04
778	2.05E-04
779	2.44E-04
780	2.83E-04
781	2.33E-04
782	1.84E-04
783	1.88E-04
784	1.92E-04
785	1.66E-04
786	1.4E-04
787	1.88E-04
788	2.37E-04
789	2.4E-04
790	2.44E-04
791	2.33E-04
792	2.22E-04
793	1.74E-04
794	1.26E-04
795	1.96E-04
796	2.65E-04
797	2.65E-04
798	2.66E-04
799	2.01E-04
800	1.37E-04
801	1.81E-04
802	2.25E-04
803	1.98E-04
804	1.71E-04
805	2.07E-04
806	2.43E-04
807	2.6E-04
808	2.77E-04
809	2.31E-04
810	1.85E-04
811	2.14E-04
812	2.43E-04
813	2.91E-04
814	3.38E-04
815	3.05E-04
816	2.71E-04
817	2.93E-04
818	3.15E-04
819	2.64E-04
820	2.12E-04
821	2.98E-04
822	3.85E-04
823	3.5E-04
824	3.15E-04
825	2.7E-04
826	2.24E-04
827	2.8E-04
828	3.35E-04
829	2.47E-04
830	1.58E-04
831	2.97E-04
832	4.35E-04
833	3.63E-04
834	2.91E-04
835	2.62E-04
836	2.33E-04
837	2.43E-04
838	2.53E-04
839	3.38E-04
840	4.23E-04
841	3.34E-04
842	2.45E-04
843	2.93E-04
844	3.42E-04
845	2.84E-04
846	2.26E-04
847	2.8E-04
848	3.33E-04
849	3.05E-04
850	2.77E-04
851	2.55E-04
852	2.34E-04
853	2.17E-04
854	2E-04
855	1.75E-04
856	1.5E-04
857	2.14E-04
858	2.78E-04
859	2.04E-04
860	1.3E-04
861	1.75E-04
862	2.2E-04
863	1.44E-04
864	6.89E-05
865	1.67E-04
866	2.65E-04
867	2.42E-04
868	2.19E-04
869	2.03E-04
870	1.86E-04
871	2.15E-04
872	2.44E-04
873	2.5E-04
874	2.56E-04
875	2.33E-04
876	2.11E-04
877	2.68E-04
878	3.25E-04
879	3.36E-04
880	3.47E-04
881	3.55E-04
882	3.63E-04
883	3.58E-04
884	3.53E-04
885	2.88E-04
886	2.22E-04
887	2.38E-04
888	2.54E-04
889	2.43E-04
890	2.32E-04
891	3.22E-04
892	4.12E-04
893	3.48E-04
894	2.83E-04
895	2.73E-04
896	2.63E-04
897	2.57E-04
898	2.51E-04
899	2.66E-04
900	2.82E-04
901	2.05E-04
902	1.27E-04
903	9.56E-05
904	6.38E-05
905	1.08E-04
906	1.51E-04
907	1E-04
908	4.88E-05
909	7.36E-05
910	9.83E-05
911	9.85E-05
912	9.87E-05
913	3.32E-05
914	-3.23E-05
915	5.66E-05
916	1.46E-04
917	9.6E-05
918	4.65E-05
919	3E-05
920	1.36E-05
921	2.4E-05
922	3.44E-05
923	6.71E-05
924	9.98E-05
925	6.52E-05
926	3.06E-05
927	6.16E-05
928	9.26E-05
929	1.09E-04
930	1.25E-04
931	8.89E-05
932	5.31E-05
933	6.23E-05
934	7.15E-05
935	5.65E-05
936	4.16E-05
937	5.68E-05
938	7.2E-05
939	7.28E-05
940	7.37E-05
941	7.4E-05
942	7.43E-05
943	3.46E-05
944	-5.07E-06
945	1.9E-05
946	4.31E-05
947	3.41E-05
948	2.51E-05
949	4.24E-05
950	5.97E-05
951	7.19E-05
952	8.41E-05
953	9.99E-05
954	1.16E-04
955	9.66E-05
956	7.75E-05
957	7.46E-05
958	7.17E-05
959	4.63E-05
960	2.1E-05
961	5.55E-05
962	8.99E-05
963	8.88E-05
964	8.76E-05
965	1.45E-04
966	2.02E-04
967	2.42E-04
968	2.82E-04
969	3.84E-04
970	4.85E-04
971	4.43E-04
972	4.01E-04
973	2.66E-04
974	1.31E-04
975	1.53E-04
976	1.74E-04
977	9.73E-05
978	2.04E-05
979	7.44E-05
980	1.28E-04
981	1.28E-04
982	1.27E-04
983	1.29E-04
984	1.31E-04
985	8.26E-05
986	3.46E-05
987	1E-04
988	1.66E-04
989	1.33E-04
990	1E-04
991	7.88E-05
992	5.75E-05
993	7.92E-05
994	1.01E-04
995	1.53E-04
996	2.06E-04
997	1.34E-04
998	6.27E-05
999	1.13E-04
1000	1.63E-04
;;
;; BAND B6
400	0.00659
401	0.00688
402	0.00718
403	0.00778
404	0.00839
405	0.0078
406	0.00721
407	0.00705
408	0.00689
409	0.00714
410	0.00739
411	0.00694
412	0.0065
413	0.00643
414	0.00637
415	0.0061
416	0.00582
417	0.005
418	0.00418
419	0.0047
420	0.00523
421	0.00441
422	0.00358
423	0.00292
424	0.00226
425	0.00235
426	0.00245
427	0.00274
428	0.00302
429	0.00253
430	0.00204
431	0.00255
432	0.00306
433	0.00369
434	0.00432
435	0.00374
436	0.00315
437	0.00345
438	0.00376
439	0.00391
440	0.00407
441	0.00376
442	0.00346
443	0.00376
444	0.00407
445	0.00401
446	0.00395
447	0.00367
448	0.00339
449	0.00344
450	0.0035
451	0.00344
452	0.00337
453	0.00341
454	0.00345
455	0.00351
456	0.00356
457	0.00322
458	0.00288
459	0.00264
460	0.0024
461	0.00225
462	0.00209
463	0.00264
464	0.0032
465	0.00322
466	0.00325
467	0.00362
468	0.00399
469	0.00423
470	0.00446
471	0.00435
472	0.00424
473	0.00471
474	0.00518
475	0.00487
476	0.00457
477	0.00411
478	0.00365
479	0.00396
480	0.00427
481	0.00406
482	0.00384
483	0.00427
484	0.0047
485	0.00496
486	0.00521
487	0.00492
488	0.00462
489	0.00378
490	0.00294
491	0.00253
492	0.00211
493	0.00172
494	0.00133
495	0.00128
496	0.00122
497	0.00128
498	0.00134
499	0.00129
500	0.00123
501	0.00121
502	0.00119
503	0.00162
504	0.00205
505	0.00173
506	0.00141
507	0.00112
508	8.3E-04
509	0.00104
510	0.00124
511	8.97E-04
512	5.51E-04
513	9E-04
514	0.00125
515	0.00168
516	0.00211
517	0.00333
518	0.00456
519	0.00405
520	0.00353
521	2.31E-03
522	1.08E-03
523	8.98E-04
524	7.19E-04
525	6.32E-04
526	5.45E-04
527	7.24E-04
528	9.04E-04
529	0.00108
530	0.00126
531	0.00165
532	0.00204
533	0.00244
534	0.00285
535	0.00239
536	0.00193
537	0.0018
538	0.00167
539	0.0016
540	0.00153
541	0.00168
542	0.00183
543	0.00191
544	0.00199
545	0.00198
546	0.00196
547	0.00171
548	0.00147
549	0.00144
550	0.00141
551	0.00138
552	0.00135
553	0.00137
554	0.0014
555	0.00139
556	0.00138
557	0.00127
558	0.00117
559	0.00107
560	9.73E-04
561	9.31E-04
562	8.9E-04
563	7.96E-04
564	7.01E-04
565	5.52E-04
566	4.03E-04
567	4.15E-04
568	4.28E-04
569	3.07E-04
570	1.86E-04
571	1.62E-04
572	1.37E-04
573	1.87E-04
574	2.37E-04
575	2.02E-04
576	1.66E-04
577	3.31E-04
578	4.96E-04
579	3.74E-04
580	2.53E-04
581	3.15E-04
582	3.77E-04
583	2.78E-04
584	1.78E-04
585	2.03E-04
586	2.27E-04
587	2.37E-04
588	2.48E-04
589	2.65E-04
590	2.83E-04
591	2.92E-04
592	3E-04
593	3.29E-04
594	3.58E-04
595	3.82E-04
596	4.06E-04
597	4.06E-04
598	4.07E-04
599	4.56E-04
600	5.06E-04
601	5.34E-04
602	5.62E-04
603	5.44E-04
604	5.26E-04
605	5.57E-04
606	5.89E-04
607	6.32E-04
608	6.75E-04
609	6.15E-04
610	5.56E-04
611	5.89E-04
612	6.22E-04
613	5.41E-04
614	4.6E-04
615	4.74E-04
616	4.87E-04
617	5.56E-04
618	6.25E-04
619	5.84E-04
620	5.42E-04
621	5.3E-04
622	5.18E-04
623	4.51E-04
624	3.83E-04
625	4.42E-04
626	5E-04
627	4.94E-04
628	4.87E-04
629	4.83E-04
630	4.78E-04
631	4.18E-04
632	3.57E-04
633	2.97E-04
634	2.36E-04
635	2.19E-04
636	2.02E-04
637	1.36E-04
638	6.99E-05
639	1.32E-04
640	1.95E-04
641	1.33E-04
642	7.11E-05
643	8.35E-05
644	9.59E-05
645	1.37E-04
646	1.78E-04
647	2.3E-04
648	2.82E-04
649	2.06E-04
650	1.3E-04
651	1.45E-04
652	1.61E-04
653	1.58E-04
654	1.54E-04
655	1.08E-04
656	6.08E-05
657	1.17E-04
658	1.73E-04
659	1.66E-04
660	1.58E-04
661	1.85E-04
662	2.12E-04
663	2.04E-04
664	1.96E-04
665	1.67E-04
666	1.38E-04
667	1.38E-04
668	1.38E-04
669	1.37E-04
670	1.36E-04
671	1.36E-04
672	1.36E-04
673	1.74E-04
674	2.11E-04
675	1.86E-04
676	1.61E-04
677	1.55E-04
678	1.49E-04
679	1.57E-04
680	1.66E-04
681	2.69E-04
682	3.73E-04
683	2.44E-04
684	1.15E-04
685	1.44E-04
686	1.72E-04
687	1.28E-04
688	8.33E-05
689	1.17E-04
690	1.5E-04
691	2.3E-04
692	3.11E-04
693	2.21E-04
694	1.32E-04
695	2.11E-04
696	2.91E-04
697	2.48E-04
698	2.06E-04
699	2.02E-04
700	1.97E-04
701	1.77E-04
702	1.57E-04
703	1.5E-04
704	1.43E-04
705	1.39E-04
706	1.35E-04
707	1.52E-04
708	1.69E-04
709	1.86E-04
710	2.04E-04
711	3.03E-04
712	4.02E-04
713	4.23E-04
714	4.43E-04
715	5.29E-04
716	6.15E-04
717	8.48E-04
718	0.00108
719	0.00162
720	0.00216
721	0.00337
722	0.00458
723	0.00774
724	0.01091
725	0.0212
726	0.0315
727	0.07075
728	0.11
729	0.23502
730	0.36004
731	0.54659
732	0.73315
733	0.81746
734	0.90177
735	0.91073
736	0.9197
737	0.92808
738	0.93647
739	0.95378
740	0.9711
741	0.98329
742	0.99548
743	0.99774
744	1
745	0.99667
746	0.99334
747	0.98695
748	0.98055
749	0.9758
750	0.97104
751	0.96687
752	0.96269
753	0.96128
754	0.95987
755	0.95892
756	0.95796
757	0.95808
758	0.9582
759	0.95359
760	0.94899
761	0.95321
762	0.95744
763	0.95721
764	0.95698
765	0.95897
766	0.96096
767	0.95913
768	0.95731
769	0.94331
770	0.92931
771	0.84791
772	0.76651
773	0.59102
774	0.41552
775	0.28084
776	0.14616
777	0.09636
778	0.04655
779	0.03155
780	0.01656
781	0.01176
782	0.00697
783	0.00515
784	0.00333
785	0.00256
786	0.0018
787	0.00132
788	8.37E-04
789	7.09E-04
790	5.81E-04
791	5.29E-04
792	4.77E-04
793	4.01E-04
794	3.25E-04
795	3.14E-04
796	3.03E-04
797	2.9E-04
798	2.76E-04
799	2.22E-04
800	1.68E-04
801	1.15E-04
802	6.25E-05
803	1.66E-04
804	2.69E-04
805	1.83E-04
806	9.77E-05
807	1.22E-04
808	1.46E-04
809	1.4E-04
810	1.34E-04
811	1.81E-04
812	2.27E-04
813	1.58E-04
814	8.94E-05
815	1.06E-04
816	1.22E-04
817	1.21E-04
818	1.2E-04
819	1.72E-04
820	2.23E-04
821	1.87E-04
822	1.51E-04
823	1.34E-04
824	1.17E-04
825	8.12E-05
826	4.57E-05
827	5E-05
828	5.44E-05
829	9.83E-05
830	1.42E-04
831	2.05E-04
832	2.67E-04
833	1.67E-04
834	6.73E-05
835	3.56E-05
836	3.83E-06
837	7.68E-05
838	1.5E-04
839	1.45E-04
840	1.4E-04
841	1.41E-04
842	1.42E-04
843	6.53E-05
844	-1.1E-05
845	4.06E-05
846	9.22E-05
847	1.11E-04
848	1.3E-04
849	8.51E-05
850	4.01E-05
851	5.25E-05
852	6.49E-05
853	4.26E-05
854	2.03E-05
855	2.79E-05
856	3.55E-05
857	1.5E-05
858	-5.51E-06
859	8.66E-05
860	1.79E-04
861	1.49E-04
862	1.19E-04
863	1.2E-04
864	1.21E-04
865	5.51E-05
866	-1.05E-05
867	9.42E-05
868	1.99E-04
869	1.52E-04
870	1.05E-04
871	9.31E-05
872	8.13E-05
873	1.01E-04
874	1.21E-04
875	1.41E-04
876	1.6E-04
877	1.01E-04
878	4.13E-05
879	9.42E-05
880	1.47E-04
881	1.23E-04
882	9.8E-05
883	1.26E-04
884	1.55E-04
885	1.49E-04
886	1.43E-04
887	1.11E-04
888	7.86E-05
889	8.1E-05
890	8.33E-05
891	7.89E-05
892	7.45E-05
893	1E-04
894	1.26E-04
895	1.26E-04
896	1.27E-04
897	1.27E-04
898	1.27E-04
899	1.36E-04
900	1.45E-04
901	7.58E-06
902	-1.3E-04
903	-3.78E-05
904	5.47E-05
905	2.62E-05
906	-2.36E-06
907	-4.42E-05
908	-8.6E-05
909	-2.03E-05
910	4.54E-05
911	1.67E-05
912	-1.21E-05
913	2.13E-05
914	5.48E-05
915	-7.99E-06
916	-7.07E-05
917	-4.57E-05
918	-2.06E-05
919	-4.23E-05
920	-6.39E-05
921	-8.84E-05
922	-1.13E-04
923	-6.05E-05
924	-8.14E-06
925	1.71E-06
926	1.16E-05
927	3.55E-05
928	5.94E-05
929	2.14E-05
930	-1.65E-05
931	7.03E-06
932	3.06E-05
933	1.85E-05
934	6.51E-06
935	3.98E-05
936	7.31E-05
937	4.28E-05
938	1.25E-05
939	3.05E-05
940	4.86E-05
941	1.68E-05
942	-1.49E-05
943	-2.27E-05
944	-3.05E-05
945	-2.36E-05
946	-1.67E-05
947	1.94E-06
948	2.06E-05
949	7.44E-05
950	1.28E-04
951	4.36E-05
952	-4.09E-05
953	4.47E-08
954	4.1E-05
955	8.73E-06
956	-2.35E-05
957	-3.45E-05
958	-4.55E-05
959	-1.59E-05
960	1.38E-05
961	2.42E-05
962	3.47E-05
963	-2.4E-05
964	-8.26E-05
965	-6.72E-05
966	-5.19E-05
967	-3.79E-05
968	-2.38E-05
969	-3.71E-05
970	-5.04E-05
971	-3.63E-05
972	-2.21E-05
973	1.57E-05
974	5.35E-05
975	2.63E-05
976	-9.3E-07
977	-1.03E-05
978	-1.96E-05
979	-3.3E-05
980	-4.64E-05
981	-2.4E-05
982	-1.64E-06
983	-1.09E-05
984	-2.01E-05
985	2.17E-05
986	6.34E-05
987	5.34E-05
988	4.34E-05
989	2.09E-05
990	-1.57E-06
991	-2.41E-05
992	-4.66E-05
993	-2.27E-05
994	1.32E-06
995	1.44E-05
996	2.75E-05
997	3.72E-05
998	4.7E-05
999	3.93E-05
1000	3.17E-05
;;
;; BAND B7
400	0.20151
401	0.27411
402	0.34671
403	0.42016
404	0.49361
405	0.54512
406	0.59663
407	0.59037
408	0.5841
409	0.60099
410	0.61788
411	0.6402
412	0.66251
413	0.71079
414	0.75907
415	0.73919
416	0.71932
417	0.68819
418	0.65707
419	0.68802
420	0.71896
421	0.7425
422	0.76603
423	0.76536
424	0.76468
425	0.7552
426	0.74572
427	0.71792
428	0.69012
429	0.72069
430	0.75126
431	0.79752
432	0.84377
433	0.87696
434	0.91014
435	0.87719
436	0.84423
437	0.84448
438	0.84472
439	0.86678
440	0.88883
441	0.94442
442	1
443	0.99872
444	0.99743
445	0.9877
446	0.97797
447	0.94785
448	0.91773
449	0.93241
450	0.94708
451	0.93844
452	0.92979
453	0.83928
454	0.74878
455	0.59686
456	0.44494
457	0.32286
458	0.20079
459	0.1458
460	0.09082
461	0.0589
462	0.02698
463	0.01832
464	0.00965
465	0.00732
466	0.00499
467	0.00371
468	0.00242
469	0.00188
470	0.00134
471	0.0012
472	0.00105
473	8.97E-04
474	7.45E-04
475	5.95E-04
476	4.46E-04
477	4.04E-04
478	3.63E-04
479	3.24E-04
480	2.85E-04
481	2.36E-04
482	1.87E-04
483	2.05E-04
484	2.22E-04
485	2.11E-04
486	2E-04
487	1.63E-04
488	1.26E-04
489	1.02E-04
490	7.73E-05
491	1.4E-04
492	2.04E-04
493	1.6E-04
494	1.16E-04
495	1.8E-04
496	2.44E-04
497	1.92E-04
498	1.39E-04
499	1.14E-04
500	8.79E-05
501	1.27E-04
502	1.67E-04
503	1.63E-04
504	1.6E-04
505	1.78E-04
506	1.97E-04
507	1.82E-04
508	1.67E-04
509	1.87E-04
510	2.06E-04
511	1.72E-04
512	1.38E-04
513	1.51E-04
514	1.63E-04
515	1.63E-04
516	1.63E-04
517	1.88E-04
518	2.13E-04
519	2.22E-04
520	2.3E-04
521	2.1E-04
522	1.89E-04
523	1.75E-04
524	1.6E-04
525	1.96E-04
526	2.31E-04
527	2.19E-04
528	2.06E-04
529	2.01E-04
530	1.97E-04
531	2.05E-04
532	2.13E-04
533	1.85E-04
534	1.56E-04
535	2E-04
536	2.43E-04
537	2.01E-04
538	1.59E-04
539	1.75E-04
540	1.91E-04
541	1.75E-04
542	1.59E-04
543	1.37E-04
544	1.14E-04
545	1.28E-04
546	1.41E-04
547	1.34E-04
548	1.26E-04
549	1.53E-04
550	1.8E-04
551	1.93E-04
552	2.05E-04
553	2.15E-04
554	2.25E-04
555	2.22E-04
556	2.2E-04
557	2.17E-04
558	2.15E-04
559	2.44E-04
560	2.72E-04
561	2.7E-04
562	2.68E-04
563	2.65E-04
564	2.63E-04
565	2.54E-04
566	2.45E-04
567	2.54E-04
568	2.63E-04
569	2.74E-04
570	2.84E-04
571	3.25E-04
572	3.67E-04
573	5.26E-04
574	6.85E-04
575	8.64E-04
576	0.00104
577	0.00105
578	0.00106
579	8.23E-04
580	5.86E-04
581	4.6E-04
582	3.34E-04
583	3.01E-04
584	2.69E-04
585	2.57E-04
586	2.45E-04
587	2.45E-04
588	2.45E-04
589	2.73E-04
590	3.01E-04
591	3.42E-04
592	3.82E-04
593	4.74E-04
594	5.65E-04
595	0.00105
596	0.00153
597	0.00239
598	0.00324
599	0.00248
600	0.00172
601	0.00102
602	3.27E-04
603	2.21E-04
604	1.14E-04
605	1.05E-04
606	9.52E-05
607	9.34E-05
608	9.17E-05
609	7.79E-05
610	6.41E-05
611	6.28E-05
612	6.15E-05
613	5.34E-05
614	4.53E-05
615	4.79E-05
616	5.06E-05
617	6.17E-05
618	7.28E-05
619	1.08E-04
620	1.43E-04
621	2.03E-04
622	2.64E-04
623	3.65E-04
624	4.66E-04
625	5.13E-04
626	5.61E-04
627	4.76E-04
628	3.9E-04
629	2.83E-04
630	1.77E-04
631	1.35E-04
632	9.24E-05
633	8.56E-05
634	7.88E-05
635	6.37E-05
636	4.85E-05
637	5.08E-05
638	5.31E-05
639	4.3E-05
640	3.29E-05
641	2.37E-05
642	1.45E-05
643	1.47E-05
644	1.48E-05
645	8.74E-06
646	2.65E-06
647	2.56E-05
648	4.86E-05
649	4.44E-05
650	4.02E-05
651	3.73E-05
652	3.43E-05
653	5E-05
654	6.56E-05
655	8.77E-05
656	1.1E-04
657	1.26E-04
658	1.41E-04
659	1.78E-04
660	2.15E-04
661	2.3E-04
662	2.44E-04
663	2.11E-04
664	1.77E-04
665	1.6E-04
666	1.42E-04
667	1.19E-04
668	9.64E-05
669	7.79E-05
670	5.94E-05
671	4.99E-05
672	4.04E-05
673	5.02E-05
674	6E-05
675	5.72E-05
676	5.44E-05
677	5.43E-05
678	5.43E-05
679	5.64E-05
680	5.86E-05
681	5.64E-05
682	5.43E-05
683	5.29E-05
684	5.14E-05
685	5.26E-05
686	5.38E-05
687	6.19E-05
688	6.99E-05
689	6.51E-05
690	6.03E-05
691	5.57E-05
692	5.12E-05
693	6.53E-05
694	7.94E-05
695	7.7E-05
696	7.46E-05
697	8.47E-05
698	9.49E-05
699	9.66E-05
700	9.83E-05
701	1.18E-04
702	1.39E-04
703	1.5E-04
704	1.62E-04
705	1.7E-04
706	1.78E-04
707	1.98E-04
708	2.19E-04
709	2.25E-04
710	2.32E-04
711	2.51E-04
712	2.7E-04
713	3.16E-04
714	3.63E-04
715	4.5E-04
716	5.37E-04
717	6.1E-04
718	6.83E-04
719	6.28E-04
720	5.72E-04
721	4.39E-04
722	3.05E-04
723	2.33E-04
724	1.6E-04
725	1.33E-04
726	1.05E-04
727	8.38E-05
728	6.23E-05
729	5.57E-05
730	4.92E-05
731	4.8E-05
732	4.69E-05
733	3.84E-05
734	3E-05
735	3.01E-05
736	3.02E-05
737	3.67E-05
738	4.33E-05
739	3.12E-05
740	1.91E-05
741	2.13E-05
742	2.34E-05
743	3.63E-05
744	4.91E-05
745	5.3E-05
746	5.69E-05
747	5.57E-05
748	5.45E-05
749	6.42E-05
750	7.39E-05
751	7.64E-05
752	7.89E-05
753	8.09E-05
754	8.29E-05
755	8.11E-05
756	7.93E-05
757	7.49E-05
758	7.04E-05
759	6.98E-05
760	6.93E-05
761	9E-05
762	1.11E-04
763	1.08E-04
764	1.05E-04
765	1.49E-04
766	1.93E-04
767	2.52E-04
768	3.11E-04
769	3.9E-04
770	4.7E-04
771	4.18E-04
772	3.66E-04
773	2.81E-04
774	1.96E-04
775	1.42E-04
776	8.82E-05
777	7.59E-05
778	6.36E-05
779	4.66E-05
780	2.95E-05
781	2.76E-05
782	2.57E-05
783	2.74E-05
784	2.92E-05
785	3.13E-05
786	3.33E-05
787	3.51E-05
788	3.68E-05
789	3.48E-05
790	3.29E-05
791	3.46E-05
792	3.64E-05
793	3.73E-05
794	3.82E-05
795	4.35E-05
796	4.87E-05
797	5.28E-05
798	5.69E-05
799	5.53E-05
800	5.38E-05
801	7.04E-05
802	8.69E-05
803	9.67E-05
804	1.07E-04
805	1.08E-04
806	1.09E-04
807	1.07E-04
808	1.05E-04
809	8.95E-05
810	7.43E-05
811	6.42E-05
812	5.4E-05
813	4.77E-05
814	4.15E-05
815	4.5E-05
816	4.84E-05
817	2.99E-05
818	1.13E-05
819	2.91E-05
820	4.69E-05
821	4.43E-05
822	4.17E-05
823	5.82E-05
824	7.48E-05
825	6.94E-05
826	6.4E-05
827	6.89E-05
828	7.37E-05
829	6.85E-05
830	6.32E-05
831	6.14E-05
832	5.96E-05
833	5.55E-05
834	5.14E-05
835	4.4E-05
836	3.66E-05
837	2.94E-05
838	2.22E-05
839	1.3E-05
840	3.87E-06
841	7.79E-06
842	1.17E-05
843	2.81E-06
844	-6.09E-06
845	1.24E-05
846	3.1E-05
847	2.33E-05
848	1.56E-05
849	7.87E-06
850	1.35E-07
851	4.81E-07
852	8.28E-07
853	3.99E-06
854	7.14E-06
855	1.52E-05
856	2.33E-05
857	1.9E-05
858	1.46E-05
859	1.76E-05
860	2.06E-05
861	2.27E-05
862	2.48E-05
863	2.09E-05
864	1.7E-05
865	2.3E-05
866	2.91E-05
867	1.94E-05
868	9.71E-06
869	-7.86E-07
870	-1.13E-05
871	-1.11E-06
872	9.06E-06
873	-3.87E-06
874	-1.68E-05
875	-5.88E-06
876	5.05E-06
877	-1.82E-09
878	-5.05E-06
879	2.06E-07
880	5.46E-06
881	-6E-06
882	-1.75E-05
883	-1.04E-05
884	-3.33E-06
885	-1.1E-05
886	-1.86E-05
887	2.12E-06
888	2.29E-05
889	1.54E-05
890	8.04E-06
891	9.31E-06
892	1.06E-05
893	1.41E-06
894	-7.75E-06
895	-5.67E-06
896	-3.59E-06
897	-9.31E-06
898	-1.5E-05
899	-4.18E-06
900	6.66E-06
901	9.48E-06
902	1.23E-05
903	-6.77E-06
904	-2.59E-05
905	-1.13E-05
906	3.2E-06
907	7.28E-06
908	1.14E-05
909	1.25E-05
910	1.36E-05
911	9.31E-06
912	4.98E-06
913	2.8E-06
914	6.13E-07
915	-1.46E-06
916	-3.54E-06
917	1.23E-06
918	5.99E-06
919	6.56E-06
920	7.13E-06
921	1.21E-06
922	-4.71E-06
923	-4.76E-06
924	-4.81E-06
925	6.25E-07
926	6.06E-06
927	6.91E-06
928	7.75E-06
929	4.02E-06
930	2.82E-07
931	-2.59E-07
932	-8E-07
933	6.79E-07
934	2.16E-06
935	3.2E-06
936	4.25E-06
937	-1.03E-06
938	-6.31E-06
939	-7.72E-06
940	-9.13E-06
941	-8.89E-06
942	-8.65E-06
943	-7.34E-06
944	-6.03E-06
945	-8.11E-06
946	-1.02E-05
947	-9.83E-06
948	-9.49E-06
949	-7.93E-06
950	-6.36E-06
951	-1.61E-06
952	3.13E-06
953	5.71E-06
954	8.29E-06
955	4.77E-07
956	-7.34E-06
957	-1.43E-06
958	4.47E-06
959	-6E-06
960	-1.65E-05
961	-7.32E-06
962	1.83E-06
963	-1.03E-06
964	-3.89E-06
965	-1.02E-05
966	-1.66E-05
967	-1.98E-05
968	-2.3E-05
969	-1.41E-05
970	-5.18E-06
971	-6.43E-06
972	-7.69E-06
973	-2.32E-06
974	3.04E-06
975	-2.14E-06
976	-7.33E-06
977	-1.19E-05
978	-1.65E-05
979	-1.16E-05
980	-6.66E-06
981	-8.23E-06
982	-9.79E-06
983	-8.15E-06
984	-6.52E-06
985	-3.75E-06
986	-9.81E-07
987	9.44E-07
988	2.87E-06
989	-2.06E-06
990	-6.99E-06
991	-4.77E-06
992	-2.55E-06
993	6.73E-06
994	1.6E-05
995	3.35E-06
996	-9.32E-06
997	4.29E-06
998	1.79E-05
999	1.13E-05
1000	4.67E-06
;;
;; BAND B8
400	0.00654
401	0.00577
402	0.00499
403	0.00419
404	0.00339
405	0.00266
406	0.00193
407	0.00205
408	0.00217
409	0.00275
410	0.00333
411	0.00269
412	0.00206
413	0.00194
414	0.00183
415	0.00188
416	0.00192
417	0.00188
418	0.00184
419	0.00229
420	0.00275
421	0.00224
422	0.00173
423	0.00196
424	0.00219
425	0.00182
426	0.00145
427	0.00154
428	0.00162
429	0.00271
430	0.0038
431	0.00464
432	0.00548
433	0.00569
434	0.00591
435	0.00559
436	0.00528
437	0.00509
438	0.0049
439	0.00528
440	0.00565
441	0.00546
442	0.00527
443	0.00496
444	0.00464
445	0.00476
446	0.00489
447	0.00462
448	0.00435
449	0.00442
450	0.00449
451	0.00429
452	0.00409
453	0.00362
454	0.00316
455	0.00316
456	0.00317
457	0.00285
458	0.00252
459	0.00199
460	0.00146
461	0.00107
462	6.74E-04
463	6.41E-04
464	6.07E-04
465	7.13E-04
466	8.18E-04
467	8.42E-04
468	8.65E-04
469	8.68E-04
470	8.7E-04
471	7.34E-04
472	5.99E-04
473	7.69E-04
474	9.39E-04
475	7.57E-04
476	5.74E-04
477	6.59E-04
478	7.44E-04
479	9.49E-04
480	0.00115
481	0.00123
482	0.00132
483	0.00144
484	0.00155
485	0.00168
486	0.0018
487	0.00181
488	0.00183
489	0.00175
490	0.00166
491	0.00158
492	0.00151
493	0.00162
494	0.00173
495	0.00166
496	0.00159
497	0.00163
498	0.00167
499	0.00169
500	0.00172
501	0.00159
502	0.00145
503	0.00157
504	0.00168
505	0.00152
506	0.00135
507	0.0012
508	0.00104
509	0.00105
510	0.00106
511	0.00109
512	0.00113
513	8.94E-04
514	6.59E-04
515	6.22E-04
516	5.84E-04
517	4.27E-04
518	2.71E-04
519	2.7E-04
520	2.68E-04
521	2.29E-04
522	1.9E-04
523	2.12E-04
524	2.33E-04
525	2.09E-04
526	1.84E-04
527	1.47E-04
528	1.1E-04
529	1.39E-04
530	1.69E-04
531	2.93E-04
532	4.18E-04
533	2.48E-04
534	7.79E-05
535	1.59E-04
536	2.41E-04
537	1.98E-04
538	1.54E-04
539	1.78E-04
540	2.02E-04
541	2.48E-04
542	2.94E-04
543	2.88E-04
544	2.83E-04
545	3.15E-04
546	3.46E-04
547	2.9E-04
548	2.34E-04
549	2.83E-04
550	3.33E-04
551	3.12E-04
552	2.91E-04
553	2.34E-04
554	1.76E-04
555	2.25E-04
556	2.74E-04
557	2.02E-04
558	1.29E-04
559	1.69E-04
560	2.1E-04
561	1.66E-04
562	1.23E-04
563	1.65E-04
564	2.06E-04
565	1.87E-04
566	1.68E-04
567	1.92E-04
568	2.16E-04
569	2.33E-04
570	2.51E-04
571	2.67E-04
572	2.83E-04
573	3.04E-04
574	3.26E-04
575	3.56E-04
576	3.86E-04
577	5.84E-04
578	7.81E-04
579	0.00122
580	0.00166
581	0.00309
582	0.00452
583	0.00829
584	0.01205
585	0.0233
586	0.03454
587	0.07504
588	0.11554
589	0.24642
590	0.37731
591	0.5862
592	0.7951
593	0.89269
594	0.99028
595	0.99514
596	1
597	0.98353
598	0.96706
599	0.96619
600	0.96532
601	0.98034
602	0.99536
603	0.98358
604	0.97181
605	0.97041
606	0.969
607	0.96729
608	0.96558
609	0.96425
610	0.96291
611	0.9614
612	0.95988
613	0.95647
614	0.95306
615	0.95
616	0.94694
617	0.94214
618	0.93734
619	0.91957
620	0.9018
621	0.86686
622	0.83191
623	0.79146
624	0.751
625	0.73759
626	0.72417
627	0.758
628	0.79183
629	0.73878
630	0.68574
631	0.46992
632	0.2541
633	0.1501
634	0.04611
635	0.02868
636	0.01125
637	0.00758
638	0.00392
639	0.00276
640	0.00161
641	0.00121
642	8.11E-04
643	6.41E-04
644	4.7E-04
645	3.65E-04
646	2.6E-04
647	2.2E-04
648	1.8E-04
649	1.58E-04
650	1.36E-04
651	1.17E-04
652	9.86E-05
653	1.08E-04
654	1.17E-04
655	1.56E-04
656	1.95E-04
657	1.24E-04
658	5.3E-05
659	8E-05
660	1.07E-04
661	8.11E-05
662	5.53E-05
663	7.37E-05
664	9.21E-05
665	6.02E-05
666	2.84E-05
667	4.37E-05
668	5.91E-05
669	5.55E-05
670	5.19E-05
671	5.48E-05
672	5.76E-05
673	3.03E-05
674	2.94E-06
675	1.84E-05
676	3.39E-05
677	4.5E-05
678	5.6E-05
679	4.89E-05
680	4.18E-05
681	9.52E-05
682	1.49E-04
683	1.09E-04
684	6.86E-05
685	8.18E-05
686	9.5E-05
687	7.3E-05
688	5.1E-05
689	3.94E-05
690	2.77E-05
691	3.17E-05
692	3.57E-05
693	4.24E-05
694	4.91E-05
695	5.63E-05
696	6.35E-05
697	4.61E-05
698	2.87E-05
699	4.37E-05
700	5.87E-05
701	6.86E-05
702	7.85E-05
703	1.32E-04
704	1.85E-04
705	1.49E-04
706	1.14E-04
707	9.29E-05
708	7.15E-05
709	8.48E-05
710	9.81E-05
711	1.08E-04
712	1.18E-04
713	1.16E-04
714	1.13E-04
715	1.19E-04
716	1.24E-04
717	9.48E-05
718	6.59E-05
719	5.95E-05
720	5.31E-05
721	8.94E-05
722	1.26E-04
723	1.44E-04
724	1.63E-04
725	1.43E-04
726	1.24E-04
727	1.12E-04
728	9.98E-05
729	1.06E-04
730	1.12E-04
731	1.06E-04
732	1E-04
733	9.99E-05
734	9.98E-05
735	8.62E-05
736	7.26E-05
737	9.71E-05
738	1.22E-04
739	1.13E-04
740	1.05E-04
741	6.77E-05
742	3.02E-05
743	6.68E-05
744	1.03E-04
745	6.73E-05
746	3.12E-05
747	5.73E-05
748	8.34E-05
749	9.07E-05
750	9.79E-05
751	6.65E-05
752	3.5E-05
753	1.01E-04
754	1.67E-04
755	1.48E-04
756	1.28E-04
757	9.66E-05
758	6.49E-05
759	9.26E-05
760	1.2E-04
761	1.37E-04
762	1.53E-04
763	1.47E-04
764	1.41E-04
765	1.64E-04
766	1.87E-04
767	1.93E-04
768	1.99E-04
769	1.73E-04
770	1.48E-04
771	1.77E-04
772	2.07E-04
773	2.3E-04
774	2.54E-04
775	2.1E-04
776	1.66E-04
777	1.58E-04
778	1.5E-04
779	1.89E-04
780	2.27E-04
781	2.38E-04
782	2.48E-04
783	2.06E-04
784	1.65E-04
785	1.71E-04
786	1.77E-04
787	2.07E-04
788	2.36E-04
789	2.36E-04
790	2.36E-04
791	1.96E-04
792	1.56E-04
793	1.61E-04
794	1.67E-04
795	1.88E-04
796	2.08E-04
797	1.91E-04
798	1.74E-04
799	1.48E-04
800	1.23E-04
801	1.75E-04
802	2.27E-04
803	2.14E-04
804	2.02E-04
805	2.01E-04
806	2.01E-04
807	2.43E-04
808	2.85E-04
809	2.58E-04
810	2.3E-04
811	2.26E-04
812	2.21E-04
813	1.7E-04
814	1.18E-04
815	1.34E-04
816	1.5E-04
817	1E-04
818	5.04E-05
819	7.14E-05
820	9.24E-05
821	8.6E-05
822	7.96E-05
823	1.02E-04
824	1.24E-04
825	1.34E-04
826	1.44E-04
827	1.47E-04
828	1.49E-04
829	1.58E-04
830	1.66E-04
831	1.55E-04
832	1.44E-04
833	1.69E-04
834	1.93E-04
835	1.75E-04
836	1.58E-04
837	1.63E-04
838	1.68E-04
839	1.54E-04
840	1.39E-04
841	1.67E-04
842	1.95E-04
843	2.31E-04
844	2.67E-04
845	3.57E-04
846	4.46E-04
847	6.78E-04
848	9.1E-04
849	6.86E-04
850	4.63E-04
851	3.68E-04
852	2.72E-04
853	2.32E-04
854	1.91E-04
855	1.61E-04
856	1.31E-04
857	1.45E-04
858	1.59E-04
859	1.61E-04
860	1.63E-04
861	1.7E-04
862	1.78E-04
863	1.35E-04
864	9.15E-05
865	1.46E-04
866	2.01E-04
867	1.22E-04
868	4.42E-05
869	7.57E-05
870	1.07E-04
871	1.33E-04
872	1.58E-04
873	1.31E-04
874	1.04E-04
875	1.15E-04
876	1.27E-04
877	1.4E-04
878	1.53E-04
879	1.34E-04
880	1.16E-04
881	1.63E-04
882	2.11E-04
883	2.07E-04
884	2.03E-04
885	1.85E-04
886	1.67E-04
887	1.38E-04
888	1.09E-04
889	7.57E-05
890	4.2E-05
891	4.95E-05
892	5.7E-05
893	9.37E-05
894	1.3E-04
895	1.07E-04
896	8.46E-05
897	1.07E-04
898	1.3E-04
899	1.13E-04
900	9.69E-05
901	4.88E-05
902	7.61E-07
903	-1.12E-05
904	-2.31E-05
905	-1.89E-05
906	-1.47E-05
907	-4.57E-05
908	-7.67E-05
909	-5.77E-05
910	-3.88E-05
911	-1.78E-05
912	3.19E-06
913	-1.15E-05
914	-2.61E-05
915	-1.72E-05
916	-8.3E-06
917	-2.45E-05
918	-4.08E-05
919	-3.32E-05
920	-2.56E-05
921	-3.46E-05
922	-4.36E-05
923	-2.18E-05
924	-6.45E-08
925	-5.67E-05
926	-1.13E-04
927	-4.25E-05
928	2.84E-05
929	1.01E-07
930	-2.82E-05
931	-3.93E-05
932	-5.05E-05
933	-3.47E-05
934	-1.9E-05
935	-2.58E-05
936	-3.26E-05
937	-3.11E-05
938	-2.97E-05
939	-5.03E-05
940	-7.09E-05
941	-7.29E-05
942	-7.48E-05
943	-6.9E-05
944	-6.31E-05
945	-7.83E-05
946	-9.35E-05
947	-8.35E-05
948	-7.34E-05
949	-6.25E-05
950	-5.17E-05
951	-5.17E-05
952	-5.17E-05
953	-5.91E-05
954	-6.64E-05
955	-5.45E-05
956	-4.25E-05
957	-4.05E-05
958	-3.84E-05
959	-4.12E-05
960	-4.41E-05
961	-3.32E-05
962	-2.24E-05
963	-7.13E-06
964	8.1E-06
965	-3.02E-06
966	-1.41E-05
967	-3.59E-05
968	-5.76E-05
969	-2.26E-05
970	1.25E-05
971	-1.09E-05
972	-3.42E-05
973	-7.19E-06
974	1.99E-05
975	1.89E-05
976	1.8E-05
977	-9.46E-06
978	-3.69E-05
979	-5.71E-05
980	-7.73E-05
981	-7.87E-05
982	-8.01E-05
983	-3.61E-05
984	7.82E-06
985	-1.66E-05
986	-4.09E-05
987	-2.96E-05
988	-1.82E-05
989	-4.03E-05
990	-6.24E-05
991	-3.19E-05
992	-1.36E-06
993	-5.43E-05
994	-1.07E-04
995	-7.19E-05
996	-3.65E-05
997	-7.72E-05
998	-1.18E-04
999	-1.07E-04
1000	-9.59E-05
;;