# GK2_GOCI2 RSR
# QV 2025-07-16 from GOCI-II_SRF_Measured.xlsx
# GK2_GOCI2 Band B1
# -------------------
350.0 0.0
351.0 0.0
352.0 0.0
353.0 0.0
354.0 0.0
355.0 0.0
356.0 0.0
357.0 0.0
358.0 0.0
359.0 0.0161
360.0 0.032866482
361.0 0.017058935
362.0 0.0
363.0 0.011172401
364.0 0.0
365.0 0.0
366.0 0.0
367.0 0.0
368.0 0.107148935
369.0 0.296543
370.0 0.405819359
371.0 0.593658961
372.0 0.689400805
373.0 0.776930193
374.0 0.881598574
375.0 0.879386119
376.0 0.899978977
377.0 0.886278977
378.0 0.807316121
379.0 0.763490805
380.0 0.686490805
381.0 0.643617746
382.0 0.614787945
383.0 0.630800188
384.0 0.72685571
385.0 0.843829991
386.0 0.900333871
387.0 0.957265915
388.0 1.0
389.0 0.973160208
390.0 0.775046932
391.0 0.572958144
392.0 0.371197529
393.0 0.185337925
394.0 0.041264654
395.0 0.008957713
396.0 0.003028912
397.0 0.003044045
398.0 0.001902111
399.0 0.001902111
400.0 0.0011713
401.0 0.0
402.0 0.0
403.0 0.0
404.0 0.0
405.0 0.0
406.0 0.0
407.0 0.0
408.0 0.0
409.0 0.0
410.0 0.0
# -------------------
# GK2_GOCI2 Band B2
# -------------------
380.0 0.0
381.0 0.0
382.0 0.0
383.0 0.0
384.0 0.0
385.0 0.0
386.0 0.0
387.0 0.0
388.0 0.0
389.0 0.0
390.0 0.0
391.0 0.0
392.0 0.0
393.0 2.998e-05
394.0 0.002243477
395.0 0.000158233
396.0 0.002924234
397.0 0.003374564
398.0 0.003595107
399.0 0.014866844
400.0 0.035623667
401.0 0.130320998
402.0 0.36636136
403.0 0.749766638
404.0 0.855377185
405.0 0.843647654
406.0 0.843647654
407.0 0.85016776
408.0 0.86516776
409.0 0.88870975
410.0 0.931849567
411.0 0.964294657
412.0 0.969422605
413.0 0.955450949
414.0 0.956001803
415.0 0.979300165
416.0 0.990204817
417.0 0.999113977
418.0 1.0
419.0 0.982788823
420.0 0.955842406
421.0 0.924763383
422.0 0.631256948
423.0 0.201485703
424.0 0.041568306
425.0 0.013751315
426.0 0.002844409
427.0 0.001141832
428.0 0.0
429.0 0.0
430.0 0.0
431.0 0.0
432.0 7.01e-05
433.0 0.0
434.0 0.0
435.0 0.0
436.0 0.0
437.0 0.0
438.0 0.0
439.0 0.0
440.0 0.0
# -------------------
# GK2_GOCI2 Band B3
# -------------------
410.0 0.0
411.0 0.0
412.0 0.0
413.0 0.0
414.0 0.0
415.0 0.0
416.0 0.0
417.0 0.0
418.0 0.0
419.0 0.0
420.0 0.0
421.0 0.0
422.0 0.0
423.0 0.0
424.0 0.00025
425.0 4.01e-05
426.0 0.0001
427.0 0.000482816
428.0 0.000932816
429.0 0.001392816
430.0 0.001856382
431.0 0.002767733
432.0 0.026516733
433.0 0.186035774
434.0 0.63059362
435.0 0.878395198
436.0 0.896131532
437.0 0.865614799
438.0 0.830255154
439.0 0.817557666
440.0 0.84365788
441.0 0.878317507
442.0 0.905305844
443.0 0.915232971
444.0 0.93903198
445.0 0.953506113
446.0 0.935506113
447.0 0.917163773
448.0 0.897095136
449.0 0.89727431
450.0 0.954434786
451.0 1.0
452.0 0.908337181
453.0 0.637671893
454.0 0.307349086
455.0 0.064752173
456.0 0.011512979
457.0 0.001211915
458.0 0.000111915
459.0 0.00060199
460.0 0.000642478
461.0 0.000422478
462.0 0.000202478
463.0 0.0
464.0 0.0
465.0 0.0
466.0 0.0
467.0 0.0
468.0 0.0
469.0 0.0
470.0 0.0
# -------------------
# GK2_GOCI2 Band B4
# -------------------
460.0 0.0
461.0 0.0
462.0 0.0
463.0 0.0
464.0 0.0
465.0 0.0
466.0 0.0
467.0 0.0
468.0 0.0
469.0 1e-05
470.0 7.01e-05
471.0 0.000130095
472.0 0.000190139
473.0 0.000240184
474.0 0.000460348
475.0 0.003242457
476.0 0.029752629
477.0 0.089738939
478.0 0.126916926
479.0 0.167378481
480.0 0.276582568
481.0 0.486643356
482.0 0.720904296
483.0 0.862944387
484.0 0.901223782
485.0 0.907068282
486.0 0.916165447
487.0 0.937411647
488.0 0.973729332
489.0 0.995676591
490.0 1.0
491.0 0.994195571
492.0 0.972839286
493.0 0.944447624
494.0 0.91419465
495.0 0.879087057
496.0 0.863365191
497.0 0.873472573
498.0 0.863935298
499.0 0.733496512
500.0 0.585751028
501.0 0.534101858
502.0 0.401969917
503.0 0.081192638
504.0 0.016312641
505.0 0.003222485
506.0 0.00269208
507.0 0.002291788
508.0 0.00160126
509.0 0.000800641
510.0 2.14e-07
511.0 0.0
512.0 0.0
513.0 0.0
514.0 0.0
515.0 0.0
516.0 0.0
517.0 0.0
518.0 0.0
519.0 0.0
520.0 0.0
# -------------------
# GK2_GOCI2 Band B5
# -------------------
480.0 0.0
481.0 0.0
482.0 0.0
483.0 0.0
484.0 0.0
485.0 0.0
486.0 0.0
487.0 0.0
488.0 0.0
489.0 1.06e-07
490.0 7.06e-07
491.0 7.8706e-05
492.0 0.000140305
493.0 6.5305e-05
494.0 0.0001971
495.0 0.001152151
496.0 0.001372151
497.0 0.004127653
498.0 0.022735598
499.0 0.13788398
500.0 0.412423605
501.0 0.707745717
502.0 0.813269512
503.0 0.839385833
504.0 0.872314097
505.0 0.905872658
506.0 0.945755636
507.0 0.97765241
508.0 0.992410831
509.0 0.99265776
510.0 0.981977467
511.0 0.982105621
512.0 0.99371045
513.0 0.999183509
514.0 1.0
515.0 0.99642861
516.0 0.990212804
517.0 0.974302314
518.0 0.959079852
519.0 0.858290752
520.0 0.543628895
521.0 0.242071937
522.0 0.074699028
523.0 0.03891565
524.0 0.029239355
525.0 0.022997876
526.0 0.008644975
527.0 8.0305e-05
528.0 0.000350247
529.0 0.000441028
530.0 0.0
531.0 0.0
532.0 0.0
533.0 0.0
534.0 0.0
535.0 0.0
536.0 0.0
537.0 0.0
538.0 0.0
539.0 0.0
540.0 0.0
# -------------------
# GK2_GOCI2 Band B6
# -------------------
520.0 0.0
521.0 0.0
522.0 0.0
523.0 0.0
524.0 0.0
525.0 0.0
526.0 0.0
527.0 0.0
528.0 0.0
529.0 0.0
530.0 0.0
531.0 0.0
532.0 0.0
533.0 0.0
534.0 0.0
535.0 0.0
536.0 0.0
537.0 0.0
538.0 0.0
539.0 0.0
540.0 0.0
541.0 0.003565312
542.0 0.018439492
543.0 0.051022339
544.0 0.180443094
545.0 0.451837828
546.0 0.695982819
547.0 0.779910952
548.0 0.813306494
549.0 0.849558313
550.0 0.859548824
551.0 0.869530705
552.0 0.897412873
553.0 0.927408403
554.0 0.932744939
555.0 0.923144462
556.0 0.936508665
557.0 0.969955215
558.0 1.0
559.0 0.967881559
560.0 0.899734533
561.0 0.829807746
562.0 0.76350231
563.0 0.762423838
564.0 0.805571353
565.0 0.626965987
566.0 0.230187474
567.0 0.036346144
568.0 0.007607081
569.0 0.000738573
570.0 0.001516467
571.0 0.000867984
572.0 0.000803188
573.0 0.001298188
574.0 0.000687033
575.0 1.033e-06
576.0 0.0
577.0 0.0
578.0 0.0
579.0 0.0
580.0 0.0
# -------------------
# GK2_GOCI2 Band B7
# -------------------
590.0 0.0
591.0 0.0
592.0 0.0
593.0 0.0
594.0 0.0
595.0 0.0
596.0 0.0
597.0 0.0
598.0 0.0
599.0 0.0
600.0 0.0
601.0 0.0
602.0 0.000739671
603.0 0.000899808
604.0 0.005178454
605.0 0.02551315
606.0 0.057510571
607.0 0.109869348
608.0 0.22902636
609.0 0.399087518
610.0 0.503663644
611.0 0.568935414
612.0 0.659555964
613.0 0.805932905
614.0 0.929539031
615.0 0.97445944
616.0 0.979807471
617.0 0.981077002
618.0 0.998231764
619.0 1.0
620.0 0.976934834
621.0 0.942019603
622.0 0.918510151
623.0 0.924937773
624.0 0.947391315
625.0 0.958555335
626.0 0.947828194
627.0 0.917096974
628.0 0.84802623
629.0 0.696005078
630.0 0.520589982
631.0 0.364477743
632.0 0.17700081
633.0 0.047111089
634.0 0.010698642
635.0 3.11e-05
636.0 0.0
637.0 0.000339948
638.0 0.000379748
639.0 0.000119956
640.0 0.0
641.0 0.0
642.0 0.0
643.0 0.0
644.0 0.0
645.0 0.0
646.0 0.0
647.0 0.0
648.0 0.0
649.0 0.0
650.0 0.0
# -------------------
# GK2_GOCI2 Band B8
# -------------------
630.0 0.0
631.0 0.0
632.0 0.0
633.0 0.0
634.0 0.0
635.0 0.0
636.0 0.0
637.0 0.0
638.0 0.0
639.0 0.0
640.0 0.0
641.0 0.0
642.0 0.0003331
643.0 0.003402184
644.0 0.003091647
645.0 0.008263282
646.0 0.012747521
647.0 0.033607468
648.0 0.084256761
649.0 0.23078026
650.0 0.495781211
651.0 0.786146126
652.0 0.924445423
653.0 0.937069921
654.0 0.941934561
655.0 0.968190642
656.0 0.99424141
657.0 0.999469451
658.0 1.0
659.0 0.99893961
660.0 0.992197166
661.0 0.978011452
662.0 0.969832201
663.0 0.970672343
664.0 0.976233027
665.0 0.989722166
666.0 0.995977214
667.0 0.971052921
668.0 0.890815611
669.0 0.710450936
670.0 0.480308692
671.0 0.276261844
672.0 0.122910187
673.0 0.053978928
674.0 0.026673407
675.0 0.012407615
676.0 0.008076535
677.0 0.003702184
678.0 0.004572875
679.0 0.001301653
680.0 0.0
681.0 0.0
682.0 0.0
683.0 0.0
684.0 0.0
685.0 0.0
686.0 0.0
687.0 0.0
688.0 0.0
689.0 0.0
690.0 0.0
# -------------------
# GK2_GOCI2 Band B9
# -------------------
650.0 0.0
651.0 0.0
652.0 0.0
653.0 0.0
654.0 0.0
655.0 0.0
656.0 0.0
657.0 0.0
658.0 0.0
659.0 0.0
660.0 0.0
661.0 0.0
662.0 0.0
663.0 0.0
664.0 0.0
665.0 0.0
666.0 0.0
667.0 0.0
668.0 0.0
669.0 0.0
670.0 0.0
671.0 0.0003
672.0 0.003518189
673.0 0.032042814
674.0 0.156955827
675.0 0.440257845
676.0 0.77986708
677.0 0.951324205
678.0 0.955805916
679.0 0.954037158
680.0 0.983742754
681.0 0.998921667
682.0 1.0
683.0 0.976703978
684.0 0.82565061
685.0 0.515758545
686.0 0.153019188
687.0 0.032343994
688.0 0.003074615
689.0 0.000409454
690.0 0.0
691.0 0.0
692.0 0.0
693.0 0.0
694.0 0.0
695.0 0.0
696.0 0.0
697.0 0.0
698.0 0.0
699.0 0.0
700.0 0.0
701.0 0.0
702.0 0.0
703.0 0.0
704.0 0.0
705.0 0.0
706.0 0.0
707.0 0.0
708.0 0.0
709.0 0.0
710.0 0.0
# -------------------
# GK2_GOCI2 Band B10
# -------------------
680.0 0.0
681.0 0.0
682.0 0.0
683.0 0.0
684.0 0.0
685.0 0.0
686.0 0.0
687.0 0.0
688.0 0.0
689.0 0.0
690.0 0.0
691.0 0.0
692.0 0.0
693.0 0.0
694.0 0.0
695.0 0.0
696.0 0.0
697.0 0.0
698.0 0.0
699.0 8e-05
700.0 0.00022
701.0 0.010756982
702.0 0.042315453
703.0 0.166079651
704.0 0.458056419
705.0 0.786706319
706.0 0.970642342
707.0 0.990803292
708.0 0.994643277
709.0 1.0
710.0 0.997996
711.0 0.984483891
712.0 0.954016644
713.0 0.831420894
714.0 0.552834731
715.0 0.195884563
716.0 0.04505445
717.0 0.009914852
718.0 0.0012943
719.0 0.000120955
720.0 0.0
721.0 0.0
722.0 0.0
723.0 0.0
724.0 0.0
725.0 0.0
726.0 0.0
727.0 0.0
728.0 0.0
729.0 0.0
730.0 0.0
731.0 0.0
732.0 0.0
733.0 0.0
734.0 0.0
735.0 0.0
736.0 0.0
737.0 0.0
738.0 0.0
739.0 0.0
740.0 0.0
# -------------------
# GK2_GOCI2 Band B11
# -------------------
710.0 0.0
711.0 0.0
712.0 0.0
713.0 0.0
714.0 0.0
715.0 0.0
716.0 0.0
717.0 0.0
718.0 0.0
719.0 0.0
720.0 0.0
721.0 0.0
722.0 0.0
723.0 0.0
724.0 0.0
725.0 0.0
726.0 0.0
727.0 0.0
728.0 0.0
729.0 0.000245175
730.0 0.001358483
731.0 0.003704693
732.0 0.007181732
733.0 0.029891475
734.0 0.102768568
735.0 0.259780822
736.0 0.523884351
737.0 0.783454775
738.0 0.888527042
739.0 0.919217159
740.0 0.933219462
741.0 0.946038947
742.0 0.965085959
743.0 0.985845787
744.0 0.999095085
745.0 0.999547986
746.0 0.990739961
747.0 0.988073995
748.0 0.988415226
749.0 0.997566415
750.0 1.0
751.0 0.991808324
752.0 0.960788356
753.0 0.904751543
754.0 0.783108072
755.0 0.546242419
756.0 0.260951645
757.0 0.064279309
758.0 0.019875505
759.0 0.003692989
760.0 0.00082688
761.0 0.000419056
762.0 0.000139821
763.0 0.000129814
764.0 0.000129793
765.0 0.0
766.0 0.0
767.0 0.0
768.0 0.0
769.0 0.0
770.0 0.0
# -------------------
# GK2_GOCI2 Band B12
# -------------------
820.0 0.0
821.0 0.0
822.0 0.0
823.0 0.0
824.0 0.0
825.0 0.0
826.0 0.0
827.0 0.0
828.0 0.0
829.0 0.0
830.0 0.0
831.0 0.0
832.0 8.9e-05
833.0 0.000168332
834.0 0.000220035
835.0 0.00026529
836.0 0.000284042
837.0 0.000230032
838.0 0.000178022
839.0 0.000110014
840.0 9e-06
841.0 0.001300177
842.0 0.005590957
843.0 0.025314033
844.0 0.088293389
845.0 0.323120414
846.0 0.626117572
847.0 0.86209997
848.0 0.893875411
849.0 0.935801173
850.0 0.963964433
851.0 0.964654536
852.0 0.935489766
853.0 0.923558379
854.0 0.936260282
855.0 0.965265788
856.0 0.989568869
857.0 1.0
858.0 0.999499905
859.0 0.989438161
860.0 0.986717802
861.0 0.987327973
862.0 0.991628679
863.0 0.986857782
864.0 0.972085569
865.0 0.951232285
866.0 0.931839259
867.0 0.918697466
868.0 0.91482699
869.0 0.913286799
870.0 0.901054847
871.0 0.876200683
872.0 0.838644976
873.0 0.785112835
874.0 0.744721375
875.0 0.723908356
876.0 0.722918316
877.0 0.741231127
878.0 0.767425085
879.0 0.769225214
880.0 0.750512234
881.0 0.71520712
882.0 0.693493572
883.0 0.655258179
884.0 0.51838623
885.0 0.345027977
886.0 0.146591043
887.0 0.059248757
888.0 0.02309302
889.0 0.008591015
890.0 0.003170411
891.0 0.000669936
892.0 0.000352043
893.0 0.000100995
894.0 0.0
895.0 0.0
896.0 0.0
897.0 0.0
898.0 0.0
899.0 5.22e-05
900.0 0.000111811
901.0 0.000120018
902.0 3.1e-05
903.0 0.0
904.0 0.0
905.0 0.0
906.0 0.0
907.0 0.0
908.0 0.0
909.0 0.0
910.0 0.0
# -------------------
