# GOES17_ABI RSR
# QV 2025-06-04 from ABI-16-045_FM2_Spectral_Response_Curves.xlsx
# filtered to response > 0.002
# interpolated to 1 nm
# VSWIR bands
# GOES17_ABI Band CH047
# -------------------
0.443 0.00217805263157899
0.444 0.006020263157894642
0.445 0.0163473
0.446 0.04646768421052565
0.447 0.10358610000000057
0.448 0.19637880000000035
0.449 0.34319500000000003
0.45 0.4590097619047639
0.451 0.5431264000000013
0.452 0.5705311000000001
0.453 0.596292050000001
0.454 0.6375270000000008
0.455 0.731858
0.456 0.8044416666666668
0.457 0.8225769999999999
0.458 0.8050996190476186
0.459 0.8057160000000008
0.46 0.8324264285714296
0.461 0.8672721818181827
0.462 0.894325
0.463 0.9215517272727277
0.464 0.9286493636363636
0.465 0.9227253809523811
0.466 0.9332139545454551
0.467 0.9569928181818188
0.468 0.9687977142857144
0.469 0.9768755909090907
0.47 0.9846427272727271
0.471 0.9963865909090908
0.472 0.9999975454545454
0.473 0.9884796086956529
0.474 0.9768883636363636
0.475 0.9823007272727268
0.476 0.9887816521739132
0.477 0.9664100869565222
0.478 0.9148095000000012
0.479 0.890977
0.48 0.9081000434782606
0.481 0.945881
0.482 0.9653808749999998
0.483 0.96453975
0.484 0.9636401666666667
0.485 0.9722921739130433
0.486 0.9765220000000002
0.487 0.9585603750000008
0.488 0.8766740833333354
0.489 0.717268913043478
0.49 0.5828963333333346
0.491 0.446834
0.492 0.2867890416666707
0.493 0.17346500000000217
0.494 0.10032275
0.495 0.042115
0.496 0.0174987916666665
0.497 0.007672080000000111
0.498 0.003715880000000021
0.499 0.0020304000000000025
# -------------------
# GOES17_ABI Band CH064
# -------------------
0.575 0.002014
0.576 0.0026438484848484768
0.577 0.0035919705882352638
0.578 0.0049644545454544985
0.579 0.006957636363636272
0.58 0.009784088235293963
0.581 0.013623941176470419
0.582 0.01904503030303024
0.583 0.026778235294117474
0.584 0.03814211764705788
0.585 0.0545735714285709
0.586 0.07917270588235091
0.587 0.10347480000000014
0.588 0.12643039999999944
0.589 0.15566582352941002
0.59 0.1907169117647045
0.591 0.2325938571428553
0.592 0.2806696857142859
0.593 0.33412239999999627
0.594 0.3925370277777761
0.595 0.45626999999999646
0.596 0.5233732777777756
0.597 0.5924290833333321
0.598 0.6512014166666656
0.599 0.7100894999999963
0.6 0.7816923333333333
0.601 0.836202611111109
0.602 0.8718414594594596
0.603 0.8914434999999993
0.604 0.9018024054054055
0.605 0.9055828108108108
0.606 0.9074818378378378
0.607 0.909214
0.608 0.9126305405405403
0.609 0.917897135135135
0.61 0.9224821891891891
0.611 0.9256913783783783
0.612 0.928048052631579
0.613 0.929133105263158
0.614 0.9297404594594595
0.615 0.9293492631578947
0.616 0.9291393157894736
0.617 0.9304611842105261
0.618 0.934956789473684
0.619 0.9416879736842108
0.62 0.9492824736842103
0.621 0.9561729999999996
0.622 0.961146153846154
0.623 0.9647324102564104
0.624 0.9661912820512821
0.625 0.9658
0.626 0.9654445897435898
0.627 0.9660727692307693
0.628 0.9678180256410257
0.629 0.9704655000000001
0.63 0.9732755249999999
0.631 0.9784649999999998
0.632 0.9826216500000001
0.633 0.9852882000000001
0.634 0.9880832500000001
0.635 0.990648075
0.636 0.992584268292683
0.637 0.9943310487804878
0.638 0.9944236829268293
0.639 0.99291845
0.64 0.990146
0.641 0.9882690243902439
0.642 0.9855761219512194
0.643 0.987501487804878
0.644 0.9907476097560978
0.645 0.9947019512195123
0.646 0.9985996190476192
0.647 0.9999855714285715
0.648 0.9984669523809524
0.649 0.9950387380952377
0.65 0.9883491904761903
0.651 0.9808477441860464
0.652 0.974200906976744
0.653 0.9683766744186048
0.654 0.9662019069767442
0.655 0.9660032093023256
0.656 0.9697694418604651
0.657 0.9730671627906978
0.658 0.9765908863636364
0.659 0.9783197209302326
0.66 0.979097
0.661 0.9771000454545453
0.662 0.9783826744186047
0.663 0.9809740000000001
0.664 0.9838547500000001
0.665 0.9846740909090909
0.666 0.9847732000000001
0.667 0.9847329999999999
0.668 0.9823126
0.669 0.9805617333333332
0.67 0.977030222222222
0.671 0.9717053999999998
0.672 0.9681280666666665
0.673 0.9658939333333332
0.674 0.9629951999999997
0.675 0.9469210222222217
0.676 0.8937698043478235
0.677 0.8174871739130398
0.678 0.7498498260869502
0.679 0.6895867391304317
0.68 0.6331700869565197
0.681 0.5704706086956476
0.682 0.4956284130434706
0.683 0.4136905652173857
0.684 0.32791389130434495
0.685 0.24873961702127217
0.686 0.18792308510637887
0.687 0.14176259574467878
0.688 0.10732237500000191
0.689 0.06859582978723586
0.69 0.04146325000000171
0.691 0.025889395833333672
0.692 0.016603875000000407
0.693 0.010846770833333476
0.694 0.00723300000000025
0.695 0.00495155102040824
0.696 0.003401612244898045
0.697 0.0023655714285714907
# -------------------
# GOES17_ABI Band CH086
# -------------------
0.83 0.0020777101449275088
0.831 0.002893695652173856
0.832 0.004090739130434756
0.833 0.0058553999999999065
0.834 0.008594884057970903
0.835 0.012843913043477848
0.836 0.019394724637681122
0.837 0.02946157142857047
0.838 0.0451961142857141
0.839 0.07079231428571348
0.84 0.10528129577464605
0.841 0.1443271408450681
0.842 0.18798940845070372
0.843 0.2406336197183092
0.844 0.30373345070422475
0.845 0.37579718055555494
0.846 0.4541756666666637
0.847 0.5363256249999989
0.848 0.6117592083333313
0.849 0.6828890694444425
0.85 0.7466648333333302
0.851 0.8088389863013649
0.852 0.8891515833333289
0.853 0.9572299999999985
0.854 0.9915009452054788
0.855 0.9999985205479451
0.856 0.9972932054794518
0.857 0.9864553783783786
0.858 0.9746489189189192
0.859 0.9691486351351354
0.86 0.9611325945945948
0.861 0.9569422432432433
0.862 0.9523584864864864
0.863 0.949178837837838
0.864 0.9432235600000005
0.865 0.9375634666666667
0.866 0.9373992666666666
0.867 0.9284320400000005
0.868 0.923824105263158
0.869 0.91950736
0.87 0.9196945
0.871 0.9122560000000001
0.872 0.9114756315789474
0.873 0.9109480000000001
0.874 0.9090900131578947
0.875 0.9016901428571438
0.876 0.8692806842105264
0.877 0.8147545714285723
0.878 0.7129754285714318
0.879 0.651820692307694
0.88 0.5989384545454527
0.881 0.5391608961038947
0.882 0.4762204615384638
0.883 0.407029384615381
0.884 0.3356469487179516
0.885 0.26455789743589536
0.886 0.20345748101265623
0.887 0.15549819230769318
0.888 0.11880445569620095
0.889 0.08866634177215157
0.89 0.06051924999999986
0.891 0.03982091139240476
0.892 0.025782425000000015
0.893 0.01912818749999975
0.894 0.014448312499999857
0.895 0.00964168749999997
0.896 0.005675437499999988
0.897 0.004305320987654306
0.898 0.003995975000000003
0.899 0.0028042098765431816
0.9 0.002084666666666653
# -------------------
# GOES17_ABI Band CH138
# -------------------
1.359 0.0030489729729729223
1.36 0.006495567567568628
1.361 0.01439964864864805
1.362 0.03410287096774203
1.363 0.0814436290322631
1.364 0.20402656989249363
1.365 0.4125683763441059
1.366 0.6913123548387347
1.367 0.8352720427807456
1.368 0.9127844117647115
1.369 0.9198652234042562
1.37 0.9604439893616966
1.371 0.9853595531914884
1.372 0.9995804814814814
1.373 0.9973873703703714
1.374 0.971038291005283
1.375 0.9640951578947382
1.376 0.932076347368428
1.377 0.8934219788359719
1.378 0.7994940526315921
1.379 0.5651279473684062
1.38 0.28159206282723886
1.381 0.10403779057590865
1.382 0.036431251308906114
1.383 0.013679874345550212
1.384 0.0056400471204190086
1.385 0.002540656250000112
# -------------------
# GOES17_ABI Band CH161
# -------------------
1.562 0.002088
1.563 0.0025057346938774433
1.564 0.0039200326530613745
1.565 0.005424265306122346
1.566 0.0063361097560976085
1.567 0.008297873469387314
1.568 0.011913163265306228
1.569 0.015769292682926206
1.57 0.021107951219512564
1.571 0.02857299999999979
1.572 0.039328008097167313
1.573 0.05456075303643603
1.574 0.07714051012145734
1.575 0.10616751209677378
1.576 0.1254434354838723
1.577 0.14401266935483914
1.578 0.16753513654618787
1.579 0.19439544578313306
1.58 0.2244567991967896
1.581 0.2589628719999954
1.582 0.2958501440000034
1.583 0.33417664143426395
1.584 0.37451242231075904
1.585 0.417318501992029
1.586 0.4631981984126988
1.587 0.5093951587301553
1.588 0.5539821666666707
1.589 0.5973094682539657
1.59 0.6393465217391303
1.591 0.6786184901185778
1.592 0.7175223122529668
1.593 0.7553832519685012
1.594 0.7938258031496122
1.595 0.8633359098039141
1.596 0.9396484392156895
1.597 0.9764584117647042
1.598 0.9936752352941185
1.599 0.9980938196078429
1.6 0.999968
1.601 0.9992055019455253
1.602 0.998628774319066
1.603 0.9966188210116732
1.604 0.9955739806201548
1.605 0.9940774747081712
1.606 0.9924310232558138
1.607 0.9918005426356589
1.608 0.99081588372093
1.609 0.9853655116279073
1.61 0.9795254671814666
1.611 0.9716840270270268
1.612 0.9645878846153839
1.613 0.9578885346153844
1.614 0.9541057739463602
1.615 0.9562062681992338
1.616 0.9620204789272039
1.617 0.9695670498084296
1.618 0.9733650076335879
1.619 0.9651966145038158
1.62 0.941129259541981
1.621 0.8943993129770997
1.622 0.8175593193916283
1.623 0.7738871178707217
1.624 0.7476939999999979
1.625 0.7189086628787893
1.626 0.6900347878787887
1.627 0.6611635660377376
1.628 0.6304834603773616
1.629 0.5993246981132068
1.63 0.5672019398496309
1.631 0.5348957481202988
1.632 0.49948490977443893
1.633 0.4556290075187946
1.634 0.40573972284645027
1.635 0.36144608955223984
1.636 0.31946640298507883
1.637 0.2781335037313453
1.638 0.23942978810409143
1.639 0.20368352044609475
1.64 0.17250666542751186
1.641 0.1472222222222198
1.642 0.12259840892193652
1.643 0.0973578148148172
1.644 0.06688697037037278
1.645 0.04539615925926085
1.646 0.03049282287822997
1.647 0.020265767527674925
1.648 0.014155242647058917
1.649 0.00984568382352919
1.65 0.007134154411765099
1.651 0.0051625604395603535
1.652 0.004047241758241756
1.653 0.003358311355311359
1.654 0.0032199343065694003
1.655 0.0020856386861313678
1.656 0.0020939547775346394
1.657 0.0021710872727272656
1.658 0.002027
# -------------------
# GOES17_ABI Band CH225
# -------------------
2.197 0.002502929460580984
2.198 0.0027640993788820363
2.199 0.003500173913043371
2.2 0.004106636363636494
2.201 0.004971249484536238
2.202 0.005891317525773271
2.203 0.007972175257731556
2.204 0.009917288065844057
2.205 0.012026296296296632
2.206 0.014946971252566535
2.207 0.020175731006158493
2.208 0.026394934426230223
2.209 0.034826803278688985
2.21 0.04645701229508347
2.211 0.06150646625766509
2.212 0.08236455214724468
2.213 0.10981275918367388
2.214 0.14598091224490384
2.215 0.19304340936863115
2.216 0.25429793686355934
2.217 0.32941473373983965
2.218 0.4143991524390286
2.219 0.5105903109755954
2.22 0.6118444584178815
2.221 0.7067121034482805
2.222 0.793910967545646
2.223 0.862414753036429
2.224 0.9084314838056773
2.225 0.9368818000000041
2.226 0.9509990806451615
2.227 0.9584019272727275
2.228 0.960618548387097
2.229 0.9598197036290319
2.23 0.9595685381526105
2.231 0.9593332228915662
2.232 0.9616570321285143
2.233 0.963512993987976
2.234 0.9674944008016022
2.235 0.9735952785571141
2.236 0.9775890560000006
2.237 0.9837725600000009
2.238 0.991820155688622
2.239 0.9967744471057881
2.24 0.9992596646706589
2.241 0.9998266314741036
2.242 0.9987221474103586
2.243 0.997870660039762
2.244 0.9957006302186877
2.245 0.993310307539682
2.246 0.9887775476190478
2.247 0.9861267207920793
2.248 0.9836525346534642
2.249 0.9793780256916995
2.25 0.9745468478260862
2.251 0.9676339743589747
2.252 0.960710911242605
2.253 0.9555208639053249
2.254 0.9500783740157482
2.255 0.9458855972495096
2.256 0.9409234145383114
2.257 0.9356391159135548
2.258 0.9261100392156844
2.259 0.909312996078431
2.26 0.8789526908023554
2.261 0.8333234931506726
2.262 0.7717053581213212
2.263 0.6941563333333285
2.264 0.6009828538011989
2.265 0.5039260058479481
2.266 0.40365144054581087
2.267 0.3126115019455218
2.268 0.23798028793776604
2.269 0.17716686186770117
2.27 0.12972025581394878
2.271 0.09456298643411122
2.272 0.06924517829457603
2.273 0.05040172147001885
2.274 0.037376943907154965
2.275 0.02779330694980867
2.276 0.021039691119693144
2.277 0.016032568400770664
2.278 0.012373508670520037
2.279 0.009734653179190846
2.28 0.0077058192307695355
2.281 0.00566989999999991
2.282 0.004701809980806078
2.283 0.003880435700575834
2.284 0.0031146321839082276
2.285 0.002324
# -------------------
