# H09_AHI RSR
# QV 2025-02-15 from AHI-9_SpectralResponsivity_Data.xlsx
# interpolated to 0.1 nm, filtered to response > 0.002
# VSWIR channels
#
# H09_AHI Band Band 1
# -------------------
0.4417 0.002082
0.4418 0.002359
0.4419 0.002660
0.4420 0.002985
0.4421 0.003371
0.4422 0.003854
0.4423 0.004436
0.4424 0.005115
0.4425 0.005890
0.4426 0.006760
0.4427 0.007725
0.4428 0.008783
0.4429 0.009934
0.4430 0.011178
0.4431 0.012687
0.4432 0.014613
0.4433 0.016927
0.4434 0.019598
0.4435 0.022595
0.4436 0.025886
0.4437 0.029440
0.4438 0.033227
0.4439 0.037215
0.4440 0.041375
0.4441 0.046087
0.4442 0.051669
0.4443 0.057992
0.4444 0.064927
0.4445 0.072344
0.4446 0.080115
0.4447 0.088108
0.4448 0.096195
0.4449 0.104246
0.4450 0.112133
0.4451 0.120058
0.4452 0.128278
0.4453 0.136737
0.4454 0.145380
0.4455 0.154152
0.4456 0.162999
0.4457 0.171864
0.4458 0.180694
0.4459 0.189433
0.4460 0.198026
0.4461 0.206518
0.4462 0.214987
0.4463 0.223438
0.4464 0.231871
0.4465 0.240288
0.4466 0.248690
0.4467 0.257079
0.4468 0.265457
0.4469 0.273826
0.4470 0.282186
0.4471 0.290586
0.4472 0.299052
0.4473 0.307550
0.4474 0.316048
0.4475 0.324512
0.4476 0.332909
0.4477 0.341206
0.4478 0.349370
0.4479 0.357367
0.4480 0.365166
0.4481 0.372769
0.4482 0.380217
0.4483 0.387531
0.4484 0.394733
0.4485 0.401844
0.4486 0.408884
0.4487 0.415877
0.4488 0.422842
0.4489 0.429802
0.4490 0.436777
0.4491 0.443728
0.4492 0.450611
0.4493 0.457441
0.4494 0.464233
0.4495 0.471003
0.4496 0.477766
0.4497 0.484536
0.4498 0.491330
0.4499 0.498162
0.4500 0.505047
0.4501 0.511980
0.4502 0.518941
0.4503 0.525926
0.4504 0.532930
0.4505 0.539951
0.4506 0.546983
0.4507 0.554023
0.4508 0.561066
0.4509 0.568109
0.4510 0.575147
0.4511 0.582293
0.4512 0.589612
0.4513 0.597032
0.4514 0.604481
0.4515 0.611886
0.4516 0.619176
0.4517 0.626279
0.4518 0.633121
0.4519 0.639631
0.4520 0.645738
0.4521 0.651629
0.4522 0.657502
0.4523 0.663292
0.4524 0.668935
0.4525 0.674366
0.4526 0.679522
0.4527 0.684338
0.4528 0.688751
0.4529 0.692695
0.4530 0.696106
0.4531 0.699062
0.4532 0.701720
0.4533 0.704134
0.4534 0.706359
0.4535 0.708447
0.4536 0.710454
0.4537 0.712432
0.4538 0.714436
0.4539 0.716520
0.4540 0.718737
0.4541 0.721031
0.4542 0.723315
0.4543 0.725596
0.4544 0.727882
0.4545 0.730182
0.4546 0.732504
0.4547 0.734855
0.4548 0.737244
0.4549 0.739678
0.4550 0.742166
0.4551 0.744733
0.4552 0.747385
0.4553 0.750102
0.4554 0.752866
0.4555 0.755658
0.4556 0.758459
0.4557 0.761251
0.4558 0.764014
0.4559 0.766729
0.4560 0.769378
0.4561 0.772087
0.4562 0.774948
0.4563 0.777886
0.4564 0.780827
0.4565 0.783700
0.4566 0.786429
0.4567 0.788940
0.4568 0.791160
0.4569 0.793016
0.4570 0.794436
0.4571 0.795602
0.4572 0.796736
0.4573 0.797818
0.4574 0.798826
0.4575 0.799738
0.4576 0.800532
0.4577 0.801187
0.4578 0.801682
0.4579 0.801995
0.4580 0.802104
0.4581 0.801880
0.4582 0.801276
0.4583 0.800387
0.4584 0.799307
0.4585 0.798131
0.4586 0.796956
0.4587 0.795875
0.4588 0.794985
0.4589 0.794382
0.4590 0.794159
0.4591 0.794170
0.4592 0.794204
0.4593 0.794260
0.4594 0.794338
0.4595 0.794436
0.4596 0.794556
0.4597 0.794695
0.4598 0.794854
0.4599 0.795031
0.4600 0.795228
0.4601 0.795863
0.4602 0.797258
0.4603 0.799285
0.4604 0.801819
0.4605 0.804725
0.4606 0.807870
0.4607 0.811127
0.4608 0.814363
0.4609 0.817448
0.4610 0.820253
0.4611 0.823125
0.4612 0.826394
0.4613 0.829900
0.4614 0.833486
0.4615 0.836990
0.4616 0.840255
0.4617 0.843119
0.4618 0.845420
0.4619 0.847004
0.4620 0.847711
0.4621 0.847913
0.4622 0.848095
0.4623 0.848258
0.4624 0.848401
0.4625 0.848523
0.4626 0.848624
0.4627 0.848704
0.4628 0.848761
0.4629 0.848796
0.4630 0.848807
0.4631 0.848435
0.4632 0.847435
0.4633 0.845956
0.4634 0.844162
0.4635 0.842210
0.4636 0.840258
0.4637 0.838465
0.4638 0.836985
0.4639 0.835986
0.4640 0.835615
0.4641 0.835700
0.4642 0.835952
0.4643 0.836354
0.4644 0.836896
0.4645 0.837565
0.4646 0.838346
0.4647 0.839228
0.4648 0.840197
0.4649 0.841241
0.4650 0.842349
0.4651 0.843939
0.4652 0.846343
0.4653 0.849425
0.4654 0.853036
0.4655 0.857042
0.4656 0.861297
0.4657 0.865661
0.4658 0.869991
0.4659 0.874146
0.4660 0.877985
0.4661 0.881743
0.4662 0.885692
0.4663 0.889760
0.4664 0.893866
0.4665 0.897937
0.4666 0.901892
0.4667 0.905658
0.4668 0.909153
0.4669 0.912306
0.4670 0.915034
0.4671 0.917407
0.4672 0.919566
0.4673 0.921547
0.4674 0.923394
0.4675 0.925143
0.4676 0.926835
0.4677 0.928509
0.4678 0.930205
0.4679 0.931960
0.4680 0.933817
0.4681 0.935824
0.4682 0.937973
0.4683 0.940205
0.4684 0.942465
0.4685 0.944696
0.4686 0.946841
0.4687 0.948842
0.4688 0.950647
0.4689 0.952193
0.4690 0.953430
0.4691 0.954492
0.4692 0.955542
0.4693 0.956556
0.4694 0.957512
0.4695 0.958386
0.4696 0.959153
0.4697 0.959791
0.4698 0.960275
0.4699 0.960584
0.4700 0.960691
0.4701 0.960606
0.4702 0.960371
0.4703 0.960026
0.4704 0.959606
0.4705 0.959149
0.4706 0.958692
0.4707 0.958272
0.4708 0.957927
0.4709 0.957692
0.4710 0.957606
0.4711 0.957678
0.4712 0.957875
0.4713 0.958164
0.4714 0.958516
0.4715 0.958899
0.4716 0.959282
0.4717 0.959634
0.4718 0.959924
0.4719 0.960121
0.4720 0.960192
0.4721 0.959987
0.4722 0.959425
0.4723 0.958601
0.4724 0.957598
0.4725 0.956507
0.4726 0.955417
0.4727 0.954414
0.4728 0.953589
0.4729 0.953028
0.4730 0.952822
0.4731 0.952909
0.4732 0.953157
0.4733 0.953544
0.4734 0.954048
0.4735 0.954646
0.4736 0.955316
0.4737 0.956038
0.4738 0.956788
0.4739 0.957545
0.4740 0.958286
0.4741 0.959142
0.4742 0.960212
0.4743 0.961436
0.4744 0.962751
0.4745 0.964096
0.4746 0.965410
0.4747 0.966632
0.4748 0.967696
0.4749 0.968547
0.4750 0.969117
0.4751 0.969521
0.4752 0.969907
0.4753 0.970269
0.4754 0.970602
0.4755 0.970899
0.4756 0.971155
0.4757 0.971364
0.4758 0.971520
0.4759 0.971618
0.4760 0.971652
0.4761 0.971490
0.4762 0.971043
0.4763 0.970374
0.4764 0.969541
0.4765 0.968605
0.4766 0.967628
0.4767 0.966669
0.4768 0.965789
0.4769 0.965048
0.4770 0.964507
0.4771 0.964082
0.4772 0.963657
0.4773 0.963243
0.4774 0.962850
0.4775 0.962489
0.4776 0.962169
0.4777 0.961903
0.4778 0.961699
0.4779 0.961569
0.4780 0.961525
0.4781 0.961677
0.4782 0.962111
0.4783 0.962785
0.4784 0.963657
0.4785 0.964692
0.4786 0.965847
0.4787 0.967082
0.4788 0.968359
0.4789 0.969637
0.4790 0.970877
0.4791 0.972203
0.4792 0.973735
0.4793 0.975428
0.4794 0.977235
0.4795 0.979109
0.4796 0.981005
0.4797 0.982875
0.4798 0.984673
0.4799 0.986351
0.4800 0.987866
0.4801 0.989353
0.4802 0.990940
0.4803 0.992568
0.4804 0.994176
0.4805 0.995702
0.4806 0.997087
0.4807 0.998271
0.4808 0.999189
0.4809 0.999785
0.4810 1.000000
0.4811 0.999942
0.4812 0.999777
0.4813 0.999513
0.4814 0.999157
0.4815 0.998720
0.4816 0.998209
0.4817 0.997633
0.4818 0.997002
0.4819 0.996323
0.4820 0.995604
0.4821 0.994620
0.4822 0.993185
0.4823 0.991364
0.4824 0.989219
0.4825 0.986822
0.4826 0.984238
0.4827 0.981531
0.4828 0.978770
0.4829 0.976020
0.4830 0.973346
0.4831 0.970668
0.4832 0.967864
0.4833 0.964942
0.4834 0.961907
0.4835 0.958767
0.4836 0.955529
0.4837 0.952201
0.4838 0.948788
0.4839 0.945299
0.4840 0.941741
0.4841 0.938111
0.4842 0.934395
0.4843 0.930582
0.4844 0.926660
0.4845 0.922616
0.4846 0.918439
0.4847 0.914117
0.4848 0.909638
0.4849 0.904990
0.4850 0.900160
0.4851 0.895083
0.4852 0.889719
0.4853 0.884092
0.4854 0.878235
0.4855 0.872175
0.4856 0.865940
0.4857 0.859557
0.4858 0.853057
0.4859 0.846466
0.4860 0.839814
0.4861 0.832998
0.4862 0.825925
0.4863 0.818639
0.4864 0.811181
0.4865 0.803593
0.4866 0.795917
0.4867 0.788195
0.4868 0.780470
0.4869 0.772783
0.4870 0.765177
0.4871 0.757559
0.4872 0.749836
0.4873 0.742044
0.4874 0.734221
0.4875 0.726406
0.4876 0.718636
0.4877 0.710949
0.4878 0.703383
0.4879 0.695975
0.4880 0.688766
0.4881 0.681759
0.4882 0.674914
0.4883 0.668202
0.4884 0.661594
0.4885 0.655061
0.4886 0.648572
0.4887 0.642100
0.4888 0.635614
0.4889 0.629086
0.4890 0.622485
0.4891 0.615883
0.4892 0.609347
0.4893 0.602847
0.4894 0.596354
0.4895 0.589838
0.4896 0.583266
0.4897 0.576610
0.4898 0.569839
0.4899 0.562923
0.4900 0.555832
0.4901 0.548652
0.4902 0.541458
0.4903 0.534204
0.4904 0.526844
0.4905 0.519329
0.4906 0.511613
0.4907 0.503649
0.4908 0.495389
0.4909 0.486786
0.4910 0.477793
0.4911 0.468214
0.4912 0.457963
0.4913 0.447155
0.4914 0.435905
0.4915 0.424330
0.4916 0.412549
0.4917 0.400678
0.4918 0.388835
0.4919 0.377135
0.4920 0.365696
0.4921 0.354404
0.4922 0.343080
0.4923 0.331731
0.4924 0.320366
0.4925 0.308997
0.4926 0.297631
0.4927 0.286278
0.4928 0.274949
0.4929 0.263653
0.4930 0.252399
0.4931 0.240965
0.4932 0.229220
0.4933 0.217306
0.4934 0.205365
0.4935 0.193537
0.4936 0.181967
0.4937 0.170794
0.4938 0.160161
0.4939 0.150210
0.4940 0.141087
0.4941 0.132515
0.4942 0.124155
0.4943 0.116051
0.4944 0.108247
0.4945 0.100786
0.4946 0.093713
0.4947 0.087070
0.4948 0.080902
0.4949 0.075253
0.4950 0.070166
0.4951 0.065480
0.4952 0.061008
0.4953 0.056758
0.4954 0.052740
0.4955 0.048963
0.4956 0.045436
0.4957 0.042168
0.4958 0.039167
0.4959 0.036444
0.4960 0.034006
0.4961 0.031782
0.4962 0.029691
0.4963 0.027729
0.4964 0.025892
0.4965 0.024174
0.4966 0.022573
0.4967 0.021082
0.4968 0.019699
0.4969 0.018419
0.4970 0.017236
0.4971 0.016130
0.4972 0.015079
0.4973 0.014084
0.4974 0.013145
0.4975 0.012260
0.4976 0.011432
0.4977 0.010658
0.4978 0.009939
0.4979 0.009274
0.4980 0.008665
0.4981 0.008096
0.4982 0.007554
0.4983 0.007039
0.4984 0.006553
0.4985 0.006095
0.4986 0.005667
0.4987 0.005268
0.4988 0.004900
0.4989 0.004562
0.4990 0.004256
0.4991 0.003973
0.4992 0.003704
0.4993 0.003449
0.4994 0.003209
0.4995 0.002984
0.4996 0.002774
0.4997 0.002580
0.4998 0.002402
0.4999 0.002239
0.5000 0.002093
# -------------------
# H09_AHI Band Band 2
# -------------------
0.4815 0.002028
0.4816 0.002156
0.4817 0.002291
0.4818 0.002434
0.4819 0.002583
0.4820 0.002739
0.4821 0.002905
0.4822 0.003085
0.4823 0.003279
0.4824 0.003487
0.4825 0.003709
0.4826 0.003946
0.4827 0.004197
0.4828 0.004462
0.4829 0.004741
0.4830 0.005035
0.4831 0.005352
0.4832 0.005697
0.4833 0.006071
0.4834 0.006473
0.4835 0.006901
0.4836 0.007355
0.4837 0.007834
0.4838 0.008337
0.4839 0.008864
0.4840 0.009413
0.4841 0.009994
0.4842 0.010618
0.4843 0.011285
0.4844 0.011995
0.4845 0.012749
0.4846 0.013546
0.4847 0.014388
0.4848 0.015274
0.4849 0.016205
0.4850 0.017181
0.4851 0.018212
0.4852 0.019313
0.4853 0.020489
0.4854 0.021743
0.4855 0.023079
0.4856 0.024501
0.4857 0.026015
0.4858 0.027625
0.4859 0.029335
0.4860 0.031148
0.4861 0.033134
0.4862 0.035347
0.4863 0.037770
0.4864 0.040387
0.4865 0.043183
0.4866 0.046143
0.4867 0.049251
0.4868 0.052491
0.4869 0.055846
0.4870 0.059304
0.4871 0.063002
0.4872 0.067056
0.4873 0.071408
0.4874 0.076004
0.4875 0.080790
0.4876 0.085708
0.4877 0.090703
0.4878 0.095719
0.4879 0.100701
0.4880 0.105593
0.4881 0.110461
0.4882 0.115401
0.4883 0.120400
0.4884 0.125447
0.4885 0.130529
0.4886 0.135634
0.4887 0.140750
0.4888 0.145865
0.4889 0.150967
0.4890 0.156042
0.4891 0.161109
0.4892 0.166188
0.4893 0.171276
0.4894 0.176367
0.4895 0.181459
0.4896 0.186546
0.4897 0.191625
0.4898 0.196691
0.4899 0.201741
0.4900 0.206769
0.4901 0.211782
0.4902 0.216787
0.4903 0.221784
0.4904 0.226770
0.4905 0.231744
0.4906 0.236704
0.4907 0.241649
0.4908 0.246577
0.4909 0.251486
0.4910 0.256375
0.4911 0.261204
0.4912 0.265954
0.4913 0.270651
0.4914 0.275324
0.4915 0.279998
0.4916 0.284703
0.4917 0.289464
0.4918 0.294310
0.4919 0.299267
0.4920 0.304363
0.4921 0.309581
0.4922 0.314888
0.4923 0.320283
0.4924 0.325766
0.4925 0.331337
0.4926 0.336996
0.4927 0.342742
0.4928 0.348577
0.4929 0.354498
0.4930 0.360507
0.4931 0.366646
0.4932 0.372941
0.4933 0.379368
0.4934 0.385905
0.4935 0.392530
0.4936 0.399219
0.4937 0.405950
0.4938 0.412701
0.4939 0.419448
0.4940 0.426169
0.4941 0.432855
0.4942 0.439526
0.4943 0.446199
0.4944 0.452894
0.4945 0.459630
0.4946 0.466425
0.4947 0.473298
0.4948 0.480267
0.4949 0.487352
0.4950 0.494572
0.4951 0.501944
0.4952 0.509462
0.4953 0.517109
0.4954 0.524865
0.4955 0.532712
0.4956 0.540631
0.4957 0.548605
0.4958 0.556614
0.4959 0.564641
0.4960 0.572667
0.4961 0.580685
0.4962 0.588711
0.4963 0.596760
0.4964 0.604849
0.4965 0.612992
0.4966 0.621205
0.4967 0.629504
0.4968 0.637904
0.4969 0.646420
0.4970 0.655068
0.4971 0.663851
0.4972 0.672755
0.4973 0.681776
0.4974 0.690906
0.4975 0.700140
0.4976 0.709471
0.4977 0.718894
0.4978 0.728401
0.4979 0.737988
0.4980 0.747648
0.4981 0.757552
0.4982 0.767800
0.4983 0.778287
0.4984 0.788906
0.4985 0.799549
0.4986 0.810109
0.4987 0.820479
0.4988 0.830552
0.4989 0.840220
0.4990 0.849375
0.4991 0.858267
0.4992 0.867152
0.4993 0.875949
0.4994 0.884571
0.4995 0.892936
0.4996 0.900956
0.4997 0.908549
0.4998 0.915628
0.4999 0.922110
0.5000 0.927909
0.5001 0.933292
0.5002 0.938543
0.5003 0.943609
0.5004 0.948438
0.5005 0.952974
0.5006 0.957165
0.5007 0.960957
0.5008 0.964296
0.5009 0.967128
0.5010 0.969401
0.5011 0.971301
0.5012 0.973051
0.5013 0.974658
0.5014 0.976127
0.5015 0.977465
0.5016 0.978675
0.5017 0.979765
0.5018 0.980738
0.5019 0.981602
0.5020 0.982360
0.5021 0.983023
0.5022 0.983604
0.5023 0.984119
0.5024 0.984585
0.5025 0.985017
0.5026 0.985432
0.5027 0.985845
0.5028 0.986272
0.5029 0.986730
0.5030 0.987234
0.5031 0.987798
0.5032 0.988413
0.5033 0.989063
0.5034 0.989729
0.5035 0.990394
0.5036 0.991042
0.5037 0.991654
0.5038 0.992212
0.5039 0.992700
0.5040 0.993101
0.5041 0.993455
0.5042 0.993810
0.5043 0.994156
0.5044 0.994486
0.5045 0.994789
0.5046 0.995057
0.5047 0.995282
0.5048 0.995453
0.5049 0.995563
0.5050 0.995601
0.5051 0.995459
0.5052 0.995063
0.5053 0.994456
0.5054 0.993681
0.5055 0.992783
0.5056 0.991804
0.5057 0.990787
0.5058 0.989777
0.5059 0.988816
0.5060 0.987947
0.5061 0.987054
0.5062 0.986026
0.5063 0.984916
0.5064 0.983779
0.5065 0.982669
0.5066 0.981640
0.5067 0.980745
0.5068 0.980039
0.5069 0.979576
0.5070 0.979408
0.5071 0.979411
0.5072 0.979422
0.5073 0.979440
0.5074 0.979464
0.5075 0.979496
0.5076 0.979534
0.5077 0.979578
0.5078 0.979628
0.5079 0.979685
0.5080 0.979747
0.5081 0.979938
0.5082 0.980354
0.5083 0.980963
0.5084 0.981729
0.5085 0.982620
0.5086 0.983601
0.5087 0.984638
0.5088 0.985697
0.5089 0.986744
0.5090 0.987746
0.5091 0.988873
0.5092 0.990255
0.5093 0.991806
0.5094 0.993438
0.5095 0.995063
0.5096 0.996590
0.5097 0.997931
0.5098 0.998999
0.5099 0.999705
0.5100 0.999963
0.5101 0.999931
0.5102 0.999835
0.5103 0.999683
0.5104 0.999477
0.5105 0.999222
0.5106 0.998924
0.5107 0.998587
0.5108 0.998214
0.5109 0.997812
0.5110 0.997381
0.5111 0.996628
0.5112 0.995345
0.5113 0.993667
0.5114 0.991734
0.5115 0.989686
0.5116 0.987664
0.5117 0.985805
0.5118 0.984249
0.5119 0.983135
0.5120 0.982606
0.5121 0.982418
0.5122 0.982248
0.5123 0.982096
0.5124 0.981961
0.5125 0.981845
0.5126 0.981748
0.5127 0.981671
0.5128 0.981615
0.5129 0.981581
0.5130 0.981570
0.5131 0.981917
0.5132 0.982855
0.5133 0.984257
0.5134 0.985989
0.5135 0.987920
0.5136 0.989914
0.5137 0.991839
0.5138 0.993563
0.5139 0.994952
0.5140 0.995869
0.5141 0.996507
0.5142 0.997121
0.5143 0.997706
0.5144 0.998248
0.5145 0.998736
0.5146 0.999161
0.5147 0.999512
0.5148 0.999776
0.5149 0.999941
0.5150 0.999998
0.5151 0.999834
0.5152 0.999373
0.5153 0.998654
0.5154 0.997723
0.5155 0.996625
0.5156 0.995401
0.5157 0.994096
0.5158 0.992752
0.5159 0.991413
0.5160 0.990122
0.5161 0.988810
0.5162 0.987384
0.5163 0.985855
0.5164 0.984231
0.5165 0.982522
0.5166 0.980738
0.5167 0.978888
0.5168 0.976984
0.5169 0.975033
0.5170 0.973046
0.5171 0.971019
0.5172 0.968934
0.5173 0.966781
0.5174 0.964547
0.5175 0.962224
0.5176 0.959799
0.5177 0.957261
0.5178 0.954599
0.5179 0.951804
0.5180 0.948864
0.5181 0.945709
0.5182 0.942298
0.5183 0.938656
0.5184 0.934806
0.5185 0.930774
0.5186 0.926586
0.5187 0.922267
0.5188 0.917840
0.5189 0.913332
0.5190 0.908766
0.5191 0.904055
0.5192 0.899113
0.5193 0.893975
0.5194 0.888673
0.5195 0.883238
0.5196 0.877705
0.5197 0.872106
0.5198 0.866474
0.5199 0.860843
0.5200 0.855243
0.5201 0.849636
0.5202 0.843961
0.5203 0.838227
0.5204 0.832444
0.5205 0.826618
0.5206 0.820759
0.5207 0.814874
0.5208 0.808973
0.5209 0.803064
0.5210 0.797154
0.5211 0.791230
0.5212 0.785273
0.5213 0.779290
0.5214 0.773285
0.5215 0.767262
0.5216 0.761229
0.5217 0.755188
0.5218 0.749147
0.5219 0.743109
0.5220 0.737079
0.5221 0.731058
0.5222 0.725040
0.5223 0.719022
0.5224 0.713001
0.5225 0.706976
0.5226 0.700944
0.5227 0.694902
0.5228 0.688847
0.5229 0.682779
0.5230 0.676693
0.5231 0.670589
0.5232 0.664469
0.5233 0.658333
0.5234 0.652185
0.5235 0.646028
0.5236 0.639863
0.5237 0.633692
0.5238 0.627519
0.5239 0.621346
0.5240 0.615174
0.5241 0.609021
0.5242 0.602892
0.5243 0.596776
0.5244 0.590660
0.5245 0.584533
0.5246 0.578382
0.5247 0.572194
0.5248 0.565958
0.5249 0.559660
0.5250 0.553290
0.5251 0.546851
0.5252 0.540358
0.5253 0.533814
0.5254 0.527221
0.5255 0.520581
0.5256 0.513899
0.5257 0.507175
0.5258 0.500414
0.5259 0.493617
0.5260 0.486787
0.5261 0.479921
0.5262 0.473014
0.5263 0.466066
0.5264 0.459078
0.5265 0.452047
0.5266 0.444974
0.5267 0.437860
0.5268 0.430703
0.5269 0.423503
0.5270 0.416261
0.5271 0.408986
0.5272 0.401685
0.5273 0.394350
0.5274 0.386973
0.5275 0.379545
0.5276 0.372059
0.5277 0.364508
0.5278 0.356882
0.5279 0.349175
0.5280 0.341376
0.5281 0.333453
0.5282 0.325390
0.5283 0.317213
0.5284 0.308949
0.5285 0.300624
0.5286 0.292265
0.5287 0.283897
0.5288 0.275546
0.5289 0.267240
0.5290 0.259003
0.5291 0.250787
0.5292 0.242537
0.5293 0.234272
0.5294 0.226009
0.5295 0.217768
0.5296 0.209566
0.5297 0.201422
0.5298 0.193354
0.5299 0.185382
0.5300 0.177521
0.5301 0.169646
0.5302 0.161666
0.5303 0.153653
0.5304 0.145679
0.5305 0.137819
0.5306 0.130146
0.5307 0.122730
0.5308 0.115652
0.5309 0.108974
0.5310 0.102781
0.5311 0.096895
0.5312 0.091131
0.5313 0.085521
0.5314 0.080103
0.5315 0.074912
0.5316 0.069983
0.5317 0.065355
0.5318 0.061057
0.5319 0.057137
0.5320 0.053615
0.5321 0.050394
0.5322 0.047332
0.5323 0.044433
0.5324 0.041694
0.5325 0.039122
0.5326 0.036713
0.5327 0.034472
0.5328 0.032398
0.5329 0.030493
0.5330 0.028758
0.5331 0.027155
0.5332 0.025642
0.5333 0.024216
0.5334 0.022875
0.5335 0.021615
0.5336 0.020433
0.5337 0.019324
0.5338 0.018288
0.5339 0.017319
0.5340 0.016415
0.5341 0.015564
0.5342 0.014756
0.5343 0.013989
0.5344 0.013262
0.5345 0.012574
0.5346 0.011923
0.5347 0.011308
0.5348 0.010729
0.5349 0.010184
0.5350 0.009671
0.5351 0.009185
0.5352 0.008720
0.5353 0.008276
0.5354 0.007853
0.5355 0.007450
0.5356 0.007068
0.5357 0.006706
0.5358 0.006364
0.5359 0.006043
0.5360 0.005741
0.5361 0.005454
0.5362 0.005180
0.5363 0.004917
0.5364 0.004666
0.5365 0.004427
0.5366 0.004201
0.5367 0.003986
0.5368 0.003784
0.5369 0.003594
0.5370 0.003417
0.5371 0.003249
0.5372 0.003088
0.5373 0.002935
0.5374 0.002788
0.5375 0.002649
0.5376 0.002517
0.5377 0.002392
0.5378 0.002275
0.5379 0.002165
0.5380 0.002063
# -------------------
# H09_AHI Band Band 3
# -------------------
0.5806 0.002062
0.5807 0.002164
0.5808 0.002271
0.5809 0.002385
0.5810 0.002503
0.5811 0.002630
0.5812 0.002767
0.5813 0.002916
0.5814 0.003076
0.5815 0.003247
0.5816 0.003431
0.5817 0.003626
0.5818 0.003835
0.5819 0.004056
0.5820 0.004290
0.5821 0.004545
0.5822 0.004828
0.5823 0.005138
0.5824 0.005474
0.5825 0.005836
0.5826 0.006222
0.5827 0.006631
0.5828 0.007063
0.5829 0.007518
0.5830 0.007994
0.5831 0.008508
0.5832 0.009077
0.5833 0.009695
0.5834 0.010358
0.5835 0.011063
0.5836 0.011805
0.5837 0.012581
0.5838 0.013385
0.5839 0.014215
0.5840 0.015064
0.5841 0.015968
0.5842 0.016949
0.5843 0.017995
0.5844 0.019093
0.5845 0.020228
0.5846 0.021388
0.5847 0.022557
0.5848 0.023723
0.5849 0.024871
0.5850 0.025988
0.5851 0.027090
0.5852 0.028199
0.5853 0.029313
0.5854 0.030428
0.5855 0.031543
0.5856 0.032654
0.5857 0.033758
0.5858 0.034853
0.5859 0.035936
0.5860 0.037003
0.5861 0.038040
0.5862 0.039038
0.5863 0.040011
0.5864 0.040971
0.5865 0.041933
0.5866 0.042909
0.5867 0.043912
0.5868 0.044954
0.5869 0.046049
0.5870 0.047209
0.5871 0.048426
0.5872 0.049683
0.5873 0.050985
0.5874 0.052335
0.5875 0.053740
0.5876 0.055201
0.5877 0.056725
0.5878 0.058315
0.5879 0.059975
0.5880 0.061710
0.5881 0.063547
0.5882 0.065505
0.5883 0.067578
0.5884 0.069755
0.5885 0.072028
0.5886 0.074390
0.5887 0.076831
0.5888 0.079344
0.5889 0.081920
0.5890 0.084551
0.5891 0.087296
0.5892 0.090202
0.5893 0.093244
0.5894 0.096397
0.5895 0.099637
0.5896 0.102939
0.5897 0.106279
0.5898 0.109631
0.5899 0.112972
0.5900 0.116277
0.5901 0.119584
0.5902 0.122939
0.5903 0.126331
0.5904 0.129750
0.5905 0.133183
0.5906 0.136621
0.5907 0.140052
0.5908 0.143464
0.5909 0.146847
0.5910 0.150189
0.5911 0.153481
0.5912 0.156729
0.5913 0.159946
0.5914 0.163145
0.5915 0.166338
0.5916 0.169539
0.5917 0.172760
0.5918 0.176015
0.5919 0.179316
0.5920 0.182677
0.5921 0.186110
0.5922 0.189611
0.5923 0.193165
0.5924 0.196755
0.5925 0.200367
0.5926 0.203985
0.5927 0.207595
0.5928 0.211180
0.5929 0.214726
0.5930 0.218217
0.5931 0.221663
0.5932 0.225087
0.5933 0.228489
0.5934 0.231873
0.5935 0.235240
0.5936 0.238592
0.5937 0.241932
0.5938 0.245261
0.5939 0.248582
0.5940 0.251896
0.5941 0.255190
0.5942 0.258456
0.5943 0.261702
0.5944 0.264934
0.5945 0.268160
0.5946 0.271387
0.5947 0.274624
0.5948 0.277878
0.5949 0.281156
0.5950 0.284466
0.5951 0.287781
0.5952 0.291080
0.5953 0.294375
0.5954 0.297681
0.5955 0.301011
0.5956 0.304378
0.5957 0.307796
0.5958 0.311281
0.5959 0.314845
0.5960 0.318500
0.5961 0.322234
0.5962 0.326026
0.5963 0.329883
0.5964 0.333811
0.5965 0.337815
0.5966 0.341902
0.5967 0.346076
0.5968 0.350345
0.5969 0.354716
0.5970 0.359194
0.5971 0.363823
0.5972 0.368628
0.5973 0.373585
0.5974 0.378668
0.5975 0.383850
0.5976 0.389103
0.5977 0.394403
0.5978 0.399723
0.5979 0.405037
0.5980 0.410319
0.5981 0.415602
0.5982 0.420932
0.5983 0.426301
0.5984 0.431703
0.5985 0.437131
0.5986 0.442578
0.5987 0.448037
0.5988 0.453501
0.5989 0.458963
0.5990 0.464415
0.5991 0.469826
0.5992 0.475182
0.5993 0.480510
0.5994 0.485836
0.5995 0.491188
0.5996 0.496591
0.5997 0.502071
0.5998 0.507659
0.5999 0.513378
0.6000 0.519253
0.6001 0.525288
0.6002 0.531463
0.6003 0.537767
0.6004 0.544189
0.6005 0.550717
0.6006 0.557342
0.6007 0.564055
0.6008 0.570844
0.6009 0.577698
0.6010 0.584607
0.6011 0.591616
0.6012 0.598762
0.6013 0.606023
0.6014 0.613381
0.6015 0.620815
0.6016 0.628307
0.6017 0.635835
0.6018 0.643381
0.6019 0.650923
0.6020 0.658443
0.6021 0.665978
0.6022 0.673566
0.6023 0.681196
0.6024 0.688855
0.6025 0.696530
0.6026 0.704207
0.6027 0.711875
0.6028 0.719517
0.6029 0.727124
0.6030 0.734684
0.6031 0.742352
0.6032 0.750241
0.6033 0.758244
0.6034 0.766262
0.6035 0.774196
0.6036 0.781938
0.6037 0.789391
0.6038 0.796458
0.6039 0.803038
0.6040 0.809014
0.6041 0.814609
0.6042 0.820052
0.6043 0.825318
0.6044 0.830373
0.6045 0.835190
0.6046 0.839740
0.6047 0.843987
0.6048 0.847899
0.6049 0.851451
0.6050 0.854615
0.6051 0.857470
0.6052 0.860141
0.6053 0.862643
0.6054 0.864988
0.6055 0.867184
0.6056 0.869249
0.6057 0.871195
0.6058 0.873034
0.6059 0.874778
0.6060 0.876441
0.6061 0.878038
0.6062 0.879572
0.6063 0.881042
0.6064 0.882447
0.6065 0.883785
0.6066 0.885053
0.6067 0.886252
0.6068 0.887379
0.6069 0.888431
0.6070 0.889408
0.6071 0.890329
0.6072 0.891212
0.6073 0.892054
0.6074 0.892857
0.6075 0.893619
0.6076 0.894338
0.6077 0.895014
0.6078 0.895645
0.6079 0.896230
0.6080 0.896767
0.6081 0.897259
0.6082 0.897713
0.6083 0.898133
0.6084 0.898528
0.6085 0.898903
0.6086 0.899265
0.6087 0.899621
0.6088 0.899977
0.6089 0.900340
0.6090 0.900716
0.6091 0.901090
0.6092 0.901450
0.6093 0.901799
0.6094 0.902145
0.6095 0.902492
0.6096 0.902848
0.6097 0.903218
0.6098 0.903607
0.6099 0.904023
0.6100 0.904471
0.6101 0.904951
0.6102 0.905458
0.6103 0.905995
0.6104 0.906561
0.6105 0.907157
0.6106 0.907784
0.6107 0.908441
0.6108 0.909129
0.6109 0.909849
0.6110 0.910603
0.6111 0.911414
0.6112 0.912306
0.6113 0.913265
0.6114 0.914280
0.6115 0.915340
0.6116 0.916434
0.6117 0.917550
0.6118 0.918676
0.6119 0.919802
0.6120 0.920918
0.6121 0.922051
0.6122 0.923234
0.6123 0.924451
0.6124 0.925690
0.6125 0.926936
0.6126 0.928177
0.6127 0.929398
0.6128 0.930586
0.6129 0.931728
0.6130 0.932808
0.6131 0.933862
0.6132 0.934921
0.6133 0.935974
0.6134 0.937009
0.6135 0.938013
0.6136 0.938974
0.6137 0.939880
0.6138 0.940719
0.6139 0.941476
0.6140 0.942143
0.6141 0.942772
0.6142 0.943410
0.6143 0.944042
0.6144 0.944649
0.6145 0.945212
0.6146 0.945713
0.6147 0.946136
0.6148 0.946458
0.6149 0.946667
0.6150 0.946740
0.6151 0.946735
0.6152 0.946718
0.6153 0.946690
0.6154 0.946652
0.6155 0.946604
0.6156 0.946548
0.6157 0.946483
0.6158 0.946411
0.6159 0.946332
0.6160 0.946246
0.6161 0.946101
0.6162 0.945852
0.6163 0.945519
0.6164 0.945117
0.6165 0.944665
0.6166 0.944179
0.6167 0.943676
0.6168 0.943175
0.6169 0.942691
0.6170 0.942243
0.6171 0.941786
0.6172 0.941277
0.6173 0.940736
0.6174 0.940183
0.6175 0.939638
0.6176 0.939121
0.6177 0.938652
0.6178 0.938252
0.6179 0.937939
0.6180 0.937735
0.6181 0.937594
0.6182 0.937462
0.6183 0.937340
0.6184 0.937228
0.6185 0.937129
0.6186 0.937045
0.6187 0.936976
0.6188 0.936925
0.6189 0.936893
0.6190 0.936882
0.6191 0.936969
0.6192 0.937204
0.6193 0.937574
0.6194 0.938056
0.6195 0.938628
0.6196 0.939271
0.6197 0.939963
0.6198 0.940685
0.6199 0.941413
0.6200 0.942130
0.6201 0.942902
0.6202 0.943790
0.6203 0.944779
0.6204 0.945847
0.6205 0.946973
0.6206 0.948139
0.6207 0.949321
0.6208 0.950501
0.6209 0.951658
0.6210 0.952772
0.6211 0.953890
0.6212 0.955055
0.6213 0.956251
0.6214 0.957457
0.6215 0.958655
0.6216 0.959825
0.6217 0.960950
0.6218 0.962006
0.6219 0.962979
0.6220 0.963847
0.6221 0.964682
0.6222 0.965546
0.6223 0.966413
0.6224 0.967256
0.6225 0.968045
0.6226 0.968752
0.6227 0.969353
0.6228 0.969814
0.6229 0.970114
0.6230 0.970218
0.6231 0.970211
0.6232 0.970182
0.6233 0.970134
0.6234 0.970070
0.6235 0.969990
0.6236 0.969895
0.6237 0.969785
0.6238 0.969663
0.6239 0.969529
0.6240 0.969382
0.6241 0.969138
0.6242 0.968715
0.6243 0.968147
0.6244 0.967452
0.6245 0.966662
0.6246 0.965799
0.6247 0.964891
0.6248 0.963963
0.6249 0.963040
0.6250 0.962148
0.6251 0.961236
0.6252 0.960251
0.6253 0.959202
0.6254 0.958106
0.6255 0.956977
0.6256 0.955829
0.6257 0.954675
0.6258 0.953531
0.6259 0.952410
0.6260 0.951328
0.6261 0.950242
0.6262 0.949118
0.6263 0.947973
0.6264 0.946827
0.6265 0.945698
0.6266 0.944603
0.6267 0.943564
0.6268 0.942596
0.6269 0.941723
0.6270 0.940955
0.6271 0.940236
0.6272 0.939501
0.6273 0.938772
0.6274 0.938069
0.6275 0.937415
0.6276 0.936832
0.6277 0.936340
0.6278 0.935963
0.6279 0.935719
0.6280 0.935635
0.6281 0.935697
0.6282 0.935883
0.6283 0.936172
0.6284 0.936556
0.6285 0.937017
0.6286 0.937545
0.6287 0.938124
0.6288 0.938740
0.6289 0.939381
0.6290 0.940034
0.6291 0.940795
0.6292 0.941746
0.6293 0.942860
0.6294 0.944105
0.6295 0.945453
0.6296 0.946870
0.6297 0.948329
0.6298 0.949796
0.6299 0.951243
0.6300 0.952640
0.6301 0.954047
0.6302 0.955527
0.6303 0.957062
0.6304 0.958628
0.6305 0.960201
0.6306 0.961761
0.6307 0.963283
0.6308 0.964747
0.6309 0.966127
0.6310 0.967406
0.6311 0.968650
0.6312 0.969926
0.6313 0.971206
0.6314 0.972460
0.6315 0.973657
0.6316 0.974768
0.6317 0.975763
0.6318 0.976613
0.6319 0.977286
0.6320 0.977758
0.6321 0.978107
0.6322 0.978438
0.6323 0.978747
0.6324 0.979029
0.6325 0.979280
0.6326 0.979495
0.6327 0.979671
0.6328 0.979801
0.6329 0.979883
0.6330 0.979909
0.6331 0.979812
0.6332 0.979542
0.6333 0.979124
0.6334 0.978587
0.6335 0.977957
0.6336 0.977264
0.6337 0.976532
0.6338 0.975792
0.6339 0.975069
0.6340 0.974390
0.6341 0.973690
0.6342 0.972904
0.6343 0.972056
0.6344 0.971172
0.6345 0.970280
0.6346 0.969405
0.6347 0.968576
0.6348 0.967814
0.6349 0.967153
0.6350 0.966612
0.6351 0.966137
0.6352 0.965662
0.6353 0.965197
0.6354 0.964754
0.6355 0.964347
0.6356 0.963986
0.6357 0.963684
0.6358 0.963454
0.6359 0.963307
0.6360 0.963255
0.6361 0.963320
0.6362 0.963505
0.6363 0.963795
0.6364 0.964178
0.6365 0.964637
0.6366 0.965162
0.6367 0.965735
0.6368 0.966346
0.6369 0.966976
0.6370 0.967618
0.6371 0.968358
0.6372 0.969284
0.6373 0.970361
0.6374 0.971560
0.6375 0.972846
0.6376 0.974188
0.6377 0.975554
0.6378 0.976912
0.6379 0.978228
0.6380 0.979474
0.6381 0.980697
0.6382 0.981958
0.6383 0.983243
0.6384 0.984535
0.6385 0.985819
0.6386 0.987079
0.6387 0.988299
0.6388 0.989463
0.6389 0.990556
0.6390 0.991561
0.6391 0.992547
0.6392 0.993574
0.6393 0.994609
0.6394 0.995620
0.6395 0.996579
0.6396 0.997451
0.6397 0.998206
0.6398 0.998815
0.6399 0.999240
0.6400 0.999461
0.6401 0.999558
0.6402 0.999646
0.6403 0.999726
0.6404 0.999796
0.6405 0.999857
0.6406 0.999907
0.6407 0.999947
0.6408 0.999976
0.6409 0.999994
0.6410 0.999997
0.6411 0.999879
0.6412 0.999550
0.6413 0.999044
0.6414 0.998401
0.6415 0.997651
0.6416 0.996835
0.6417 0.995987
0.6418 0.995143
0.6419 0.994340
0.6420 0.993612
0.6421 0.992910
0.6422 0.992170
0.6423 0.991406
0.6424 0.990628
0.6425 0.989849
0.6426 0.989084
0.6427 0.988344
0.6428 0.987643
0.6429 0.986994
0.6430 0.986407
0.6431 0.985837
0.6432 0.985241
0.6433 0.984640
0.6434 0.984053
0.6435 0.983499
0.6436 0.983003
0.6437 0.982580
0.6438 0.982254
0.6439 0.982043
0.6440 0.981966
0.6441 0.981971
0.6442 0.981984
0.6443 0.982006
0.6444 0.982036
0.6445 0.982074
0.6446 0.982120
0.6447 0.982173
0.6448 0.982232
0.6449 0.982298
0.6450 0.982371
0.6451 0.982524
0.6452 0.982811
0.6453 0.983217
0.6454 0.983715
0.6455 0.984284
0.6456 0.984903
0.6457 0.985548
0.6458 0.986199
0.6459 0.986832
0.6460 0.987428
0.6461 0.988019
0.6462 0.988648
0.6463 0.989308
0.6464 0.989987
0.6465 0.990675
0.6466 0.991361
0.6467 0.992036
0.6468 0.992688
0.6469 0.993309
0.6470 0.993888
0.6471 0.994455
0.6472 0.995037
0.6473 0.995624
0.6474 0.996201
0.6475 0.996756
0.6476 0.997273
0.6477 0.997744
0.6478 0.998152
0.6479 0.998485
0.6480 0.998732
0.6481 0.998927
0.6482 0.999113
0.6483 0.999290
0.6484 0.999452
0.6485 0.999598
0.6486 0.999724
0.6487 0.999827
0.6488 0.999905
0.6489 0.999954
0.6490 0.999971
0.6491 0.999963
0.6492 0.999939
0.6493 0.999902
0.6494 0.999853
0.6495 0.999796
0.6496 0.999731
0.6497 0.999660
0.6498 0.999587
0.6499 0.999512
0.6500 0.999438
0.6501 0.999360
0.6502 0.999272
0.6503 0.999174
0.6504 0.999068
0.6505 0.998954
0.6506 0.998833
0.6507 0.998705
0.6508 0.998571
0.6509 0.998432
0.6510 0.998289
0.6511 0.998133
0.6512 0.997960
0.6513 0.997772
0.6514 0.997572
0.6515 0.997363
0.6516 0.997150
0.6517 0.996934
0.6518 0.996719
0.6519 0.996509
0.6520 0.996305
0.6521 0.996104
0.6522 0.995900
0.6523 0.995693
0.6524 0.995487
0.6525 0.995281
0.6526 0.995077
0.6527 0.994877
0.6528 0.994683
0.6529 0.994495
0.6530 0.994315
0.6531 0.994131
0.6532 0.993933
0.6533 0.993730
0.6534 0.993528
0.6535 0.993334
0.6536 0.993157
0.6537 0.993003
0.6538 0.992880
0.6539 0.992794
0.6540 0.992754
0.6541 0.992739
0.6542 0.992726
0.6543 0.992714
0.6544 0.992704
0.6545 0.992695
0.6546 0.992688
0.6547 0.992682
0.6548 0.992678
0.6549 0.992676
0.6550 0.992675
0.6551 0.992710
0.6552 0.992808
0.6553 0.992957
0.6554 0.993148
0.6555 0.993370
0.6556 0.993611
0.6557 0.993862
0.6558 0.994112
0.6559 0.994351
0.6560 0.994567
0.6561 0.994785
0.6562 0.995028
0.6563 0.995287
0.6564 0.995552
0.6565 0.995813
0.6566 0.996061
0.6567 0.996284
0.6568 0.996474
0.6569 0.996623
0.6570 0.996717
0.6571 0.996780
0.6572 0.996839
0.6573 0.996893
0.6574 0.996943
0.6575 0.996987
0.6576 0.997024
0.6577 0.997054
0.6578 0.997077
0.6579 0.997091
0.6580 0.997094
0.6581 0.997062
0.6582 0.996971
0.6583 0.996827
0.6584 0.996641
0.6585 0.996419
0.6586 0.996170
0.6587 0.995900
0.6588 0.995620
0.6589 0.995336
0.6590 0.995055
0.6591 0.994751
0.6592 0.994399
0.6593 0.994004
0.6594 0.993578
0.6595 0.993127
0.6596 0.992662
0.6597 0.992190
0.6598 0.991720
0.6599 0.991261
0.6600 0.990821
0.6601 0.990380
0.6602 0.989916
0.6603 0.989439
0.6604 0.988959
0.6605 0.988483
0.6606 0.988024
0.6607 0.987588
0.6608 0.987187
0.6609 0.986829
0.6610 0.986524
0.6611 0.986244
0.6612 0.985961
0.6613 0.985682
0.6614 0.985416
0.6615 0.985168
0.6616 0.984949
0.6617 0.984765
0.6618 0.984624
0.6619 0.984532
0.6620 0.984501
0.6621 0.984521
0.6622 0.984577
0.6623 0.984665
0.6624 0.984781
0.6625 0.984920
0.6626 0.985076
0.6627 0.985247
0.6628 0.985427
0.6629 0.985611
0.6630 0.985796
0.6631 0.986006
0.6632 0.986263
0.6633 0.986557
0.6634 0.986880
0.6635 0.987223
0.6636 0.987575
0.6637 0.987930
0.6638 0.988275
0.6639 0.988604
0.6640 0.988907
0.6641 0.989202
0.6642 0.989511
0.6643 0.989825
0.6644 0.990137
0.6645 0.990440
0.6646 0.990726
0.6647 0.990988
0.6648 0.991219
0.6649 0.991411
0.6650 0.991556
0.6651 0.991675
0.6652 0.991790
0.6653 0.991899
0.6654 0.992000
0.6655 0.992091
0.6656 0.992171
0.6657 0.992236
0.6658 0.992285
0.6659 0.992317
0.6660 0.992328
0.6661 0.992244
0.6662 0.992013
0.6663 0.991651
0.6664 0.991174
0.6665 0.990597
0.6666 0.989941
0.6667 0.989224
0.6668 0.988462
0.6669 0.987671
0.6670 0.986869
0.6671 0.985971
0.6672 0.984896
0.6673 0.983652
0.6674 0.982264
0.6675 0.980751
0.6676 0.979132
0.6677 0.977419
0.6678 0.975636
0.6679 0.973802
0.6680 0.971933
0.6681 0.969956
0.6682 0.967806
0.6683 0.965502
0.6684 0.963062
0.6685 0.960500
0.6686 0.957837
0.6687 0.955093
0.6688 0.952287
0.6689 0.949434
0.6690 0.946552
0.6691 0.943569
0.6692 0.940420
0.6693 0.937135
0.6694 0.933744
0.6695 0.930284
0.6696 0.926788
0.6697 0.923287
0.6698 0.919816
0.6699 0.916408
0.6700 0.913093
0.6701 0.909855
0.6702 0.906656
0.6703 0.903484
0.6704 0.900332
0.6705 0.897192
0.6706 0.894055
0.6707 0.890914
0.6708 0.887760
0.6709 0.884585
0.6710 0.881382
0.6711 0.878156
0.6712 0.874917
0.6713 0.871666
0.6714 0.868405
0.6715 0.865135
0.6716 0.861855
0.6717 0.858568
0.6718 0.855274
0.6719 0.851974
0.6720 0.848670
0.6721 0.845344
0.6722 0.841990
0.6723 0.838615
0.6724 0.835230
0.6725 0.831844
0.6726 0.828467
0.6727 0.825108
0.6728 0.821777
0.6729 0.818483
0.6730 0.815237
0.6731 0.812045
0.6732 0.808903
0.6733 0.805798
0.6734 0.802720
0.6735 0.799657
0.6736 0.796599
0.6737 0.793533
0.6738 0.790449
0.6739 0.787336
0.6740 0.784181
0.6741 0.781009
0.6742 0.777846
0.6743 0.774682
0.6744 0.771506
0.6745 0.768306
0.6746 0.765074
0.6747 0.761799
0.6748 0.758470
0.6749 0.755078
0.6750 0.751609
0.6751 0.748054
0.6752 0.744413
0.6753 0.740700
0.6754 0.736924
0.6755 0.733096
0.6756 0.729228
0.6757 0.725332
0.6758 0.721419
0.6759 0.717500
0.6760 0.713586
0.6761 0.709656
0.6762 0.705685
0.6763 0.701682
0.6764 0.697655
0.6765 0.693610
0.6766 0.689556
0.6767 0.685502
0.6768 0.681455
0.6769 0.677424
0.6770 0.673415
0.6771 0.669428
0.6772 0.665455
0.6773 0.661491
0.6774 0.657533
0.6775 0.653577
0.6776 0.649619
0.6777 0.645656
0.6778 0.641684
0.6779 0.637700
0.6780 0.633699
0.6781 0.629692
0.6782 0.625688
0.6783 0.621683
0.6784 0.617671
0.6785 0.613648
0.6786 0.609610
0.6787 0.605550
0.6788 0.601465
0.6789 0.597350
0.6790 0.593199
0.6791 0.589013
0.6792 0.584795
0.6793 0.580548
0.6794 0.576275
0.6795 0.571977
0.6796 0.567660
0.6797 0.563324
0.6798 0.558974
0.6799 0.554611
0.6800 0.550239
0.6801 0.545853
0.6802 0.541448
0.6803 0.537025
0.6804 0.532586
0.6805 0.528131
0.6806 0.523660
0.6807 0.519176
0.6808 0.514679
0.6809 0.510171
0.6810 0.505653
0.6811 0.501163
0.6812 0.496720
0.6813 0.492300
0.6814 0.487875
0.6815 0.483419
0.6816 0.478905
0.6817 0.474308
0.6818 0.469601
0.6819 0.464755
0.6820 0.459744
0.6821 0.454569
0.6822 0.449250
0.6823 0.443795
0.6824 0.438210
0.6825 0.432504
0.6826 0.426680
0.6827 0.420748
0.6828 0.414717
0.6829 0.408594
0.6830 0.402384
0.6831 0.396028
0.6832 0.389479
0.6833 0.382763
0.6834 0.375915
0.6835 0.368965
0.6836 0.361944
0.6837 0.354882
0.6838 0.347809
0.6839 0.340755
0.6840 0.333751
0.6841 0.326749
0.6842 0.319690
0.6843 0.312588
0.6844 0.305460
0.6845 0.298321
0.6846 0.291186
0.6847 0.284071
0.6848 0.276993
0.6849 0.269966
0.6850 0.263004
0.6851 0.256059
0.6852 0.249088
0.6853 0.242114
0.6854 0.235161
0.6855 0.228254
0.6856 0.221417
0.6857 0.214675
0.6858 0.208050
0.6859 0.201566
0.6860 0.195248
0.6861 0.189036
0.6862 0.182871
0.6863 0.176773
0.6864 0.170762
0.6865 0.164858
0.6866 0.159082
0.6867 0.153454
0.6868 0.147996
0.6869 0.142727
0.6870 0.137668
0.6871 0.132770
0.6872 0.127973
0.6873 0.123285
0.6874 0.118716
0.6875 0.114276
0.6876 0.109974
0.6877 0.105819
0.6878 0.101823
0.6879 0.097993
0.6880 0.094344
0.6881 0.090839
0.6882 0.087441
0.6883 0.084150
0.6884 0.080966
0.6885 0.077889
0.6886 0.074922
0.6887 0.072063
0.6888 0.069314
0.6889 0.066678
0.6890 0.064152
0.6891 0.061716
0.6892 0.059352
0.6893 0.057060
0.6894 0.054843
0.6895 0.052704
0.6896 0.050643
0.6897 0.048665
0.6898 0.046770
0.6899 0.044963
0.6900 0.043243
0.6901 0.041595
0.6902 0.040001
0.6903 0.038463
0.6904 0.036979
0.6905 0.035552
0.6906 0.034180
0.6907 0.032865
0.6908 0.031608
0.6909 0.030409
0.6910 0.029267
0.6911 0.028174
0.6912 0.027119
0.6913 0.026103
0.6914 0.025124
0.6915 0.024183
0.6916 0.023279
0.6917 0.022411
0.6918 0.021579
0.6919 0.020783
0.6920 0.020023
0.6921 0.019291
0.6922 0.018583
0.6923 0.017898
0.6924 0.017237
0.6925 0.016601
0.6926 0.015990
0.6927 0.015405
0.6928 0.014847
0.6929 0.014316
0.6930 0.013813
0.6931 0.013334
0.6932 0.012874
0.6933 0.012433
0.6934 0.012009
0.6935 0.011601
0.6936 0.011210
0.6937 0.010833
0.6938 0.010469
0.6939 0.010119
0.6940 0.009781
0.6941 0.009454
0.6942 0.009137
0.6943 0.008830
0.6944 0.008533
0.6945 0.008246
0.6946 0.007968
0.6947 0.007701
0.6948 0.007443
0.6949 0.007196
0.6950 0.006958
0.6951 0.006728
0.6952 0.006504
0.6953 0.006288
0.6954 0.006078
0.6955 0.005875
0.6956 0.005680
0.6957 0.005491
0.6958 0.005311
0.6959 0.005138
0.6960 0.004972
0.6961 0.004815
0.6962 0.004664
0.6963 0.004520
0.6964 0.004382
0.6965 0.004247
0.6966 0.004117
0.6967 0.003989
0.6968 0.003863
0.6969 0.003737
0.6970 0.003612
0.6971 0.003486
0.6972 0.003359
0.6973 0.003231
0.6974 0.003106
0.6975 0.002983
0.6976 0.002864
0.6977 0.002749
0.6978 0.002641
0.6979 0.002540
0.6980 0.002448
0.6981 0.002362
0.6982 0.002278
0.6983 0.002198
0.6984 0.002121
0.6985 0.002048
# -------------------
# H09_AHI Band Band 4
# -------------------
0.8224 0.002014
0.8225 0.002091
0.8226 0.002166
0.8227 0.002241
0.8228 0.002317
0.8229 0.002395
0.8230 0.002476
0.8231 0.002557
0.8232 0.002636
0.8233 0.002715
0.8234 0.002794
0.8235 0.002875
0.8236 0.002957
0.8237 0.003043
0.8238 0.003133
0.8239 0.003229
0.8240 0.003331
0.8241 0.003443
0.8242 0.003563
0.8243 0.003693
0.8244 0.003829
0.8245 0.003971
0.8246 0.004117
0.8247 0.004266
0.8248 0.004416
0.8249 0.004565
0.8250 0.004714
0.8251 0.004863
0.8252 0.005016
0.8253 0.005171
0.8254 0.005329
0.8255 0.005489
0.8256 0.005649
0.8257 0.005809
0.8258 0.005968
0.8259 0.006127
0.8260 0.006282
0.8261 0.006435
0.8262 0.006584
0.8263 0.006731
0.8264 0.006878
0.8265 0.007025
0.8266 0.007173
0.8267 0.007324
0.8268 0.007479
0.8269 0.007639
0.8270 0.007804
0.8271 0.007972
0.8272 0.008137
0.8273 0.008303
0.8274 0.008473
0.8275 0.008649
0.8276 0.008833
0.8277 0.009030
0.8278 0.009242
0.8279 0.009471
0.8280 0.009721
0.8281 0.009997
0.8282 0.010304
0.8283 0.010639
0.8284 0.011006
0.8285 0.011400
0.8286 0.011826
0.8287 0.012278
0.8288 0.012760
0.8289 0.013268
0.8290 0.013807
0.8291 0.014393
0.8292 0.015044
0.8293 0.015762
0.8294 0.016535
0.8295 0.017370
0.8296 0.018252
0.8297 0.019190
0.8298 0.020168
0.8299 0.021192
0.8300 0.022253
0.8301 0.023378
0.8302 0.024585
0.8303 0.025874
0.8304 0.027251
0.8305 0.028704
0.8306 0.030247
0.8307 0.031864
0.8308 0.033569
0.8309 0.035348
0.8310 0.037213
0.8311 0.039197
0.8312 0.041340
0.8313 0.043639
0.8314 0.046074
0.8315 0.048655
0.8316 0.051351
0.8317 0.054178
0.8318 0.057105
0.8319 0.060138
0.8320 0.063263
0.8321 0.066547
0.8322 0.070047
0.8323 0.073736
0.8324 0.077617
0.8325 0.081646
0.8326 0.085836
0.8327 0.090141
0.8328 0.094561
0.8329 0.099070
0.8330 0.103656
0.8331 0.108391
0.8332 0.113328
0.8333 0.118469
0.8334 0.123758
0.8335 0.129194
0.8336 0.134730
0.8337 0.140350
0.8338 0.146023
0.8339 0.151722
0.8340 0.157423
0.8341 0.163146
0.8342 0.168938
0.8343 0.174792
0.8344 0.180720
0.8345 0.186717
0.8346 0.192789
0.8347 0.198939
0.8348 0.205163
0.8349 0.211475
0.8350 0.217862
0.8351 0.224386
0.8352 0.231047
0.8353 0.237835
0.8354 0.244720
0.8355 0.251673
0.8356 0.258676
0.8357 0.265697
0.8358 0.272712
0.8359 0.279697
0.8360 0.286625
0.8361 0.293515
0.8362 0.300402
0.8363 0.307289
0.8364 0.314179
0.8365 0.321073
0.8366 0.327972
0.8367 0.334879
0.8368 0.341796
0.8369 0.348724
0.8370 0.355665
0.8371 0.362619
0.8372 0.369588
0.8373 0.376566
0.8374 0.383554
0.8375 0.390550
0.8376 0.397553
0.8377 0.404561
0.8378 0.411572
0.8379 0.418586
0.8380 0.425600
0.8381 0.432634
0.8382 0.439696
0.8383 0.446777
0.8384 0.453867
0.8385 0.460953
0.8386 0.468024
0.8387 0.475070
0.8388 0.482079
0.8389 0.489039
0.8390 0.495944
0.8391 0.502781
0.8392 0.509572
0.8393 0.516317
0.8394 0.523029
0.8395 0.529715
0.8396 0.536383
0.8397 0.543043
0.8398 0.549702
0.8399 0.556368
0.8400 0.563052
0.8401 0.569757
0.8402 0.576476
0.8403 0.583203
0.8404 0.589930
0.8405 0.596647
0.8406 0.603348
0.8407 0.610026
0.8408 0.616669
0.8409 0.623276
0.8410 0.629831
0.8411 0.636356
0.8412 0.642865
0.8413 0.649353
0.8414 0.655817
0.8415 0.662244
0.8416 0.668637
0.8417 0.674984
0.8418 0.681282
0.8419 0.687526
0.8420 0.693706
0.8421 0.699833
0.8422 0.705908
0.8423 0.711938
0.8424 0.717924
0.8425 0.723864
0.8426 0.729767
0.8427 0.735626
0.8428 0.741449
0.8429 0.747236
0.8430 0.752988
0.8431 0.758711
0.8432 0.764403
0.8433 0.770064
0.8434 0.775689
0.8435 0.781276
0.8436 0.786825
0.8437 0.792325
0.8438 0.797782
0.8439 0.803186
0.8440 0.808539
0.8441 0.813865
0.8442 0.819178
0.8443 0.824469
0.8444 0.829720
0.8445 0.834920
0.8446 0.840057
0.8447 0.845108
0.8448 0.850074
0.8449 0.854926
0.8450 0.859663
0.8451 0.864379
0.8452 0.869141
0.8453 0.873899
0.8454 0.878598
0.8455 0.883187
0.8456 0.887621
0.8457 0.891819
0.8458 0.895767
0.8459 0.899372
0.8460 0.902612
0.8461 0.905654
0.8462 0.908643
0.8463 0.911558
0.8464 0.914344
0.8465 0.916963
0.8466 0.919383
0.8467 0.921522
0.8468 0.923384
0.8469 0.924887
0.8470 0.926009
0.8471 0.926922
0.8472 0.927776
0.8473 0.928584
0.8474 0.929325
0.8475 0.929986
0.8476 0.930564
0.8477 0.931026
0.8478 0.931378
0.8479 0.931599
0.8480 0.931673
0.8481 0.931643
0.8482 0.931536
0.8483 0.931370
0.8484 0.931152
0.8485 0.930884
0.8486 0.930579
0.8487 0.930240
0.8488 0.929877
0.8489 0.929497
0.8490 0.929100
0.8491 0.928639
0.8492 0.928056
0.8493 0.927363
0.8494 0.926582
0.8495 0.925712
0.8496 0.924779
0.8497 0.923794
0.8498 0.922769
0.8499 0.921720
0.8500 0.920655
0.8501 0.919537
0.8502 0.918322
0.8503 0.917010
0.8504 0.915627
0.8505 0.914176
0.8506 0.912671
0.8507 0.911128
0.8508 0.909553
0.8509 0.907963
0.8510 0.906365
0.8511 0.904703
0.8512 0.902939
0.8513 0.901089
0.8514 0.899189
0.8515 0.897269
0.8516 0.895357
0.8517 0.893481
0.8518 0.891673
0.8519 0.889967
0.8520 0.888377
0.8521 0.886846
0.8522 0.885304
0.8523 0.883770
0.8524 0.882273
0.8525 0.880830
0.8526 0.879471
0.8527 0.878223
0.8528 0.877098
0.8529 0.876141
0.8530 0.875357
0.8531 0.874666
0.8532 0.873994
0.8533 0.873345
0.8534 0.872736
0.8535 0.872183
0.8536 0.871693
0.8537 0.871292
0.8538 0.870986
0.8539 0.870786
0.8540 0.870721
0.8541 0.870727
0.8542 0.870755
0.8543 0.870798
0.8544 0.870855
0.8545 0.870924
0.8546 0.871002
0.8547 0.871087
0.8548 0.871178
0.8549 0.871272
0.8550 0.871366
0.8551 0.871466
0.8552 0.871576
0.8553 0.871699
0.8554 0.871838
0.8555 0.871992
0.8556 0.872167
0.8557 0.872362
0.8558 0.872579
0.8559 0.872824
0.8560 0.873096
0.8561 0.873491
0.8562 0.874083
0.8563 0.874819
0.8564 0.875677
0.8565 0.876614
0.8566 0.877588
0.8567 0.878565
0.8568 0.879506
0.8569 0.880378
0.8570 0.881127
0.8571 0.881782
0.8572 0.882379
0.8573 0.882933
0.8574 0.883465
0.8575 0.883991
0.8576 0.884528
0.8577 0.885090
0.8578 0.885699
0.8579 0.886368
0.8580 0.887110
0.8581 0.887958
0.8582 0.888899
0.8583 0.889926
0.8584 0.891039
0.8585 0.892215
0.8586 0.893449
0.8587 0.894735
0.8588 0.896055
0.8589 0.897405
0.8590 0.898774
0.8591 0.900178
0.8592 0.901648
0.8593 0.903177
0.8594 0.904762
0.8595 0.906412
0.8596 0.908115
0.8597 0.909872
0.8598 0.911688
0.8599 0.913552
0.8600 0.915470
0.8601 0.917509
0.8602 0.919692
0.8603 0.922000
0.8604 0.924399
0.8605 0.926847
0.8606 0.929314
0.8607 0.931762
0.8608 0.934163
0.8609 0.936470
0.8610 0.938660
0.8611 0.940767
0.8612 0.942832
0.8613 0.944865
0.8614 0.946867
0.8615 0.948830
0.8616 0.950761
0.8617 0.952659
0.8618 0.954519
0.8619 0.956347
0.8620 0.958141
0.8621 0.959898
0.8622 0.961625
0.8623 0.963322
0.8624 0.964988
0.8625 0.966627
0.8626 0.968240
0.8627 0.969826
0.8628 0.971389
0.8629 0.972930
0.8630 0.974448
0.8631 0.975950
0.8632 0.977434
0.8633 0.978900
0.8634 0.980347
0.8635 0.981770
0.8636 0.983169
0.8637 0.984543
0.8638 0.985886
0.8639 0.987200
0.8640 0.988484
0.8641 0.989838
0.8642 0.991305
0.8643 0.992831
0.8644 0.994355
0.8645 0.995815
0.8646 0.997159
0.8647 0.998295
0.8648 0.999187
0.8649 0.999788
0.8650 0.999981
0.8651 0.999854
0.8652 0.999493
0.8653 0.998879
0.8654 0.998069
0.8655 0.997083
0.8656 0.995910
0.8657 0.994597
0.8658 0.993163
0.8659 0.991607
0.8660 0.989947
0.8661 0.987783
0.8662 0.984603
0.8663 0.980638
0.8664 0.975985
0.8665 0.970639
0.8666 0.964813
0.8667 0.958605
0.8668 0.952067
0.8669 0.945356
0.8670 0.938566
0.8671 0.930841
0.8672 0.921758
0.8673 0.911623
0.8674 0.900645
0.8675 0.889281
0.8676 0.877837
0.8677 0.866694
0.8678 0.856163
0.8679 0.846527
0.8680 0.838271
0.8681 0.831036
0.8682 0.824303
0.8683 0.818027
0.8684 0.812077
0.8685 0.806355
0.8686 0.800792
0.8687 0.795283
0.8688 0.789742
0.8689 0.784068
0.8690 0.778182
0.8691 0.772173
0.8692 0.766163
0.8693 0.760156
0.8694 0.754147
0.8695 0.748129
0.8696 0.742095
0.8697 0.736041
0.8698 0.729960
0.8699 0.723843
0.8700 0.717689
0.8701 0.711499
0.8702 0.705275
0.8703 0.699024
0.8704 0.692747
0.8705 0.686442
0.8706 0.680115
0.8707 0.673768
0.8708 0.667399
0.8709 0.661014
0.8710 0.654613
0.8711 0.648161
0.8712 0.641647
0.8713 0.635090
0.8714 0.628503
0.8715 0.621908
0.8716 0.615324
0.8717 0.608770
0.8718 0.602267
0.8719 0.595829
0.8720 0.589476
0.8721 0.583206
0.8722 0.576985
0.8723 0.570810
0.8724 0.564681
0.8725 0.558586
0.8726 0.552520
0.8727 0.546484
0.8728 0.540466
0.8729 0.534463
0.8730 0.528470
0.8731 0.522493
0.8732 0.516536
0.8733 0.510602
0.8734 0.504690
0.8735 0.498798
0.8736 0.492927
0.8737 0.487077
0.8738 0.481245
0.8739 0.475431
0.8740 0.469638
0.8741 0.463866
0.8742 0.458116
0.8743 0.452392
0.8744 0.446686
0.8745 0.440996
0.8746 0.435323
0.8747 0.429662
0.8748 0.424010
0.8749 0.418367
0.8750 0.412730
0.8751 0.407107
0.8752 0.401506
0.8753 0.395925
0.8754 0.390355
0.8755 0.384793
0.8756 0.379232
0.8757 0.373667
0.8758 0.368093
0.8759 0.362504
0.8760 0.356896
0.8761 0.351276
0.8762 0.345656
0.8763 0.340032
0.8764 0.334402
0.8765 0.328763
0.8766 0.323109
0.8767 0.317440
0.8768 0.311753
0.8769 0.306042
0.8770 0.300305
0.8771 0.294536
0.8772 0.288730
0.8773 0.282894
0.8774 0.277038
0.8775 0.271169
0.8776 0.265293
0.8777 0.259419
0.8778 0.253554
0.8779 0.247706
0.8780 0.241879
0.8781 0.236037
0.8782 0.230151
0.8783 0.224240
0.8784 0.218329
0.8785 0.212437
0.8786 0.206594
0.8787 0.200818
0.8788 0.195128
0.8789 0.189554
0.8790 0.184118
0.8791 0.178771
0.8792 0.173471
0.8793 0.168234
0.8794 0.163063
0.8795 0.157966
0.8796 0.152966
0.8797 0.148068
0.8798 0.143278
0.8799 0.138611
0.8800 0.134085
0.8801 0.129643
0.8802 0.125244
0.8803 0.120915
0.8804 0.116666
0.8805 0.112512
0.8806 0.108479
0.8807 0.104591
0.8808 0.100851
0.8809 0.097277
0.8810 0.093911
0.8811 0.090690
0.8812 0.087564
0.8813 0.084541
0.8814 0.081625
0.8815 0.078808
0.8816 0.076092
0.8817 0.073495
0.8818 0.071005
0.8819 0.068620
0.8820 0.066352
0.8821 0.064179
0.8822 0.062072
0.8823 0.060032
0.8824 0.058073
0.8825 0.056186
0.8826 0.054371
0.8827 0.052635
0.8828 0.050984
0.8829 0.049410
0.8830 0.047915
0.8831 0.046509
0.8832 0.045171
0.8833 0.043894
0.8834 0.042671
0.8835 0.041497
0.8836 0.040357
0.8837 0.039245
0.8838 0.038153
0.8839 0.037071
0.8840 0.035992
0.8841 0.034923
0.8842 0.033880
0.8843 0.032856
0.8844 0.031851
0.8845 0.030864
0.8846 0.029892
0.8847 0.028931
0.8848 0.027980
0.8849 0.027037
0.8850 0.026099
0.8851 0.025163
0.8852 0.024231
0.8853 0.023304
0.8854 0.022386
0.8855 0.021479
0.8856 0.020587
0.8857 0.019712
0.8858 0.018856
0.8859 0.018022
0.8860 0.017214
0.8861 0.016414
0.8862 0.015609
0.8863 0.014809
0.8864 0.014022
0.8865 0.013254
0.8866 0.012515
0.8867 0.011817
0.8868 0.011166
0.8869 0.010567
0.8870 0.010030
0.8871 0.009545
0.8872 0.009082
0.8873 0.008642
0.8874 0.008225
0.8875 0.007834
0.8876 0.007464
0.8877 0.007116
0.8878 0.006792
0.8879 0.006491
0.8880 0.006210
0.8881 0.005949
0.8882 0.005708
0.8883 0.005480
0.8884 0.005265
0.8885 0.005062
0.8886 0.004867
0.8887 0.004679
0.8888 0.004496
0.8889 0.004315
0.8890 0.004135
0.8891 0.003951
0.8892 0.003764
0.8893 0.003577
0.8894 0.003394
0.8895 0.003216
0.8896 0.003047
0.8897 0.002893
0.8898 0.002755
0.8899 0.002635
0.8900 0.002538
0.8901 0.002462
0.8902 0.002397
0.8903 0.002340
0.8904 0.002290
0.8905 0.002243
0.8906 0.002198
0.8907 0.002151
0.8908 0.002099
0.8909 0.002040
# -------------------
# H09_AHI Band Band 5
# -------------------
1.5565 0.002029
1.5566 0.002113
1.5567 0.002191
1.5568 0.002261
1.5569 0.002332
1.5570 0.002382
1.5571 0.002431
1.5572 0.002473
1.5573 0.002508
1.5574 0.002542
1.5575 0.002574
1.5576 0.002606
1.5577 0.002641
1.5578 0.002679
1.5579 0.002719
1.5580 0.002767
1.5581 0.002816
1.5582 0.002877
1.5583 0.002941
1.5584 0.003009
1.5585 0.003081
1.5586 0.003153
1.5587 0.003232
1.5588 0.003312
1.5589 0.003394
1.5590 0.003479
1.5591 0.003565
1.5592 0.003661
1.5593 0.003757
1.5594 0.003857
1.5595 0.003958
1.5596 0.004060
1.5597 0.004166
1.5598 0.004272
1.5599 0.004374
1.5600 0.004475
1.5601 0.004572
1.5602 0.004664
1.5603 0.004756
1.5604 0.004851
1.5605 0.004946
1.5606 0.005045
1.5607 0.005147
1.5608 0.005251
1.5609 0.005374
1.5610 0.005497
1.5611 0.005647
1.5612 0.005813
1.5613 0.005984
1.5614 0.006174
1.5615 0.006363
1.5616 0.006570
1.5617 0.006782
1.5618 0.006992
1.5619 0.007196
1.5620 0.007400
1.5621 0.007592
1.5622 0.007782
1.5623 0.007973
1.5624 0.008165
1.5625 0.008357
1.5626 0.008555
1.5627 0.008752
1.5628 0.008958
1.5629 0.009172
1.5630 0.009388
1.5631 0.009620
1.5632 0.009852
1.5633 0.010097
1.5634 0.010348
1.5635 0.010603
1.5636 0.010871
1.5637 0.011139
1.5638 0.011424
1.5639 0.011713
1.5640 0.012011
1.5641 0.012327
1.5642 0.012643
1.5643 0.012986
1.5644 0.013333
1.5645 0.013691
1.5646 0.014063
1.5647 0.014436
1.5648 0.014843
1.5649 0.015250
1.5650 0.015683
1.5651 0.016135
1.5652 0.016594
1.5653 0.017107
1.5654 0.017619
1.5655 0.018153
1.5656 0.018699
1.5657 0.019248
1.5658 0.019815
1.5659 0.020382
1.5660 0.020958
1.5661 0.021536
1.5662 0.022119
1.5663 0.022714
1.5664 0.023309
1.5665 0.023927
1.5666 0.024550
1.5667 0.025188
1.5668 0.025850
1.5669 0.026511
1.5670 0.027213
1.5671 0.027917
1.5672 0.028644
1.5673 0.029395
1.5674 0.030147
1.5675 0.030942
1.5676 0.031736
1.5677 0.032561
1.5678 0.033410
1.5679 0.034266
1.5680 0.035188
1.5681 0.036110
1.5682 0.037079
1.5683 0.038074
1.5684 0.039078
1.5685 0.040127
1.5686 0.041177
1.5687 0.042269
1.5688 0.043377
1.5689 0.044495
1.5690 0.045640
1.5691 0.046786
1.5692 0.047962
1.5693 0.049146
1.5694 0.050347
1.5695 0.051580
1.5696 0.052814
1.5697 0.054097
1.5698 0.055387
1.5699 0.056698
1.5700 0.058040
1.5701 0.059382
1.5702 0.060778
1.5703 0.062175
1.5704 0.063605
1.5705 0.065070
1.5706 0.066535
1.5707 0.068054
1.5708 0.069573
1.5709 0.071126
1.5710 0.072707
1.5711 0.074294
1.5712 0.075951
1.5713 0.077608
1.5714 0.079306
1.5715 0.081029
1.5716 0.082759
1.5717 0.084528
1.5718 0.086298
1.5719 0.088080
1.5720 0.089869
1.5721 0.091663
1.5722 0.093474
1.5723 0.095285
1.5724 0.097127
1.5725 0.098981
1.5726 0.100845
1.5727 0.102742
1.5728 0.104638
1.5729 0.106587
1.5730 0.108550
1.5731 0.110529
1.5732 0.112542
1.5733 0.114554
1.5734 0.116617
1.5735 0.118690
1.5736 0.120795
1.5737 0.122958
1.5738 0.125121
1.5739 0.127394
1.5740 0.129681
1.5741 0.132037
1.5742 0.134494
1.5743 0.136952
1.5744 0.139532
1.5745 0.142123
1.5746 0.144740
1.5747 0.147389
1.5748 0.150038
1.5749 0.152744
1.5750 0.155452
1.5751 0.158188
1.5752 0.160954
1.5753 0.163720
1.5754 0.166561
1.5755 0.169401
1.5756 0.172259
1.5757 0.175132
1.5758 0.178007
1.5759 0.180905
1.5760 0.183804
1.5761 0.186694
1.5762 0.189578
1.5763 0.192464
1.5764 0.195368
1.5765 0.198273
1.5766 0.201233
1.5767 0.204232
1.5768 0.207243
1.5769 0.210353
1.5770 0.213464
1.5771 0.216716
1.5772 0.220056
1.5773 0.223411
1.5774 0.226866
1.5775 0.230322
1.5776 0.233793
1.5777 0.237274
1.5778 0.240753
1.5779 0.244226
1.5780 0.247698
1.5781 0.251108
1.5782 0.254486
1.5783 0.257864
1.5784 0.261240
1.5785 0.264617
1.5786 0.268012
1.5787 0.271417
1.5788 0.274831
1.5789 0.278284
1.5790 0.281737
1.5791 0.285245
1.5792 0.288776
1.5793 0.292316
1.5794 0.295894
1.5795 0.299472
1.5796 0.303079
1.5797 0.306699
1.5798 0.310322
1.5799 0.313961
1.5800 0.317600
1.5801 0.321232
1.5802 0.324861
1.5803 0.328500
1.5804 0.332170
1.5805 0.335839
1.5806 0.339558
1.5807 0.343295
1.5808 0.347059
1.5809 0.350912
1.5810 0.354765
1.5811 0.358757
1.5812 0.362803
1.5813 0.366872
1.5814 0.371021
1.5815 0.375170
1.5816 0.379383
1.5817 0.383619
1.5818 0.387845
1.5819 0.392033
1.5820 0.396221
1.5821 0.400367
1.5822 0.404495
1.5823 0.408624
1.5824 0.412752
1.5825 0.416880
1.5826 0.421011
1.5827 0.425144
1.5828 0.429283
1.5829 0.433447
1.5830 0.437611
1.5831 0.441814
1.5832 0.446033
1.5833 0.450257
1.5834 0.454503
1.5835 0.458749
1.5836 0.462994
1.5837 0.467238
1.5838 0.471472
1.5839 0.475661
1.5840 0.479850
1.5841 0.483977
1.5842 0.488074
1.5843 0.492165
1.5844 0.496226
1.5845 0.500286
1.5846 0.504358
1.5847 0.508436
1.5848 0.512531
1.5849 0.516726
1.5850 0.520921
1.5851 0.525210
1.5852 0.529556
1.5853 0.533914
1.5854 0.538365
1.5855 0.542817
1.5856 0.547291
1.5857 0.551780
1.5858 0.556265
1.5859 0.560714
1.5860 0.565164
1.5861 0.569587
1.5862 0.573990
1.5863 0.578393
1.5864 0.582789
1.5865 0.587186
1.5866 0.591593
1.5867 0.596012
1.5868 0.600430
1.5869 0.604886
1.5870 0.609341
1.5871 0.613814
1.5872 0.618304
1.5873 0.622794
1.5874 0.627306
1.5875 0.631818
1.5876 0.636357
1.5877 0.640928
1.5878 0.645499
1.5879 0.650154
1.5880 0.654814
1.5881 0.659524
1.5882 0.664300
1.5883 0.669077
1.5884 0.673917
1.5885 0.678765
1.5886 0.683617
1.5887 0.688478
1.5888 0.693339
1.5889 0.698201
1.5890 0.703064
1.5891 0.707924
1.5892 0.712781
1.5893 0.717637
1.5894 0.722502
1.5895 0.727369
1.5896 0.732220
1.5897 0.737027
1.5898 0.741835
1.5899 0.746583
1.5900 0.751311
1.5901 0.756024
1.5902 0.760682
1.5903 0.765340
1.5904 0.769960
1.5905 0.774562
1.5906 0.779148
1.5907 0.783653
1.5908 0.788158
1.5909 0.792600
1.5910 0.797006
1.5911 0.801399
1.5912 0.805674
1.5913 0.809950
1.5914 0.814187
1.5915 0.818396
1.5916 0.822602
1.5917 0.826742
1.5918 0.830882
1.5919 0.835000
1.5920 0.839097
1.5921 0.843195
1.5922 0.847239
1.5923 0.851282
1.5924 0.855305
1.5925 0.859303
1.5926 0.863300
1.5927 0.867241
1.5928 0.871174
1.5929 0.875102
1.5930 0.879021
1.5931 0.882939
1.5932 0.886861
1.5933 0.890783
1.5934 0.894694
1.5935 0.898575
1.5936 0.902455
1.5937 0.906280
1.5938 0.910084
1.5939 0.913872
1.5940 0.917590
1.5941 0.921309
1.5942 0.924976
1.5943 0.928617
1.5944 0.932247
1.5945 0.935794
1.5946 0.939341
1.5947 0.942844
1.5948 0.946316
1.5949 0.949793
1.5950 0.953429
1.5951 0.957065
1.5952 0.960745
1.5953 0.964470
1.5954 0.968196
1.5955 0.971498
1.5956 0.974777
1.5957 0.977901
1.5958 0.980796
1.5959 0.983692
1.5960 0.986039
1.5961 0.988293
1.5962 0.990404
1.5963 0.992191
1.5964 0.993978
1.5965 0.995379
1.5966 0.996659
1.5967 0.997852
1.5968 0.998716
1.5969 0.999581
1.5970 0.999890
1.5971 0.999914
1.5972 0.999925
1.5973 0.999834
1.5974 0.999743
1.5975 0.999607
1.5976 0.999437
1.5977 0.999266
1.5978 0.998952
1.5979 0.998638
1.5980 0.998242
1.5981 0.997747
1.5982 0.997252
1.5983 0.996563
1.5984 0.995853
1.5985 0.995100
1.5986 0.994266
1.5987 0.993433
1.5988 0.992536
1.5989 0.991622
1.5990 0.990735
1.5991 0.989933
1.5992 0.989132
1.5993 0.988343
1.5994 0.987560
1.5995 0.986773
1.5996 0.985951
1.5997 0.985129
1.5998 0.984295
1.5999 0.983450
1.6000 0.982606
1.6001 0.981746
1.6002 0.980887
1.6003 0.980011
1.6004 0.979113
1.6005 0.978216
1.6006 0.977265
1.6007 0.976306
1.6008 0.975316
1.6009 0.974258
1.6010 0.973200
1.6011 0.971990
1.6012 0.970731
1.6013 0.969451
1.6014 0.968084
1.6015 0.966717
1.6016 0.965297
1.6017 0.963844
1.6018 0.962394
1.6019 0.961002
1.6020 0.959609
1.6021 0.958230
1.6022 0.956864
1.6023 0.955499
1.6024 0.954151
1.6025 0.952804
1.6026 0.951465
1.6027 0.950140
1.6028 0.948816
1.6029 0.947548
1.6030 0.946296
1.6031 0.945058
1.6032 0.943866
1.6033 0.942675
1.6034 0.941503
1.6035 0.940343
1.6036 0.939185
1.6037 0.938057
1.6038 0.936929
1.6039 0.935827
1.6040 0.934753
1.6041 0.933678
1.6042 0.932624
1.6043 0.931572
1.6044 0.930538
1.6045 0.929537
1.6046 0.928535
1.6047 0.927572
1.6048 0.926621
1.6049 0.925684
1.6050 0.924806
1.6051 0.923927
1.6052 0.923069
1.6053 0.922224
1.6054 0.921383
1.6055 0.920622
1.6056 0.919861
1.6057 0.919154
1.6058 0.918507
1.6059 0.917860
1.6060 0.917361
1.6061 0.916878
1.6062 0.916418
1.6063 0.916008
1.6064 0.915598
1.6065 0.915242
1.6066 0.914904
1.6067 0.914600
1.6068 0.914467
1.6069 0.914333
1.6070 0.914308
1.6071 0.914361
1.6072 0.914414
1.6073 0.914544
1.6074 0.914675
1.6075 0.914821
1.6076 0.914989
1.6077 0.915156
1.6078 0.915343
1.6079 0.915534
1.6080 0.915760
1.6081 0.916094
1.6082 0.916428
1.6083 0.916858
1.6084 0.917338
1.6085 0.917829
1.6086 0.918473
1.6087 0.919117
1.6088 0.919773
1.6089 0.920443
1.6090 0.921113
1.6091 0.921854
1.6092 0.922604
1.6093 0.923380
1.6094 0.924216
1.6095 0.925053
1.6096 0.925950
1.6097 0.926872
1.6098 0.927793
1.6099 0.928713
1.6100 0.929633
1.6101 0.930559
1.6102 0.931489
1.6103 0.932419
1.6104 0.933382
1.6105 0.934348
1.6106 0.935324
1.6107 0.936321
1.6108 0.937318
1.6109 0.938349
1.6110 0.939391
1.6111 0.940447
1.6112 0.941580
1.6113 0.942713
1.6114 0.943839
1.6115 0.944959
1.6116 0.946079
1.6117 0.947164
1.6118 0.948249
1.6119 0.949290
1.6120 0.950256
1.6121 0.951222
1.6122 0.952152
1.6123 0.953071
1.6124 0.953973
1.6125 0.954788
1.6126 0.955603
1.6127 0.956334
1.6128 0.957002
1.6129 0.957670
1.6130 0.958078
1.6131 0.958477
1.6132 0.958842
1.6133 0.959147
1.6134 0.959453
1.6135 0.959717
1.6136 0.959968
1.6137 0.960215
1.6138 0.960441
1.6139 0.960667
1.6140 0.960894
1.6141 0.961122
1.6142 0.961349
1.6143 0.961562
1.6144 0.961774
1.6145 0.961978
1.6146 0.962164
1.6147 0.962351
1.6148 0.962488
1.6149 0.962607
1.6150 0.962708
1.6151 0.962681
1.6152 0.962655
1.6153 0.962599
1.6154 0.962517
1.6155 0.962436
1.6156 0.962236
1.6157 0.962026
1.6158 0.961803
1.6159 0.961554
1.6160 0.961305
1.6161 0.960929
1.6162 0.960495
1.6163 0.960049
1.6164 0.959448
1.6165 0.958846
1.6166 0.958161
1.6167 0.957378
1.6168 0.956595
1.6169 0.955776
1.6170 0.954951
1.6171 0.954098
1.6172 0.953154
1.6173 0.952210
1.6174 0.951167
1.6175 0.950062
1.6176 0.948956
1.6177 0.947711
1.6178 0.946465
1.6179 0.945165
1.6180 0.943777
1.6181 0.942389
1.6182 0.940849
1.6183 0.939265
1.6184 0.937648
1.6185 0.935855
1.6186 0.934062
1.6187 0.932196
1.6188 0.930264
1.6189 0.928333
1.6190 0.926266
1.6191 0.924186
1.6192 0.922056
1.6193 0.919802
1.6194 0.917548
1.6195 0.915172
1.6196 0.912735
1.6197 0.910292
1.6198 0.907720
1.6199 0.905149
1.6200 0.902536
1.6201 0.899865
1.6202 0.897195
1.6203 0.894406
1.6204 0.891587
1.6205 0.888738
1.6206 0.885745
1.6207 0.882752
1.6208 0.879635
1.6209 0.876415
1.6210 0.873194
1.6211 0.869659
1.6212 0.866096
1.6213 0.862467
1.6214 0.858678
1.6215 0.854890
1.6216 0.850983
1.6217 0.847015
1.6218 0.843044
1.6219 0.838982
1.6220 0.834919
1.6221 0.830838
1.6222 0.826730
1.6223 0.822621
1.6224 0.818462
1.6225 0.814287
1.6226 0.810102
1.6227 0.805855
1.6228 0.801608
1.6229 0.797350
1.6230 0.793082
1.6231 0.788814
1.6232 0.784533
1.6233 0.780251
1.6234 0.775963
1.6235 0.771655
1.6236 0.767348
1.6237 0.763026
1.6238 0.758695
1.6239 0.754364
1.6240 0.750019
1.6241 0.745674
1.6242 0.741325
1.6243 0.736966
1.6244 0.732608
1.6245 0.728244
1.6246 0.723878
1.6247 0.719512
1.6248 0.715143
1.6249 0.710775
1.6250 0.706414
1.6251 0.702066
1.6252 0.697718
1.6253 0.693373
1.6254 0.689029
1.6255 0.684683
1.6256 0.680329
1.6257 0.675975
1.6258 0.671611
1.6259 0.667234
1.6260 0.662858
1.6261 0.658444
1.6262 0.654023
1.6263 0.649597
1.6264 0.645155
1.6265 0.640712
1.6266 0.636266
1.6267 0.631817
1.6268 0.627369
1.6269 0.622928
1.6270 0.618488
1.6271 0.614063
1.6272 0.609680
1.6273 0.605297
1.6274 0.600905
1.6275 0.596508
1.6276 0.592110
1.6277 0.587636
1.6278 0.583158
1.6279 0.578641
1.6280 0.574034
1.6281 0.569428
1.6282 0.564724
1.6283 0.559968
1.6284 0.555213
1.6285 0.550386
1.6286 0.545559
1.6287 0.540706
1.6288 0.535806
1.6289 0.530906
1.6290 0.525965
1.6291 0.521007
1.6292 0.516045
1.6293 0.510999
1.6294 0.505954
1.6295 0.500908
1.6296 0.495860
1.6297 0.490813
1.6298 0.485773
1.6299 0.480737
1.6300 0.475706
1.6301 0.470728
1.6302 0.465749
1.6303 0.460778
1.6304 0.455817
1.6305 0.450855
1.6306 0.445926
1.6307 0.441006
1.6308 0.436092
1.6309 0.431218
1.6310 0.426345
1.6311 0.421499
1.6312 0.416689
1.6313 0.411878
1.6314 0.407100
1.6315 0.402330
1.6316 0.397565
1.6317 0.392826
1.6318 0.388087
1.6319 0.383365
1.6320 0.378661
1.6321 0.373957
1.6322 0.369286
1.6323 0.364624
1.6324 0.359966
1.6325 0.355329
1.6326 0.350692
1.6327 0.346056
1.6328 0.341423
1.6329 0.336790
1.6330 0.332151
1.6331 0.327512
1.6332 0.322873
1.6333 0.318234
1.6334 0.313595
1.6335 0.308959
1.6336 0.304326
1.6337 0.299693
1.6338 0.295069
1.6339 0.290448
1.6340 0.285829
1.6341 0.281225
1.6342 0.276621
1.6343 0.272024
1.6344 0.267435
1.6345 0.262845
1.6346 0.258257
1.6347 0.253668
1.6348 0.249077
1.6349 0.244465
1.6350 0.239853
1.6351 0.235194
1.6352 0.230479
1.6353 0.225763
1.6354 0.221031
1.6355 0.216296
1.6356 0.211577
1.6357 0.207017
1.6358 0.202458
1.6359 0.198061
1.6360 0.193889
1.6361 0.189717
1.6362 0.185768
1.6363 0.181897
1.6364 0.178039
1.6365 0.174360
1.6366 0.170682
1.6367 0.167038
1.6368 0.163448
1.6369 0.159858
1.6370 0.156307
1.6371 0.152770
1.6372 0.149237
1.6373 0.145800
1.6374 0.142364
1.6375 0.138960
1.6376 0.135619
1.6377 0.132279
1.6378 0.129041
1.6379 0.125855
1.6380 0.122668
1.6381 0.119641
1.6382 0.116616
1.6383 0.113637
1.6384 0.110765
1.6385 0.107893
1.6386 0.105111
1.6387 0.102385
1.6388 0.099660
1.6389 0.097129
1.6390 0.094612
1.6391 0.092138
1.6392 0.089797
1.6393 0.087457
1.6394 0.085210
1.6395 0.083038
1.6396 0.080866
1.6397 0.078806
1.6398 0.076764
1.6399 0.074750
1.6400 0.072869
1.6401 0.070988
1.6402 0.069160
1.6403 0.067388
1.6404 0.065616
1.6405 0.063946
1.6406 0.062302
1.6407 0.060671
1.6408 0.059141
1.6409 0.057611
1.6410 0.056129
1.6411 0.054714
1.6412 0.053300
1.6413 0.051955
1.6414 0.050636
1.6415 0.049319
1.6416 0.048083
1.6417 0.046846
1.6418 0.045629
1.6419 0.044452
1.6420 0.043275
1.6421 0.042119
1.6422 0.040974
1.6423 0.039830
1.6424 0.038756
1.6425 0.037686
1.6426 0.036635
1.6427 0.035643
1.6428 0.034652
1.6429 0.033715
1.6430 0.032822
1.6431 0.031930
1.6432 0.031118
1.6433 0.030320
1.6434 0.029532
1.6435 0.028797
1.6436 0.028062
1.6437 0.027358
1.6438 0.026695
1.6439 0.026031
1.6440 0.025416
1.6441 0.024817
1.6442 0.024220
1.6443 0.023676
1.6444 0.023133
1.6445 0.022600
1.6446 0.022088
1.6447 0.021576
1.6448 0.021079
1.6449 0.020592
1.6450 0.020105
1.6451 0.019620
1.6452 0.019136
1.6453 0.018654
1.6454 0.018181
1.6455 0.017708
1.6456 0.017254
1.6457 0.016819
1.6458 0.016384
1.6459 0.015987
1.6460 0.015600
1.6461 0.015216
1.6462 0.014872
1.6463 0.014528
1.6464 0.014194
1.6465 0.013875
1.6466 0.013556
1.6467 0.013258
1.6468 0.012970
1.6469 0.012682
1.6470 0.012423
1.6471 0.012165
1.6472 0.011914
1.6473 0.011684
1.6474 0.011454
1.6475 0.011232
1.6476 0.011016
1.6477 0.010800
1.6478 0.010593
1.6479 0.010389
1.6480 0.010185
1.6481 0.009985
1.6482 0.009786
1.6483 0.009590
1.6484 0.009400
1.6485 0.009211
1.6486 0.009027
1.6487 0.008847
1.6488 0.008666
1.6489 0.008499
1.6490 0.008333
1.6491 0.008170
1.6492 0.008017
1.6493 0.007864
1.6494 0.007717
1.6495 0.007574
1.6496 0.007431
1.6497 0.007291
1.6498 0.007152
1.6499 0.007012
1.6500 0.006867
1.6501 0.006722
1.6502 0.006577
1.6503 0.006430
1.6504 0.006283
1.6505 0.006142
1.6506 0.006003
1.6507 0.005864
1.6508 0.005747
1.6509 0.005633
1.6510 0.005524
1.6511 0.005445
1.6512 0.005365
1.6513 0.005292
1.6514 0.005225
1.6515 0.005158
1.6516 0.005097
1.6517 0.005038
1.6518 0.004980
1.6519 0.004919
1.6520 0.004859
1.6521 0.004798
1.6522 0.004739
1.6523 0.004679
1.6524 0.004620
1.6525 0.004560
1.6526 0.004501
1.6527 0.004442
1.6528 0.004383
1.6529 0.004323
1.6530 0.004258
1.6531 0.004193
1.6532 0.004126
1.6533 0.004057
1.6534 0.003987
1.6535 0.003919
1.6536 0.003852
1.6537 0.003784
1.6538 0.003720
1.6539 0.003655
1.6540 0.003592
1.6541 0.003534
1.6542 0.003476
1.6543 0.003418
1.6544 0.003362
1.6545 0.003306
1.6546 0.003257
1.6547 0.003212
1.6548 0.003167
1.6549 0.003133
1.6550 0.003100
1.6551 0.003070
1.6552 0.003051
1.6553 0.003033
1.6554 0.003015
1.6555 0.002999
1.6556 0.002982
1.6557 0.002963
1.6558 0.002944
1.6559 0.002925
1.6560 0.002894
1.6561 0.002862
1.6562 0.002826
1.6563 0.002776
1.6564 0.002726
1.6565 0.002674
1.6566 0.002618
1.6567 0.002562
1.6568 0.002510
1.6569 0.002458
1.6570 0.002406
1.6571 0.002361
1.6572 0.002315
1.6573 0.002270
1.6574 0.002225
1.6575 0.002180
1.6576 0.002138
1.6577 0.002099
1.6578 0.002060
1.6579 0.002028
# -------------------
# H09_AHI Band Band 6
# -------------------
2.2040 0.002021
2.2041 0.002067
2.2042 0.002112
2.2043 0.002156
2.2044 0.002200
2.2045 0.002244
2.2046 0.002290
2.2047 0.002344
2.2048 0.002398
2.2049 0.002453
2.2050 0.002507
2.2051 0.002568
2.2052 0.002645
2.2053 0.002722
2.2054 0.002799
2.2055 0.002877
2.2056 0.002954
2.2057 0.003031
2.2058 0.003108
2.2059 0.003185
2.2060 0.003262
2.2061 0.003325
2.2062 0.003376
2.2063 0.003427
2.2064 0.003479
2.2065 0.003530
2.2066 0.003583
2.2067 0.003636
2.2068 0.003689
2.2069 0.003742
2.2070 0.003795
2.2071 0.003859
2.2072 0.003925
2.2073 0.003992
2.2074 0.004058
2.2075 0.004124
2.2076 0.004202
2.2077 0.004281
2.2078 0.004360
2.2079 0.004439
2.2080 0.004519
2.2081 0.004618
2.2082 0.004717
2.2083 0.004816
2.2084 0.004915
2.2085 0.005019
2.2086 0.005138
2.2087 0.005258
2.2088 0.005378
2.2089 0.005498
2.2090 0.005627
2.2091 0.005778
2.2092 0.005929
2.2093 0.006079
2.2094 0.006230
2.2095 0.006390
2.2096 0.006563
2.2097 0.006736
2.2098 0.006910
2.2099 0.007083
2.2100 0.007252
2.2101 0.007418
2.2102 0.007584
2.2103 0.007750
2.2104 0.007916
2.2105 0.008089
2.2106 0.008265
2.2107 0.008441
2.2108 0.008617
2.2109 0.008793
2.2110 0.009004
2.2111 0.009225
2.2112 0.009446
2.2113 0.009667
2.2114 0.009888
2.2115 0.010147
2.2116 0.010411
2.2117 0.010674
2.2118 0.010938
2.2119 0.011201
2.2120 0.011517
2.2121 0.011833
2.2122 0.012149
2.2123 0.012465
2.2124 0.012788
2.2125 0.013169
2.2126 0.013550
2.2127 0.013932
2.2128 0.014313
2.2129 0.014708
2.2130 0.015156
2.2131 0.015603
2.2132 0.016051
2.2133 0.016498
2.2134 0.016969
2.2135 0.017491
2.2136 0.018013
2.2137 0.018535
2.2138 0.019058
2.2139 0.019608
2.2140 0.020199
2.2141 0.020790
2.2142 0.021381
2.2143 0.021972
2.2144 0.022602
2.2145 0.023268
2.2146 0.023935
2.2147 0.024601
2.2148 0.025267
2.2149 0.025986
2.2150 0.026737
2.2151 0.027489
2.2152 0.028240
2.2153 0.028992
2.2154 0.029807
2.2155 0.030649
2.2156 0.031492
2.2157 0.032334
2.2158 0.033177
2.2159 0.034105
2.2160 0.035056
2.2161 0.036007
2.2162 0.036959
2.2163 0.037910
2.2164 0.038973
2.2165 0.040052
2.2166 0.041131
2.2167 0.042209
2.2168 0.043288
2.2169 0.044478
2.2170 0.045671
2.2171 0.046865
2.2172 0.048059
2.2173 0.049259
2.2174 0.050575
2.2175 0.051890
2.2176 0.053206
2.2177 0.054522
2.2178 0.055839
2.2179 0.057161
2.2180 0.058482
2.2181 0.059804
2.2182 0.061126
2.2183 0.062453
2.2184 0.063800
2.2185 0.065147
2.2186 0.066494
2.2187 0.067841
2.2188 0.069243
2.2189 0.070777
2.2190 0.072311
2.2191 0.073846
2.2192 0.075380
2.2193 0.076976
2.2194 0.078677
2.2195 0.080378
2.2196 0.082079
2.2197 0.083781
2.2198 0.085531
2.2199 0.087343
2.2200 0.089154
2.2201 0.090966
2.2202 0.092778
2.2203 0.094650
2.2204 0.096580
2.2205 0.098509
2.2206 0.100439
2.2207 0.102368
2.2208 0.104332
2.2209 0.106320
2.2210 0.108309
2.2211 0.110297
2.2212 0.112285
2.2213 0.114304
2.2214 0.116340
2.2215 0.118375
2.2216 0.120411
2.2217 0.122446
2.2218 0.124552
2.2219 0.126687
2.2220 0.128821
2.2221 0.130955
2.2222 0.133090
2.2223 0.135297
2.2224 0.137526
2.2225 0.139755
2.2226 0.141984
2.2227 0.144213
2.2228 0.146491
2.2229 0.148779
2.2230 0.151066
2.2231 0.153354
2.2232 0.155641
2.2233 0.157950
2.2234 0.160261
2.2235 0.162572
2.2236 0.164883
2.2237 0.167194
2.2238 0.169559
2.2239 0.171927
2.2240 0.174295
2.2241 0.176664
2.2242 0.179033
2.2243 0.181521
2.2244 0.184010
2.2245 0.186499
2.2246 0.188988
2.2247 0.191478
2.2248 0.193996
2.2249 0.196514
2.2250 0.199032
2.2251 0.201550
2.2252 0.204067
2.2253 0.206584
2.2254 0.209101
2.2255 0.211618
2.2256 0.214135
2.2257 0.216659
2.2258 0.219217
2.2259 0.221775
2.2260 0.224334
2.2261 0.226892
2.2262 0.229459
2.2263 0.232057
2.2264 0.234654
2.2265 0.237252
2.2266 0.239850
2.2267 0.242476
2.2268 0.245186
2.2269 0.247896
2.2270 0.250606
2.2271 0.253316
2.2272 0.256076
2.2273 0.258959
2.2274 0.261842
2.2275 0.264725
2.2276 0.267608
2.2277 0.270517
2.2278 0.273481
2.2279 0.276444
2.2280 0.279407
2.2281 0.282370
2.2282 0.285335
2.2283 0.288303
2.2284 0.291271
2.2285 0.294239
2.2286 0.297207
2.2287 0.300193
2.2288 0.303206
2.2289 0.306219
2.2290 0.309232
2.2291 0.312246
2.2292 0.315287
2.2293 0.318367
2.2294 0.321448
2.2295 0.324528
2.2296 0.327608
2.2297 0.330666
2.2298 0.333698
2.2299 0.336730
2.2300 0.339762
2.2301 0.342794
2.2302 0.345840
2.2303 0.348901
2.2304 0.351961
2.2305 0.355021
2.2306 0.358082
2.2307 0.361194
2.2308 0.364358
2.2309 0.367521
2.2310 0.370685
2.2311 0.373848
2.2312 0.377015
2.2313 0.380186
2.2314 0.383356
2.2315 0.386526
2.2316 0.389697
2.2317 0.392862
2.2318 0.396024
2.2319 0.399186
2.2320 0.402347
2.2321 0.405509
2.2322 0.408629
2.2323 0.411718
2.2324 0.414808
2.2325 0.417897
2.2326 0.420987
2.2327 0.424079
2.2328 0.427174
2.2329 0.430269
2.2330 0.433364
2.2331 0.436458
2.2332 0.439548
2.2333 0.442633
2.2334 0.445719
2.2335 0.448804
2.2336 0.451889
2.2337 0.454988
2.2338 0.458094
2.2339 0.461200
2.2340 0.464307
2.2341 0.467413
2.2342 0.470498
2.2343 0.473570
2.2344 0.476642
2.2345 0.479714
2.2346 0.482787
2.2347 0.485804
2.2348 0.488789
2.2349 0.491775
2.2350 0.494760
2.2351 0.497745
2.2352 0.500715
2.2353 0.503675
2.2354 0.506635
2.2355 0.509596
2.2356 0.512556
2.2357 0.515577
2.2358 0.518632
2.2359 0.521686
2.2360 0.524741
2.2361 0.527796
2.2362 0.530990
2.2363 0.534263
2.2364 0.537536
2.2365 0.540808
2.2366 0.544081
2.2367 0.547415
2.2368 0.550784
2.2369 0.554152
2.2370 0.557520
2.2371 0.560889
2.2372 0.564324
2.2373 0.567797
2.2374 0.571270
2.2375 0.574743
2.2376 0.578216
2.2377 0.581665
2.2378 0.585099
2.2379 0.588533
2.2380 0.591968
2.2381 0.595402
2.2382 0.598812
2.2383 0.602208
2.2384 0.605604
2.2385 0.609000
2.2386 0.612395
2.2387 0.615794
2.2388 0.619194
2.2389 0.622594
2.2390 0.625994
2.2391 0.629394
2.2392 0.632771
2.2393 0.636133
2.2394 0.639495
2.2395 0.642857
2.2396 0.646219
2.2397 0.649602
2.2398 0.653001
2.2399 0.656399
2.2400 0.659798
2.2401 0.663196
2.2402 0.666671
2.2403 0.670203
2.2404 0.673735
2.2405 0.677268
2.2406 0.680800
2.2407 0.684342
2.2408 0.687891
2.2409 0.691440
2.2410 0.694989
2.2411 0.698538
2.2412 0.702099
2.2413 0.705672
2.2414 0.709244
2.2415 0.712816
2.2416 0.716389
2.2417 0.719906
2.2418 0.723370
2.2419 0.726834
2.2420 0.730297
2.2421 0.733761
2.2422 0.737153
2.2423 0.740467
2.2424 0.743780
2.2425 0.747094
2.2426 0.750407
2.2427 0.753652
2.2428 0.756810
2.2429 0.759969
2.2430 0.763128
2.2431 0.766286
2.2432 0.769443
2.2433 0.772598
2.2434 0.775753
2.2435 0.778908
2.2436 0.782062
2.2437 0.785221
2.2438 0.788387
2.2439 0.791552
2.2440 0.794717
2.2441 0.797882
2.2442 0.801000
2.2443 0.804028
2.2444 0.807055
2.2445 0.810083
2.2446 0.813111
2.2447 0.816128
2.2448 0.819123
2.2449 0.822117
2.2450 0.825111
2.2451 0.828106
2.2452 0.831100
2.2453 0.834095
2.2454 0.837089
2.2455 0.840084
2.2456 0.843078
2.2457 0.846053
2.2458 0.848959
2.2459 0.851865
2.2460 0.854771
2.2461 0.857678
2.2462 0.860587
2.2463 0.863509
2.2464 0.866431
2.2465 0.869353
2.2466 0.872275
2.2467 0.875218
2.2468 0.878290
2.2469 0.881362
2.2470 0.884434
2.2471 0.887506
2.2472 0.890552
2.2473 0.893335
2.2474 0.896117
2.2475 0.898900
2.2476 0.901683
2.2477 0.904455
2.2478 0.906976
2.2479 0.909496
2.2480 0.912017
2.2481 0.914537
2.2482 0.917058
2.2483 0.919571
2.2484 0.922084
2.2485 0.924597
2.2486 0.927110
2.2487 0.929623
2.2488 0.931657
2.2489 0.933655
2.2490 0.935653
2.2491 0.937650
2.2492 0.939648
2.2493 0.941229
2.2494 0.942747
2.2495 0.944266
2.2496 0.945785
2.2497 0.947304
2.2498 0.948736
2.2499 0.950148
2.2500 0.951560
2.2501 0.952972
2.2502 0.954384
2.2503 0.955619
2.2504 0.956795
2.2505 0.957971
2.2506 0.959147
2.2507 0.960323
2.2508 0.961101
2.2509 0.961697
2.2510 0.962292
2.2511 0.962888
2.2512 0.963484
2.2513 0.963933
2.2514 0.964291
2.2515 0.964650
2.2516 0.965009
2.2517 0.965367
2.2518 0.965831
2.2519 0.966381
2.2520 0.966930
2.2521 0.967480
2.2522 0.968030
2.2523 0.968768
2.2524 0.969712
2.2525 0.970656
2.2526 0.971600
2.2527 0.972544
2.2528 0.973533
2.2529 0.974590
2.2530 0.975646
2.2531 0.976702
2.2532 0.977758
2.2533 0.978796
2.2534 0.979795
2.2535 0.980795
2.2536 0.981794
2.2537 0.982793
2.2538 0.983814
2.2539 0.984899
2.2540 0.985983
2.2541 0.987068
2.2542 0.988152
2.2543 0.989218
2.2544 0.990188
2.2545 0.991158
2.2546 0.992128
2.2547 0.993098
2.2548 0.994044
2.2549 0.994739
2.2550 0.995434
2.2551 0.996130
2.2552 0.996825
2.2553 0.997520
2.2554 0.997950
2.2555 0.998380
2.2556 0.998809
2.2557 0.999239
2.2558 0.999669
2.2559 0.999673
2.2560 0.999636
2.2561 0.999599
2.2562 0.999562
2.2563 0.999525
2.2564 0.999239
2.2565 0.998899
2.2566 0.998559
2.2567 0.998220
2.2568 0.997880
2.2569 0.997106
2.2570 0.996172
2.2571 0.995239
2.2572 0.994305
2.2573 0.993372
2.2574 0.991795
2.2575 0.989851
2.2576 0.987907
2.2577 0.985963
2.2578 0.984019
2.2579 0.982089
2.2580 0.980170
2.2581 0.978252
2.2582 0.976333
2.2583 0.974414
2.2584 0.972482
2.2585 0.970532
2.2586 0.968583
2.2587 0.966633
2.2588 0.964683
2.2589 0.962738
2.2590 0.960803
2.2591 0.958867
2.2592 0.956931
2.2593 0.954995
2.2594 0.953037
2.2595 0.951006
2.2596 0.948975
2.2597 0.946943
2.2598 0.944912
2.2599 0.942879
2.2600 0.940836
2.2601 0.938793
2.2602 0.936749
2.2603 0.934706
2.2604 0.932663
2.2605 0.930621
2.2606 0.928580
2.2607 0.926538
2.2608 0.924497
2.2609 0.922456
2.2610 0.920692
2.2611 0.918955
2.2612 0.917218
2.2613 0.915481
2.2614 0.913744
2.2615 0.912147
2.2616 0.910586
2.2617 0.909024
2.2618 0.907463
2.2619 0.905901
2.2620 0.904358
2.2621 0.902823
2.2622 0.901288
2.2623 0.899754
2.2624 0.898219
2.2625 0.896687
2.2626 0.895157
2.2627 0.893627
2.2628 0.892098
2.2629 0.890568
2.2630 0.888993
2.2631 0.887363
2.2632 0.885733
2.2633 0.884103
2.2634 0.882473
2.2635 0.880808
2.2636 0.879069
2.2637 0.877329
2.2638 0.875590
2.2639 0.873851
2.2640 0.872105
2.2641 0.870329
2.2642 0.868552
2.2643 0.866776
2.2644 0.865000
2.2645 0.863213
2.2646 0.861291
2.2647 0.859369
2.2648 0.857447
2.2649 0.855525
2.2650 0.853602
2.2651 0.851576
2.2652 0.849544
2.2653 0.847511
2.2654 0.845479
2.2655 0.843447
2.2656 0.841423
2.2657 0.839402
2.2658 0.837381
2.2659 0.835360
2.2660 0.833339
2.2661 0.831290
2.2662 0.829229
2.2663 0.827167
2.2664 0.825105
2.2665 0.823043
2.2666 0.820960
2.2667 0.818858
2.2668 0.816756
2.2669 0.814655
2.2670 0.812553
2.2671 0.810441
2.2672 0.808316
2.2673 0.806190
2.2674 0.804064
2.2675 0.801938
2.2676 0.799813
2.2677 0.797690
2.2678 0.795568
2.2679 0.793445
2.2680 0.791323
2.2681 0.789195
2.2682 0.787024
2.2683 0.784854
2.2684 0.782683
2.2685 0.780513
2.2686 0.778342
2.2687 0.775979
2.2688 0.773611
2.2689 0.771242
2.2690 0.768874
2.2691 0.766506
2.2692 0.764093
2.2693 0.761671
2.2694 0.759248
2.2695 0.756826
2.2696 0.754403
2.2697 0.751908
2.2698 0.749377
2.2699 0.746846
2.2700 0.744316
2.2701 0.741785
2.2702 0.739257
2.2703 0.736730
2.2704 0.734204
2.2705 0.731677
2.2706 0.729151
2.2707 0.726625
2.2708 0.724101
2.2709 0.721576
2.2710 0.719052
2.2711 0.716527
2.2712 0.713988
2.2713 0.711396
2.2714 0.708803
2.2715 0.706210
2.2716 0.703618
2.2717 0.701028
2.2718 0.698494
2.2719 0.695959
2.2720 0.693425
2.2721 0.690890
2.2722 0.688356
2.2723 0.685848
2.2724 0.683343
2.2725 0.680838
2.2726 0.678333
2.2727 0.675829
2.2728 0.673298
2.2729 0.670757
2.2730 0.668216
2.2731 0.665675
2.2732 0.663135
2.2733 0.660605
2.2734 0.658083
2.2735 0.655562
2.2736 0.653040
2.2737 0.650519
2.2738 0.648011
2.2739 0.645525
2.2740 0.643039
2.2741 0.640553
2.2742 0.638067
2.2743 0.635564
2.2744 0.633004
2.2745 0.630444
2.2746 0.627883
2.2747 0.625323
2.2748 0.622762
2.2749 0.620174
2.2750 0.617586
2.2751 0.614998
2.2752 0.612410
2.2753 0.609822
2.2754 0.607227
2.2755 0.604631
2.2756 0.602035
2.2757 0.599440
2.2758 0.596844
2.2759 0.594171
2.2760 0.591463
2.2761 0.588756
2.2762 0.586049
2.2763 0.583341
2.2764 0.580586
2.2765 0.577785
2.2766 0.574984
2.2767 0.572183
2.2768 0.569382
2.2769 0.566572
2.2770 0.563746
2.2771 0.560920
2.2772 0.558093
2.2773 0.555267
2.2774 0.552436
2.2775 0.549581
2.2776 0.546725
2.2777 0.543870
2.2778 0.541015
2.2779 0.538159
2.2780 0.535297
2.2781 0.532435
2.2782 0.529572
2.2783 0.526710
2.2784 0.523847
2.2785 0.521008
2.2786 0.518176
2.2787 0.515345
2.2788 0.512513
2.2789 0.509681
2.2790 0.506784
2.2791 0.503838
2.2792 0.500893
2.2793 0.497948
2.2794 0.495003
2.2795 0.492042
2.2796 0.489057
2.2797 0.486072
2.2798 0.483088
2.2799 0.480103
2.2800 0.477108
2.2801 0.474072
2.2802 0.471035
2.2803 0.467998
2.2804 0.464962
2.2805 0.461925
2.2806 0.458859
2.2807 0.455792
2.2808 0.452725
2.2809 0.449658
2.2810 0.446591
2.2811 0.443511
2.2812 0.440427
2.2813 0.437343
2.2814 0.434259
2.2815 0.431175
2.2816 0.428109
2.2817 0.425057
2.2818 0.422004
2.2819 0.418951
2.2820 0.415899
2.2821 0.412877
2.2822 0.409908
2.2823 0.406939
2.2824 0.403970
2.2825 0.401001
2.2826 0.398034
2.2827 0.395080
2.2828 0.392125
2.2829 0.389171
2.2830 0.386217
2.2831 0.383263
2.2832 0.380289
2.2833 0.377315
2.2834 0.374341
2.2835 0.371367
2.2836 0.368392
2.2837 0.365384
2.2838 0.362363
2.2839 0.359343
2.2840 0.356322
2.2841 0.353301
2.2842 0.350277
2.2843 0.347250
2.2844 0.344222
2.2845 0.341194
2.2846 0.338167
2.2847 0.335148
2.2848 0.332148
2.2849 0.329148
2.2850 0.326148
2.2851 0.323149
2.2852 0.320149
2.2853 0.317153
2.2854 0.314158
2.2855 0.311162
2.2856 0.308166
2.2857 0.305170
2.2858 0.302175
2.2859 0.299180
2.2860 0.296184
2.2861 0.293189
2.2862 0.290194
2.2863 0.287200
2.2864 0.284207
2.2865 0.281214
2.2866 0.278221
2.2867 0.275228
2.2868 0.272230
2.2869 0.269222
2.2870 0.266215
2.2871 0.263208
2.2872 0.260201
2.2873 0.257195
2.2874 0.254194
2.2875 0.251192
2.2876 0.248191
2.2877 0.245190
2.2878 0.242189
2.2879 0.239249
2.2880 0.236313
2.2881 0.233377
2.2882 0.230440
2.2883 0.227504
2.2884 0.224605
2.2885 0.221720
2.2886 0.218836
2.2887 0.215952
2.2888 0.213068
2.2889 0.210203
2.2890 0.207361
2.2891 0.204518
2.2892 0.201676
2.2893 0.198833
2.2894 0.196001
2.2895 0.193205
2.2896 0.190409
2.2897 0.187612
2.2898 0.184816
2.2899 0.182020
2.2900 0.179289
2.2901 0.176560
2.2902 0.173830
2.2903 0.171101
2.2904 0.168371
2.2905 0.165682
2.2906 0.163007
2.2907 0.160332
2.2908 0.157657
2.2909 0.154981
2.2910 0.152368
2.2911 0.149820
2.2912 0.147271
2.2913 0.144722
2.2914 0.142173
2.2915 0.139652
2.2916 0.137218
2.2917 0.134784
2.2918 0.132349
2.2919 0.129915
2.2920 0.127481
2.2921 0.125242
2.2922 0.123005
2.2923 0.120768
2.2924 0.118531
2.2925 0.116294
2.2926 0.114168
2.2927 0.112081
2.2928 0.109995
2.2929 0.107908
2.2930 0.105822
2.2931 0.103822
2.2932 0.101916
2.2933 0.100010
2.2934 0.098104
2.2935 0.096198
2.2936 0.094324
2.2937 0.092564
2.2938 0.090804
2.2939 0.089044
2.2940 0.087284
2.2941 0.085525
2.2942 0.083874
2.2943 0.082227
2.2944 0.080581
2.2945 0.078934
2.2946 0.077288
2.2947 0.075715
2.2948 0.074175
2.2949 0.072634
2.2950 0.071093
2.2951 0.069553
2.2952 0.068074
2.2953 0.066677
2.2954 0.065281
2.2955 0.063884
2.2956 0.062488
2.2957 0.061113
2.2958 0.059857
2.2959 0.058601
2.2960 0.057345
2.2961 0.056088
2.2962 0.054832
2.2963 0.053714
2.2964 0.052613
2.2965 0.051513
2.2966 0.050412
2.2967 0.049312
2.2968 0.048279
2.2969 0.047290
2.2970 0.046300
2.2971 0.045311
2.2972 0.044322
2.2973 0.043363
2.2974 0.042465
2.2975 0.041566
2.2976 0.040668
2.2977 0.039769
2.2978 0.038876
2.2979 0.038068
2.2980 0.037259
2.2981 0.036450
2.2982 0.035642
2.2983 0.034833
2.2984 0.034082
2.2985 0.033348
2.2986 0.032614
2.2987 0.031880
2.2988 0.031146
2.2989 0.030461
2.2990 0.029825
2.2991 0.029189
2.2992 0.028553
2.2993 0.027917
2.2994 0.027297
2.2995 0.026740
2.2996 0.026183
2.2997 0.025626
2.2998 0.025069
2.2999 0.024513
2.3000 0.024028
2.3001 0.023550
2.3002 0.023072
2.3003 0.022593
2.3004 0.022115
2.3005 0.021671
2.3006 0.021248
2.3007 0.020824
2.3008 0.020401
2.3009 0.019977
2.3010 0.019560
2.3011 0.019155
2.3012 0.018751
2.3013 0.018346
2.3014 0.017942
2.3015 0.017539
2.3016 0.017189
2.3017 0.016838
2.3018 0.016488
2.3019 0.016138
2.3020 0.015787
2.3021 0.015509
2.3022 0.015255
2.3023 0.015002
2.3024 0.014749
2.3025 0.014496
2.3026 0.014249
2.3027 0.014010
2.3028 0.013772
2.3029 0.013533
2.3030 0.013294
2.3031 0.013054
2.3032 0.012799
2.3033 0.012544
2.3034 0.012290
2.3035 0.012035
2.3036 0.011780
2.3037 0.011552
2.3038 0.011329
2.3039 0.011105
2.3040 0.010882
2.3041 0.010659
2.3042 0.010455
2.3043 0.010269
2.3044 0.010083
2.3045 0.009897
2.3046 0.009710
2.3047 0.009531
2.3048 0.009376
2.3049 0.009221
2.3050 0.009067
2.3051 0.008912
2.3052 0.008757
2.3053 0.008626
2.3054 0.008497
2.3055 0.008368
2.3056 0.008239
2.3057 0.008110
2.3058 0.007996
2.3059 0.007893
2.3060 0.007790
2.3061 0.007686
2.3062 0.007583
2.3063 0.007484
2.3064 0.007397
2.3065 0.007310
2.3066 0.007222
2.3067 0.007135
2.3068 0.007048
2.3069 0.006951
2.3070 0.006853
2.3071 0.006755
2.3072 0.006657
2.3073 0.006559
2.3074 0.006456
2.3075 0.006350
2.3076 0.006245
2.3077 0.006139
2.3078 0.006033
2.3079 0.005928
2.3080 0.005827
2.3081 0.005726
2.3082 0.005625
2.3083 0.005524
2.3084 0.005423
2.3085 0.005330
2.3086 0.005237
2.3087 0.005143
2.3088 0.005050
2.3089 0.004957
2.3090 0.004873
2.3091 0.004794
2.3092 0.004714
2.3093 0.004635
2.3094 0.004555
2.3095 0.004480
2.3096 0.004417
2.3097 0.004353
2.3098 0.004289
2.3099 0.004225
2.3100 0.004161
2.3101 0.004121
2.3102 0.004082
2.3103 0.004043
2.3104 0.004004
2.3105 0.003964
2.3106 0.003927
2.3107 0.003890
2.3108 0.003853
2.3109 0.003816
2.3110 0.003779
2.3111 0.003739
2.3112 0.003690
2.3113 0.003642
2.3114 0.003593
2.3115 0.003545
2.3116 0.003496
2.3117 0.003449
2.3118 0.003403
2.3119 0.003356
2.3120 0.003309
2.3121 0.003262
2.3122 0.003220
2.3123 0.003180
2.3124 0.003141
2.3125 0.003101
2.3126 0.003061
2.3127 0.003021
2.3128 0.002979
2.3129 0.002937
2.3130 0.002895
2.3131 0.002854
2.3132 0.002812
2.3133 0.002766
2.3134 0.002719
2.3135 0.002673
2.3136 0.002627
2.3137 0.002580
2.3138 0.002539
2.3139 0.002501
2.3140 0.002463
2.3141 0.002425
2.3142 0.002387
2.3143 0.002351
2.3144 0.002320
2.3145 0.002289
2.3146 0.002259
2.3147 0.002228
2.3148 0.002197
2.3149 0.002175
2.3150 0.002153
2.3151 0.002132
2.3152 0.002110
2.3153 0.002089
2.3154 0.002069
2.3155 0.002051
2.3156 0.002032
2.3157 0.002014
# -------------------
