# HJ2A_CCD1 RSR
# QV 2025-07-29 from HJ-2A-CCD.xlsx
# filtered to response > 0.02
# HJ2A_CCD1 Band B1
# -------------------
441.0 0.0402
442.0 0.0639
443.0 0.0877
444.0 0.1115
445.0 0.1353
446.0 0.2131
447.0 0.2909
448.0 0.3687
449.0 0.4465
450.0 0.5244
451.0 0.5672
452.0 0.61
453.0 0.6528
454.0 0.6956
455.0 0.7384
456.0 0.7458
457.0 0.7532
458.0 0.7606
459.0 0.768
460.0 0.7754
461.0 0.7725
462.0 0.7697
463.0 0.7668
464.0 0.764
465.0 0.7611
466.0 0.7608
467.0 0.7606
468.0 0.7603
469.0 0.7601
470.0 0.7598
471.0 0.7687
472.0 0.7776
473.0 0.7865
474.0 0.7954
475.0 0.8042
476.0 0.8141
477.0 0.8239
478.0 0.8337
479.0 0.8435
480.0 0.8533
481.0 0.8611
482.0 0.869
483.0 0.8768
484.0 0.8846
485.0 0.8924
486.0 0.9053
487.0 0.9182
488.0 0.931
489.0 0.9439
490.0 0.9568
491.0 0.9637
492.0 0.9706
493.0 0.9776
494.0 0.9845
495.0 0.9915
496.0 0.9932
497.0 0.9949
498.0 0.9966
499.0 0.9983
500.0 1.0
501.0 0.9995
502.0 0.9991
503.0 0.9986
504.0 0.9981
505.0 0.9976
506.0 0.9921
507.0 0.9866
508.0 0.9811
509.0 0.9756
510.0 0.97
511.0 0.9364
512.0 0.9027
513.0 0.869
514.0 0.8354
515.0 0.8017
516.0 0.6992
517.0 0.5967
518.0 0.4942
519.0 0.3917
520.0 0.2893
521.0 0.2343
522.0 0.1793
523.0 0.1243
524.0 0.0693
# -------------------
# HJ2A_CCD1 Band B2
# -------------------
509.0 0.0214
510.0 0.0256
511.0 0.0513
512.0 0.0771
513.0 0.1028
514.0 0.1286
515.0 0.1543
516.0 0.232
517.0 0.3097
518.0 0.3873
519.0 0.465
520.0 0.5427
521.0 0.5833
522.0 0.624
523.0 0.6647
524.0 0.7053
525.0 0.746
526.0 0.7502
527.0 0.7544
528.0 0.7586
529.0 0.7628
530.0 0.767
531.0 0.7698
532.0 0.7725
533.0 0.7752
534.0 0.7779
535.0 0.7807
536.0 0.785
537.0 0.7893
538.0 0.7937
539.0 0.798
540.0 0.8024
541.0 0.8081
542.0 0.8139
543.0 0.8196
544.0 0.8254
545.0 0.8311
546.0 0.8399
547.0 0.8486
548.0 0.8573
549.0 0.866
550.0 0.8747
551.0 0.8825
552.0 0.8904
553.0 0.8982
554.0 0.906
555.0 0.9139
556.0 0.9236
557.0 0.9334
558.0 0.9432
559.0 0.9529
560.0 0.9627
561.0 0.9702
562.0 0.9776
563.0 0.9851
564.0 0.9925
565.0 1.0
566.0 0.9952
567.0 0.9903
568.0 0.9855
569.0 0.9807
570.0 0.9759
571.0 0.9731
572.0 0.9703
573.0 0.9676
574.0 0.9648
575.0 0.9621
576.0 0.963
577.0 0.964
578.0 0.9649
579.0 0.9659
580.0 0.9668
581.0 0.961
582.0 0.9551
583.0 0.9493
584.0 0.9434
585.0 0.9375
586.0 0.9306
587.0 0.9237
588.0 0.9167
589.0 0.9098
590.0 0.9029
591.0 0.7799
592.0 0.657
593.0 0.5341
594.0 0.4111
595.0 0.2882
596.0 0.2429
597.0 0.1976
598.0 0.1523
599.0 0.1069
600.0 0.0616
601.0 0.0542
602.0 0.0468
603.0 0.0394
604.0 0.032
605.0 0.0246
606.0 0.0208
# -------------------
# HJ2A_CCD1 Band B3
# -------------------
613.0 0.0206
614.0 0.0254
615.0 0.0303
616.0 0.0556
617.0 0.0808
618.0 0.106
619.0 0.1312
620.0 0.1565
621.0 0.2268
622.0 0.2972
623.0 0.3676
624.0 0.4379
625.0 0.5083
626.0 0.5727
627.0 0.637
628.0 0.7014
629.0 0.7658
630.0 0.8301
631.0 0.8353
632.0 0.8404
633.0 0.8455
634.0 0.8506
635.0 0.8557
636.0 0.8608
637.0 0.8659
638.0 0.8711
639.0 0.8762
640.0 0.8813
641.0 0.8862
642.0 0.8912
643.0 0.8961
644.0 0.901
645.0 0.906
646.0 0.9101
647.0 0.9143
648.0 0.9184
649.0 0.9226
650.0 0.9267
651.0 0.932
652.0 0.9373
653.0 0.9425
654.0 0.9478
655.0 0.953
656.0 0.9571
657.0 0.9612
658.0 0.9653
659.0 0.9694
660.0 0.9735
661.0 0.9735
662.0 0.9735
663.0 0.9735
664.0 0.9735
665.0 0.9735
666.0 0.9739
667.0 0.9742
668.0 0.9745
669.0 0.9748
670.0 0.9752
671.0 0.9783
672.0 0.9815
673.0 0.9847
674.0 0.9879
675.0 0.9911
676.0 0.9929
677.0 0.9947
678.0 0.9964
679.0 0.9982
680.0 1.0
681.0 0.999
682.0 0.998
683.0 0.9969
684.0 0.9959
685.0 0.9949
686.0 0.98
687.0 0.9651
688.0 0.9502
689.0 0.9352
690.0 0.9203
691.0 0.9042
692.0 0.888
693.0 0.8719
694.0 0.8557
695.0 0.8396
696.0 0.7391
697.0 0.6386
698.0 0.5382
699.0 0.4377
700.0 0.3373
701.0 0.2706
702.0 0.204
703.0 0.1374
704.0 0.0708
# -------------------
# HJ2A_CCD1 Band B4
# -------------------
757.0 0.0241
758.0 0.0307
759.0 0.0373
760.0 0.0439
761.0 0.0704
762.0 0.0969
763.0 0.1233
764.0 0.1498
765.0 0.1763
766.0 0.2476
767.0 0.3189
768.0 0.3902
769.0 0.4615
770.0 0.5328
771.0 0.6101
772.0 0.6874
773.0 0.7647
774.0 0.8419
775.0 0.9192
776.0 0.9354
777.0 0.9515
778.0 0.9677
779.0 0.9839
780.0 1.0
781.0 0.9999
782.0 0.9998
783.0 0.9996
784.0 0.9995
785.0 0.9994
786.0 0.9949
787.0 0.9905
788.0 0.9861
789.0 0.9817
790.0 0.9772
791.0 0.9712
792.0 0.9652
793.0 0.9593
794.0 0.9533
795.0 0.9473
796.0 0.942
797.0 0.9367
798.0 0.9314
799.0 0.9261
800.0 0.9208
801.0 0.9141
802.0 0.9073
803.0 0.9006
804.0 0.8939
805.0 0.8872
806.0 0.8787
807.0 0.8702
808.0 0.8617
809.0 0.8531
810.0 0.8446
811.0 0.8357
812.0 0.8268
813.0 0.8179
814.0 0.8089
815.0 0.8
816.0 0.7936
817.0 0.7871
818.0 0.7806
819.0 0.7742
820.0 0.7677
821.0 0.7637
822.0 0.7598
823.0 0.7558
824.0 0.7519
825.0 0.7479
826.0 0.7451
827.0 0.7423
828.0 0.7395
829.0 0.7367
830.0 0.7339
831.0 0.7287
832.0 0.7235
833.0 0.7184
834.0 0.7132
835.0 0.708
836.0 0.7028
837.0 0.6975
838.0 0.6922
839.0 0.687
840.0 0.6817
841.0 0.6789
842.0 0.676
843.0 0.6731
844.0 0.6702
845.0 0.6674
846.0 0.6663
847.0 0.6651
848.0 0.664
849.0 0.6629
850.0 0.6618
851.0 0.6604
852.0 0.6591
853.0 0.6577
854.0 0.6563
855.0 0.655
856.0 0.6545
857.0 0.6541
858.0 0.6537
859.0 0.6532
860.0 0.6528
861.0 0.6507
862.0 0.6486
863.0 0.6464
864.0 0.6443
865.0 0.6422
866.0 0.6381
867.0 0.634
868.0 0.6299
869.0 0.6258
870.0 0.6217
871.0 0.6175
872.0 0.6133
873.0 0.6092
874.0 0.605
875.0 0.6008
876.0 0.5979
877.0 0.5951
878.0 0.5922
879.0 0.5893
880.0 0.5864
881.0 0.5728
882.0 0.5592
883.0 0.5455
884.0 0.5319
885.0 0.5183
886.0 0.4682
887.0 0.4181
888.0 0.3681
889.0 0.318
890.0 0.2679
891.0 0.2286
892.0 0.1893
893.0 0.1501
894.0 0.1108
895.0 0.0715
896.0 0.0604
897.0 0.0493
898.0 0.0382
899.0 0.0272
# -------------------
# HJ2A_CCD1 Band B5
# -------------------
692.0 0.0341
693.0 0.0486
694.0 0.0631
695.0 0.0775
696.0 0.1815
697.0 0.2854
698.0 0.3893
699.0 0.4932
700.0 0.5972
701.0 0.6747
702.0 0.7522
703.0 0.8297
704.0 0.9072
705.0 0.9848
706.0 0.9866
707.0 0.9885
708.0 0.9903
709.0 0.9922
710.0 0.994
711.0 0.9885
712.0 0.9829
713.0 0.9774
714.0 0.9718
715.0 0.9663
716.0 0.9718
717.0 0.9772
718.0 0.9827
719.0 0.9882
720.0 0.9937
721.0 0.995
722.0 0.9962
723.0 0.9975
724.0 0.9987
725.0 1.0
726.0 0.9992
727.0 0.9984
728.0 0.9976
729.0 0.9967
730.0 0.9959
731.0 0.9941
732.0 0.9922
733.0 0.9904
734.0 0.9885
735.0 0.9867
736.0 0.9333
737.0 0.8799
738.0 0.8265
739.0 0.7732
740.0 0.7198
741.0 0.603
742.0 0.4861
743.0 0.3693
744.0 0.2525
745.0 0.1357
746.0 0.1113
747.0 0.087
748.0 0.0626
749.0 0.0383
# -------------------
