# HJ2A_CCD3 RSR
# QV 2025-07-29 from HJ-2A-CCD.xlsx
# filtered to response > 0.02
# HJ2A_CCD3 Band B1
# -------------------
441.0 0.0201
442.0 0.0329
443.0 0.0457
444.0 0.0585
445.0 0.0713
446.0 0.1197
447.0 0.168
448.0 0.2163
449.0 0.2646
450.0 0.3129
451.0 0.3488
452.0 0.3846
453.0 0.4204
454.0 0.4563
455.0 0.4921
456.0 0.51
457.0 0.5279
458.0 0.5458
459.0 0.5636
460.0 0.5815
461.0 0.5955
462.0 0.6094
463.0 0.6234
464.0 0.6373
465.0 0.6513
466.0 0.6554
467.0 0.6596
468.0 0.6637
469.0 0.6679
470.0 0.672
471.0 0.6898
472.0 0.7076
473.0 0.7255
474.0 0.7433
475.0 0.7611
476.0 0.774
477.0 0.7868
478.0 0.7997
479.0 0.8126
480.0 0.8255
481.0 0.8405
482.0 0.8555
483.0 0.8705
484.0 0.8855
485.0 0.9006
486.0 0.9071
487.0 0.9137
488.0 0.9202
489.0 0.9268
490.0 0.9333
491.0 0.9465
492.0 0.9597
493.0 0.9729
494.0 0.9861
495.0 0.9993
496.0 0.9994
497.0 0.9996
498.0 0.9997
499.0 0.9999
500.0 1.0
501.0 0.9967
502.0 0.9933
503.0 0.99
504.0 0.9866
505.0 0.9833
506.0 0.9698
507.0 0.9563
508.0 0.9428
509.0 0.9293
510.0 0.9158
511.0 0.837
512.0 0.7581
513.0 0.6793
514.0 0.6005
515.0 0.5216
516.0 0.4332
517.0 0.3449
518.0 0.2565
519.0 0.1681
520.0 0.0797
521.0 0.0677
522.0 0.0557
523.0 0.0437
524.0 0.0318
# -------------------
# HJ2A_CCD3 Band B2
# -------------------
506.0 0.025
507.0 0.0377
508.0 0.0504
509.0 0.0631
510.0 0.0759
511.0 0.1338
512.0 0.1918
513.0 0.2497
514.0 0.3077
515.0 0.3657
516.0 0.4356
517.0 0.5055
518.0 0.5755
519.0 0.6454
520.0 0.7154
521.0 0.7254
522.0 0.7355
523.0 0.7455
524.0 0.7555
525.0 0.7656
526.0 0.7703
527.0 0.7751
528.0 0.7798
529.0 0.7846
530.0 0.7893
531.0 0.792
532.0 0.7946
533.0 0.7972
534.0 0.7998
535.0 0.8024
536.0 0.81
537.0 0.8175
538.0 0.825
539.0 0.8326
540.0 0.8401
541.0 0.8459
542.0 0.8517
543.0 0.8576
544.0 0.8634
545.0 0.8692
546.0 0.8794
547.0 0.8896
548.0 0.8998
549.0 0.91
550.0 0.9202
551.0 0.9257
552.0 0.9311
553.0 0.9366
554.0 0.9421
555.0 0.9476
556.0 0.9574
557.0 0.9673
558.0 0.9771
559.0 0.987
560.0 0.9968
561.0 0.9974
562.0 0.9981
563.0 0.9987
564.0 0.9994
565.0 1.0
566.0 0.9967
567.0 0.9933
568.0 0.99
569.0 0.9866
570.0 0.9833
571.0 0.9843
572.0 0.9852
573.0 0.9862
574.0 0.9872
575.0 0.9881
576.0 0.9891
577.0 0.99
578.0 0.991
579.0 0.9919
580.0 0.9929
581.0 0.9903
582.0 0.9876
583.0 0.985
584.0 0.9824
585.0 0.9798
586.0 0.8908
587.0 0.8018
588.0 0.7128
589.0 0.6238
590.0 0.5348
591.0 0.4473
592.0 0.3599
593.0 0.2725
594.0 0.1851
595.0 0.0976
596.0 0.0849
597.0 0.0722
598.0 0.0594
599.0 0.0467
600.0 0.0339
601.0 0.0292
602.0 0.0244
# -------------------
# HJ2A_CCD3 Band B3
# -------------------
616.0 0.029
617.0 0.0425
618.0 0.056
619.0 0.0696
620.0 0.0831
621.0 0.138
622.0 0.1929
623.0 0.2478
624.0 0.3027
625.0 0.3577
626.0 0.4446
627.0 0.5315
628.0 0.6185
629.0 0.7054
630.0 0.7924
631.0 0.8136
632.0 0.8349
633.0 0.8561
634.0 0.8774
635.0 0.8987
636.0 0.9013
637.0 0.904
638.0 0.9066
639.0 0.9093
640.0 0.9119
641.0 0.9174
642.0 0.9229
643.0 0.9284
644.0 0.9338
645.0 0.9393
646.0 0.9413
647.0 0.9434
648.0 0.9454
649.0 0.9474
650.0 0.9494
651.0 0.9528
652.0 0.9562
653.0 0.9596
654.0 0.963
655.0 0.9663
656.0 0.9704
657.0 0.9744
658.0 0.9785
659.0 0.9826
660.0 0.9866
661.0 0.9871
662.0 0.9876
663.0 0.9882
664.0 0.9887
665.0 0.9892
666.0 0.9899
667.0 0.9905
668.0 0.9912
669.0 0.9919
670.0 0.9926
671.0 0.9935
672.0 0.9944
673.0 0.9954
674.0 0.9963
675.0 0.9973
676.0 0.9978
677.0 0.9984
678.0 0.9989
679.0 0.9995
680.0 1.0
681.0 0.9965
682.0 0.993
683.0 0.9896
684.0 0.9861
685.0 0.9826
686.0 0.9637
687.0 0.9448
688.0 0.9259
689.0 0.907
690.0 0.8881
691.0 0.8757
692.0 0.8633
693.0 0.851
694.0 0.8386
695.0 0.8263
696.0 0.7041
697.0 0.5819
698.0 0.4598
699.0 0.3376
700.0 0.2154
701.0 0.1727
702.0 0.13
703.0 0.0873
704.0 0.0446
# -------------------
# HJ2A_CCD3 Band B4
# -------------------
757.0 0.0238
758.0 0.0304
759.0 0.0369
760.0 0.0435
761.0 0.0697
762.0 0.0959
763.0 0.1221
764.0 0.1483
765.0 0.1745
766.0 0.2439
767.0 0.3133
768.0 0.3827
769.0 0.4522
770.0 0.5216
771.0 0.5925
772.0 0.6634
773.0 0.7343
774.0 0.8052
775.0 0.876
776.0 0.8908
777.0 0.9055
778.0 0.9202
779.0 0.935
780.0 0.9497
781.0 0.9515
782.0 0.9533
783.0 0.955
784.0 0.9568
785.0 0.9586
786.0 0.9601
787.0 0.9616
788.0 0.9631
789.0 0.9645
790.0 0.966
791.0 0.9688
792.0 0.9717
793.0 0.9745
794.0 0.9773
795.0 0.9801
796.0 0.9831
797.0 0.9861
798.0 0.9891
799.0 0.9921
800.0 0.995
801.0 0.996
802.0 0.997
803.0 0.998
804.0 0.999
805.0 1.0
806.0 0.9975
807.0 0.9951
808.0 0.9926
809.0 0.9901
810.0 0.9877
811.0 0.9831
812.0 0.9785
813.0 0.974
814.0 0.9694
815.0 0.9649
816.0 0.9619
817.0 0.9589
818.0 0.9559
819.0 0.953
820.0 0.95
821.0 0.9475
822.0 0.945
823.0 0.9425
824.0 0.94
825.0 0.9375
826.0 0.9337
827.0 0.9298
828.0 0.9259
829.0 0.9221
830.0 0.9182
831.0 0.9116
832.0 0.905
833.0 0.8984
834.0 0.8919
835.0 0.8853
836.0 0.8786
837.0 0.8719
838.0 0.8652
839.0 0.8585
840.0 0.8518
841.0 0.847
842.0 0.8422
843.0 0.8374
844.0 0.8326
845.0 0.8278
846.0 0.8254
847.0 0.823
848.0 0.8206
849.0 0.8183
850.0 0.8159
851.0 0.813
852.0 0.8101
853.0 0.8072
854.0 0.8043
855.0 0.8015
856.0 0.7973
857.0 0.7931
858.0 0.7889
859.0 0.7847
860.0 0.7806
861.0 0.7752
862.0 0.7698
863.0 0.7645
864.0 0.7591
865.0 0.7538
866.0 0.7499
867.0 0.7459
868.0 0.742
869.0 0.7381
870.0 0.7342
871.0 0.7321
872.0 0.7301
873.0 0.7281
874.0 0.726
875.0 0.724
876.0 0.7214
877.0 0.7187
878.0 0.7161
879.0 0.7135
880.0 0.7109
881.0 0.6813
882.0 0.6517
883.0 0.6222
884.0 0.5926
885.0 0.563
886.0 0.4949
887.0 0.4267
888.0 0.3585
889.0 0.2904
890.0 0.2222
891.0 0.1883
892.0 0.1545
893.0 0.1206
894.0 0.0867
895.0 0.0528
896.0 0.0448
897.0 0.0368
898.0 0.0288
899.0 0.0208
# -------------------
# HJ2A_CCD3 Band B5
# -------------------
691.0 0.0277
692.0 0.0492
693.0 0.0706
694.0 0.092
695.0 0.1135
696.0 0.2289
697.0 0.3444
698.0 0.4599
699.0 0.5754
700.0 0.6909
701.0 0.7518
702.0 0.8126
703.0 0.8735
704.0 0.9343
705.0 0.9952
706.0 0.9961
707.0 0.9971
708.0 0.9981
709.0 0.999
710.0 1.0
711.0 0.9937
712.0 0.9875
713.0 0.9812
714.0 0.9749
715.0 0.9686
716.0 0.9703
717.0 0.972
718.0 0.9737
719.0 0.9754
720.0 0.9771
721.0 0.9766
722.0 0.9762
723.0 0.9757
724.0 0.9753
725.0 0.9748
726.0 0.9735
727.0 0.9722
728.0 0.9709
729.0 0.9696
730.0 0.9683
731.0 0.9659
732.0 0.9636
733.0 0.9612
734.0 0.9589
735.0 0.9565
736.0 0.9321
737.0 0.9076
738.0 0.8832
739.0 0.8587
740.0 0.8342
741.0 0.7142
742.0 0.5941
743.0 0.4741
744.0 0.354
745.0 0.2339
746.0 0.192
747.0 0.15
748.0 0.108
749.0 0.066
750.0 0.024
# -------------------
