# HJ2A_CCD4 RSR
# QV 2025-07-29 from HJ-2A-CCD.xlsx
# filtered to response > 0.02
# HJ2A_CCD4 Band B1
# -------------------
440.0 0.0212
441.0 0.0513
442.0 0.0814
443.0 0.1114
444.0 0.1415
445.0 0.1716
446.0 0.2465
447.0 0.3214
448.0 0.3963
449.0 0.4713
450.0 0.5462
451.0 0.5762
452.0 0.6062
453.0 0.6362
454.0 0.6662
455.0 0.6961
456.0 0.7128
457.0 0.7294
458.0 0.746
459.0 0.7626
460.0 0.7793
461.0 0.7831
462.0 0.7869
463.0 0.7908
464.0 0.7946
465.0 0.7984
466.0 0.7903
467.0 0.7822
468.0 0.7741
469.0 0.766
470.0 0.7579
471.0 0.7644
472.0 0.7709
473.0 0.7773
474.0 0.7838
475.0 0.7903
476.0 0.7996
477.0 0.8089
478.0 0.8182
479.0 0.8275
480.0 0.8368
481.0 0.852
482.0 0.8672
483.0 0.8823
484.0 0.8975
485.0 0.9127
486.0 0.9173
487.0 0.9219
488.0 0.9266
489.0 0.9312
490.0 0.9358
491.0 0.9451
492.0 0.9544
493.0 0.9637
494.0 0.973
495.0 0.9823
496.0 0.9859
497.0 0.9894
498.0 0.9929
499.0 0.9965
500.0 1.0
501.0 0.9987
502.0 0.9974
503.0 0.9961
504.0 0.9948
505.0 0.9935
506.0 0.9887
507.0 0.9838
508.0 0.979
509.0 0.9741
510.0 0.9693
511.0 0.9381
512.0 0.907
513.0 0.8758
514.0 0.8447
515.0 0.8136
516.0 0.7024
517.0 0.5913
518.0 0.4801
519.0 0.369
520.0 0.2579
521.0 0.2106
522.0 0.1633
523.0 0.1161
524.0 0.0688
525.0 0.0216
# -------------------
# HJ2A_CCD4 Band B2
# -------------------
509.0 0.0201
510.0 0.024
511.0 0.0504
512.0 0.0768
513.0 0.1032
514.0 0.1296
515.0 0.156
516.0 0.2413
517.0 0.3266
518.0 0.412
519.0 0.4973
520.0 0.5826
521.0 0.6231
522.0 0.6636
523.0 0.704
524.0 0.7445
525.0 0.785
526.0 0.79
527.0 0.7951
528.0 0.8001
529.0 0.8052
530.0 0.8102
531.0 0.8143
532.0 0.8184
533.0 0.8225
534.0 0.8266
535.0 0.8307
536.0 0.8386
537.0 0.8466
538.0 0.8546
539.0 0.8625
540.0 0.8705
541.0 0.876
542.0 0.8815
543.0 0.887
544.0 0.8925
545.0 0.898
546.0 0.9066
547.0 0.9153
548.0 0.924
549.0 0.9327
550.0 0.9414
551.0 0.9428
552.0 0.9442
553.0 0.9456
554.0 0.947
555.0 0.9484
556.0 0.9587
557.0 0.969
558.0 0.9794
559.0 0.9897
560.0 1.0
561.0 0.9971
562.0 0.9943
563.0 0.9914
564.0 0.9885
565.0 0.9857
566.0 0.9841
567.0 0.9826
568.0 0.9811
569.0 0.9795
570.0 0.978
571.0 0.9791
572.0 0.9802
573.0 0.9813
574.0 0.9824
575.0 0.9835
576.0 0.9804
577.0 0.9774
578.0 0.9744
579.0 0.9714
580.0 0.9683
581.0 0.9575
582.0 0.9467
583.0 0.9358
584.0 0.925
585.0 0.9142
586.0 0.7907
587.0 0.6671
588.0 0.5436
589.0 0.42
590.0 0.2965
591.0 0.2467
592.0 0.197
593.0 0.1472
594.0 0.0975
595.0 0.0477
596.0 0.042
597.0 0.0363
598.0 0.0306
599.0 0.0249
# -------------------
# HJ2A_CCD4 Band B3
# -------------------
611.0 0.0271
612.0 0.0399
613.0 0.0526
614.0 0.0654
615.0 0.0782
616.0 0.1227
617.0 0.1672
618.0 0.2118
619.0 0.2563
620.0 0.3009
621.0 0.3777
622.0 0.4545
623.0 0.5313
624.0 0.6082
625.0 0.685
626.0 0.725
627.0 0.765
628.0 0.805
629.0 0.845
630.0 0.885
631.0 0.8858
632.0 0.8867
633.0 0.8875
634.0 0.8884
635.0 0.8892
636.0 0.8959
637.0 0.9025
638.0 0.9092
639.0 0.9158
640.0 0.9225
641.0 0.9264
642.0 0.9304
643.0 0.9343
644.0 0.9383
645.0 0.9422
646.0 0.9424
647.0 0.9426
648.0 0.9428
649.0 0.943
650.0 0.9431
651.0 0.9481
652.0 0.953
653.0 0.958
654.0 0.963
655.0 0.9679
656.0 0.9729
657.0 0.978
658.0 0.983
659.0 0.988
660.0 0.993
661.0 0.9921
662.0 0.9911
663.0 0.9901
664.0 0.9892
665.0 0.9882
666.0 0.9851
667.0 0.982
668.0 0.979
669.0 0.9759
670.0 0.9728
671.0 0.9754
672.0 0.9779
673.0 0.9805
674.0 0.9831
675.0 0.9856
676.0 0.9885
677.0 0.9914
678.0 0.9943
679.0 0.9971
680.0 1.0
681.0 0.9991
682.0 0.9982
683.0 0.9972
684.0 0.9963
685.0 0.9954
686.0 0.9793
687.0 0.9633
688.0 0.9472
689.0 0.9311
690.0 0.915
691.0 0.8887
692.0 0.8625
693.0 0.8362
694.0 0.8099
695.0 0.7836
696.0 0.6978
697.0 0.6121
698.0 0.5263
699.0 0.4406
700.0 0.3548
701.0 0.2847
702.0 0.2146
703.0 0.1445
704.0 0.0744
# -------------------
# HJ2A_CCD4 Band B4
# -------------------
756.0 0.0246
757.0 0.0338
758.0 0.043
759.0 0.0523
760.0 0.0615
761.0 0.09
762.0 0.1185
763.0 0.147
764.0 0.1755
765.0 0.204
766.0 0.2689
767.0 0.3337
768.0 0.3986
769.0 0.4635
770.0 0.5284
771.0 0.5993
772.0 0.6703
773.0 0.7412
774.0 0.8122
775.0 0.8831
776.0 0.9026
777.0 0.9221
778.0 0.9416
779.0 0.9611
780.0 0.9806
781.0 0.9843
782.0 0.988
783.0 0.9917
784.0 0.9954
785.0 0.9991
786.0 0.9993
787.0 0.9995
788.0 0.9996
789.0 0.9998
790.0 1.0
791.0 0.9996
792.0 0.9993
793.0 0.9989
794.0 0.9985
795.0 0.9981
796.0 0.9985
797.0 0.9989
798.0 0.9993
799.0 0.9996
800.0 1.0
801.0 0.9984
802.0 0.9967
803.0 0.9951
804.0 0.9935
805.0 0.9919
806.0 0.988
807.0 0.984
808.0 0.9801
809.0 0.9762
810.0 0.9723
811.0 0.965
812.0 0.9577
813.0 0.9504
814.0 0.9432
815.0 0.9359
816.0 0.9317
817.0 0.9274
818.0 0.9232
819.0 0.919
820.0 0.9148
821.0 0.9116
822.0 0.9083
823.0 0.9051
824.0 0.9019
825.0 0.8987
826.0 0.8926
827.0 0.8865
828.0 0.8804
829.0 0.8743
830.0 0.8682
831.0 0.8599
832.0 0.8516
833.0 0.8433
834.0 0.8351
835.0 0.8268
836.0 0.8186
837.0 0.8104
838.0 0.8022
839.0 0.794
840.0 0.7858
841.0 0.7811
842.0 0.7764
843.0 0.7717
844.0 0.767
845.0 0.7622
846.0 0.7602
847.0 0.7581
848.0 0.756
849.0 0.754
850.0 0.7519
851.0 0.7476
852.0 0.7433
853.0 0.739
854.0 0.7347
855.0 0.7304
856.0 0.7235
857.0 0.7165
858.0 0.7095
859.0 0.7026
860.0 0.6956
861.0 0.6878
862.0 0.6801
863.0 0.6723
864.0 0.6645
865.0 0.6568
866.0 0.6511
867.0 0.6455
868.0 0.6399
869.0 0.6343
870.0 0.6286
871.0 0.626
872.0 0.6234
873.0 0.6207
874.0 0.6181
875.0 0.6154
876.0 0.6097
877.0 0.6039
878.0 0.5981
879.0 0.5924
880.0 0.5866
881.0 0.5466
882.0 0.5065
883.0 0.4665
884.0 0.4265
885.0 0.3865
886.0 0.3318
887.0 0.2771
888.0 0.2224
889.0 0.1678
890.0 0.1131
891.0 0.0955
892.0 0.0778
893.0 0.0602
894.0 0.0426
895.0 0.025
896.0 0.0212
# -------------------
# HJ2A_CCD4 Band B5
# -------------------
693.0 0.0255
694.0 0.0331
695.0 0.0407
696.0 0.1525
697.0 0.2642
698.0 0.376
699.0 0.4878
700.0 0.5995
701.0 0.6746
702.0 0.7497
703.0 0.8248
704.0 0.8998
705.0 0.9749
706.0 0.9799
707.0 0.985
708.0 0.99
709.0 0.995
710.0 1.0
711.0 0.9898
712.0 0.9797
713.0 0.9695
714.0 0.9593
715.0 0.9492
716.0 0.9506
717.0 0.952
718.0 0.9534
719.0 0.9548
720.0 0.9562
721.0 0.9566
722.0 0.957
723.0 0.9574
724.0 0.9578
725.0 0.9581
726.0 0.9555
727.0 0.9528
728.0 0.9501
729.0 0.9474
730.0 0.9447
731.0 0.9451
732.0 0.9455
733.0 0.9459
734.0 0.9464
735.0 0.9468
736.0 0.9204
737.0 0.8941
738.0 0.8678
739.0 0.8415
740.0 0.8152
741.0 0.6827
742.0 0.5501
743.0 0.4176
744.0 0.285
745.0 0.1525
746.0 0.1246
747.0 0.0968
748.0 0.069
749.0 0.0411
# -------------------
