# HJ2A_CCD2 RSR
# QV 2025-07-29 from HJ-2A-CCD.xlsx
# filtered to response > 0.02
# HJ2A_CCD2 Band B1
# -------------------
441.0 0.0349
442.0 0.0563
443.0 0.0778
444.0 0.0992
445.0 0.1206
446.0 0.1736
447.0 0.2267
448.0 0.2797
449.0 0.3327
450.0 0.3857
451.0 0.4169
452.0 0.4481
453.0 0.4794
454.0 0.5106
455.0 0.5418
456.0 0.5548
457.0 0.5677
458.0 0.5807
459.0 0.5937
460.0 0.6067
461.0 0.61
462.0 0.6133
463.0 0.6166
464.0 0.6199
465.0 0.6232
466.0 0.6315
467.0 0.6399
468.0 0.6482
469.0 0.6566
470.0 0.665
471.0 0.6797
472.0 0.6944
473.0 0.7091
474.0 0.7238
475.0 0.7385
476.0 0.7526
477.0 0.7667
478.0 0.7808
479.0 0.7948
480.0 0.8089
481.0 0.8173
482.0 0.8258
483.0 0.8342
484.0 0.8426
485.0 0.851
486.0 0.868
487.0 0.8849
488.0 0.9019
489.0 0.9188
490.0 0.9358
491.0 0.9474
492.0 0.9589
493.0 0.9705
494.0 0.9821
495.0 0.9936
496.0 0.9949
497.0 0.9962
498.0 0.9975
499.0 0.9987
500.0 1.0
501.0 0.9987
502.0 0.9973
503.0 0.996
504.0 0.9946
505.0 0.9933
506.0 0.9909
507.0 0.9885
508.0 0.9861
509.0 0.9838
510.0 0.9814
511.0 0.9737
512.0 0.9661
513.0 0.9585
514.0 0.9508
515.0 0.9432
516.0 0.8818
517.0 0.8203
518.0 0.7589
519.0 0.6975
520.0 0.6361
521.0 0.5197
522.0 0.4032
523.0 0.2868
524.0 0.1703
525.0 0.0539
526.0 0.0433
527.0 0.0326
528.0 0.022
# -------------------
# HJ2A_CCD2 Band B2
# -------------------
512.0 0.026
513.0 0.0346
514.0 0.0432
515.0 0.0518
516.0 0.101
517.0 0.1501
518.0 0.1993
519.0 0.2484
520.0 0.2976
521.0 0.3832
522.0 0.4688
523.0 0.5544
524.0 0.64
525.0 0.7257
526.0 0.7396
527.0 0.7536
528.0 0.7675
529.0 0.7815
530.0 0.7954
531.0 0.7978
532.0 0.8002
533.0 0.8026
534.0 0.8049
535.0 0.8073
536.0 0.8137
537.0 0.82
538.0 0.8264
539.0 0.8327
540.0 0.8391
541.0 0.8462
542.0 0.8533
543.0 0.8605
544.0 0.8676
545.0 0.8747
546.0 0.882
547.0 0.8894
548.0 0.8967
549.0 0.904
550.0 0.9114
551.0 0.9152
552.0 0.919
553.0 0.9228
554.0 0.9266
555.0 0.9304
556.0 0.9392
557.0 0.9479
558.0 0.9567
559.0 0.9655
560.0 0.9742
561.0 0.9695
562.0 0.9649
563.0 0.9602
564.0 0.9555
565.0 0.9508
566.0 0.9522
567.0 0.9536
568.0 0.955
569.0 0.9564
570.0 0.9578
571.0 0.9663
572.0 0.9747
573.0 0.9831
574.0 0.9916
575.0 1.0
576.0 0.9993
577.0 0.9986
578.0 0.998
579.0 0.9973
580.0 0.9966
581.0 0.9787
582.0 0.9608
583.0 0.9429
584.0 0.925
585.0 0.9071
586.0 0.7674
587.0 0.6276
588.0 0.4879
589.0 0.3481
590.0 0.2083
591.0 0.1755
592.0 0.1428
593.0 0.11
594.0 0.0772
595.0 0.0444
596.0 0.0391
597.0 0.0338
598.0 0.0285
599.0 0.0232
# -------------------
# HJ2A_CCD2 Band B3
# -------------------
611.0 0.0344
612.0 0.0503
613.0 0.0663
614.0 0.0823
615.0 0.0983
616.0 0.1482
617.0 0.1982
618.0 0.2482
619.0 0.2981
620.0 0.3481
621.0 0.4304
622.0 0.5127
623.0 0.595
624.0 0.6774
625.0 0.7597
626.0 0.7963
627.0 0.8328
628.0 0.8694
629.0 0.906
630.0 0.9426
631.0 0.9424
632.0 0.9422
633.0 0.9421
634.0 0.9419
635.0 0.9417
636.0 0.9454
637.0 0.9491
638.0 0.9528
639.0 0.9564
640.0 0.9601
641.0 0.9624
642.0 0.9646
643.0 0.9668
644.0 0.969
645.0 0.9712
646.0 0.971
647.0 0.9707
648.0 0.9704
649.0 0.9701
650.0 0.9698
651.0 0.9727
652.0 0.9755
653.0 0.9784
654.0 0.9812
655.0 0.9841
656.0 0.9867
657.0 0.9894
658.0 0.9921
659.0 0.9948
660.0 0.9975
661.0 0.9956
662.0 0.9937
663.0 0.9918
664.0 0.9899
665.0 0.9881
666.0 0.9843
667.0 0.9806
668.0 0.9768
669.0 0.9731
670.0 0.9694
671.0 0.9715
672.0 0.9735
673.0 0.9756
674.0 0.9777
675.0 0.9798
676.0 0.9833
677.0 0.9867
678.0 0.9902
679.0 0.9936
680.0 0.9971
681.0 0.9976
682.0 0.9982
683.0 0.9988
684.0 0.9994
685.0 1.0
686.0 0.9842
687.0 0.9684
688.0 0.9525
689.0 0.9367
690.0 0.9209
691.0 0.9012
692.0 0.8814
693.0 0.8617
694.0 0.842
695.0 0.8223
696.0 0.8105
697.0 0.7988
698.0 0.787
699.0 0.7752
700.0 0.7634
701.0 0.6183
702.0 0.4731
703.0 0.3279
704.0 0.1828
705.0 0.0376
706.0 0.0301
707.0 0.0227
# -------------------
# HJ2A_CCD2 Band B4
# -------------------
750.0 0.0203
751.0 0.0334
752.0 0.0464
753.0 0.0595
754.0 0.0726
755.0 0.0856
756.0 0.1216
757.0 0.1577
758.0 0.1937
759.0 0.2297
760.0 0.2657
761.0 0.3363
762.0 0.4068
763.0 0.4774
764.0 0.548
765.0 0.6185
766.0 0.6767
767.0 0.7349
768.0 0.7931
769.0 0.8513
770.0 0.9095
771.0 0.9183
772.0 0.927
773.0 0.9358
774.0 0.9445
775.0 0.9533
776.0 0.957
777.0 0.9607
778.0 0.9644
779.0 0.9681
780.0 0.9718
781.0 0.9744
782.0 0.9771
783.0 0.9797
784.0 0.9823
785.0 0.9849
786.0 0.9863
787.0 0.9877
788.0 0.9891
789.0 0.9905
790.0 0.9919
791.0 0.9936
792.0 0.9952
793.0 0.9968
794.0 0.9984
795.0 1.0
796.0 0.9996
797.0 0.9993
798.0 0.9989
799.0 0.9985
800.0 0.9982
801.0 0.995
802.0 0.9918
803.0 0.9887
804.0 0.9855
805.0 0.9824
806.0 0.9785
807.0 0.9747
808.0 0.9709
809.0 0.967
810.0 0.9632
811.0 0.9617
812.0 0.9602
813.0 0.9587
814.0 0.9572
815.0 0.9557
816.0 0.9581
817.0 0.9606
818.0 0.963
819.0 0.9654
820.0 0.9679
821.0 0.9711
822.0 0.9744
823.0 0.9776
824.0 0.9809
825.0 0.9842
826.0 0.9832
827.0 0.9822
828.0 0.9812
829.0 0.9802
830.0 0.9792
831.0 0.9724
832.0 0.9656
833.0 0.9588
834.0 0.952
835.0 0.9452
836.0 0.9385
837.0 0.9319
838.0 0.9252
839.0 0.9186
840.0 0.912
841.0 0.9069
842.0 0.9018
843.0 0.8968
844.0 0.8917
845.0 0.8866
846.0 0.8835
847.0 0.8803
848.0 0.8771
849.0 0.8739
850.0 0.8707
851.0 0.8661
852.0 0.8614
853.0 0.8568
854.0 0.8522
855.0 0.8475
856.0 0.8408
857.0 0.834
858.0 0.8272
859.0 0.8205
860.0 0.8137
861.0 0.8072
862.0 0.8007
863.0 0.7943
864.0 0.7878
865.0 0.7813
866.0 0.7755
867.0 0.7697
868.0 0.764
869.0 0.7582
870.0 0.7524
871.0 0.748
872.0 0.7436
873.0 0.7393
874.0 0.7349
875.0 0.7305
876.0 0.7158
877.0 0.7011
878.0 0.6864
879.0 0.6717
880.0 0.6571
881.0 0.5933
882.0 0.5296
883.0 0.4659
884.0 0.4022
885.0 0.3385
886.0 0.2874
887.0 0.2363
888.0 0.1853
889.0 0.1342
890.0 0.0831
891.0 0.0701
892.0 0.057
893.0 0.044
894.0 0.031
# -------------------
# HJ2A_CCD2 Band B5
# -------------------
697.0 0.0317
698.0 0.0449
699.0 0.0582
700.0 0.0714
701.0 0.2116
702.0 0.3517
703.0 0.4919
704.0 0.632
705.0 0.7722
706.0 0.8177
707.0 0.8633
708.0 0.9089
709.0 0.9544
710.0 1.0
711.0 0.9946
712.0 0.9892
713.0 0.9837
714.0 0.9783
715.0 0.9729
716.0 0.9696
717.0 0.9663
718.0 0.9631
719.0 0.9598
720.0 0.9565
721.0 0.9606
722.0 0.9647
723.0 0.9688
724.0 0.9729
725.0 0.977
726.0 0.9755
727.0 0.9741
728.0 0.9727
729.0 0.9712
730.0 0.9698
731.0 0.9627
732.0 0.9556
733.0 0.9485
734.0 0.9413
735.0 0.9342
736.0 0.8065
737.0 0.6787
738.0 0.551
739.0 0.4232
740.0 0.2954
741.0 0.2419
742.0 0.1883
743.0 0.1347
744.0 0.0811
745.0 0.0276
746.0 0.0227
# -------------------
