# HJ2B_CCD1 RSR
# QV 2025-07-29 from HJ-2B-CCD.xlsx
# filtered to response > 0.02
# HJ2B_CCD1 Band B1
# -------------------
437.0 0.0272
438.0 0.0376
439.0 0.0479
440.0 0.0583
441.0 0.1097
442.0 0.1611
443.0 0.2125
444.0 0.2639
445.0 0.3154
446.0 0.3654
447.0 0.4154
448.0 0.4654
449.0 0.5154
450.0 0.5654
451.0 0.5882
452.0 0.611
453.0 0.6337
454.0 0.6565
455.0 0.6793
456.0 0.6905
457.0 0.7017
458.0 0.7129
459.0 0.7241
460.0 0.7354
461.0 0.7353
462.0 0.7353
463.0 0.7352
464.0 0.7352
465.0 0.7351
466.0 0.7338
467.0 0.7325
468.0 0.7311
469.0 0.7298
470.0 0.7285
471.0 0.7413
472.0 0.7541
473.0 0.7669
474.0 0.7797
475.0 0.7925
476.0 0.8011
477.0 0.8098
478.0 0.8185
479.0 0.8272
480.0 0.8358
481.0 0.8491
482.0 0.8624
483.0 0.8757
484.0 0.889
485.0 0.9023
486.0 0.9111
487.0 0.92
488.0 0.9289
489.0 0.9377
490.0 0.9466
491.0 0.9513
492.0 0.956
493.0 0.9607
494.0 0.9654
495.0 0.9701
496.0 0.9735
497.0 0.9768
498.0 0.9802
499.0 0.9835
500.0 0.9869
501.0 0.9895
502.0 0.9921
503.0 0.9948
504.0 0.9974
505.0 1.0
506.0 0.9896
507.0 0.9791
508.0 0.9687
509.0 0.9583
510.0 0.9478
511.0 0.8793
512.0 0.8107
513.0 0.7422
514.0 0.6736
515.0 0.6051
516.0 0.5067
517.0 0.4083
518.0 0.3099
519.0 0.2115
520.0 0.1131
521.0 0.0926
522.0 0.0722
523.0 0.0518
524.0 0.0314
# -------------------
# HJ2B_CCD1 Band B2
# -------------------
507.0 0.0242
508.0 0.0326
509.0 0.041
510.0 0.0494
511.0 0.097
512.0 0.1446
513.0 0.1922
514.0 0.2399
515.0 0.2875
516.0 0.3591
517.0 0.4308
518.0 0.5024
519.0 0.574
520.0 0.6457
521.0 0.6593
522.0 0.6729
523.0 0.6866
524.0 0.7002
525.0 0.7138
526.0 0.716
527.0 0.7183
528.0 0.7205
529.0 0.7227
530.0 0.7249
531.0 0.7315
532.0 0.7381
533.0 0.7447
534.0 0.7513
535.0 0.7579
536.0 0.7626
537.0 0.7672
538.0 0.7719
539.0 0.7765
540.0 0.7812
541.0 0.7867
542.0 0.7923
543.0 0.7979
544.0 0.8035
545.0 0.8091
546.0 0.8169
547.0 0.8247
548.0 0.8324
549.0 0.8402
550.0 0.848
551.0 0.8561
552.0 0.8641
553.0 0.8722
554.0 0.8803
555.0 0.8883
556.0 0.8942
557.0 0.9001
558.0 0.906
559.0 0.9119
560.0 0.9178
561.0 0.9244
562.0 0.931
563.0 0.9376
564.0 0.9443
565.0 0.9509
566.0 0.9607
567.0 0.9705
568.0 0.9804
569.0 0.9902
570.0 1.0
571.0 0.9927
572.0 0.9854
573.0 0.9781
574.0 0.9708
575.0 0.9635
576.0 0.9657
577.0 0.968
578.0 0.9702
579.0 0.9725
580.0 0.9747
581.0 0.9725
582.0 0.9704
583.0 0.9682
584.0 0.966
585.0 0.9638
586.0 0.9463
587.0 0.9287
588.0 0.9112
589.0 0.8936
590.0 0.8761
591.0 0.765
592.0 0.654
593.0 0.5429
594.0 0.4318
595.0 0.3208
596.0 0.267
597.0 0.2132
598.0 0.1594
599.0 0.1056
600.0 0.0517
601.0 0.0452
602.0 0.0387
603.0 0.0322
604.0 0.0257
# -------------------
# HJ2B_CCD1 Band B3
# -------------------
611.0 0.0349
612.0 0.0501
613.0 0.0654
614.0 0.0806
615.0 0.0958
616.0 0.1356
617.0 0.1755
618.0 0.2153
619.0 0.2551
620.0 0.2949
621.0 0.3607
622.0 0.4265
623.0 0.4923
624.0 0.5581
625.0 0.6238
626.0 0.6681
627.0 0.7124
628.0 0.7566
629.0 0.8009
630.0 0.8451
631.0 0.8526
632.0 0.8601
633.0 0.8676
634.0 0.8751
635.0 0.8826
636.0 0.887
637.0 0.8913
638.0 0.8957
639.0 0.9001
640.0 0.9044
641.0 0.9098
642.0 0.9152
643.0 0.9206
644.0 0.926
645.0 0.9314
646.0 0.9343
647.0 0.9371
648.0 0.94
649.0 0.9428
650.0 0.9457
651.0 0.95
652.0 0.9543
653.0 0.9587
654.0 0.963
655.0 0.9673
656.0 0.9709
657.0 0.9745
658.0 0.978
659.0 0.9816
660.0 0.9851
661.0 0.987
662.0 0.9888
663.0 0.9907
664.0 0.9925
665.0 0.9944
666.0 0.9955
667.0 0.9966
668.0 0.9978
669.0 0.9989
670.0 1.0
671.0 0.9979
672.0 0.9959
673.0 0.9938
674.0 0.9917
675.0 0.9896
676.0 0.987
677.0 0.9845
678.0 0.9819
679.0 0.9793
680.0 0.9767
681.0 0.9756
682.0 0.9745
683.0 0.9734
684.0 0.9724
685.0 0.9713
686.0 0.9454
687.0 0.9196
688.0 0.8938
689.0 0.8679
690.0 0.8421
691.0 0.8494
692.0 0.8567
693.0 0.864
694.0 0.8713
695.0 0.8786
696.0 0.7778
697.0 0.677
698.0 0.5761
699.0 0.4753
700.0 0.3745
701.0 0.3019
702.0 0.2292
703.0 0.1566
704.0 0.0839
# -------------------
# HJ2B_CCD1 Band B4
# -------------------
749.0 0.0219
750.0 0.0256
751.0 0.0396
752.0 0.0537
753.0 0.0677
754.0 0.0818
755.0 0.0959
756.0 0.1277
757.0 0.1596
758.0 0.1914
759.0 0.2233
760.0 0.2551
761.0 0.3129
762.0 0.3706
763.0 0.4284
764.0 0.4861
765.0 0.5439
766.0 0.5994
767.0 0.655
768.0 0.7106
769.0 0.7661
770.0 0.8217
771.0 0.8416
772.0 0.8616
773.0 0.8816
774.0 0.9015
775.0 0.9215
776.0 0.9291
777.0 0.9367
778.0 0.9444
779.0 0.952
780.0 0.9596
781.0 0.963
782.0 0.9663
783.0 0.9696
784.0 0.973
785.0 0.9763
786.0 0.9762
787.0 0.976
788.0 0.9758
789.0 0.9757
790.0 0.9755
791.0 0.9757
792.0 0.976
793.0 0.9762
794.0 0.9764
795.0 0.9767
796.0 0.9793
797.0 0.9819
798.0 0.9845
799.0 0.9871
800.0 0.9897
801.0 0.991
802.0 0.9923
803.0 0.9935
804.0 0.9948
805.0 0.9961
806.0 0.9969
807.0 0.9977
808.0 0.9984
809.0 0.9992
810.0 1.0
811.0 0.9966
812.0 0.9933
813.0 0.9899
814.0 0.9866
815.0 0.9832
816.0 0.9796
817.0 0.976
818.0 0.9724
819.0 0.9688
820.0 0.9651
821.0 0.9629
822.0 0.9606
823.0 0.9584
824.0 0.9562
825.0 0.9539
826.0 0.9541
827.0 0.9542
828.0 0.9544
829.0 0.9546
830.0 0.9547
831.0 0.9558
832.0 0.9568
833.0 0.9579
834.0 0.9589
835.0 0.96
836.0 0.9564
837.0 0.9528
838.0 0.9493
839.0 0.9457
840.0 0.9421
841.0 0.9331
842.0 0.9241
843.0 0.915
844.0 0.906
845.0 0.897
846.0 0.8847
847.0 0.8724
848.0 0.8601
849.0 0.8478
850.0 0.8355
851.0 0.8271
852.0 0.8187
853.0 0.8104
854.0 0.802
855.0 0.7936
856.0 0.7904
857.0 0.7872
858.0 0.784
859.0 0.7808
860.0 0.7775
861.0 0.776
862.0 0.7745
863.0 0.773
864.0 0.7715
865.0 0.7699
866.0 0.767
867.0 0.7641
868.0 0.7612
869.0 0.7582
870.0 0.7553
871.0 0.749
872.0 0.7428
873.0 0.7365
874.0 0.7303
875.0 0.724
876.0 0.717
877.0 0.71
878.0 0.7029
879.0 0.6959
880.0 0.6889
881.0 0.6828
882.0 0.6767
883.0 0.6706
884.0 0.6645
885.0 0.6584
886.0 0.6534
887.0 0.6484
888.0 0.6435
889.0 0.6385
890.0 0.6335
891.0 0.6206
892.0 0.6077
893.0 0.5948
894.0 0.5819
895.0 0.5691
896.0 0.523
897.0 0.477
898.0 0.431
899.0 0.385
900.0 0.3389
901.0 0.2914
902.0 0.2439
903.0 0.1963
904.0 0.1488
905.0 0.1013
906.0 0.0855
907.0 0.0698
908.0 0.0541
909.0 0.0383
910.0 0.0226
# -------------------
# HJ2B_CCD1 Band B5
# -------------------
692.0 0.0237
693.0 0.0308
694.0 0.0379
695.0 0.045
696.0 0.0816
697.0 0.1183
698.0 0.1549
699.0 0.1916
700.0 0.2283
701.0 0.3472
702.0 0.4661
703.0 0.585
704.0 0.7039
705.0 0.8229
706.0 0.8583
707.0 0.8937
708.0 0.9291
709.0 0.9646
710.0 1.0
711.0 0.997
712.0 0.9941
713.0 0.9911
714.0 0.9882
715.0 0.9852
716.0 0.9838
717.0 0.9825
718.0 0.9811
719.0 0.9797
720.0 0.9784
721.0 0.9735
722.0 0.9686
723.0 0.9637
724.0 0.9588
725.0 0.9539
726.0 0.9501
727.0 0.9463
728.0 0.9424
729.0 0.9386
730.0 0.9348
731.0 0.9245
732.0 0.9143
733.0 0.904
734.0 0.8937
735.0 0.8835
736.0 0.7758
737.0 0.668
738.0 0.5603
739.0 0.4526
740.0 0.3449
741.0 0.2829
742.0 0.2208
743.0 0.1588
744.0 0.0967
745.0 0.0347
746.0 0.0291
747.0 0.0234
# -------------------
