# HJ2B_CCD3 RSR
# QV 2025-07-29 from HJ-2B-CCD.xlsx
# filtered to response > 0.02
# HJ2B_CCD3 Band B1
# -------------------
434.0 0.0225
435.0 0.0274
436.0 0.0636
437.0 0.0999
438.0 0.1361
439.0 0.1723
440.0 0.2086
441.0 0.2712
442.0 0.3339
443.0 0.3965
444.0 0.4592
445.0 0.5219
446.0 0.5468
447.0 0.5717
448.0 0.5966
449.0 0.6215
450.0 0.6464
451.0 0.6657
452.0 0.685
453.0 0.7043
454.0 0.7236
455.0 0.7429
456.0 0.7536
457.0 0.7644
458.0 0.7752
459.0 0.786
460.0 0.7967
461.0 0.7953
462.0 0.794
463.0 0.7926
464.0 0.7912
465.0 0.7898
466.0 0.784
467.0 0.7782
468.0 0.7723
469.0 0.7665
470.0 0.7607
471.0 0.7747
472.0 0.7887
473.0 0.8026
474.0 0.8166
475.0 0.8306
476.0 0.8391
477.0 0.8476
478.0 0.856
479.0 0.8645
480.0 0.873
481.0 0.8873
482.0 0.9017
483.0 0.916
484.0 0.9304
485.0 0.9447
486.0 0.9523
487.0 0.9599
488.0 0.9675
489.0 0.9751
490.0 0.9827
491.0 0.9851
492.0 0.9876
493.0 0.9901
494.0 0.9925
495.0 0.995
496.0 0.996
497.0 0.997
498.0 0.998
499.0 0.999
500.0 1.0
501.0 0.9999
502.0 0.9998
503.0 0.9996
504.0 0.9995
505.0 0.9994
506.0 0.9944
507.0 0.9894
508.0 0.9843
509.0 0.9793
510.0 0.9743
511.0 0.9231
512.0 0.8718
513.0 0.8206
514.0 0.7693
515.0 0.7181
516.0 0.6138
517.0 0.5095
518.0 0.4052
519.0 0.3008
520.0 0.1965
521.0 0.1599
522.0 0.1233
523.0 0.0867
524.0 0.0501
# -------------------
# HJ2B_CCD3 Band B2
# -------------------
508.0 0.023
509.0 0.0289
510.0 0.0347
511.0 0.0722
512.0 0.1097
513.0 0.1472
514.0 0.1847
515.0 0.2222
516.0 0.3006
517.0 0.3789
518.0 0.4572
519.0 0.5355
520.0 0.6139
521.0 0.6391
522.0 0.6643
523.0 0.6896
524.0 0.7148
525.0 0.7401
526.0 0.7401
527.0 0.7401
528.0 0.7401
529.0 0.7401
530.0 0.7401
531.0 0.7479
532.0 0.7557
533.0 0.7635
534.0 0.7713
535.0 0.7791
536.0 0.7859
537.0 0.7927
538.0 0.7995
539.0 0.8063
540.0 0.8131
541.0 0.8211
542.0 0.8291
543.0 0.8371
544.0 0.8452
545.0 0.8532
546.0 0.8622
547.0 0.8713
548.0 0.8804
549.0 0.8895
550.0 0.8986
551.0 0.9083
552.0 0.9181
553.0 0.9278
554.0 0.9376
555.0 0.9473
556.0 0.9526
557.0 0.9578
558.0 0.9631
559.0 0.9683
560.0 0.9736
561.0 0.9789
562.0 0.9842
563.0 0.9894
564.0 0.9947
565.0 1.0
566.0 0.9983
567.0 0.9965
568.0 0.9948
569.0 0.9931
570.0 0.9913
571.0 0.9915
572.0 0.9916
573.0 0.9918
574.0 0.992
575.0 0.9921
576.0 0.9929
577.0 0.9937
578.0 0.9944
579.0 0.9952
580.0 0.996
581.0 0.9946
582.0 0.9932
583.0 0.9917
584.0 0.9903
585.0 0.9889
586.0 0.9781
587.0 0.9673
588.0 0.9564
589.0 0.9456
590.0 0.9348
591.0 0.8295
592.0 0.7241
593.0 0.6188
594.0 0.5135
595.0 0.4081
596.0 0.3388
597.0 0.2694
598.0 0.2
599.0 0.1306
600.0 0.0613
601.0 0.0531
602.0 0.0449
603.0 0.0368
604.0 0.0286
605.0 0.0205
# -------------------
# HJ2B_CCD3 Band B3
# -------------------
612.0 0.0243
613.0 0.0317
614.0 0.0392
615.0 0.0467
616.0 0.0755
617.0 0.1043
618.0 0.1331
619.0 0.1619
620.0 0.1907
621.0 0.2525
622.0 0.3143
623.0 0.376
624.0 0.4378
625.0 0.4996
626.0 0.5634
627.0 0.6272
628.0 0.6911
629.0 0.7549
630.0 0.8187
631.0 0.8354
632.0 0.8521
633.0 0.8687
634.0 0.8854
635.0 0.9021
636.0 0.9059
637.0 0.9098
638.0 0.9136
639.0 0.9175
640.0 0.9214
641.0 0.9287
642.0 0.936
643.0 0.9433
644.0 0.9506
645.0 0.958
646.0 0.9619
647.0 0.9659
648.0 0.9699
649.0 0.9738
650.0 0.9778
651.0 0.9804
652.0 0.9831
653.0 0.9857
654.0 0.9883
655.0 0.9909
656.0 0.9928
657.0 0.9946
658.0 0.9964
659.0 0.9982
660.0 1.0
661.0 0.9995
662.0 0.9991
663.0 0.9986
664.0 0.9981
665.0 0.9977
666.0 0.9957
667.0 0.9936
668.0 0.9916
669.0 0.9896
670.0 0.9876
671.0 0.9839
672.0 0.9802
673.0 0.9765
674.0 0.9728
675.0 0.9691
676.0 0.9649
677.0 0.9607
678.0 0.9565
679.0 0.9523
680.0 0.9481
681.0 0.9483
682.0 0.9486
683.0 0.9489
684.0 0.9492
685.0 0.9494
686.0 0.9298
687.0 0.9102
688.0 0.8905
689.0 0.8709
690.0 0.8512
691.0 0.8402
692.0 0.8291
693.0 0.818
694.0 0.807
695.0 0.7959
696.0 0.7229
697.0 0.6499
698.0 0.5769
699.0 0.5038
700.0 0.4308
701.0 0.3466
702.0 0.2623
703.0 0.1781
704.0 0.0938
# -------------------
# HJ2B_CCD3 Band B4
# -------------------
756.0 0.026
757.0 0.0353
758.0 0.0446
759.0 0.0539
760.0 0.0632
761.0 0.0886
762.0 0.1141
763.0 0.1395
764.0 0.1649
765.0 0.1904
766.0 0.2432
767.0 0.296
768.0 0.3489
769.0 0.4017
770.0 0.4545
771.0 0.5205
772.0 0.5865
773.0 0.6524
774.0 0.7184
775.0 0.7844
776.0 0.8141
777.0 0.8438
778.0 0.8735
779.0 0.9032
780.0 0.933
781.0 0.9399
782.0 0.9469
783.0 0.9538
784.0 0.9608
785.0 0.9677
786.0 0.9683
787.0 0.9689
788.0 0.9695
789.0 0.9701
790.0 0.9707
791.0 0.9702
792.0 0.9698
793.0 0.9693
794.0 0.9688
795.0 0.9683
796.0 0.9702
797.0 0.9721
798.0 0.9739
799.0 0.9758
800.0 0.9777
801.0 0.9802
802.0 0.9828
803.0 0.9853
804.0 0.9878
805.0 0.9903
806.0 0.9923
807.0 0.9942
808.0 0.9961
809.0 0.9981
810.0 1.0
811.0 0.9971
812.0 0.9941
813.0 0.9912
814.0 0.9883
815.0 0.9853
816.0 0.9797
817.0 0.9741
818.0 0.9685
819.0 0.9628
820.0 0.9572
821.0 0.9506
822.0 0.9441
823.0 0.9375
824.0 0.931
825.0 0.9244
826.0 0.9202
827.0 0.9161
828.0 0.9119
829.0 0.9077
830.0 0.9036
831.0 0.9034
832.0 0.9033
833.0 0.9032
834.0 0.9031
835.0 0.9029
836.0 0.903
837.0 0.903
838.0 0.9031
839.0 0.9031
840.0 0.9032
841.0 0.8982
842.0 0.8933
843.0 0.8883
844.0 0.8833
845.0 0.8784
846.0 0.868
847.0 0.8577
848.0 0.8474
849.0 0.8371
850.0 0.8268
851.0 0.8167
852.0 0.8066
853.0 0.7965
854.0 0.7864
855.0 0.7763
856.0 0.7699
857.0 0.7636
858.0 0.7572
859.0 0.7509
860.0 0.7446
861.0 0.7411
862.0 0.7377
863.0 0.7342
864.0 0.7308
865.0 0.7273
866.0 0.7248
867.0 0.7222
868.0 0.7196
869.0 0.7171
870.0 0.7145
871.0 0.7107
872.0 0.707
873.0 0.7032
874.0 0.6995
875.0 0.6957
876.0 0.6907
877.0 0.6857
878.0 0.6806
879.0 0.6756
880.0 0.6706
881.0 0.6657
882.0 0.6609
883.0 0.656
884.0 0.6511
885.0 0.6463
886.0 0.6428
887.0 0.6393
888.0 0.6358
889.0 0.6323
890.0 0.6288
891.0 0.6226
892.0 0.6164
893.0 0.6102
894.0 0.604
895.0 0.5978
896.0 0.5718
897.0 0.5458
898.0 0.5198
899.0 0.4938
900.0 0.4678
901.0 0.414
902.0 0.3603
903.0 0.3065
904.0 0.2527
905.0 0.1989
906.0 0.1688
907.0 0.1387
908.0 0.1086
909.0 0.0784
910.0 0.0483
911.0 0.0409
912.0 0.0334
913.0 0.026
# -------------------
# HJ2B_CCD3 Band B5
# -------------------
692.0 0.0216
693.0 0.0294
694.0 0.0372
695.0 0.0449
696.0 0.1243
697.0 0.2036
698.0 0.283
699.0 0.3623
700.0 0.4416
701.0 0.5436
702.0 0.6455
703.0 0.7475
704.0 0.8494
705.0 0.9513
706.0 0.9611
707.0 0.9708
708.0 0.9805
709.0 0.9903
710.0 1.0
711.0 0.9937
712.0 0.9874
713.0 0.981
714.0 0.9747
715.0 0.9684
716.0 0.964
717.0 0.9597
718.0 0.9553
719.0 0.9509
720.0 0.9466
721.0 0.9467
722.0 0.9469
723.0 0.947
724.0 0.9472
725.0 0.9473
726.0 0.9531
727.0 0.9589
728.0 0.9646
729.0 0.9704
730.0 0.9762
731.0 0.9798
732.0 0.9834
733.0 0.987
734.0 0.9906
735.0 0.9942
736.0 0.936
737.0 0.8778
738.0 0.8196
739.0 0.7614
740.0 0.7032
741.0 0.5902
742.0 0.4771
743.0 0.3641
744.0 0.251
745.0 0.138
746.0 0.1131
747.0 0.0882
748.0 0.0633
749.0 0.0384
# -------------------
