# HJ2B_CCD2 RSR
# QV 2025-07-29 from HJ-2B-CCD.xlsx
# filtered to response > 0.02
# HJ2B_CCD2 Band B1
# -------------------
436.0 0.0297
437.0 0.0483
438.0 0.067
439.0 0.0856
440.0 0.1042
441.0 0.1819
442.0 0.2595
443.0 0.3371
444.0 0.4148
445.0 0.4924
446.0 0.5277
447.0 0.563
448.0 0.5983
449.0 0.6335
450.0 0.6688
451.0 0.6883
452.0 0.7077
453.0 0.7272
454.0 0.7467
455.0 0.7661
456.0 0.7751
457.0 0.784
458.0 0.7929
459.0 0.8019
460.0 0.8108
461.0 0.8134
462.0 0.816
463.0 0.8186
464.0 0.8212
465.0 0.8238
466.0 0.8122
467.0 0.8006
468.0 0.789
469.0 0.7774
470.0 0.7657
471.0 0.7863
472.0 0.8068
473.0 0.8274
474.0 0.8479
475.0 0.8684
476.0 0.873
477.0 0.8775
478.0 0.882
479.0 0.8866
480.0 0.8911
481.0 0.9068
482.0 0.9224
483.0 0.9381
484.0 0.9538
485.0 0.9694
486.0 0.9722
487.0 0.9751
488.0 0.9779
489.0 0.9807
490.0 0.9835
491.0 0.9868
492.0 0.9901
493.0 0.9934
494.0 0.9967
495.0 1.0
496.0 0.9989
497.0 0.9978
498.0 0.9967
499.0 0.9956
500.0 0.9945
501.0 0.9939
502.0 0.9933
503.0 0.9928
504.0 0.9922
505.0 0.9916
506.0 0.9866
507.0 0.9815
508.0 0.9764
509.0 0.9713
510.0 0.9662
511.0 0.905
512.0 0.8438
513.0 0.7826
514.0 0.7214
515.0 0.6602
516.0 0.5427
517.0 0.4252
518.0 0.3077
519.0 0.1902
520.0 0.0727
521.0 0.063
522.0 0.0533
523.0 0.0436
524.0 0.0339
525.0 0.0242
# -------------------
# HJ2B_CCD2 Band B2
# -------------------
507.0 0.0205
508.0 0.0273
509.0 0.0342
510.0 0.0411
511.0 0.0858
512.0 0.1304
513.0 0.1751
514.0 0.2198
515.0 0.2645
516.0 0.3564
517.0 0.4483
518.0 0.5403
519.0 0.6322
520.0 0.7241
521.0 0.7281
522.0 0.7321
523.0 0.7361
524.0 0.7401
525.0 0.7441
526.0 0.7484
527.0 0.7527
528.0 0.757
529.0 0.7613
530.0 0.7656
531.0 0.7728
532.0 0.7801
533.0 0.7873
534.0 0.7946
535.0 0.8019
536.0 0.8089
537.0 0.8159
538.0 0.8229
539.0 0.8299
540.0 0.8369
541.0 0.8445
542.0 0.8521
543.0 0.8596
544.0 0.8672
545.0 0.8748
546.0 0.887
547.0 0.8991
548.0 0.9112
549.0 0.9233
550.0 0.9355
551.0 0.9416
552.0 0.9477
553.0 0.9539
554.0 0.96
555.0 0.9661
556.0 0.9705
557.0 0.9749
558.0 0.9793
559.0 0.9837
560.0 0.988
561.0 0.9904
562.0 0.9928
563.0 0.9952
564.0 0.9976
565.0 1.0
566.0 0.9935
567.0 0.987
568.0 0.9804
569.0 0.9739
570.0 0.9674
571.0 0.9691
572.0 0.9708
573.0 0.9725
574.0 0.9742
575.0 0.9759
576.0 0.9798
577.0 0.9837
578.0 0.9876
579.0 0.9915
580.0 0.9954
581.0 0.9933
582.0 0.9913
583.0 0.9892
584.0 0.9871
585.0 0.9851
586.0 0.9659
587.0 0.9468
588.0 0.9276
589.0 0.9085
590.0 0.8893
591.0 0.7422
592.0 0.5951
593.0 0.448
594.0 0.3008
595.0 0.1537
596.0 0.13
597.0 0.1062
598.0 0.0825
599.0 0.0587
600.0 0.035
601.0 0.0312
602.0 0.0274
603.0 0.0237
# -------------------
# HJ2B_CCD2 Band B3
# -------------------
614.0 0.0229
615.0 0.0273
616.0 0.0486
617.0 0.07
618.0 0.0913
619.0 0.1127
620.0 0.134
621.0 0.1857
622.0 0.2374
623.0 0.2891
624.0 0.3407
625.0 0.3924
626.0 0.4632
627.0 0.534
628.0 0.6048
629.0 0.6757
630.0 0.7465
631.0 0.7641
632.0 0.7817
633.0 0.7993
634.0 0.8169
635.0 0.8346
636.0 0.8385
637.0 0.8424
638.0 0.8463
639.0 0.8502
640.0 0.8541
641.0 0.8597
642.0 0.8653
643.0 0.8709
644.0 0.8766
645.0 0.8822
646.0 0.8934
647.0 0.9046
648.0 0.9159
649.0 0.9271
650.0 0.9383
651.0 0.9417
652.0 0.9451
653.0 0.9485
654.0 0.9519
655.0 0.9553
656.0 0.9607
657.0 0.9662
658.0 0.9717
659.0 0.9772
660.0 0.9827
661.0 0.9841
662.0 0.9855
663.0 0.9869
664.0 0.9883
665.0 0.9897
666.0 0.9903
667.0 0.9909
668.0 0.9914
669.0 0.992
670.0 0.9926
671.0 0.9927
672.0 0.9929
673.0 0.993
674.0 0.9932
675.0 0.9934
676.0 0.9909
677.0 0.9883
678.0 0.9858
679.0 0.9833
680.0 0.9808
681.0 0.9846
682.0 0.9885
683.0 0.9923
684.0 0.9962
685.0 1.0
686.0 0.9827
687.0 0.9654
688.0 0.9482
689.0 0.9309
690.0 0.9136
691.0 0.8886
692.0 0.8635
693.0 0.8385
694.0 0.8135
695.0 0.7885
696.0 0.769
697.0 0.7496
698.0 0.7302
699.0 0.7108
700.0 0.6914
701.0 0.5555
702.0 0.4197
703.0 0.2838
704.0 0.1479
# -------------------
# HJ2B_CCD2 Band B4
# -------------------
752.0 0.0232
753.0 0.0295
754.0 0.0358
755.0 0.0422
756.0 0.0643
757.0 0.0864
758.0 0.1085
759.0 0.1306
760.0 0.1527
761.0 0.1994
762.0 0.2461
763.0 0.2928
764.0 0.3395
765.0 0.3862
766.0 0.4572
767.0 0.5283
768.0 0.5994
769.0 0.6704
770.0 0.7415
771.0 0.7761
772.0 0.8107
773.0 0.8453
774.0 0.8799
775.0 0.9145
776.0 0.924
777.0 0.9336
778.0 0.9431
779.0 0.9527
780.0 0.9622
781.0 0.9672
782.0 0.9722
783.0 0.9772
784.0 0.9822
785.0 0.9872
786.0 0.9865
787.0 0.9858
788.0 0.9851
789.0 0.9844
790.0 0.9836
791.0 0.9834
792.0 0.9831
793.0 0.9828
794.0 0.9825
795.0 0.9822
796.0 0.9821
797.0 0.982
798.0 0.9819
799.0 0.9817
800.0 0.9816
801.0 0.9843
802.0 0.9869
803.0 0.9895
804.0 0.9922
805.0 0.9948
806.0 0.9958
807.0 0.9969
808.0 0.9979
809.0 0.999
810.0 1.0
811.0 0.997
812.0 0.9939
813.0 0.9909
814.0 0.9879
815.0 0.9848
816.0 0.9814
817.0 0.978
818.0 0.9746
819.0 0.9711
820.0 0.9677
821.0 0.9626
822.0 0.9575
823.0 0.9525
824.0 0.9474
825.0 0.9423
826.0 0.9399
827.0 0.9375
828.0 0.9352
829.0 0.9328
830.0 0.9304
831.0 0.9307
832.0 0.931
833.0 0.9312
834.0 0.9315
835.0 0.9318
836.0 0.928
837.0 0.9241
838.0 0.9203
839.0 0.9165
840.0 0.9126
841.0 0.9034
842.0 0.8942
843.0 0.885
844.0 0.8758
845.0 0.8666
846.0 0.8593
847.0 0.852
848.0 0.8447
849.0 0.8375
850.0 0.8302
851.0 0.8185
852.0 0.8067
853.0 0.795
854.0 0.7832
855.0 0.7715
856.0 0.7656
857.0 0.7596
858.0 0.7537
859.0 0.7477
860.0 0.7418
861.0 0.7379
862.0 0.7341
863.0 0.7303
864.0 0.7265
865.0 0.7227
866.0 0.7212
867.0 0.7198
868.0 0.7184
869.0 0.717
870.0 0.7155
871.0 0.7119
872.0 0.7083
873.0 0.7046
874.0 0.701
875.0 0.6973
876.0 0.6917
877.0 0.6861
878.0 0.6805
879.0 0.6749
880.0 0.6693
881.0 0.664
882.0 0.6586
883.0 0.6532
884.0 0.6478
885.0 0.6425
886.0 0.639
887.0 0.6355
888.0 0.6321
889.0 0.6286
890.0 0.6252
891.0 0.6205
892.0 0.6157
893.0 0.611
894.0 0.6063
895.0 0.6016
896.0 0.5805
897.0 0.5593
898.0 0.5382
899.0 0.517
900.0 0.4959
901.0 0.4389
902.0 0.3819
903.0 0.3249
904.0 0.2679
905.0 0.2109
906.0 0.1786
907.0 0.1463
908.0 0.114
909.0 0.0817
910.0 0.0494
911.0 0.0419
912.0 0.0343
913.0 0.0268
# -------------------
# HJ2B_CCD2 Band B5
# -------------------
696.0 0.0466
697.0 0.0771
698.0 0.1076
699.0 0.138
700.0 0.1685
701.0 0.3056
702.0 0.4427
703.0 0.5797
704.0 0.7168
705.0 0.8539
706.0 0.8766
707.0 0.8992
708.0 0.9219
709.0 0.9445
710.0 0.9672
711.0 0.9708
712.0 0.9743
713.0 0.9779
714.0 0.9815
715.0 0.985
716.0 0.988
717.0 0.991
718.0 0.994
719.0 0.997
720.0 1.0
721.0 0.9985
722.0 0.997
723.0 0.9955
724.0 0.994
725.0 0.9925
726.0 0.9924
727.0 0.9922
728.0 0.9921
729.0 0.992
730.0 0.9918
731.0 0.9934
732.0 0.9949
733.0 0.9964
734.0 0.9979
735.0 0.9994
736.0 0.8901
737.0 0.7808
738.0 0.6714
739.0 0.5621
740.0 0.4528
741.0 0.3714
742.0 0.2901
743.0 0.2087
744.0 0.1274
745.0 0.046
746.0 0.0379
747.0 0.0297
748.0 0.0215
# -------------------
