# HJ2B_CCD4 RSR
# QV 2025-07-29 from HJ-2B-CCD.xlsx
# filtered to response > 0.02
# HJ2B_CCD4 Band B1
# -------------------
441.0 0.0412
442.0 0.0646
443.0 0.088
444.0 0.1113
445.0 0.1347
446.0 0.1778
447.0 0.221
448.0 0.2641
449.0 0.3073
450.0 0.3504
451.0 0.3815
452.0 0.4126
453.0 0.4437
454.0 0.4748
455.0 0.5059
456.0 0.5227
457.0 0.5395
458.0 0.5563
459.0 0.5731
460.0 0.5899
461.0 0.5989
462.0 0.6079
463.0 0.6169
464.0 0.6258
465.0 0.6348
466.0 0.6399
467.0 0.645
468.0 0.6501
469.0 0.6552
470.0 0.6603
471.0 0.6789
472.0 0.6974
473.0 0.7159
474.0 0.7344
475.0 0.7529
476.0 0.7677
477.0 0.7826
478.0 0.7974
479.0 0.8123
480.0 0.8271
481.0 0.8386
482.0 0.85
483.0 0.8614
484.0 0.8729
485.0 0.8843
486.0 0.8919
487.0 0.8995
488.0 0.9071
489.0 0.9146
490.0 0.9222
491.0 0.9337
492.0 0.9452
493.0 0.9567
494.0 0.9682
495.0 0.9797
496.0 0.9837
497.0 0.9878
498.0 0.9919
499.0 0.9959
500.0 1.0
501.0 1.0
502.0 1.0
503.0 1.0
504.0 1.0
505.0 1.0
506.0 0.9974
507.0 0.9949
508.0 0.9923
509.0 0.9897
510.0 0.9872
511.0 0.9647
512.0 0.9423
513.0 0.9198
514.0 0.8974
515.0 0.8749
516.0 0.7959
517.0 0.7168
518.0 0.6377
519.0 0.5586
520.0 0.4796
521.0 0.3967
522.0 0.3137
523.0 0.2308
524.0 0.1479
525.0 0.0649
526.0 0.0523
527.0 0.0396
528.0 0.0269
# -------------------
# HJ2B_CCD4 Band B2
# -------------------
511.0 0.0294
512.0 0.0443
513.0 0.0593
514.0 0.0742
515.0 0.0891
516.0 0.1471
517.0 0.205
518.0 0.263
519.0 0.3209
520.0 0.3789
521.0 0.437
522.0 0.4951
523.0 0.5532
524.0 0.6114
525.0 0.6695
526.0 0.6811
527.0 0.6927
528.0 0.7043
529.0 0.716
530.0 0.7276
531.0 0.734
532.0 0.7403
533.0 0.7467
534.0 0.753
535.0 0.7594
536.0 0.7713
537.0 0.7833
538.0 0.7952
539.0 0.8072
540.0 0.8192
541.0 0.828
542.0 0.8367
543.0 0.8455
544.0 0.8543
545.0 0.8631
546.0 0.8723
547.0 0.8815
548.0 0.8907
549.0 0.8999
550.0 0.9091
551.0 0.9129
552.0 0.9167
553.0 0.9205
554.0 0.9243
555.0 0.9281
556.0 0.9338
557.0 0.9396
558.0 0.9454
559.0 0.9512
560.0 0.957
561.0 0.9563
562.0 0.9556
563.0 0.9549
564.0 0.9543
565.0 0.9536
566.0 0.9506
567.0 0.9476
568.0 0.9446
569.0 0.9416
570.0 0.9386
571.0 0.9441
572.0 0.9495
573.0 0.955
574.0 0.9605
575.0 0.966
576.0 0.9728
577.0 0.9796
578.0 0.9864
579.0 0.9932
580.0 1.0
581.0 0.9972
582.0 0.9945
583.0 0.9917
584.0 0.989
585.0 0.9862
586.0 0.8965
587.0 0.8069
588.0 0.7172
589.0 0.6275
590.0 0.5379
591.0 0.4484
592.0 0.3588
593.0 0.2693
594.0 0.1798
595.0 0.0902
596.0 0.0776
597.0 0.065
598.0 0.0524
599.0 0.0398
600.0 0.0272
601.0 0.0237
602.0 0.0201
# -------------------
# HJ2B_CCD4 Band B3
# -------------------
610.0 0.0215
611.0 0.0393
612.0 0.0572
613.0 0.0751
614.0 0.093
615.0 0.1109
616.0 0.1554
617.0 0.1998
618.0 0.2442
619.0 0.2886
620.0 0.333
621.0 0.3961
622.0 0.4592
623.0 0.5224
624.0 0.5855
625.0 0.6486
626.0 0.6807
627.0 0.7129
628.0 0.745
629.0 0.7771
630.0 0.8092
631.0 0.8135
632.0 0.8178
633.0 0.8221
634.0 0.8263
635.0 0.8306
636.0 0.8337
637.0 0.8368
638.0 0.8399
639.0 0.8429
640.0 0.846
641.0 0.8476
642.0 0.8492
643.0 0.8508
644.0 0.8524
645.0 0.854
646.0 0.8562
647.0 0.8583
648.0 0.8605
649.0 0.8627
650.0 0.8648
651.0 0.8707
652.0 0.8766
653.0 0.8824
654.0 0.8883
655.0 0.8942
656.0 0.8993
657.0 0.9043
658.0 0.9094
659.0 0.9145
660.0 0.9196
661.0 0.9214
662.0 0.9232
663.0 0.9249
664.0 0.9267
665.0 0.9285
666.0 0.9328
667.0 0.9371
668.0 0.9415
669.0 0.9458
670.0 0.9501
671.0 0.9567
672.0 0.9633
673.0 0.9699
674.0 0.9765
675.0 0.9831
676.0 0.9865
677.0 0.9899
678.0 0.9932
679.0 0.9966
680.0 1.0
681.0 0.9927
682.0 0.9853
683.0 0.978
684.0 0.9706
685.0 0.9633
686.0 0.9426
687.0 0.9219
688.0 0.9012
689.0 0.8805
690.0 0.8598
691.0 0.8467
692.0 0.8336
693.0 0.8206
694.0 0.8075
695.0 0.7944
696.0 0.6689
697.0 0.5434
698.0 0.4179
699.0 0.2924
700.0 0.1669
701.0 0.1338
702.0 0.1007
703.0 0.0675
704.0 0.0344
# -------------------
# HJ2B_CCD4 Band B4
# -------------------
751.0 0.0215
752.0 0.0296
753.0 0.0376
754.0 0.0457
755.0 0.0538
756.0 0.077
757.0 0.1001
758.0 0.1233
759.0 0.1465
760.0 0.1696
761.0 0.2188
762.0 0.268
763.0 0.3172
764.0 0.3663
765.0 0.4155
766.0 0.4846
767.0 0.5537
768.0 0.6228
769.0 0.6919
770.0 0.761
771.0 0.7954
772.0 0.8297
773.0 0.8641
774.0 0.8985
775.0 0.9328
776.0 0.9409
777.0 0.9491
778.0 0.9572
779.0 0.9653
780.0 0.9735
781.0 0.9747
782.0 0.9759
783.0 0.9771
784.0 0.9783
785.0 0.9795
786.0 0.9784
787.0 0.9774
788.0 0.9763
789.0 0.9753
790.0 0.9742
791.0 0.9756
792.0 0.977
793.0 0.9785
794.0 0.9799
795.0 0.9813
796.0 0.985
797.0 0.9888
798.0 0.9925
799.0 0.9963
800.0 1.0
801.0 0.9983
802.0 0.9965
803.0 0.9948
804.0 0.993
805.0 0.9913
806.0 0.9861
807.0 0.9809
808.0 0.9757
809.0 0.9705
810.0 0.9653
811.0 0.9591
812.0 0.9529
813.0 0.9467
814.0 0.9404
815.0 0.9342
816.0 0.9335
817.0 0.9327
818.0 0.932
819.0 0.9312
820.0 0.9305
821.0 0.9315
822.0 0.9325
823.0 0.9335
824.0 0.9345
825.0 0.9355
826.0 0.9341
827.0 0.9326
828.0 0.9311
829.0 0.9297
830.0 0.9282
831.0 0.9221
832.0 0.916
833.0 0.9099
834.0 0.9038
835.0 0.8977
836.0 0.8883
837.0 0.879
838.0 0.8697
839.0 0.8604
840.0 0.851
841.0 0.8439
842.0 0.8367
843.0 0.8295
844.0 0.8224
845.0 0.8152
846.0 0.8113
847.0 0.8075
848.0 0.8036
849.0 0.7997
850.0 0.7959
851.0 0.793
852.0 0.7901
853.0 0.7873
854.0 0.7844
855.0 0.7815
856.0 0.7769
857.0 0.7722
858.0 0.7676
859.0 0.7629
860.0 0.7583
861.0 0.7514
862.0 0.7445
863.0 0.7376
864.0 0.7307
865.0 0.7238
866.0 0.7181
867.0 0.7125
868.0 0.7068
869.0 0.7011
870.0 0.6954
871.0 0.6924
872.0 0.6894
873.0 0.6864
874.0 0.6834
875.0 0.6804
876.0 0.6775
877.0 0.6747
878.0 0.6719
879.0 0.669
880.0 0.6662
881.0 0.6399
882.0 0.6135
883.0 0.5872
884.0 0.5609
885.0 0.5345
886.0 0.4734
887.0 0.4122
888.0 0.351
889.0 0.2899
890.0 0.2287
891.0 0.1938
892.0 0.1589
893.0 0.1241
894.0 0.0892
895.0 0.0543
896.0 0.046
897.0 0.0376
898.0 0.0293
899.0 0.0209
# -------------------
# HJ2B_CCD4 Band B5
# -------------------
691.0 0.0269
692.0 0.0425
693.0 0.0581
694.0 0.0738
695.0 0.0894
696.0 0.2025
697.0 0.3155
698.0 0.4286
699.0 0.5417
700.0 0.6547
701.0 0.7215
702.0 0.7883
703.0 0.8552
704.0 0.922
705.0 0.9888
706.0 0.991
707.0 0.9933
708.0 0.9955
709.0 0.9978
710.0 1.0
711.0 0.9932
712.0 0.9863
713.0 0.9795
714.0 0.9726
715.0 0.9658
716.0 0.9681
717.0 0.9704
718.0 0.9727
719.0 0.975
720.0 0.9773
721.0 0.9763
722.0 0.9752
723.0 0.9742
724.0 0.9732
725.0 0.9722
726.0 0.9732
727.0 0.9743
728.0 0.9754
729.0 0.9764
730.0 0.9775
731.0 0.9618
732.0 0.9461
733.0 0.9304
734.0 0.9147
735.0 0.8989
736.0 0.7942
737.0 0.6895
738.0 0.5847
739.0 0.48
740.0 0.3752
741.0 0.3091
742.0 0.2429
743.0 0.1768
744.0 0.1106
745.0 0.0445
746.0 0.0367
747.0 0.0289
748.0 0.0211
# -------------------
