#
#  HY1C/CZI RSR
#
#  from Excel files received from Shen Fang 
#
#  Tabulated QV 2023-01-24
#
# Wavelength (nm)	RSR
#
# BAND 1 Blue
350	0.00028883
358	0.0001920798
366	0.0003391096
374	0.0002014424
382	0.00039611
390	0.00031584
398	0.0004320736
406	0.0004355916
414	0.0033636116
422	0.4383045784
430	0.721591657
438	0.797728356
446	0.862563179
454	0.888612499
462	0.8566589006
470	0.845678254
478	0.8715931806
486	0.938846211
494	0.9952251998
502	0.3066988278
510	0.002744128
518	0.0050779228
526	0.0048384204
534	0.0015572524
542	0.0009576122
550	0.001319379
558	0.0028584366
566	0.0051330418
574	0.0014613122
582	0.0018638772
590	0.004037561
598	0.0024080812
606	0.0010300628
614	0.0026513268
622	0.0056586084
630	0.005545905
638	0.0021674348
646	0.0028398444
654	0.0055092028
662	0.0043284876
670	0.002301925
678	0.0012058406
686	0.0011898136
694	0.0006932736
702	0.0011683236
710	0.001421046
718	0.0008333502
726	0.0006858466
734	0.000330265
742	0.000269341
750	0.0007772
758	0.004618988
766	0.0032038464
774	0.0012563168
782	0.0003951416
790	0.000303567
798	0.0003645756
806	0.0010079392
814	0.0048864488
822	0.0061358424
830	0.003407296
838	0.002161604
846	0.0019259498
854	0.0032410474
862	0.0032824558
870	0.001507991
878	0.0012724706
886	0.0009239844
894	0.000319454
902	0.0002976402
910	0.000595398
918	0.0001585424
926	9.39E-05
934	0.00013744594
942	0.00017289824
950	7.26E-05
958	5.79E-05
966	5.25E-05
974	5.21E-05
982	5.90E-05
990	6.19E-05
998	8.77E-05
#
# BAND 2 Green
350	0.000404963
358	0.0009868556
366	0.0003094688
374	0.000492
382	0.0003515428
390	4.48E-04
398	0.0002328386
406	0.0003317938
414	0.0004994322
422	0.0112069582
430	0.012844999
438	0.008982569
446	0.0064272478
454	0.0069086854
462	0.0093199524
470	0.013240649
478	0.017109354
486	0.0209972564
494	0.0286562724
502	0.0322723874
510	0.072189332
518	0.5442431884
526	0.8321408086
534	0.8764927894
542	0.931951105
550	0.968507385
558	0.9933531062
566	0.988705206
574	0.9859622188
582	0.9946486536
590	0.932886878
598	0.4213160656
606	0.0130870656
614	0.004538208
622	0.005448866
630	0.003294913
638	0.002020164
646	0.0022956638
654	0.0040114502
662	0.0035159842
670	0.003053023
678	0.003433431
686	0.0025110014
694	0.0029556798
702	0.0045024542
710	0.004003969
718	0.006253632
726	0.0073359412
734	0.007345562
742	0.0070036622
750	0.007813576
758	0.00835079
766	0.0101977824
774	0.005269784
782	0.0029575188
790	0.002056866
798	0.001570168
806	0.0010177292
814	0.0009933716
822	0.0013075442
830	0.001899859
838	0.002506312
846	0.002772623
854	0.0023242822
862	0.0007718144
870	0.000467655
878	0.0005175838
886	0.0008470458
894	0.0019278578
902	0.0022757802
910	0.000475102
918	0.0001859482
926	1.20E-04
934	1.08E-04
942	1.08E-04
950	1.28E-04
958	1.66E-04
966	0.0003419466
974	0.0010953634
982	0.000534518
990	0.000339463
998	0.000304943
#
# BAND 3 Red
350	0.002109195
358	0.0012333884
366	0.0012767324
374	0.0008402684
382	0.000768962
390	0.000505384
398	0.0005799878
406	0.0005863256
414	0.0004700928
422	0.0008590208
430	0.000873761
438	0.0004083806
446	0.0004641944
454	0.0006857504
462	0.0013013116
470	0.001786147
478	0.0019271082
486	0.0019745512
494	0.0019491
502	0.001128737
510	0.000885826
518	0.006709882
526	0.008020186
534	0.0050397956
542	0.003622134
550	0.003781724
558	0.0060674578
566	0.0089781794
574	0.0121316738
582	0.0160057252
590	0.018702314
598	0.0095909
606	0.1081118344
614	0.8462661616
622	0.9266704956
630	0.942423739
638	0.9263200214
646	0.913418115
654	0.9091805678
662	0.9273232902
670	0.945960669
678	0.9747159976
686	0.946193908
694	0.2177776472
702	0.0072780656
710	0.0016001
718	0.0019645574
726	0.0015909374
734	0.001122143
742	0.0021766046
750	0.004167364
758	0.0045250814
766	0.004092826
774	0.0057536708
782	0.0064519714
790	0.004806402
798	0.0046070028
806	0.0060574676
814	0.005277006
822	0.0050472542
830	0.00331683
838	0.002828169
846	0.0029146072
854	0.001984964
862	0.0015687662
870	0.001655256
878	0.0031015954
886	0.00369028
894	0.0018822032
902	0.0035073472
910	0.001284893
918	0.00043487
926	0.0002408374
934	1.36E-04
942	1.12E-04
950	1.09E-04
958	1.03E-04
966	1.19E-04
974	0.0002692412
982	0.00012099756
990	9.62E-05
998	9.36E-05
#
# BAND 4 NIR
350	0.000715101
358	0.0013056356
366	0.0010399116
374	0.0009485636
382	0.0009902182
390	0.000530408
398	0.0005950534
406	0.0005119924
414	0.0004975076
422	0.0020367816
430	0.001859242
438	0.0015128882
446	0.0016822284
454	0.002340922
462	0.0029718124
470	0.003333403
478	0.0034902618
486	0.0033437038
494	0.003041935
502	0.00160213
510	0.002036003
518	0.0044901722
526	0.0051949372
534	0.003970134
542	0.0048738254
550	0.005853817
558	0.0091989964
566	0.0123564856
574	0.0135811048
582	0.0161226172
590	0.015643121
598	0.0081689942
606	0.0085875132
614	0.0571954676
622	0.0579847044
630	0.053177275
638	0.0472631706
646	0.0370712972
654	0.0295575532
662	0.0237905924
670	0.017723609
678	0.01649826
686	0.0148127518
694	0.0040176542
702	0.0033438218
710	0.006165246
718	0.0014205604
726	0.0006262366
734	0.0006648518
742	0.0014363024
750	0.009131017
758	0.4529204418
766	0.9840012102
774	0.9998257238
782	0.9889305414
790	0.983035604
798	0.9773388566
806	0.973676214
814	0.9651603428
822	0.9551498724
830	0.941806074
838	0.9279740752
846	0.8923513488
854	0.8600630992
862	0.8294257788
870	0.7867479
878	0.7463481954
886	0.5613591836
894	0.0956390932
902	0.008982644
910	0.001733492
918	0.0007770306
926	0.000505732
934	0.0004507048
942	0.0006194476
950	0.001156012
958	0.0006486398
966	0.000326787
974	0.0002802606
982	0.0002523464
990	0.000246226
998	0.000237787
#
