;; ISS/ECOSTRESS RSR
;;
;; tabulated QV 2022-08-11 
;; source 20180318-ECOSTRESS_SRF_v3 
;;
;; datasets: wavelength RSR
;;
;; BAND 1
7.00335	-0.000856408879852696
7.0132	-0.00162037671738561
7.02305	-0.00205061778222651
7.0329	0.00120434340725367
7.04275	0.00294900166363384
7.0526	0.000871995993257109
7.06245	-0.00140109469939704
7.0723	0.000474013194304221
7.08215	-0.00222719730399601
7.092	0.00138318344462241
7.10185	0.000512668851391568
7.1117	-0.0013028108905231
7.12155	0.00133067417626836
7.1314	0.0010523678510744
7.14125	-0.00206879074300255
7.1511	-0.000828232267197506
7.16095	-0.0023430454271198
7.1708	-0.00172163413068829
7.18065	0.00157249052156085
7.1905	-0.000760267938925983
7.20035	0.000543400098776008
7.2102	-0.000214360024384277
7.22005	-0.000320834750907508
7.2299	-0.00107093217036629
7.23975	-0.000920393596222214
7.2496	0.000986488767410352
7.25945	0.0000797526230024209
7.2693	-0.00231251225996578
7.27915	-0.000496291818037978
7.289	-0.00105886728360455
7.29885	-0.000777150376988696
7.3087	0.000209225544714631
7.31855	-0.00107016626014201
7.3284	0.0000433215869755886
7.33825	0.00036063687235878
7.3481	0.000054627286236017
7.35795	-0.00174982634966467
7.3678	-0.0010458191986082
7.37765	-0.00124729080266671
7.3875	-0.000573591127350222
7.39735	-0.0018426347407754
7.4072	-0.002673460058262
7.41705	0.000632141242488858
7.4269	0.00103283714035533
7.43675	-0.00264204573420418
7.4466	-0.000399845953605048
7.45645	0.000855959897997085
7.4663	0.00222452982355973
7.47615	0.00125835088244142
7.486	-0.00171614670806263
7.49585	0.0000839178300778948
7.5057	0.000513099825953504
7.51555	0.000282492420730093
7.5254	0.00192682123967492
7.53525	0.000950141645372041
7.5451	0.00186788336747916
7.55495	0.00403371061414715
7.5648	0.0033586231767315
7.57465	0.00248481685021701
7.5845	0.000605270758868172
7.59435	-0.000114169963401976
7.6042	0.000799571858585602
7.61405	0.00114973328797096
7.6239	0.00277259861334235
7.63375	0.00113464677733069
7.6436	0.00195152124416474
7.65345	0.00111428412964387
7.6633	0.00198113003691015
7.67315	0.00144656431641072
7.683	0.00174686835155711
7.69285	0.00373356144172636
7.7027	0.00452304201293692
7.71255	0.00437644823659375
7.7224	0.00337517908253559
7.73225	0.00245694876252677
7.7421	0.00253416883974685
7.75195	0.00339300990473181
7.7618	0.0045717301335733
7.77165	0.00409535558282527
7.7815	0.00397239217772767
7.79135	0.00708368397535738
7.8012	0.00599692819579643
7.81105	0.00690694718988979
7.8209	0.00891886849849663
7.83075	0.00933344922027218
7.8406	0.00769752260455575
7.85045	0.0116802197562101
7.8603	0.0144966877384016
7.87015	0.0133689989793466
7.88	0.0161377404303839
7.88985	0.0195394862735202
7.8997	0.021680601510836
7.90955	0.0258820632709073
7.9194	0.0299391065357112
7.92925	0.0322518192768799
7.9391	0.039215383799054
7.94895	0.0448400820268242
7.9588	0.0521415714220888
7.96865	0.0575130150716246
7.9785	0.0675761270344941
7.98835	0.0787119935058496
7.9982	0.0894201507378549
8.00805	0.103599429913092
8.0179	0.121434585864659
8.02775	0.140333120527138
8.0376	0.163302744143488
8.04745	0.191304566001413
8.0573	0.220912158260582
8.06715	0.252750854205988
8.077	0.292047690996761
8.08685	0.334488961408929
8.0967	0.382074555477951
8.10655	0.432080209768165
8.1164	0.484844821546519
8.12625	0.541005368814585
8.1361	0.597176720458855
8.145949015	0.651040977637582
8.1558	0.701013738604685
8.16565	0.751667415369922
8.1755	0.797706423009576
8.185349015	0.834310449104305
8.1952	0.867231383399532
8.20505	0.892976051019705
8.2149	0.917452524970714
8.224749015	0.936835575881655
8.2346	0.953561230440778
8.24445	0.968217726908107
8.2543	0.976869631275452
8.264149015	0.984594640213072
8.274	0.991259739845027
8.28385	0.997394344605339
8.2937	0.999643935779748
8.30355	1
8.3134	0.99983841455143
8.32325	0.998781266364128
8.3331	0.99644704090945
8.34295	0.989247724898493
8.3528	0.979387411076983
8.36265	0.96615169008055
8.3725	0.95140995908983
8.38235	0.933553206390717
8.392199015	0.909601224880126
8.40205	0.883505294984681
8.4119	0.852145473002385
8.42175	0.812276844613142
8.431599015	0.767179018189528
8.44145	0.71427010796453
8.4513	0.653520101782026
8.46115	0.589749312061357
8.470999015	0.522641170579732
8.48085	0.45196254290838
8.4907	0.380805521468416
8.50055	0.31662056399324
8.510399015	0.262233735152086
8.52025	0.215784521362533
8.5301	0.174022606116381
8.53995	0.137913660549069
8.5498	0.107754829015945
8.55965	0.0851925423873686
8.5695	0.0682348578468223
8.57935	0.0546763621137105
8.5892	0.0439508698603282
8.59905	0.0331423879928326
8.6089	0.0249055037252289
8.61875	0.0220563176909175
8.6286	0.0203893705106316
8.638449015	0.0154711944526011
8.6483	0.0118287451149213
8.65815	0.0101076115869972
8.668	0.00721385029792467
8.677849015	0.00583715908291494
8.6877	0.00570454616938045
8.69755	0.00588163349683156
8.7074	0.00591505263291844
8.717249015	0.00368285530371222
8.7271	0.00311718738557866
8.73695	0.0042775365734137
8.7468	0.00414523818727537
8.756649015	0.00360656800430446
8.7665	-0.0000409240958958016
8.77635	-0.00167185236708276
8.7862	-0.00131519870808472
8.79605	0.000232919541731183
8.8059	0.00169981769415884
8.81575	0.00213963383728946
8.8256	0.00141085345208223
8.83545	-0.000300437289119585
8.8453	-0.000402598668564715
8.85515	0.000137211976338896
8.865	-0.000240014415438829
8.87485	-0.000867194048277314
8.884699015	0.000151970754234295
8.89455	-0.0000691135537538125
8.9044	-0.000878422196126319
8.91425	0.000596639262766991
8.924099015	0.00215405407806378
8.93395	0.00171143359906497
8.9438	-0.00043464324790113
8.95365	-0.00220507594396034
8.963499015	-0.0020122754520491
8.97335	-0.000198380351977765
8.9832	-0.000808098912383472
8.99305	-0.000270363908197376
9.002899015	0.00163190018485087
9.01275	0.000788924746079152
9.0226	-0.000131878215952589
9.03245	0.000760345970531904
9.0423	0.00156369816030285
9.05215	0.00162554481067011
9.062	0.00175780238027611
9.07185	0.00113118697597275
9.0817	0.000774068728797912
9.09155	0.00049029058729948
9.1014	0.00090563841978555
9.11125	0.00172290184416296
9.1211	0.00245287311172517
9.130949015	0.000413471472485215
9.1408	-0.000457264010214697
9.15065	-0.000789295696328841
9.1605	0.0000309294476634816
9.170349015	-0.000787428940217946
9.1802	-0.0017097253071384
9.19005	0.00046199992845102
9.1999	0.00200007370985544
9.209749015	0.00116454848871987
9.2196	0.00130288892212902
9.22945	0.00101929925697104
9.2393	0.00119481394744127
9.249149015	0.0015564616292183
9.259	0.000458175179274613
9.26885	0.0000920874991206438
9.2787	-0.0000612737783311753
9.28855	0.0000599245518404775
9.2984	0.000260416679171732
9.30825	0.000122381169268801
9.3181	-0.00100169052473014
9.32795	-0.000934421277994439
9.3378	-0.00104940265004938
9.34765	0.000956697500755706
9.3575	0.00112053025957634
9.36735	-0.000378497706711126
9.377199015	-0.000868023584272574
9.38705	-0.000167088477516933
9.3969	-0.000247208929504807
9.40675	-0.000366863794511329
9.416599015	-0.00173980829195057
9.42645	-0.000961126094513322
9.4363	0.00125075780694212
9.44615	0.00262591840198954
9.455999015	0.00152751670536634
9.46585	-0.000865909527995219
9.4757	-0.00103916010140747
9.48555	-0.0000390440143875876
9.495399015	0.000284476824492993
9.50525	-0.000319521418955534
9.5151	-0.000304403695672895
9.52495	-0.000510936549740107
9.5348	0.000485905211046682
9.54465	-0.00135108604389122
9.5545	-0.00213977429418011
9.56435	-0.0011503539393596
9.5742	0.000275914956594019
9.58405	0.000823120596766514
9.5939	0.000678801741857522
9.60375	0.000800400194094616
9.6136	0.000638575848761782
9.623449015	0.000267788865201961
9.6333	-0.0000884107698982396
9.64315	-0.000560131275571858
9.653	-0.00147104223094522
9.662849015	-0.00110703679418312
9.6727	-0.00058883250071609
9.68255	-0.00100473015590235
9.6924	-0.00180571858825699
9.702249015	-0.00144679721074224
9.7121	-0.00103565348108598
9.72195	0.0000854184378840806
9.7318	0.000616296024541781
9.741649015	0.000562797555521889
9.7515	0.000165008034854437
9.76135	0.000121963400055559
9.7712	-0.000505409511068363
9.781049015	-0.000374790605186725
9.7909	0.000104281918348208
9.80075	-0.000948351720380823
9.8106	-0.0012171826076434
9.82045	0.000230828294692482
9.8303	0.00139799144245385
9.84015	0.000671004583696581
9.85	-0.000182732013774859
9.85985	-0.000243497026035425
9.8697	-0.00133642450538166
9.87955	-0.00140146324867424
9.8894	-0.00164089422779803
9.89925	-0.000991089030700995
9.9091	0.000493193363039766
9.91895	0.00147428234332034
9.9288	0.00061045205750137
9.93865	-0.000348433929678877
9.9485	-0.000317277710163725
9.95835	0.000608471255197205
9.9682	-0.000000408240953915974
9.97805	0.0000814017309571069
9.9879	0.000319246507605441
9.99775	0.000509093803354111
10.0076	-0.000455456077929805
10.01745	-0.000401408986695971
10.0273	-0.000704502951875628
10.03715	-0.000761348376546437
10.047	-0.00112071633494431
10.05685	-0.00113081602572306
10.0667	-0.00137199731379198
10.07655	-0.0019895550493772
10.0864	-0.00221323925042599
10.09625	-0.00144476478752954
10.1061	0.000444820970285805
10.11595	0.00193719344083127
10.1258	0.00209479087409564
10.13565	0.00114624467494314
10.1455	0.000175573514296231
10.15535	-0.000381841060903308
10.1652	-0.00141564099122709
10.17505	-0.00164847649892112
10.1849	-0.00236829645479605
10.19475	-0.00155872094433129
10.2046	-0.000432356321604503
10.21445	-0.000248555875071639
10.2243	-0.000944507763424498
10.23415	-0.000331733965525396
10.244	0.000922149907598574
10.25385	0.000784510558156476
10.2637	-0.000688989068132156
10.27355	-0.00185769003877331
10.2834	-0.00144189562540411
10.29325	-0.00124698467867425
10.3031	-0.00147158485072794
10.31295	-0.000765581291046125
10.3228	0.000112280758198301
10.33265	0.000483467023483192
10.3425	-0.0000554603036413869
10.35235	-0.000980384294854788
10.3622	-0.000525559672689826
10.37205	0.000757901780537189
10.3819	0.000569606713503237
10.39175	-0.000323043645598213
10.4016	-0.00118190751982183
10.41145	0.000250862009148185
10.4213	0.00062109196709035
10.43115	-0.00046329045116434
10.441	-0.000366067872130928
10.45085	0
10.4607	-0.000351006571701802
10.47055	-0.000825413525494366
10.4804	-0.000285874190482113
10.49025	0.00121536267049606
10.5001	0.000836339150809644
10.50995	0.000312154034870284
10.5198	0.000143407685849076
10.52965	0.000156718677333067
10.5395	0.00023638054357537
10.54935	-0.0000348972948002859
10.5592	-0.000953560630197655
10.56905	-0.001408176367756
10.5789	-0.00114102255977761
10.58875	-0.00101483464862608
10.5986	-0.00102444694198938
10.60845	-0.00147310946825902
10.6183	-0.00206279791566776
10.62815	-0.00198257662283531
10.638	-0.000604324775707152
10.64785	0.000239576237959423
10.6577	0.000936945900567566
10.66755	0.000479364961984202
10.6774	0.000334714772871604
10.68725	-0.000117143807927963
10.6971	-0.00148901711149084
10.70695	-0.00181437049262433
10.7168	-0.00238712007911685
10.72665	-0.0028719748646992
10.7365	-0.00277887835688967
10.74635	-0.00216185843914219
10.7562	-0.00109645330744765
10.76605	0.000305374889045059
10.7759	0.000874002005772418
10.78575	0.000505431119820772
10.7956	-0.000103994041746669
10.80545	-0.000536602945657109
10.8153	-0.000397509807372378
10.82515	0.00047683913892483
10.835	0.000935591752083264
10.84485	-0.00000989961774116989
10.8547	-0.00140517275117113
10.86455	-0.00217515502479124
10.8744	-0.00167275393225272
10.88425	-0.0000320791533402689
10.8941	-0.00119436616607191
10.90395	-0.00174628131378333
10.9138	-0.000542220020797224
10.92365	0.00140928441656008
10.9335	0.00232881366268593
10.94335	0.00123083333673471
10.9532	0.00102035448438035
10.96305	0.00124507470505854
10.9729	0.000800011236551253
10.98275	-0.000819906895088787
10.9926	-0.00235680179900067
11.00245	-0.00297372567784856
11.0123	-0.00321447959281427
11.02215	-0.00299343766199061
11.032	-0.00217652718056922
11.04185	-0.000554672664616076
11.0517	0.000563624690544658
11.06155	0.000663565170436634
11.0714	0.000292929448143676
11.08125	-0.0000136606931271442
11.0911	-0.000110816285028088
11.10095	-0.00181987112059869
11.1108	-0.00185825666828092
11.12065	-0.000631234875373922
11.1305	0.000601042646313463
11.14035	0.00141929287038422
11.1502	0.000216789808544053
11.16005	-0.000533732583045437
11.1699	-0.000480328952438896
11.17975	-0.0012922105969802
11.1896	-0.0011314846965615
11.19945	-0.000924153519141393
11.2093	-0.00102807241044913
11.21915	-0.00169113817860786
11.229	-0.00230779795048186
11.23885	-0.00231814614191332
11.2487	-0.00221209158557582
11.25855	-0.00222609645810939
11.2684	-0.00232111254342459
11.27825	-0.00135735258208985
11.2881	-0.000430853312825827
11.29795	0.000191621614418704
11.3078	0.000517738504803986
11.31765	-0.000653798014347731
11.3275	-0.000507437132336081
11.33735	0.000511187451365301
11.3472	0.000834750907507577
11.35705	0.00073006250451683
11.3669	0.000316783109830806
11.37675	0.0000603550462079161
11.3866	0.000749065001288122
11.39645	0.000541505731481479
11.4063	0.00029399788090168
11.41615	0.000249018062275944
11.426	0.000751149045409353
11.43585	0.000343179401384737
11.4457	-0.000386039161301894
11.45555	-0.00110550617422081
11.4654	-0.00110483870386861
11.47525	-0.000562676306411149
11.4851	-0.000402952812006975
11.49495	-0.000593939369202102
11.5048	-0.00000860522946214135
11.51465	-0.000504798463569684
11.5245	-0.000982425121471201
11.53435	-0.000996049439865123
11.5442	-0.0013539191914293
11.55405	-0.000550336508299322
11.5639	0.000571562305596259
11.57375	0.00106074244311916
11.5836	0.000740090166120886
11.59345	0.000763198325849902
11.6033	0.00103462946631904
11.61315	0.000548422933224873
11.623	0.0000303803452550421
11.63285	-0.0007222149259336
11.6427	-0.00186918589505493
11.65255	-0.000971016900685454
11.6624	-0.000328763962555393
11.67225	0.000079575311184042
11.6821	0.00055924651720933
11.69195	0.000541816657418921
11.7018	0.000825534774605106
11.71165	0.0019527781532632
11.7215	0.00149293549859435
11.73135	0.000908795698609765
11.7412	0.000354273094774307
11.75105	0.000224989129597052
11.7609	0.00100592463971607
11.77075	0.00168050187047762
11.7806	0.000822257447156396
11.79045	-0.0000340309038773065
11.8003	-0.000619398080998728
11.81015	-0.000790103623571691
11.82	-0.000347992150740736
11.82985	-0.000145055953463391
11.8397	-0.000155167649104593
11.84955	0.00022771783483182
11.8594	0.000850059508103162
11.86925	0.00148113471880651
11.8791	0.00152240863639409
11.88895	0.00187023151857428
11.8988	0.00182180390345306
11.90865	0.000394050006014436
11.9185	-0.00140749569205511
11.92835	-0.00250030072180436
11.9382	-0.00208171397742942
11.94805	-0.000486064875717261
11.9579	0.000705253255778721
11.96775	0.00107906306370332
11.9776	-0.000173799195626196
11.98745	-0.000807604312050553
11.9973	-0.0005594914164033
12.00715	0.0000911292709999258
12.017	0.000772648553570138
12.02685	0.00147481415872685
12.0367	0.000857821852163
12.04655	0.000864137610297675
12.0564	0.00146872169103374
12.06625	0.000977614773087692
12.0761	0.000799326959391632
12.08595	0.000914277118804201
12.0958	-0.000226574971926629
12.10565	-0.00071753543055079
12.1155	-0.000555133651334136
12.12535	-0.00111431294131375
12.1352	-0.00110755300326844
12.14505	-0.000459819845430193
12.1549	0.000186260242848764
12.16475	0.000483378187501065
12.1746	0.00032242179372333
12.18445	-0.000275284701315421
12.1943	-0.000737162180169456
12.20415	-0.000897740420780033
12.214	-0.00119243218273129
12.22385	-0.00129286126052496
12.2337	-0.000894227798027313
12.24355	-0.000526159915812301
12.2534	0.000014800074622225
12.26325	0.0012051453320653
12.2731	0.00154388653580246
12.28295	0.00136257109579664
12.2928	0.000416035711104426
12.30265	-0.000441218311064714
12.3125	-0.00122862204107152
12.32235	-0.000364919006794512
12.3322	0.000618222804964923
12.34205	0.00175747824898997
12.3519	0.00207876558321182
12.36175	0.00194053679502346
12.3716	0.00100317672670138
12.38145	0.000094925568652327
12.3913	-0.000822813272287807
12.40115	-0.00187467211719435
12.411	-0.00103111564308007
12.42085	0.00133697672905434
12.4307	0.00186674410603271
12.44055	0.0019995010779166
12.4504	0.00157513159129974
12.46025	0.000341771231019412
12.4701	-0.000741778049781283
12.47995	-0.0000488952045136362
12.4898	0.000751958173138448
12.49965	0.00163345481453808
12.5095	0.00199802928178029
12.51935	0.00220899072960512
12.5292	0.00217142991597317
12.53905	0.00134923489410151
12.5489	0.00036637639709588
12.55875	0.000328254956387535
12.5686	0.000754337536875936
12.57845	0.00166299998151251
12.5883	0.00250452883435907
12.59815	0.00308629887449613
12.608	0.0028244188025918
12.61785	0.00205192631223351
12.6277	0.000923468041495527
12.63755	0.000900142593756175
12.6474	0.000891634747738224
12.65725	0.000779813055479992
12.6671	0.000765631711468413
12.67695	0.000803448228670541
12.6868	0.00106396935014558
12.69665	0.00141279944028529
12.7065	0.00193227504868572
12.71635	0.00197461859951755
12.7262	0.00179024672153209
12.73605	0.00164295186122187
12.7459	0.0016330706589397
12.75575	0.00189142490274261
12.7656	0.00207674516486158
12.77545	0.00222506884188372
12.7853	0.00269604000404324
12.79515	0.00283319435704238
12.805	0.00217438431262198
12.81485	0.00147187536839922
12.8247	0.000741410700990329
12.83455	0.000313025587884117
12.8444	0.000143280434307112
12.85425	0.000797064042819904
12.8641	0.00131886739404929
12.87395	0.00171809869869692
12.8838	0.00185303455311539
12.89365	0.00198358142982234
12.9035	0.00263372636452669
12.91335	0.00335358233498896
12.9232	0.00418551810225214
12.93305	0.00451657859499412
12.9429	0.00459392232229742
12.95275	0.0033812127264027
12.9626	0.00238112485080957
12.97245	0.00248482525362073
12.9823	0.0026064177034266
12.99215	0.00274785178988898
13.002	0.00294391040146901
;;
;; BAND 2
7.00335	0.00138065884514104
7.0132	0.000326327687636717
7.02305	-0.000909437663908946
7.0329	-0.00141116006465269
7.04275	-0.00076840659131611
7.0526	-0.000570085999182665
7.06245	-0.000199906583930556
7.0723	-0.00335204340378257
7.08215	0.000620839639029923
7.092	-0.00153089556334097
7.10185	0.00147367654227155
7.1117	0.000887967522361444
7.12155	0.000736929359636649
7.1314	0.000763842318867047
7.14125	0.000949952463887997
7.1511	0.00141059495785982
7.16095	-0.000457641497145819
7.1708	-0.0000682574590739589
7.18065	0.0038514691209982
7.1905	0.00157657633462558
7.20035	-0.000286770771647171
7.2102	-0.000294987424415568
7.22005	-0.0013150851957239
7.2299	0.00492224913846392
7.23975	0.000911216687234316
7.2496	-0.000514581433791193
7.25945	-0.0012519722786583
7.2693	-0.00111962314874372
7.27915	-0.000116881653433096
7.289	0.000513424251742655
7.29885	-0.000880062293791972
7.3087	-0.000261554251818749
7.31855	0.00113316333130566
7.3284	0.00101531752735229
7.33825	-0.00159049698512728
7.3481	0.000836270098218918
7.35795	0.000896798630852548
7.3678	0.000857496964089645
7.37765	0.0000800197149534195
7.3875	0.00225772361107941
7.39735	0.00154828854330464
7.4072	0.00259660752404445
7.41705	0.00345089233160153
7.4269	0.00223215168943432
7.43675	0.00318581248480926
7.4466	0.00221020092735703
7.45645	-0.000207285312012805
7.4663	0.000385370604867931
7.47615	-0.00152390166738956
7.486	0.0016928887408794
7.49585	0.00287169479667569
7.5057	0.0000736612676027968
7.51555	0.000518839765255757
7.5254	-0.00234793032154912
7.53525	-0.0000897018407038925
7.5451	0.0017846441796686
7.55495	0.00242540142724714
7.5648	0.00472468444660491
7.57465	0.00380349882793494
7.5845	0.000896216179197714
7.59435	-0.00209698262067212
7.6042	-0.00127025040609357
7.61405	-0.00208674803309265
7.6239	0.000763489826511095
7.63375	0.00037212427783828
7.6436	-0.000732700010876907
7.65345	0.000837441156157023
7.6633	0.000888858824461492
7.67315	-0.000142842435693085
7.683	0.000758880681225608
7.69285	0.00208056990516501
7.7027	0.000954249177853543
7.71255	0.00213886878376933
7.7224	0.00131502476846288
7.73225	0.00229606918429017
7.7421	0.0014975184538141
7.75195	-0.000206230968210337
7.7618	0.00100429313309082
7.77165	0.00199447224844467
7.7815	0.00211731527498208
7.79135	0.00139239851912926
7.8012	0.000335992580427565
7.81105	-0.000114268510100976
7.8209	0.00181222251018423
7.83075	0.00225466084416436
7.8406	0.000386468366776465
7.85045	-0.000524132410004785
7.8603	-0.00120147746891241
7.87015	0.00174475211618506
7.88	0.00212579523394526
7.88985	-0.00123326892234918
7.8997	-0.00102755415961122
7.90955	0.000942673328884096
7.9194	0.00146784866865316
7.92925	-0.000986762177547826
7.9391	0.000712573144961418
7.94895	0.00227033388523565
7.9588	0.00126751887009079
7.96865	0.00111874986291964
7.9785	-0.00162963930296483
7.98835	0.0015363082792957
7.9982	0.003585268012807
8.00805	0.00497117955356339
8.0179	0.00288727272076205
8.02775	0.0000587398073757962
8.0376	-0.00122694532138574
8.04745	0.000630601327340739
8.0573	0.00151403188142291
8.06715	0.00213574447056991
8.077	0.00297091635927095
8.08685	0.00369557797779947
8.0967	0.00325362418093086
8.10655	0.0025059778227476
8.1164	0.00175976605250189
8.12625	0.00339415113350351
8.1361	0.00188384336179681
8.145949015	0.000924703939991701
8.1558	0.00389837074676009
8.16565	0.00334727748332543
8.1755	0.00289422409382608
8.185349015	0.00538578441970358
8.1952	0.00283288259072706
8.20505	0.0029753868575631
8.2149	0.00438151131713077
8.224749015	0.0053565980526308
8.2346	0.00498760569735073
8.24445	0.00459520337354208
8.2543	0.0054588331451136
8.264149015	0.0060983359675143
8.274	0.00628667990695097
8.28385	0.00685107947706696
8.2937	0.00730544436193512
8.30355	0.00760856540758635
8.3134	0.00891659404205111
8.32325	0.0104102093424126
8.3331	0.0110249000600244
8.34295	0.0111559511228504
8.3528	0.0131897044480283
8.36265	0.013792802083711
8.3725	0.0145129831327372
8.38235	0.0154990665107196
8.392199015	0.016727373683525
8.40205	0.0200693704956512
8.4119	0.0229009807568268
8.42175	0.0265485268952787
8.431599015	0.0302465074162154
8.44145	0.0346688765139826
8.4513	0.0387731296531789
8.46115	0.0422370664399973
8.470999015	0.0468149909739576
8.48085	0.0541632480503256
8.4907	0.0649040370334064
8.50055	0.0741287619886567
8.510399015	0.0845623231103836
8.52025	0.0992028189541071
8.5301	0.114161307663833
8.53995	0.130063972327
8.5498	0.150702231914456
8.55965	0.176596656089658
8.5695	0.20388314531503
8.57935	0.234106847035327
8.5892	0.272350812925704
8.59905	0.316884249567274
8.6089	0.364603657594968
8.61875	0.415500308626641
8.6286	0.46895840411156
8.638449015	0.527516672328925
8.6483	0.590486802014779
8.65815	0.653132638733158
8.668	0.712183053420832
8.677849015	0.766859541531656
8.6877	0.818796100964553
8.69755	0.86670495964578
8.7074	0.905816056731798
8.717249015	0.935849076872876
8.7271	0.959472219350062
8.73695	0.977741618403189
8.7468	0.991563347240555
8.756649015	0.999078148562435
8.7665	1
8.77635	0.999637660238549
8.7862	0.997031454851212
8.79605	0.990310936304743
8.8059	0.980384863463485
8.81575	0.967592748012503
8.8256	0.951508353956934
8.83545	0.932169168579078
8.8453	0.909452099310189
8.85515	0.883296383182243
8.865	0.851818256284099
8.87485	0.816155205853298
8.884699015	0.777369856465113
8.89455	0.734279288533905
8.9044	0.687446035098839
8.91425	0.639506291373091
8.924099015	0.591527941341691
8.93395	0.541405990176765
8.9438	0.49331931868487
8.95365	0.447796777302267
8.963499015	0.403984775015879
8.97335	0.362140127685041
8.9832	0.321559864839883
8.99305	0.285433314936589
9.002899015	0.253760030365818
9.01275	0.224668444570969
9.0226	0.196617662396026
9.03245	0.172342129304491
9.0423	0.151690665241479
9.05215	0.135057614036313
9.062	0.120121561744799
9.07185	0.10666470166166
9.0817	0.0938473522340853
9.09155	0.0830620932629871
9.1014	0.0725520357049019
9.11125	0.0633520523559694
9.1211	0.0560675236595107
9.130949015	0.0493912736768556
9.1408	0.0434323288532114
9.15065	0.0387381601734218
9.1605	0.0349810280780863
9.170349015	0.030618907197603
9.1802	0.0255034821768675
9.19005	0.0216289533416499
9.1999	0.0198910876951745
9.209749015	0.0201552219672341
9.2196	0.0179420175811997
9.22945	0.0143281092847158
9.2393	0.0133736271262003
9.249149015	0.0124181378466678
9.259	0.0126110798530588
9.26885	0.0103518545126407
9.2787	0.00959452748343734
9.28855	0.00835401288488249
9.2984	0.00795227902533961
9.30825	0.0069812744870285
9.3181	0.00609537167465425
9.32795	0.0063993801058238
9.3378	0.00570558786548981
9.34765	0.00577126894114877
9.3575	0.00581525215400805
9.36735	0.00581211553155176
9.377199015	0.00554483232777895
9.38705	0.00419912393899801
9.3969	0.00207186166543798
9.40675	0.00108964652737959
9.416599015	0.000816733181414723
9.42645	0.00188715902798946
9.4363	0.00223431588059752
9.44615	0.00320710302310873
9.455999015	0.00175502363153515
9.46585	0.00141039017658636
9.4757	0.00238194303634006
9.48555	0.00315635083799183
9.495399015	0.00281584098409599
9.50525	0.0019124556698899
9.5151	0.000699912402851988
9.52495	0.000576091461807061
9.5348	0.000817242896551662
9.54465	0.000420728609532915
9.5545	0.00140383829485907
9.56435	0.000892988132533545
9.5742	0.000850846048795685
9.58405	0.00151568579793751
9.5939	0.00265094282193518
9.60375	0.00299158360156323
9.6136	0.00395625446770073
9.623449015	0.00414793309672704
9.6333	0.00294341076527321
9.64315	0.000866735732787966
9.653	0.000154933706818567
9.662849015	0.00108172417775283
9.6727	0.00284116560158024
9.68255	0.00343164848701329
9.6924	0.00306012266286378
9.702249015	0.00242914120329029
9.7121	0.0024659302150181
9.72195	0.00189550806122042
9.7318	0.00155338457565068
9.741649015	0.00204264508473469
9.7515	0.00188661518264028
9.76135	0.00134721235616633
9.7712	0.0017537434688202
9.781049015	0.00116523342155713
9.7909	0.00191746441841447
9.80075	0.00201349564543253
9.8106	0.00152553991757722
9.82045	0.000300287678523391
9.8303	0.00189126472466878
9.84015	0.00224476196359056
9.85	0.000899953605291817
9.85985	0.000111963881507065
9.8697	0.000223450051945064
9.87955	0.000279206061883782
9.8894	0.000779579256171749
9.89925	0.00034294932480369
9.9091	0.00000835213516369745
9.91895	-0.000970947468120144
9.9288	-0.000528400253167843
9.93865	0.00012510423702526
9.9485	0.00160704734050672
9.95835	0.00339270087923903
9.9682	0.00318125805976569
9.97805	0.00193000531312288
9.9879	0.00135963911049281
9.99775	0.00196190419280146
10.0076	0.00103807029346611
10.01745	-0.000277442369178337
10.0273	-0.00017554510984557
10.03715	-0.000268016164068518
10.047	-0.000466311242469532
10.05685	-0.000266949958618516
10.0667	0.0015781664668091
10.07655	0.00298266498544598
10.0864	0.00298247587049946
10.09625	0.00203179167724144
10.1061	0.000868846658439607
10.11595	0.00103848019172003
10.1258	0.00192420317704158
10.13565	0.00276269296998198
10.1455	0.00314823568064148
10.15535	0.00315047484636928
10.1652	0.00308255460498252
10.17505	0.00214132839709752
10.1849	0.00203509167710715
10.19475	0.00148676687744591
10.2046	0.000999289532073671
10.21445	0.000311987179573258
10.2243	0.0011469776745889
10.23415	0.00194145739810957
10.244	0.00187045536641077
10.25385	0.00168804896488102
10.2637	0.00213858231379116
10.27355	0.00257095391369465
10.2834	0.00207784955939575
10.29325	0.00195721548495563
10.3031	0.00262611728886603
10.31295	0.00396610075417698
10.3228	0.00259915218314742
10.33265	0.00219827213842229
10.3425	0.0021422706147601
10.35235	0.00259561830740109
10.3622	0.00228444029361382
10.37205	0.00143473229156735
10.3819	0.000978678017144333
10.39175	0.00115330239457569
10.4016	0.00206425230664284
10.41145	0.00266848798907475
10.4213	0.00331998450376462
10.43115	0.00245433377601897
10.441	0.00101126039628645
10.45085	0.000406281122836984
10.4607	0.00133923483868831
10.47055	0.0025590161725731
10.4804	0.00263344801084647
10.49025	0.00190658303533741
10.5001	0.00153119881866943
10.50995	0.00172987805778726
10.5198	0.00183750124771104
10.52965	0.00125626709028415
10.5395	0.000989406317826803
10.54935	0.00148878335752662
10.5592	0.00209306044382257
10.56905	0.0019560986996501
10.5789	0.00183067744330916
10.58875	0.000998069125205732
10.5986	0.00163792567088807
10.60845	0.00157645771815025
10.6183	0.00138420950623766
10.62815	0.000874467288933172
10.638	0.00030536759693316
10.64785	0.00140091540586306
10.6577	0.00125629730391466
10.66755	0.00106754962085251
10.6774	0.00109087431980166
10.68725	0.00162948487774222
10.6971	0.0015126431734428
10.70695	0.000154498182929881
10.7168	-0.000374778041718086
10.72665	0.000153689017143885
10.7365	0.000804206834009895
10.74635	0.000666427531376296
10.7562	0.000327397809668451
10.76605	0.000297506681688436
10.7759	0.000569499630946098
10.78575	0.00113906617948866
10.7956	0.00114758530426916
10.80545	0.00130115335498867
10.8153	0.00112992711577102
10.82515	0.00052227572645877
10.835	-0.00016927622912406
10.84485	-0.000731875738275657
10.8547	-0.00000245083235194985
10.86455	0.000472763195411467
10.8744	0.000234283876529649
10.88425	0.0000744863794715614
10.8941	0.00196161436575323
10.90395	0.00307534138045406
10.9138	0.00344001206754783
10.92365	0.00249709949147103
10.9335	0.0013436012678087
10.94335	0.00120171470186308
10.9532	0.000375409058986407
10.96305	-0.000287634321968085
10.9729	-0.00125894827023608
10.98275	-0.00153192170775497
10.9926	-0.000508938646635253
11.00245	0.000812671909962486
11.0123	0.00221413317541676
11.02215	0.0019834084645612
11.032	0.00104615199201823
11.04185	0.000275599337717219
11.0517	-0.0000858263383183586
11.06155	0.0000530656651855274
11.0714	-0.00000629117614278022
11.08125	0.0000498928087530902
11.0911	0.000535235471607916
11.10095	0.00151754897181896
11.1108	0.00226270550304352
11.12065	0.00254387690564082
11.1305	0.0024706547316112
11.14035	0.00220237000193815
11.1502	0.00114094166262699
11.16005	0.000802393680472282
11.1699	0.000648325538216662
11.17975	0.000462813734982147
11.1896	0.00024273160762028
11.19945	-0.0000174629748743449
11.2093	0.000500073184127236
11.21915	0.00123754471057804
11.229	0.00149917908446881
11.23885	0.000887796983202564
11.2487	0.0011898407450726
11.25855	0.00181631589760668
11.2684	0.00233696836879071
11.27825	0.00208023643620605
11.2881	0.00232348749446643
11.29795	0.00284556000628443
11.3078	0.00298869092619772
11.31765	0.00110292497037945
11.3275	-0.0000532969225514986
11.33735	0.0000316067362520148
11.3472	0.000970584568847017
11.35705	0.00190768751138606
11.3669	0.000874800310282795
11.37675	-0.0000607635499180651
11.3866	-0.000622257329714859
11.39645	-0.000622540218818302
11.4063	-0.000622450361243119
11.41615	-0.000172248355147575
11.426	0.000627797614331735
11.43585	0.00155176646788336
11.4457	0.00152423513634852
11.45555	0.0013753121515641
11.4654	0.00122515040792877
11.47525	0.00114119344288124
11.4851	0.00159148620177065
11.49495	0.00169744540396967
11.5048	0.00129175020175991
11.51465	0.000421381895365945
11.5245	0.000322282306316081
11.53435	0.000733180519504353
11.5442	0.00154709118831775
11.55405	0.00212211588516314
11.5639	0.00179302006946002
11.57375	0.0012997847894289
11.5836	0.00150389129180503
11.59345	0.00126274847354025
11.6033	0.000934852698480053
11.61315	0.000620862243301638
11.623	0.000620411500695361
11.63285	0.000773145543310456
11.6427	0.000697414295120476
11.65255	0.000131625905122038
11.6624	-0.000199205515800386
11.67225	-0.000155617430086778
11.6821	0.000252366286780619
11.69195	0.00109436097276252
11.7018	0.0016909539495034
11.71165	0.00170545425410156
11.7215	0.000788599032000039
11.73135	-0.000913493564049092
11.7412	-0.00160218406501794
11.75105	-0.00125258550345532
11.7609	-0.000301608685590694
11.77075	0.000673777612460728
11.7806	0.0011750159237023
11.79045	0.000268893478376664
11.8003	0.0000475987101689233
11.81015	0.000077571784229022
11.82	0.000273782379500208
11.82985	0.00118282111158408
11.8397	0.00163378192741477
11.84955	0.0016280167191041
11.8594	0.00155090929599555
11.86925	0.00112992487772432
11.8791	0.000592105581196111
11.88895	0.000437113685163227
11.8988	0.000507544567343049
11.90865	0.000766978717518669
11.9185	0.00130798499255402
11.92835	0.00159649383127187
11.9382	0.0014804309672256
11.94805	0.000712816532540528
11.9579	0.000485376490930763
11.96775	0.000348093363251542
11.9776	0.000233530438106595
11.98745	0.00022558380567309
11.9973	0.000346533780405543
12.00715	0.000612684644448234
12.017	0.00128398529871881
12.02685	0.0016704019666164
12.0367	0.0017463534386021
12.04655	0.00106811551096173
12.0564	0.000827884920533676
12.06625	0.00101190920602607
12.0761	0.000749073001055015
12.08595	0.0000276359825987393
12.0958	-0.00112725600702926
12.10565	-0.00105268395512985
12.1155	-0.000233188240765484
12.12535	0.00133117339445886
12.1352	0.00164440929219087
12.14505	0.00148637186220257
12.1549	0.000819475348139355
12.16475	0.000613000097131227
12.1746	0.000763532908910156
12.18445	0.00135419729993093
12.1943	0.000775231514741342
12.20415	0.000283042633446892
12.214	0.000135950482769055
12.22385	0.00076213513684089
12.2337	0.00136492537680873
12.24355	0.00158476422849383
12.2534	0.00121851571847342
12.26325	0.000479327945907306
12.2731	-0.000942890755121434
12.28295	-0.00102192200317713
12.2928	-0.000355106282599948
12.30265	0.000949451924742546
12.3125	0.00219010102990433
12.32235	0.00338175683085425
12.3322	0.00187072952713206
12.34205	0.000859939232555881
12.3519	0.000500249766012217
12.36175	0.000140607186547012
12.3716	0.000151468539106061
12.38145	0.00104844151379689
12.3913	0.00145476840468898
12.40115	0.00177238863591501
12.411	0.00273307913598864
12.42085	0.00284661076921218
12.4307	0.00227909136199018
12.44055	0.002497887283911
12.4504	0.00267800192561538
12.46025	0.00274720904385721
12.4701	0.00202278465827936
12.47995	0.00110324870383525
12.4898	0.000330453974345718
12.49965	-0.000321502235137244
12.5095	-0.000882635376088082
12.51935	-0.00140782537506306
12.5292	-0.00180822200170002
12.53905	-0.00198218537203722
12.5489	-0.00105675540969459
12.55875	0.000271620650188376
12.5686	0.00165709901700513
12.57845	0.00248116795600537
12.5883	0.00272187547418615
12.59815	0.00198523582969539
12.608	0.00108281130893952
12.61785	0.000155134347705622
12.6277	-0.000184578537758757
12.63755	-0.000115957787753498
12.6474	0.000664505384964175
12.65725	0.00142956128465671
12.6671	0.00207446563277861
12.67695	0.00243018525207791
12.6868	0.00263208056431005
12.69665	0.00209302127800524
12.7065	0.00177085445489911
12.71635	0.00187136401337278
12.7262	0.00158625141052894
12.73605	0.00111922589545368
12.7459	0.000884233341435062
12.75575	0.00055877692538039
12.7656	0.0000569016996174283
12.77545	0.000463063053385023
12.7853	0.00132919496117213
12.79515	0.00219371659435538
12.805	0.00272050467057967
12.81485	0.00245468067325816
12.8247	0.00182705292667129
12.83455	0.000967676115252243
12.8444	0.000623683748781943
12.85425	0.000485414761529409
12.8641	0.000912519566123314
12.87395	0.00130459547082012
12.8838	0.00166392505945371
12.89365	0.00202328150464775
12.9035	0.00239245849878094
12.91335	0.00284920578436599
12.9232	0.00279503722095474
12.93305	0.00191928283136184
12.9429	0.000999347273678646
12.95275	0.0000570864056119469
12.9626	0.000548293019398046
12.97245	0.0013895047247404
12.9823	0.00319440210806095
12.99215	0
13.002	0
;;
;; BAND 3
7.00335	0.0046
7.0132	-0.0015
7.02305	-0.0018
7.0329	0.0029
7.04275	-0.0026
7.0526	-0.0108
7.06245	0.0028
7.0723	0.0056
7.08215	0.002
7.092	0.0027
7.10185	0.0062
7.1117	0.0043
7.12155	-0.0003
7.1314	-0.0022
7.14125	0.0022
7.1511	0.0036
7.16095	0.0042
7.1708	-0.0023
7.18065	0.0034
7.1905	0.0067
7.20035	0.0069
7.2102	0.0031
7.22005	0.001
7.2299	-0.0014
7.23975	0.003
7.2496	0.002
7.25945	0.0026
7.2693	0.0069
7.27915	0.0012
7.289	0.0005
7.29885	0.0027
7.3087	0.0029
7.31855	0.0026
7.3284	0.0032
7.33825	0.0026
7.3481	0.0024
7.35795	-0.0046
7.3678	-0.0029
7.37765	0.0029
7.3875	0.0021
7.39735	-0.0003
7.4072	0
7.41705	0.0039
7.4269	0.0003
7.43675	0.0023
7.4466	0.0031
7.45645	0.0017
7.4663	0.0041
7.47615	0.0046
7.486	0.0046
7.49585	0.0021
7.5057	0.0027
7.51555	0.0025
7.5254	0.0052
7.53525	0.0029
7.5451	0.0018
7.55495	0.0029
7.5648	-0.0004
7.57465	0.0001
7.5845	0.0031
7.59435	0.0014
7.6042	-0.0019
7.61405	-0.002
7.6239	-0.0026
7.63375	0.0012
7.6436	0.0025
7.65345	0.0003
7.6633	-0.0003
7.67315	0.0028
7.683	0.0051
7.69285	0.0025
7.7027	0.0001
7.71255	0.0027
7.7224	0.003
7.73225	0.0031
7.7421	0.0018
7.75195	0.0018
7.7618	0.003
7.77165	0.0043
7.7815	0.0014
7.79135	0.001
7.8012	0.0014
7.81105	0.0024
7.8209	0.004
7.83075	0.0017
7.8406	0.0008
7.85045	0.0024
7.8603	0.0056
7.87015	0.0078
7.88	0.0038
7.88985	0.0061
7.8997	0.0083
7.90955	0.003
7.9194	0.0018
7.92925	-0.001
7.9391	-0.0049
7.94895	-0.0017
7.9588	0.0013
7.96865	-0.0019
7.9785	-0.002
7.98835	0.0006
7.9982	0.0019
8.00805	0.0038
8.0179	0.0042
8.02775	0.0015
8.0376	-0.002
8.04745	-0.0041
8.0573	-0.0009
8.06715	0.0002
8.077	-0.0016
8.08685	-0.0014
8.0967	-0.0007
8.10655	-0.0026
8.1164	0.0014
8.12625	0.0066
8.1361	0.005
8.145949015	0.0022
8.1558	0.0009
8.16565	-0.0013
8.1755	-0.0019
8.185349015	0
8.1952	0.0007
8.20505	0.0013
8.2149	-0.0008
8.224749015	0.0005
8.2346	0.0036
8.24445	0.0052
8.2543	0.0052
8.264149015	0.0034
8.274	0.0007
8.28385	-0.0021
8.2937	-0.0014
8.30355	0.002
8.3134	0.0017
8.32325	-0.0007
8.3331	-0.0013
8.34295	-0.0032
8.3528	-0.0033
8.36265	-0.0037
8.3725	-0.0028
8.38235	0.0007
8.392199015	0.0026
8.40205	0.0041
8.4119	0.0032
8.42175	0.0006
8.431599015	0.0007
8.44145	0.0007
8.4513	0.0009
8.46115	0.0034
8.470999015	0.0024
8.48085	0.0039
8.4907	0.0046
8.50055	0.0033
8.510399015	0.0078
8.52025	0.0095
8.5301	0.0058
8.53995	0.0048
8.5498	0.0063
8.55965	0.0067
8.5695	0.0058
8.57935	0.0055
8.5892	0.0062
8.59905	0.0047
8.6089	0.0016
8.61875	0.0017
8.6286	0.005
8.638449015	0.0062
8.6483	0.0073
8.65815	0.0084
8.668	0.0074
8.677849015	0.008
8.6877	0.0099
8.69755	0.0102
8.7074	0.0111
8.717249015	0.0123
8.7271	0.0121
8.73695	0.0122
8.7468	0.0123
8.756649015	0.0107
8.7665	0.0108
8.77635	0.0142
8.7862	0.0175
8.79605	0.0187
8.8059	0.019
8.81575	0.0204
8.8256	0.0226
8.83545	0.0275
8.8453	0.0335
8.85515	0.0386
8.865	0.0429
8.87485	0.0486
8.884699015	0.056
8.89455	0.0647
8.9044	0.0763
8.91425	0.0924
8.924099015	0.1117
8.93395	0.1318
8.9438	0.1577
8.95365	0.1891
8.963499015	0.2231
8.97335	0.2652
8.9832	0.3171
8.99305	0.3768
9.002899015	0.4418
9.01275	0.5136
9.0226	0.5882
9.03245	0.6619
9.0423	0.7361
9.05215	0.8074
9.062	0.8693
9.07185	0.9145
9.0817	0.9487
9.09155	0.9741
9.1014	0.9896
9.11125	0.9978
9.1211	0.9984
9.130949015	0.9918
9.1408	0.9849
9.15065	0.9782
9.1605	0.9702
9.170349015	0.965
9.1802	0.9606
9.19005	0.9535
9.1999	0.9442
9.209749015	0.9376
9.2196	0.933
9.22945	0.9263
9.2393	0.921
9.249149015	0.9186
9.259	0.9132
9.26885	0.9044
9.2787	0.8973
9.28855	0.8893
9.2984	0.877
9.30825	0.8608
9.3181	0.8432
9.32795	0.8225
9.3378	0.7988
9.34765	0.7705
9.3575	0.7369
9.36735	0.6976
9.377199015	0.6531
9.38705	0.6033
9.3969	0.5493
9.40675	0.494
9.416599015	0.439
9.42645	0.3863
9.4363	0.3371
9.44615	0.2892
9.455999015	0.2433
9.46585	0.2029
9.4757	0.1686
9.48555	0.1407
9.495399015	0.1195
9.50525	0.1
9.5151	0.079
9.52495	0.0612
9.5348	0.0508
9.54465	0.0453
9.5545	0.0378
9.56435	0.0284
9.5742	0.0209
9.58405	0.0203
9.5939	0.0216
9.60375	0.0177
9.6136	0.0108
9.623449015	0.0073
9.6333	0.0075
9.64315	0.0083
9.653	0.0088
9.662849015	0.0086
9.6727	0.0078
9.68255	0.0069
9.6924	0.0056
9.702249015	0.0033
9.7121	0.0026
9.72195	0.0031
9.7318	0.0015
9.741649015	0.001
9.7515	0.0046
9.76135	0.0088
9.7712	0.007
9.781049015	0.0032
9.7909	0.0008
9.80075	0.0007
9.8106	-0.001
9.82045	-0.0016
9.8303	-0.0015
9.84015	0.0008
9.85	0.0026
9.85985	0.0031
9.8697	0.0024
9.87955	0.0007
9.8894	0.0017
9.89925	0.0032
9.9091	0.0045
9.91895	0.0032
9.9288	0.0021
9.93865	0.0011
9.9485	0.0014
9.95835	0.0027
9.9682	0.0022
9.97805	-0.0001
9.9879	-0.0014
9.99775	0.0004
10.0076	0.0026
10.01745	0.0037
10.0273	0.0047
10.03715	0.0056
10.047	0.0051
10.05685	0.0034
10.0667	0.0024
10.07655	0.0021
10.0864	0.002
10.09625	0.0022
10.1061	0.0019
10.11595	0.0006
10.1258	-0.0002
10.13565	0.0009
10.1455	0.0029
10.15535	0.0041
10.1652	0.0043
10.17505	0.0011
10.1849	-0.0015
10.19475	-0.0021
10.2046	-0.0012
10.21445	-0.0007
10.2243	0.0007
10.23415	0.0025
10.244	0.0038
10.25385	0.005
10.2637	0.006
10.27355	0.0074
10.2834	0.0077
10.29325	0.0068
10.3031	0.0049
10.31295	0.0008
10.3228	-0.0014
10.33265	-0.0012
10.3425	-0.0005
10.35235	-0.0004
10.3622	0.0002
10.37205	0.0028
10.3819	0.0048
10.39175	0.004
10.4016	0.0022
10.41145	0.0016
10.4213	0.0015
10.43115	0.0003
10.441	-0.0006
10.45085	0.0001
10.4607	0.0014
10.47055	0.0019
10.4804	0.0014
10.49025	0.0014
10.5001	0.0023
10.50995	0.0036
10.5198	0.0037
10.52965	0.0026
10.5395	0.0003
10.54935	-0.0024
10.5592	-0.0028
10.56905	-0.0023
10.5789	0.0003
10.58875	0.0016
10.5986	0.0011
10.60845	-0.0001
10.6183	-0.0014
10.62815	-0.0007
10.638	0.0017
10.64785	0.0033
10.6577	0.0037
10.66755	0.003
10.6774	0.0024
10.68725	0.003
10.6971	0.0039
10.70695	0.005
10.7168	0.0032
10.72665	0.0013
10.7365	0.0009
10.74635	-0.0002
10.7562	-0.0028
10.76605	-0.0059
10.7759	-0.005
10.78575	-0.0002
10.7956	0.0026
10.80545	0.0017
10.8153	-0.0005
10.82515	-0.0017
10.835	-0.0006
10.84485	0.001
10.8547	0.0015
10.86455	0.0016
10.8744	0.002
10.88425	0.0031
10.8941	0.0041
10.90395	0.0034
10.9138	0.0018
10.92365	0.0007
10.9335	0.0006
10.94335	0.0018
10.9532	0.0023
10.96305	0.0021
10.9729	0.0025
10.98275	0.003
10.9926	0.0036
11.00245	0.0023
11.0123	0
11.02215	-0.0008
11.032	0.0002
11.04185	0.0019
11.0517	0.0028
11.06155	0.0032
11.0714	0.0037
11.08125	0.0034
11.0911	0.0021
11.10095	0.0023
11.1108	0.0036
11.12065	0.0038
11.1305	0.0021
11.14035	0.0003
11.1502	0.0011
11.16005	0.0034
11.1699	0.0051
11.17975	0.0048
11.1896	0.0037
11.19945	0.0033
11.2093	0.0037
11.21915	0.0051
11.229	0.0056
11.23885	0.004
11.2487	0.0022
11.25855	0.002
11.2684	0.002
11.27825	0.0012
11.2881	0
11.29795	-0.0006
11.3078	0.0015
11.31765	0.0043
11.3275	0.0051
11.33735	0.0041
11.3472	0.003
11.35705	0.0023
11.3669	0.0019
11.37675	0.0017
11.3866	0.001
11.39645	0.0007
11.4063	0.0012
11.41615	0.0015
11.426	0.0012
11.43585	0.001
11.4457	0.001
11.45555	0.0008
11.4654	0.0004
11.47525	0.0008
11.4851	0.0022
11.49495	0.0041
11.5048	0.0038
11.51465	0.0014
11.5245	-0.001
11.53435	-0.0028
11.5442	-0.0031
11.55405	-0.0024
11.5639	-0.0014
11.57375	0.0002
11.5836	0.0019
11.59345	0.0028
11.6033	0.0026
11.61315	0.0021
11.623	0.0017
11.63285	0.0013
11.6427	0.0017
11.65255	0.0011
11.6624	0.0001
11.67225	-0.0002
11.6821	0
11.69195	0.001
11.7018	0.0024
11.71165	0.0032
11.7215	0.0017
11.73135	-0.0012
11.7412	-0.0035
11.75105	-0.0033
11.7609	-0.0008
11.77075	0.0017
11.7806	0.0022
11.79045	0.0014
11.8003	0.0006
11.81015	-0.0005
11.82	-0.0015
11.82985	-0.0022
11.8397	-0.0026
11.84955	-0.0033
11.8594	-0.0041
11.86925	-0.0049
11.8791	-0.0053
11.88895	-0.0049
11.8988	-0.0036
11.90865	-0.0015
11.9185	0.001
11.92835	0.0037
11.9382	0.0064
11.94805	0.0068
11.9579	0.0047
11.96775	0.0018
11.9776	-0.0008
11.98745	-0.0019
11.9973	-0.0013
12.00715	0.0001
12.017	0.0012
12.02685	0.0015
12.0367	0.0015
12.04655	0.0017
12.0564	0.0023
12.06625	0.003
12.0761	0.0024
12.08595	0.0002
12.0958	-0.0036
12.10565	-0.0069
12.1155	-0.0079
12.12535	-0.0059
12.1352	-0.0029
12.14505	-0.0009
12.1549	0.0003
12.16475	0.0012
12.1746	0.002
12.18445	0.0034
12.1943	0.0053
12.20415	0.0066
12.214	0.0073
12.22385	0.0074
12.2337	0.0062
12.24355	0.0044
12.2534	0.0029
12.26325	0.002
12.2731	0.001
12.28295	-0.0005
12.2928	-0.0007
12.30265	0.0005
12.3125	0.002
12.32235	0.0026
12.3322	0.0014
12.34205	-0.0018
12.3519	-0.0039
12.36175	-0.0034
12.3716	-0.002
12.38145	-0.0007
12.3913	0
12.40115	0.0012
12.411	0.003
12.42085	0.0049
12.4307	0.0054
12.44055	0.0041
12.4504	0.0017
12.46025	0.0004
12.4701	0.0008
12.47995	0.0008
12.4898	-0.0001
12.49965	-0.0016
12.5095	-0.0025
12.51935	-0.0022
12.5292	-0.0004
12.53905	0.0018
12.5489	0.0033
12.55875	0.0029
12.5686	0.0014
12.57845	0.0002
12.5883	-0.0004
12.59815	-0.0005
12.608	0.0005
12.61785	0.0019
12.6277	0.0031
12.63755	0.0034
12.6474	0.0027
12.65725	0.0017
12.6671	0.0006
12.67695	-0.0007
12.6868	-0.0018
12.69665	-0.0026
12.7065	-0.0035
12.71635	-0.0041
12.7262	-0.0041
12.73605	-0.003
12.7459	-0.0012
12.75575	0.0002
12.7656	0.0013
12.77545	0.0021
12.7853	0.0023
12.79515	0.0019
12.805	0.0018
12.81485	0.0018
12.8247	0.0019
12.83455	0.0019
12.8444	0.0018
12.85425	0.0016
12.8641	0.0012
12.87395	0.0006
12.8838	0.0002
12.89365	0
12.9035	-0.0008
12.91335	-0.0022
12.9232	-0.0033
12.93305	-0.003
12.9429	-0.0008
12.95275	0.0011
12.9626	0.0018
12.97245	0.0015
12.9823	0.0006
12.99215	-0.0002
13.002	-0.0001
;;
;; BAND 4
7.00335	0.0002
7.0132	-0.0011
7.02305	-0.0015
7.0329	-0.002
7.04275	-0.0011
7.0526	0.0002
7.06245	0.0014
7.0723	0.0021
7.08215	0.0029
7.092	0.0034
7.10185	0.0038
7.1117	0.004
7.12155	0.0032
7.1314	0.0025
7.14125	0.0022
7.1511	0.0021
7.16095	0.002
7.1708	0.0013
7.18065	0.0005
7.1905	0.0003
7.20035	0.0003
7.2102	0.0004
7.22005	-0.0001
7.2299	-0.0007
7.23975	-0.0011
7.2496	-0.0016
7.25945	-0.0021
7.2693	-0.0009
7.27915	0.0004
7.289	0.0013
7.29885	0.0016
7.3087	0.002
7.31855	0.0026
7.3284	0.0032
7.33825	0.0037
7.3481	0.0039
7.35795	0.0041
7.3678	0.0036
7.37765	0.003
7.3875	0.0024
7.39735	0.0019
7.4072	0.0014
7.41705	0.0011
7.4269	0.0008
7.43675	0.0006
7.4466	0.0011
7.45645	0.0015
7.4663	0.002
7.47615	0.0026
7.486	0.0031
7.49585	0.0031
7.5057	0.0032
7.51555	0.0035
7.5254	0.0041
7.53525	0.0047
7.5451	0.0042
7.55495	0.0038
7.5648	0.0029
7.57465	0.0015
7.5845	0.0001
7.59435	0.0002
7.6042	0.0005
7.61405	0.0011
7.6239	0.0023
7.63375	0.0034
7.6436	0.0034
7.65345	0.0032
7.6633	0.0028
7.67315	0.0019
7.683	0.0011
7.69285	0.0005
7.7027	0
7.71255	-0.0001
7.7224	0.0012
7.73225	0.0024
7.7421	0.0037
7.75195	0.0049
7.7618	0.0059
7.77165	0.0056
7.7815	0.0053
7.79135	0.005
7.8012	0.0048
7.81105	0.0046
7.8209	0.0046
7.83075	0.0047
7.8406	0.0044
7.85045	0.0041
7.8603	0.0037
7.87015	0.0032
7.88	0.0026
7.88985	0.0023
7.8997	0.0023
7.90955	0.0022
7.9194	0.002
7.92925	0.0017
7.9391	0.0017
7.94895	0.0022
7.9588	0.0026
7.96865	0.0031
7.9785	0.0036
7.98835	0.0039
7.9982	0.0038
8.00805	0.0037
8.0179	0.0034
8.02775	0.0029
8.0376	0.0024
8.04745	0.0018
8.0573	0.0011
8.06715	0.0011
8.077	0.0014
8.08685	0.0016
8.0967	0.0014
8.10655	0.0013
8.1164	0.001
8.12625	0.0007
8.1361	0.0005
8.145949015	0.0002
8.1558	-0.0001
8.16565	0
8.1755	0.0003
8.185349015	0.0007
8.1952	0.0016
8.20505	0.0025
8.2149	0.0029
8.224749015	0.0028
8.2346	0.0026
8.24445	0.0024
8.2543	0.0023
8.264149015	0.0023
8.274	0.0025
8.28385	0.0027
8.2937	0.0028
8.30355	0.0029
8.3134	0.0028
8.32325	0.0023
8.3331	0.0018
8.34295	0.0012
8.3528	0.0005
8.36265	0
8.3725	0.0001
8.38235	0.0002
8.392199015	0.0007
8.40205	0.0013
8.4119	0.0019
8.42175	0.0027
8.431599015	0.0034
8.44145	0.0032
8.4513	0.0024
8.46115	0.0018
8.470999015	0.0017
8.48085	0.0016
8.4907	0.0019
8.50055	0.0025
8.510399015	0.0031
8.52025	0.0031
8.5301	0.003
8.53995	0.0029
8.5498	0.0026
8.55965	0.0023
8.5695	0.0021
8.57935	0.0018
8.5892	0.0016
8.59905	0.0014
8.6089	0.0011
8.61875	0.0008
8.6286	0.0005
8.638449015	0.0004
8.6483	0.0007
8.65815	0.0009
8.668	0.0011
8.677849015	0.0012
8.6877	0.0014
8.69755	0.0018
8.7074	0.0021
8.717249015	0.0016
8.7271	0.0006
8.73695	-0.0001
8.7468	-0.0002
8.756649015	-0.0003
8.7665	-0.0003
8.77635	-0.0003
8.7862	-0.0002
8.79605	0.0002
8.8059	0.0006
8.81575	0.0013
8.8256	0.0022
8.83545	0.003
8.8453	0.0036
8.85515	0.0042
8.865	0.0043
8.87485	0.004
8.884699015	0.0037
8.89455	0.0033
8.9044	0.0028
8.91425	0.0025
8.924099015	0.0022
8.93395	0.0019
8.9438	0.0017
8.95365	0.0015
8.963499015	0.0015
8.97335	0.0017
8.9832	0.0019
8.99305	0.0022
9.002899015	0.0025
9.01275	0.003
9.0226	0.0036
9.03245	0.0043
9.0423	0.0045
9.05215	0.0045
9.062	0.0044
9.07185	0.004
9.0817	0.0037
9.09155	0.0033
9.1014	0.0028
9.11125	0.0025
9.1211	0.003
9.130949015	0.0035
9.1408	0.0037
9.15065	0.0037
9.1605	0.0036
9.170349015	0.0033
9.1802	0.0029
9.19005	0.0026
9.1999	0.0021
9.209749015	0.0017
9.2196	0.0015
9.22945	0.0012
9.2393	0.001
9.249149015	0.0006
9.259	0.0003
9.26885	0.0005
9.2787	0.0008
9.28855	0.0012
9.2984	0.0016
9.30825	0.0019
9.3181	0.0021
9.32795	0.0023
9.3378	0.0024
9.34765	0.0024
9.3575	0.0025
9.36735	0.0029
9.377199015	0.0034
9.38705	0.0039
9.3969	0.0039
9.40675	0.004
9.416599015	0.0035
9.42645	0.0027
9.4363	0.0019
9.44615	0.001
9.455999015	0
9.46585	0
9.4757	0.0005
9.48555	0.0011
9.495399015	0.0018
9.50525	0.0024
9.5151	0.0028
9.52495	0.0029
9.5348	0.003
9.54465	0.0024
9.5545	0.0018
9.56435	0.0016
9.5742	0.0017
9.58405	0.0019
9.5939	0.0013
9.60375	0.0007
9.6136	0.0003
9.623449015	0.0002
9.6333	0.0002
9.64315	0.0001
9.653	0.0001
9.662849015	0.0004
9.6727	0.0014
9.68255	0.0024
9.6924	0.0026
9.702249015	0.0025
9.7121	0.0023
9.72195	0.002
9.7318	0.0017
9.741649015	0.001
9.7515	-0.0001
9.76135	-0.0009
9.7712	-0.0009
9.781049015	-0.0008
9.7909	-0.0002
9.80075	0.0007
9.8106	0.0016
9.82045	0.0021
9.8303	0.0026
9.84015	0.0029
9.85	0.0029
9.85985	0.003
9.8697	0.0025
9.87955	0.0021
9.8894	0.0016
9.89925	0.0012
9.9091	0.0007
9.91895	0.0001
9.9288	-0.0006
9.93865	-0.0009
9.9485	-0.0004
9.95835	0
9.9682	0.0006
9.97805	0.0012
9.9879	0.0018
9.99775	0.0023
10.0076	0.0028
10.01745	0.0027
10.0273	0.0024
10.03715	0.0021
10.047	0.0021
10.05685	0.0022
10.0667	0.0026
10.07655	0.0033
10.0864	0.004
10.09625	0.0054
10.1061	0.0067
10.11595	0.0088
10.1258	0.0114
10.13565	0.0142
10.1455	0.0195
10.15535	0.0248
10.1652	0.0329
10.17505	0.0434
10.1849	0.054
10.19475	0.075
10.2046	0.0961
10.21445	0.1219
10.2243	0.1536
10.23415	0.1852
10.244	0.2313
10.25385	0.2788
10.2637	0.3352
10.27355	0.4064
10.2834	0.4776
10.29325	0.5488
10.3031	0.6201
10.31295	0.6898
10.3228	0.7559
10.33265	0.8221
10.3425	0.8708
10.35235	0.9139
10.3622	0.9521
10.37205	0.9728
10.3819	0.9935
10.39175	0.9977
10.4016	0.9945
10.41145	0.9905
10.4213	0.983
10.43115	0.9754
10.441	0.9675
10.45085	0.9594
10.4607	0.9519
10.47055	0.9525
10.4804	0.9531
10.49025	0.9521
10.5001	0.9498
10.50995	0.9475
10.5198	0.943
10.52965	0.9386
10.5395	0.9365
10.54935	0.9373
10.5592	0.9381
10.56905	0.9395
10.5789	0.9411
10.58875	0.9379
10.5986	0.9271
10.60845	0.9162
10.6183	0.8927
10.62815	0.8668
10.638	0.8346
10.64785	0.7884
10.6577	0.7421
10.66755	0.6874
10.6774	0.6301
10.68725	0.5702
10.6971	0.5013
10.70695	0.4324
10.7168	0.373
10.72665	0.3179
10.7365	0.2644
10.74635	0.2203
10.7562	0.1762
10.76605	0.1448
10.7759	0.1213
10.78575	0.0984
10.7956	0.0812
10.80545	0.0639
10.8153	0.0533
10.82515	0.0483
10.835	0.0432
10.84485	0.0351
10.8547	0.027
10.86455	0.021
10.8744	0.0175
10.88425	0.014
10.8941	0.0121
10.90395	0.0104
10.9138	0.0103
10.92365	0.0128
10.9335	0.0153
10.94335	0.0126
10.9532	0.0089
10.96305	0.0065
10.9729	0.0069
10.98275	0.0073
10.9926	0.0051
11.00245	0.0022
11.0123	0.0011
11.02215	0.0057
11.032	0.0104
11.04185	0.0099
11.0517	0.0072
11.06155	0.0054
11.0714	0.0087
11.08125	0.012
11.0911	0.013
11.10095	0.0127
11.1108	0.0124
11.12065	0.0126
11.1305	0.0127
11.14035	0.0128
11.1502	0.0127
11.16005	0.0127
11.1699	0.0123
11.17975	0.012
11.1896	0.0118
11.19945	0.0116
11.2093	0.0115
11.21915	0.0112
11.229	0.0108
11.23885	0.0105
11.2487	0.01
11.25855	0.0095
11.2684	0.0092
11.27825	0.0089
11.2881	0.0086
11.29795	0.0083
11.3078	0.0079
11.31765	0.0075
11.3275	0.007
11.33735	0.0066
11.3472	0.0062
11.35705	0.0058
11.3669	0.0055
11.37675	0.0052
11.3866	0.005
11.39645	0.0048
11.4063	0.0047
11.41615	0.0045
11.426	0.0043
11.43585	0.0041
11.4457	0.0041
11.45555	0.0042
11.4654	0.0045
11.47525	0.0051
11.4851	0.0056
11.49495	0.0059
11.5048	0.0062
11.51465	0.0064
11.5245	0.0064
11.53435	0.0065
11.5442	0.0061
11.55405	0.0057
11.5639	0.0052
11.57375	0.0046
11.5836	0.004
11.59345	0.0035
11.6033	0.0029
11.61315	0.0026
11.623	0.0026
11.63285	0.0026
11.6427	0.0026
11.65255	0.0026
11.6624	0.0026
11.67225	0.0026
11.6821	0.0026
11.69195	0.0027
11.7018	0.0028
11.71165	0.003
11.7215	0.0034
11.73135	0.0039
11.7412	0.0045
11.75105	0.0052
11.7609	0.0059
11.77075	0.0063
11.7806	0.0067
11.79045	0.0069
11.8003	0.0068
11.81015	0.0068
11.82	0.0061
11.82985	0.0055
11.8397	0.0048
11.84955	0.004
11.8594	0.0032
11.86925	0.0027
11.8791	0.0021
11.88895	0.0019
11.8988	0.0022
11.90865	0.0025
11.9185	0.0028
11.92835	0.0031
11.9382	0.0034
11.94805	0.0038
11.9579	0.0041
11.96775	0.0041
11.9776	0.0041
11.98745	0.0041
11.9973	0.0039
12.00715	0.0038
12.017	0.0035
12.02685	0.0032
12.0367	0.0031
12.04655	0.0036
12.0564	0.0041
12.06625	0.0045
12.0761	0.0048
12.08595	0.0052
12.0958	0.0054
12.10565	0.0055
12.1155	0.0054
12.12535	0.0051
12.1352	0.0048
12.14505	0.0043
12.1549	0.0039
12.16475	0.0034
12.1746	0.0029
12.18445	0.0024
12.1943	0.0022
12.20415	0.002
12.214	0.0019
12.22385	0.0019
12.2337	0.0018
12.24355	0.0022
12.2534	0.0026
12.26325	0.0029
12.2731	0.0034
12.28295	0.0038
12.2928	0.0042
12.30265	0.0046
12.3125	0.0049
12.32235	0.0048
12.3322	0.0047
12.34205	0.0044
12.3519	0.004
12.36175	0.0036
12.3716	0.0029
12.38145	0.0021
12.3913	0.0016
12.40115	0.0012
12.411	0.0008
12.42085	0.0008
12.4307	0.0007
12.44055	0.001
12.4504	0.0015
12.46025	0.0021
12.4701	0.0026
12.47995	0.0031
12.4898	0.0034
12.49965	0.0035
12.5095	0.0036
12.51935	0.0036
12.5292	0.0036
12.53905	0.0036
12.5489	0.0035
12.55875	0.0035
12.5686	0.0036
12.57845	0.0037
12.5883	0.0038
12.59815	0.0038
12.608	0.0038
12.61785	0.0038
12.6277	0.0037
12.63755	0.0036
12.6474	0.0034
12.65725	0.0032
12.6671	0.0029
12.67695	0.0026
12.6868	0.0024
12.69665	0.0024
12.7065	0.0024
12.71635	0.0025
12.7262	0.0025
12.73605	0.0026
12.7459	0.0027
12.75575	0.0028
12.7656	0.0028
12.77545	0.0027
12.7853	0.0027
12.79515	0.0026
12.805	0.0025
12.81485	0.0024
12.8247	0.0023
12.83455	0.0021
12.8444	0.002
12.85425	0.002
12.8641	0.002
12.87395	0.002
12.8838	0.0021
12.89365	0.0022
12.9035	0.0022
12.91335	0.0023
12.9232	0.0024
12.93305	0.0025
12.9429	0.0022
12.95275	0.0019
12.9626	0.0015
12.97245	0.0013
12.9823	0.0011
12.99215	0.0012
13.002	0.0014
;;
;; BAND 5
7.00335	0.0014
7.0132	0.0026
7.02305	0.001
7.0329	-0.0014
7.04275	-0.0016
7.0526	-0.0007
7.06245	-0.0002
7.0723	0.003
7.08215	0.0002
7.092	0.0008
7.10185	0.0016
7.1117	-0.0002
7.12155	-0.0031
7.1314	0.0003
7.14125	0.0005
7.1511	0.0016
7.16095	0.0009
7.1708	0.0001
7.18065	0.0011
7.1905	0.0023
7.20035	0.0022
7.2102	0.0025
7.22005	0.0025
7.2299	0.0014
7.23975	0.0022
7.2496	0.0035
7.25945	0.0048
7.2693	0.0037
7.27915	0.0035
7.289	0.0007
7.29885	0.001
7.3087	0.0029
7.31855	0.0007
7.3284	0.0006
7.33825	0.0007
7.3481	0.0008
7.35795	0.001
7.3678	0.0021
7.37765	0.0035
7.3875	0
7.39735	-0.0012
7.4072	-0.0001
7.41705	-0.0002
7.4269	0.0002
7.43675	-0.0012
7.4466	-0.0001
7.45645	0.0012
7.4663	0.0012
7.47615	0.0009
7.486	0.0005
7.49585	0.0004
7.5057	0.0003
7.51555	-0.0006
7.5254	0
7.53525	0.0013
7.5451	0.002
7.55495	0.0015
7.5648	0.0003
7.57465	-0.0011
7.5845	-0.0005
7.59435	0.0002
7.6042	0.0008
7.61405	0
7.6239	-0.0006
7.63375	-0.0012
7.6436	0.0009
7.65345	0.0015
7.6633	-0.0001
7.67315	0.0011
7.683	0.001
7.69285	0.001
7.7027	0.001
7.71255	0.0003
7.7224	0.0012
7.73225	0.001
7.7421	0.0011
7.75195	0.0002
7.7618	-0.0004
7.77165	-0.0004
7.7815	-0.0011
7.79135	0
7.8012	0.0017
7.81105	0.001
7.8209	-0.0007
7.83075	-0.0002
7.8406	0.0005
7.85045	0.0001
7.8603	-0.0005
7.87015	-0.0003
7.88	0.0009
7.88985	0.0013
7.8997	0.0014
7.90955	0.0017
7.9194	0.0011
7.92925	0
7.9391	0.0005
7.94895	-0.0004
7.9588	-0.0007
7.96865	-0.0001
7.9785	0.0002
7.98835	0.0008
7.9982	0.0006
8.00805	0.0007
8.0179	0.0006
8.02775	0.0003
8.0376	0
8.04745	0.0002
8.0573	0.0016
8.06715	0.0025
8.077	0.0018
8.08685	0.0015
8.0967	0.0019
8.10655	0.0016
8.1164	0.0005
8.12625	0.0002
8.1361	0.001
8.145949015	0.0019
8.1558	0.0014
8.16565	0.0007
8.1755	0.0004
8.185349015	0.0005
8.1952	0.001
8.20505	0.001
8.2149	0.0012
8.224749015	0.0012
8.2346	-0.0004
8.24445	-0.0005
8.2543	0.001
8.264149015	0.0005
8.274	-0.0007
8.28385	-0.0003
8.2937	0.0009
8.30355	0.0006
8.3134	-0.0011
8.32325	-0.0016
8.3331	-0.0007
8.34295	0
8.3528	0.0003
8.36265	-0.0003
8.3725	-0.0004
8.38235	0.0004
8.392199015	0.0012
8.40205	0.0011
8.4119	0.0002
8.42175	-0.0006
8.431599015	-0.0016
8.44145	-0.0009
8.4513	0.0011
8.46115	0.0012
8.470999015	0.0005
8.48085	0.0002
8.4907	0.0001
8.50055	-0.0003
8.510399015	0.0004
8.52025	0.0012
8.5301	0.001
8.53995	0.0009
8.5498	0.0009
8.55965	0.0013
8.5695	0.0016
8.57935	0.0007
8.5892	0.0003
8.59905	0.0013
8.6089	0.0014
8.61875	0.0007
8.6286	0.0001
8.638449015	-0.0001
8.6483	-0.0002
8.65815	0.0006
8.668	0.0011
8.677849015	0.0007
8.6877	0.0008
8.69755	0.0007
8.7074	0.0006
8.717249015	0.0006
8.7271	0.0006
8.73695	0.0008
8.7468	0.0006
8.756649015	0.0007
8.7665	0.001
8.77635	0.0001
8.7862	-0.0005
8.79605	-0.0003
8.8059	-0.0005
8.81575	-0.0002
8.8256	0.0002
8.83545	0.0004
8.8453	0.0001
8.85515	0
8.865	0.0007
8.87485	0.0002
8.884699015	-0.0006
8.89455	0.0001
8.9044	0.0006
8.91425	0.0012
8.924099015	0.0015
8.93395	0.0015
8.9438	0.0011
8.95365	0.001
8.963499015	0.0006
8.97335	0.0001
8.9832	-0.0006
8.99305	0.0006
9.002899015	0.0008
9.01275	0
9.0226	-0.0001
9.03245	0.0003
9.0423	0.0004
9.05215	0.0009
9.062	0.0005
9.07185	-0.0005
9.0817	0.0001
9.09155	0.0005
9.1014	0.0004
9.11125	0.0008
9.1211	0.0022
9.130949015	0.0027
9.1408	0.0032
9.15065	0.0022
9.1605	0.0007
9.170349015	0.0006
9.1802	0.0006
9.19005	-0.0007
9.1999	-0.0002
9.209749015	0.001
9.2196	0.0007
9.22945	-0.0002
9.2393	0.0006
9.249149015	0.0003
9.259	0.0006
9.26885	0.0002
9.2787	-0.0003
9.28855	-0.0004
9.2984	-0.001
9.30825	-0.0011
9.3181	-0.0005
9.32795	0.0004
9.3378	0.0008
9.34765	-0.0002
9.3575	-0.0007
9.36735	0.0009
9.377199015	0.0016
9.38705	0.0015
9.3969	0.001
9.40675	0.0003
9.416599015	-0.0002
9.42645	-0.0001
9.4363	-0.0003
9.44615	0.0001
9.455999015	-0.0001
9.46585	0.0009
9.4757	0.0023
9.48555	0.0034
9.495399015	0.0027
9.50525	0.0017
9.5151	0.0011
9.52495	0.0007
9.5348	0.0005
9.54465	0.0009
9.5545	0.0015
9.56435	0.0015
9.5742	0.0007
9.58405	0.0006
9.5939	0.0012
9.60375	0.002
9.6136	0.0025
9.623449015	0.0026
9.6333	0.0023
9.64315	0.0014
9.653	0.0005
9.662849015	0.0003
9.6727	0.0007
9.68255	0.0011
9.6924	0.002
9.702249015	0.0033
9.7121	0.0035
9.72195	0.002
9.7318	0.0004
9.741649015	0.0001
9.7515	0.0002
9.76135	-0.0003
9.7712	-0.0003
9.781049015	0.0007
9.7909	0.0003
9.80075	-0.0008
9.8106	-0.001
9.82045	-0.0003
9.8303	0.0006
9.84015	0.0006
9.85	-0.0006
9.85985	-0.0022
9.8697	-0.0022
9.87955	-0.001
9.8894	0
9.89925	0.0002
9.9091	0.0003
9.91895	0.0007
9.9288	0.0009
9.93865	0.0005
9.9485	0.0001
9.95835	0.0002
9.9682	0.0012
9.97805	0.0016
9.9879	0.0009
9.99775	-0.0002
10.0076	-0.0008
10.01745	-0.0012
10.0273	-0.0011
10.03715	-0.0005
10.047	0
10.05685	0.0001
10.0667	0.0002
10.07655	-0.0002
10.0864	-0.0005
10.09625	0.0004
10.1061	0.0015
10.11595	0.001
10.1258	-0.0008
10.13565	-0.0014
10.1455	-0.0004
10.15535	0.0009
10.1652	0.0015
10.17505	0.0012
10.1849	0.0007
10.19475	0.0005
10.2046	0.0008
10.21445	0.0013
10.2243	0.0017
10.23415	0.0016
10.244	0.0011
10.25385	0.0008
10.2637	0.0014
10.27355	0.0021
10.2834	0.0025
10.29325	0.0023
10.3031	0.0013
10.31295	0.0004
10.3228	0.0001
10.33265	0.0007
10.3425	0.0017
10.35235	0.0018
10.3622	0.0015
10.37205	0.0009
10.3819	0.0008
10.39175	0.0013
10.4016	0.0016
10.41145	0.0017
10.4213	0.0013
10.43115	0.001
10.441	0.0014
10.45085	0.0021
10.4607	0.0027
10.47055	0.0021
10.4804	0.0007
10.49025	0.0002
10.5001	0.0005
10.50995	0.0008
10.5198	0.001
10.52965	0.0013
10.5395	0.0015
10.54935	0.0012
10.5592	0.0012
10.56905	0.0017
10.5789	0.0024
10.58875	0.0023
10.5986	0.002
10.60845	0.0015
10.6183	0.0006
10.62815	0
10.638	-0.0004
10.64785	0.0001
10.6577	0.0002
10.66755	0.0001
10.6774	0.0002
10.68725	0.0006
10.6971	0.0011
10.70695	0.0008
10.7168	0.0002
10.72665	0.0007
10.7365	0.0015
10.74635	0.0021
10.7562	0.0019
10.76605	0.0009
10.7759	0.0002
10.78575	0.0001
10.7956	0.0003
10.80545	0.0006
10.8153	0.0007
10.82515	0.0007
10.835	0.0006
10.84485	0.0009
10.8547	0.0016
10.86455	0.002
10.8744	0.0019
10.88425	0.0012
10.8941	0.0011
10.90395	0.0007
10.9138	-0.0003
10.92365	-0.001
10.9335	-0.0004
10.94335	0.0019
10.9532	0.0026
10.96305	0.0015
10.9729	0.0004
10.98275	0.0001
10.9926	0.0009
11.00245	0.0014
11.0123	0.0011
11.02215	0.0011
11.032	0.0013
11.04185	0.0018
11.0517	0.002
11.06155	0.0028
11.0714	0.0028
11.08125	0.002
11.0911	0.0009
11.10095	0.0002
11.1108	0.0013
11.12065	0.0027
11.1305	0.0035
11.14035	0.0034
11.1502	0.0027
11.16005	0.0025
11.1699	0.0021
11.17975	0.0014
11.1896	0.0012
11.19945	0.0012
11.2093	0.0019
11.21915	0.0023
11.229	0.0023
11.23885	0.0029
11.2487	0.0043
11.25855	0.0055
11.2684	0.0061
11.27825	0.006
11.2881	0.0048
11.29795	0.0047
11.3078	0.005
11.31765	0.0052
11.3275	0.0072
11.33735	0.0086
11.3472	0.0093
11.35705	0.0094
11.3669	0.0091
11.37675	0.0089
11.3866	0.0092
11.39645	0.0098
11.4063	0.0105
11.41615	0.0114
11.426	0.0121
11.43585	0.0125
11.4457	0.0132
11.45555	0.0144
11.4654	0.0156
11.47525	0.0168
11.4851	0.0177
11.49495	0.0187
11.5048	0.0204
11.51465	0.0229
11.5245	0.026
11.53435	0.0285
11.5442	0.0306
11.55405	0.0327
11.5639	0.0356
11.57375	0.0398
11.5836	0.0451
11.59345	0.0512
11.6033	0.0572
11.61315	0.0631
11.623	0.0693
11.63285	0.0761
11.6427	0.0847
11.65255	0.0952
11.6624	0.1073
11.67225	0.1212
11.6821	0.1368
11.69195	0.1537
11.7018	0.1725
11.71165	0.1942
11.7215	0.2188
11.73135	0.2458
11.7412	0.2757
11.75105	0.3096
11.7609	0.3471
11.77075	0.3869
11.7806	0.4293
11.79045	0.4741
11.8003	0.5206
11.81015	0.5692
11.82	0.6187
11.82985	0.6678
11.8397	0.7161
11.84955	0.7623
11.8594	0.8056
11.86925	0.8456
11.8791	0.8806
11.88895	0.9106
11.8988	0.9374
11.90865	0.9595
11.9185	0.9763
11.92835	0.9891
11.9382	0.997
11.94805	1
11.9579	0.9999
11.96775	0.9979
11.9776	0.9944
11.98745	0.9901
11.9973	0.9851
12.00715	0.9793
12.017	0.9731
12.02685	0.9671
12.0367	0.9611
12.04655	0.9551
12.0564	0.9498
12.06625	0.9456
12.0761	0.9428
12.08595	0.9408
12.0958	0.9394
12.10565	0.9381
12.1155	0.937
12.12535	0.9361
12.1352	0.9355
12.14505	0.9349
12.1549	0.9341
12.16475	0.933
12.1746	0.9316
12.18445	0.9298
12.1943	0.9279
12.20415	0.9258
12.214	0.9234
12.22385	0.9199
12.2337	0.9146
12.24355	0.9075
12.2534	0.8985
12.26325	0.8885
12.2731	0.8768
12.28295	0.863
12.2928	0.8471
12.30265	0.828
12.3125	0.8059
12.32235	0.7813
12.3322	0.7536
12.34205	0.724
12.3519	0.6931
12.36175	0.6605
12.3716	0.626
12.38145	0.5902
12.3913	0.5536
12.40115	0.5175
12.411	0.4819
12.42085	0.447
12.4307	0.4125
12.44055	0.379
12.4504	0.3474
12.46025	0.3174
12.4701	0.2901
12.47995	0.2636
12.4898	0.2381
12.49965	0.2151
12.5095	0.1936
12.51935	0.1741
12.5292	0.1567
12.53905	0.1406
12.5489	0.1265
12.55875	0.1139
12.5686	0.1024
12.57845	0.0925
12.5883	0.0832
12.59815	0.0746
12.608	0.0671
12.61785	0.0603
12.6277	0.0551
12.63755	0.0502
12.6474	0.0456
12.65725	0.0416
12.6671	0.0378
12.67695	0.034
12.6868	0.031
12.69665	0.0285
12.7065	0.0258
12.71635	0.0233
12.7262	0.0212
12.73605	0.0188
12.7459	0.0162
12.75575	0.0155
12.7656	0.0149
12.77545	0.0146
12.7853	0.0141
12.79515	0.0136
12.805	0.0114
12.81485	0.0097
12.8247	0.0091
12.83455	0.0088
12.8444	0.0085
12.85425	0.0087
12.8641	0.0086
12.87395	0.0075
12.8838	0.0067
12.89365	0.006
12.9035	0.0054
12.91335	0.0048
12.9232	0.0042
12.93305	0.0037
12.9429	0.0035
12.95275	0.0036
12.9626	0.0037
12.97245	0.0046
12.9823	0.005
12.99215	0.0045
13.002	0.0041
;;