#
#  KX10/MII SDGSAT1/MII RSR
#
#  from RSR_mii.xlsx
#
#  Tabulated QV 2023-01-03
#
# Wavelength (nm)	RSR
#
# BAND 1 DeepBlue1
0.37	0.00743518321540029
0.371	0.0154814047519165
0.372	0.0285411890858747
0.373	0.0406506166384012
0.374	0.0578259627664263
0.375	0.0836042247799235
0.376	0.118131866311178
0.377	0.172346605854436
0.378	0.220054648828589
0.379	0.279526173581274
0.38	0.334983534439167
0.381	0.429031742844324
0.382	0.513290746215638
0.383	0.546673187943326
0.384	0.576383435162008
0.385	0.613208103614073
0.386	0.657387102054666
0.387	0.693572897468167
0.388	0.727132951202427
0.389	0.737694901011129
0.39	0.745103574971817
0.391	0.748848007199914
0.392	0.756289817728992
0.393	0.780526566580976
0.394	0.803479604773522
0.395	0.825631400742392
0.396	0.849294886961224
0.397	0.878172743581944
0.398	0.907552287848091
0.399	0.936422191692397
0.4	0.963194550757601
0.401	0.978016537798552
0.402	0.991316893619024
0.403	0.993556262910835
0.404	0.999717013705948
0.405	0.999638148673179
0.406	1
0.407	0.984474854977809
0.408	0.967235223907106
0.409	0.931751923743478
0.41	0.90349239548892
0.411	0.874727865932095
0.412	0.845493459835497
0.413	0.818017280057684
0.414	0.788968438744071
0.415	0.74217165140065
0.416	0.695698939696085
0.417	0.626220834020917
0.418	0.531368732466613
0.419	0.42822387330697
0.42	0.336580054304208
0.421	0.258021203427382
0.422	0.187666304152609
0.423	0.14631451772707
0.424	0.11405275474234
0.425	0.0923058876391985
0.426	0.0711985563059884
0.427	0.0538098106775302
0.428	0.0347947222724794
0.429	0.0206579994658385
0.43	0.00623630217104169
0.431	0.003283833927472
0.432	0.000243782287443825
0.433	0.000125504355139184
0.434	0
0.435	0
0.436	0
0.437	0
0.438	0
0.439	0
0.44	0
0.441	0
0.442	0
0.443	0
0.444	0
0.445	0
0.446	0
0.447	0
0.448	0
0.449	0
0.45	0
0.451	0
0.452	0
0.453	0
0.454	0
0.455	0
0.456	0
0.457	0
0.458	0
0.459	0
0.46	0
0.461	0
0.462	0
0.463	0
0.464	0
0.465	0
0.466	0
0.467	0
0.468	0
0.469	0
0.47	0
0.471	0
0.472	0
0.473	0
0.474	0
0.475	0
0.476	0
0.477	0
0.478	0
0.479	0
0.48	0
0.481	0
0.482	0
0.483	0
0.484	0
0.485	0
0.486	0
0.487	0
0.488	0
0.489	0
0.49	0
0.491	0
0.492	0
0.493	0
0.494	0
0.495	0
0.496	0
0.497	0
0.498	0
0.499	0
0.5	0
0.501	0
0.502	0
0.503	0
0.504	0
0.505	0
0.506	0
0.507	0
0.508	0
0.509	0
0.51	0
0.511	0
0.512	0
0.513	0
0.514	0
0.515	0
0.516	0
0.517	0
0.518	0
0.519	0
0.52	0
0.521	0
0.522	0
0.523	0
0.524	0
0.525	0
0.526	0
0.527	0
0.528	0
0.529	0
0.53	0
0.531	0
0.532	0
0.533	0
0.534	0
0.535	0
0.536	0
0.537	0
0.538	0
0.539	0
0.54	0
0.541	0
0.542	0
0.543	0
0.544	0
0.545	0
0.546	0
0.547	0
0.548	0
0.549	0
0.55	0
0.551	0
0.552	0
0.553	0
0.554	0
0.555	0
0.556	0
0.557	0
0.558	0
0.559	0
0.56	0
0.561	0
0.562	0
0.563	0
0.564	0
0.565	0
0.566	0
0.567	0
0.568	0
0.569	0
0.57	0
0.571	0
0.572	0
0.573	0
0.574	0
0.575	0
0.576	0
0.577	0
0.578	0
0.579	0
0.58	0
0.581	0
0.582	0
0.583	0
0.584	0
0.585	0
0.586	0
0.587	0
0.588	0
0.589	0
0.59	0
0.591	0
0.592	0
0.593	0
0.594	0
0.595	0
0.596	0
0.597	0
0.598	0
0.599	0
0.6	0
0.601	0
0.602	0
0.603	0
0.604	0
0.605	0
0.606	0
0.607	0
0.608	0
0.609	0
0.61	0
0.611	0
0.612	0
0.613	0
0.614	0
0.615	0
0.616	0
0.617	0
0.618	0
0.619	0
0.62	0
0.621	0
0.622	0
0.623	0
0.624	0
0.625	0
0.626	0
0.627	0
0.628	0
0.629	0
0.63	0
0.631	0
0.632	0
0.633	0
0.634	0
0.635	0
0.636	0
0.637	0
0.638	0
0.639	0
0.64	0
0.641	0
0.642	0
0.643	0
0.644	0
0.645	0
0.646	0
0.647	0
0.648	0
0.649	0
0.65	0
0.651	0
0.652	0
0.653	0
0.654	0
0.655	0
0.656	0
0.657	0
0.658	0
0.659	0
0.66	0
0.661	0
0.662	0
0.663	0
0.664	0
0.665	0
0.666	0
0.667	0
0.668	0
0.669	0
0.67	0
0.671	0
0.672	0
0.673	0
0.674	0
0.675	0
0.676	0
0.677	0
0.678	0
0.679	0
0.68	0
0.681	0
0.682	0
0.683	0
0.684	0
0.685	0
0.686	0
0.687	0
0.688	0
0.689	0
0.69	0
0.691	0
0.692	0
0.693	0
0.694	0
0.695	0
0.696	0
0.697	0
0.698	0
0.699	0
0.7	0
0.701	0
0.702	0
0.703	0
0.704	0
0.705	0
0.706	0
0.707	0
0.708	0
0.709	0
0.71	0
0.711	0
0.712	0
0.713	0
0.714	0
0.715	0
0.716	0
0.717	0
0.718	0
0.719	0
0.72	0
0.721	0
0.722	0
0.723	0
0.724	0
0.725	0
0.726	0
0.727	0
0.728	0
0.729	0
0.73	0
0.731	0
0.732	0
0.733	0
0.734	0
0.735	0
0.736	0
0.737	0
0.738	0
0.739	0
0.74	0
0.741	0
0.742	0
0.743	0
0.744	0
0.745	0
0.746	0
0.747	0
0.748	0
0.749	0
0.75	0
0.751	0
0.752	0
0.753	0
0.754	0
0.755	0
0.756	0
0.757	0
0.758	0
0.759	0
0.76	0
0.761	0
0.762	0
0.763	0
0.764	0
0.765	0
0.766	0
0.767	0
0.768	0
0.769	0
0.77	0
0.771	0
0.772	0
0.773	0
0.774	0
0.775	0
0.776	0
0.777	0
0.778	0
0.779	0
0.78	0
0.781	0
0.782	0
0.783	0
0.784	0
0.785	0
0.786	0
0.787	0
0.788	0
0.789	0
0.79	0
0.791	0
0.792	0
0.793	0
0.794	0
0.795	0
0.796	0
0.797	0
0.798	0
0.799	0
0.8	0
0.801	0
0.802	0
0.803	0
0.804	0
0.805	0
0.806	0
0.807	0
0.808	0
0.809	0
0.81	0
0.811	0
0.812	0
0.813	0
0.814	0
0.815	0
0.816	0
0.817	0
0.818	0
0.819	0
0.82	0
0.821	0
0.822	0
0.823	0
0.824	0
0.825	0
0.826	0
0.827	0
0.828	0
0.829	0
0.83	0
0.831	0
0.832	0
0.833	0
0.834	0
0.835	0
0.836	0
0.837	0
0.838	0
0.839	0
0.84	0
0.841	0
0.842	0
0.843	0
0.844	0
0.845	0
0.846	0
0.847	0
0.848	0
0.849	0
0.85	0
0.851	0
0.852	0
0.853	0
0.854	0
0.855	0
0.856	0
0.857	0
0.858	0
0.859	0
0.86	0
0.861	0
0.862	0
0.863	0
0.864	0
0.865	0
0.866	0
0.867	0
0.868	0
0.869	0
0.87	0
0.871	0
0.872	0
0.873	0
0.874	0
0.875	0
0.876	0
0.877	0
0.878	0
0.879	0
0.88	0
0.881	0
0.882	0
0.883	0
0.884	0
0.885	0
0.886	0
0.887	0
0.888	0
0.889	0
0.89	0
0.891	0
0.892	0
0.893	0
0.894	0
0.895	0
0.896	0
0.897	0
0.898	0
0.899	0
0.9	0
0.901	0
0.902	0
0.903	0
0.904	0
0.905	0
0.906	0
0.907	0
0.908	0
0.909	0
0.91	0
0.911	0
0.912	0
0.913	0
0.914	0
0.915	0
0.916	0
0.917	0
0.918	0
0.919	0
0.92	0
0.921	0
0.922	0
0.923	0
0.924	0
0.925	0
0.926	0
0.927	0
0.928	0
0.929	0
0.93	0
0.931	0
0.932	0
0.933	0
0.934	0
0.935	0
0.936	0
0.937	0
0.938	0
0.939	0
0.94	0
0.941	0
0.942	0
0.943	0
0.944	0
0.945	0
0.946	0
0.947	0
0.948	0
0.949	0
0.95	0
0.951	0
0.952	0
0.953	0
0.954	0
0.955	0
0.956	0
0.957	0
0.958	0
0.959	0
0.96	0
0.961	0
0.962	0
0.963	0
0.964	0
0.965	0
0.966	0
0.967	0
0.968	0
0.969	0
0.97	0
0.971	0
0.972	0
0.973	0
0.974	0
0.975	0
0.976	0
0.977	0
0.978	0
0.979	0
0.98	0
0.981	0
0.982	0
0.983	0
0.984	0
0.985	0
0.986	0
0.987	0
0.988	0
0.989	0
0.99	0
0.991	0
0.992	0
0.993	0
0.994	0
0.995	0
0.996	0
0.997	0
0.998	0
0.999	0
1	0
# BAND 2 DeepBlue2
0.37	0
0.371	0
0.372	0
0.373	0
0.374	0
0.375	0
0.376	0
0.377	0
0.378	0
0.379	0
0.38	0
0.381	0
0.382	0
0.383	0
0.384	0
0.385	0
0.386	0
0.387	0
0.388	0
0.389	0
0.39	0
0.391	0
0.392	0
0.393	0
0.394	0
0.395	0
0.396	0
0.397	0
0.398	0
0.399	0
0.4	0
0.401	0.00302873345120813
0.402	0.00622075854848096
0.403	0.00649966067995948
0.404	0.00741409389792182
0.405	0.00827953962206475
0.406	0.00946242430615747
0.407	0.0159908149102255
0.408	0.0205760537373212
0.409	0.0468921354171089
0.41	0.0646145043478034
0.411	0.0870925791784863
0.412	0.112166991181598
0.413	0.178779532110649
0.414	0.248734979617937
0.415	0.323198582889779
0.416	0.42595540309196
0.417	0.537467268189546
0.418	0.639246951181676
0.419	0.720575988420663
0.42	0.795922019747839
0.421	0.84442486396173
0.422	0.89377878423491
0.423	0.91449265612151
0.424	0.931484131644419
0.425	0.935520701135138
0.426	0.934424034440168
0.427	0.933702938531146
0.428	0.934265968126777
0.429	0.93571273211091
0.43	0.938318866782103
0.431	0.93800404048849
0.432	0.93701318678017
0.433	0.937829645010493
0.434	0.942367846437924
0.435	0.958101976286134
0.436	0.97357157366772
0.437	0.982162673750476
0.438	0.985404992674737
0.439	0.987674093388452
0.44	0.985719165801765
0.441	0.979824990545414
0.442	0.974486660052267
0.443	0.970430495564019
0.444	0.970506262887793
0.445	0.970460541226895
0.446	0.976095409349296
0.447	0.988218834319724
0.448	1
0.449	0.994457881532564
0.45	0.983297877273918
0.451	0.953327328555202
0.452	0.925936787844309
0.453	0.889439798615679
0.454	0.859221046594945
0.455	0.833997059444038
0.456	0.790694727574015
0.457	0.715812444521663
0.458	0.629970026185448
0.459	0.531297456634638
0.46	0.452794018039155
0.461	0.400569430628157
0.462	0.360683159993808
0.463	0.313446805786795
0.464	0.247349928902817
0.465	0.170283980371038
0.466	0.135450420410672
0.467	0.0862421562857813
0.468	0.0372690321312238
0.469	0.0175329506212594
0.47	0.00719267042585808
0.471	0.00473480456929216
0.472	0.002889608968761
0.473	0.00227040704688364
0.474	0.00183539810176727
0.475	0.00180992460498118
0.476	0.00179816760646452
0.477	0.00161985312896186
0.478	0.00146178681557123
0.479	0.00143500698561662
0.48	0.00145911562550825
0.481	0.00140759907067458
0.482	0.00139433613128126
0.483	0.000698926912618721
0.484	0
0.485	0
0.486	0
0.487	0
0.488	0
0.489	0
0.49	0
0.491	0
0.492	0
0.493	0
0.494	0
0.495	0
0.496	0
0.497	0
0.498	0
0.499	0
0.5	0
0.501	0
0.502	0
0.503	0
0.504	0
0.505	0
0.506	0
0.507	0
0.508	0
0.509	0
0.51	0
0.511	0
0.512	0
0.513	0
0.514	0
0.515	0
0.516	0
0.517	0
0.518	0
0.519	0
0.52	0
0.521	0
0.522	0
0.523	0
0.524	0
0.525	0
0.526	0
0.527	0
0.528	0
0.529	0
0.53	0
0.531	0
0.532	0
0.533	0
0.534	0
0.535	0
0.536	0
0.537	0
0.538	0
0.539	0
0.54	0
0.541	0
0.542	0
0.543	0
0.544	0
0.545	0
0.546	0
0.547	0
0.548	0
0.549	0
0.55	0
0.551	0
0.552	0
0.553	0
0.554	0
0.555	0
0.556	0
0.557	0
0.558	0
0.559	0
0.56	0
0.561	0
0.562	0
0.563	0
0.564	0
0.565	0
0.566	0
0.567	0
0.568	0
0.569	0
0.57	0
0.571	0
0.572	0
0.573	0
0.574	0
0.575	0
0.576	0
0.577	0
0.578	0
0.579	0
0.58	0
0.581	0
0.582	0
0.583	0
0.584	0
0.585	0
0.586	0
0.587	0
0.588	0
0.589	0
0.59	0
0.591	0
0.592	0
0.593	0
0.594	0
0.595	0
0.596	0
0.597	0
0.598	0
0.599	0
0.6	0
0.601	0
0.602	0
0.603	0
0.604	0
0.605	0
0.606	0
0.607	0
0.608	0
0.609	0
0.61	0
0.611	0
0.612	0
0.613	0
0.614	0
0.615	0
0.616	0
0.617	0
0.618	0
0.619	0
0.62	0
0.621	0
0.622	0
0.623	0
0.624	0
0.625	0
0.626	0
0.627	0
0.628	0
0.629	0
0.63	0
0.631	0
0.632	0
0.633	0
0.634	0
0.635	0
0.636	0
0.637	0
0.638	0
0.639	0
0.64	0
0.641	0
0.642	0
0.643	0
0.644	0
0.645	0
0.646	0
0.647	0
0.648	0
0.649	0
0.65	0
0.651	0
0.652	0
0.653	0
0.654	0
0.655	0
0.656	0
0.657	0
0.658	0
0.659	0
0.66	0
0.661	0
0.662	0
0.663	0
0.664	0
0.665	0
0.666	0
0.667	0
0.668	0
0.669	0
0.67	0
0.671	0
0.672	0
0.673	0
0.674	0
0.675	0
0.676	0
0.677	0
0.678	0
0.679	0
0.68	0
0.681	0
0.682	0
0.683	0
0.684	0
0.685	0
0.686	0
0.687	0
0.688	0
0.689	0
0.69	0
0.691	0
0.692	0
0.693	0
0.694	0
0.695	0
0.696	0
0.697	0
0.698	0
0.699	0
0.7	0
0.701	0
0.702	0
0.703	0
0.704	0
0.705	0
0.706	0
0.707	0
0.708	0
0.709	0
0.71	0
0.711	0
0.712	0
0.713	0
0.714	0
0.715	0
0.716	0
0.717	0
0.718	0
0.719	0
0.72	0
0.721	0
0.722	0
0.723	0
0.724	0
0.725	0
0.726	0
0.727	0
0.728	0
0.729	0
0.73	0
0.731	0
0.732	0
0.733	0
0.734	0
0.735	0
0.736	0
0.737	0
0.738	0
0.739	0
0.74	0
0.741	0
0.742	0
0.743	0
0.744	0
0.745	0
0.746	0
0.747	0
0.748	0
0.749	0
0.75	0
0.751	0
0.752	0
0.753	0
0.754	0
0.755	0
0.756	0
0.757	0
0.758	0
0.759	0
0.76	0
0.761	0
0.762	0
0.763	0
0.764	0
0.765	0
0.766	0
0.767	0
0.768	0
0.769	0
0.77	0
0.771	0
0.772	0
0.773	0
0.774	0
0.775	0
0.776	0
0.777	0
0.778	0
0.779	0
0.78	0
0.781	0
0.782	0
0.783	0
0.784	0
0.785	0
0.786	0
0.787	0
0.788	0
0.789	0
0.79	0
0.791	0
0.792	0
0.793	0
0.794	0
0.795	0
0.796	0
0.797	0
0.798	0
0.799	0
0.8	0
0.801	0
0.802	0
0.803	0
0.804	0
0.805	0
0.806	0
0.807	0
0.808	0
0.809	0
0.81	0
0.811	0
0.812	0
0.813	0
0.814	0
0.815	0
0.816	0
0.817	0
0.818	0
0.819	0
0.82	0
0.821	0
0.822	0
0.823	0
0.824	0
0.825	0
0.826	0
0.827	0
0.828	0
0.829	0
0.83	0
0.831	0
0.832	0
0.833	0
0.834	0
0.835	0
0.836	0
0.837	0
0.838	0
0.839	0
0.84	0
0.841	0
0.842	0
0.843	0
0.844	0
0.845	0
0.846	0
0.847	0
0.848	0
0.849	0
0.85	0
0.851	0
0.852	0
0.853	0
0.854	0
0.855	0
0.856	0
0.857	0
0.858	0
0.859	0
0.86	0
0.861	0
0.862	0
0.863	0
0.864	0
0.865	0
0.866	0
0.867	0
0.868	0
0.869	0
0.87	0
0.871	0
0.872	0
0.873	0
0.874	0
0.875	0
0.876	0
0.877	0
0.878	0
0.879	0
0.88	0
0.881	0
0.882	0
0.883	0
0.884	0
0.885	0
0.886	0
0.887	0
0.888	0
0.889	0
0.89	0
0.891	0
0.892	0
0.893	0
0.894	0
0.895	0
0.896	0
0.897	0
0.898	0
0.899	0
0.9	0
0.901	0
0.902	0
0.903	0
0.904	0
0.905	0
0.906	0
0.907	0
0.908	0
0.909	0
0.91	0
0.911	0
0.912	0
0.913	0
0.914	0
0.915	0
0.916	0
0.917	0
0.918	0
0.919	0
0.92	0
0.921	0
0.922	0
0.923	0
0.924	0
0.925	0
0.926	0
0.927	0
0.928	0
0.929	0
0.93	0
0.931	0
0.932	0
0.933	0
0.934	0
0.935	0
0.936	0
0.937	0
0.938	0
0.939	0
0.94	0
0.941	0
0.942	0
0.943	0
0.944	0
0.945	0
0.946	0
0.947	0
0.948	0
0.949	0
0.95	0
0.951	0
0.952	0
0.953	0
0.954	0
0.955	0
0.956	0
0.957	0
0.958	0
0.959	0
0.96	0
0.961	0
0.962	0
0.963	0
0.964	0
0.965	0
0.966	0
0.967	0
0.968	0
0.969	0
0.97	0
0.971	0
0.972	0
0.973	0
0.974	0
0.975	0
0.976	0
0.977	0
0.978	0
0.979	0
0.98	0
0.981	0
0.982	0
0.983	0
0.984	0
0.985	0
0.986	0
0.987	0
0.988	0
0.989	0
0.99	0
0.991	0
0.992	0
0.993	0
0.994	0
0.995	0
0.996	0
0.997	0
0.998	0
0.999	0
1	0
# BAND 3 Blue
0.37	0
0.371	0
0.372	0
0.373	0
0.374	0
0.375	0
0.376	0
0.377	0
0.378	0
0.379	0
0.38	0
0.381	0
0.382	0
0.383	0
0.384	0
0.385	0
0.386	0
0.387	0
0.388	0
0.389	0
0.39	0
0.391	0
0.392	0
0.393	0
0.394	0
0.395	0
0.396	0
0.397	0
0.398	0
0.399	0
0.4	0
0.401	0
0.402	0
0.403	0
0.404	0
0.405	0
0.406	0
0.407	0
0.408	0
0.409	0
0.41	0
0.411	0
0.412	0
0.413	0
0.414	0
0.415	0
0.416	0
0.417	0
0.418	0
0.419	0
0.42	0
0.421	0
0.422	0
0.423	0
0.424	0
0.425	0
0.426	0
0.427	0
0.428	0
0.429	0
0.43	0
0.431	0
0.432	0
0.433	0
0.434	0
0.435	0
0.436	0
0.437	0.00172472526615248
0.438	0.00228186418552401
0.439	0.00293456835710979
0.44	0.00248794707635339
0.441	0.00201834852842514
0.442	0.00155197657546144
0.443	0.00204636123925378
0.444	0.00210443474778575
0.445	0.00216904153902963
0.446	0.00227267223848926
0.447	0.00260662273698882
0.448	0.003046085595261
0.449	0.00356059019019436
0.45	0.00426688059414283
0.451	0.00559804448790027
0.452	0.00749289722639733
0.453	0.0108866375073462
0.454	0.0161544282467482
0.455	0.0254951190209958
0.456	0.0404078490927152
0.457	0.0646892244002143
0.458	0.0979940398487599
0.459	0.139396547689011
0.46	0.186705248157606
0.461	0.237280720002912
0.462	0.291840027668416
0.463	0.351323871289858
0.464	0.418750032505188
0.465	0.492769546019545
0.466	0.570155946889123
0.467	0.647528045476058
0.468	0.717781507928665
0.469	0.772741929611966
0.47	0.809528700780645
0.471	0.829947159566667
0.472	0.839431523271114
0.473	0.842261424923418
0.474	0.84291282888749
0.475	0.843756013459748
0.476	0.843719607649381
0.477	0.845835045273226
0.478	0.852537615003355
0.479	0.862441945734539
0.48	0.876270302740317
0.481	0.893238010786521
0.482	0.908590210997675
0.483	0.923499690550612
0.484	0.935169703084612
0.485	0.944315362731892
0.486	0.953031303796086
0.487	0.959710469790979
0.488	0.966231660573028
0.489	0.968903587012487
0.49	0.971076233766909
0.491	0.971711385137068
0.492	0.972557170124352
0.493	0.976858906681506
0.494	0.981001367818304
0.495	0.985688615903098
0.496	0.988923532195738
0.497	0.990846539107642
0.498	0.992794900066051
0.499	0.990293300810809
0.5	0.988741503143902
0.501	0.985765328146372
0.502	0.983253977334783
0.503	0.981416784118745
0.504	0.98215465188244
0.505	0.984635447817472
0.506	0.989795321333285
0.507	0.995202234276591
0.508	0.999469515334648
0.509	1
0.51	0.995980408473192
0.511	0.994615840688174
0.512	0.990392766685563
0.513	0.981319918659018
0.514	0.963548682369706
0.515	0.927658404281323
0.516	0.875256790983841
0.517	0.811166962247175
0.518	0.74595440432293
0.519	0.689022868049741
0.52	0.640339198136023
0.521	0.596461745294549
0.522	0.544672529735746
0.523	0.482395840376124
0.524	0.407672264493413
0.525	0.326099195431591
0.526	0.245840636165532
0.527	0.175239368203165
0.528	0.11650639442055
0.529	0.0732393890064854
0.53	0.0443832335640768
0.531	0.0271307800724996
0.532	0.0169982629227625
0.533	0.0111096230958461
0.534	0.00758699272403876
0.535	0.00543616345168689
0.536	0.00404709455629118
0.537	0.00314454042865241
0.538	0.00252941329436178
0.539	0.00211449107277522
0.54	0.00181357520660297
0.541	0.0015930423295558
0.542	0.00143709023960224
0.543	0.00133005715712228
0.544	0.0012514174862308
0.545	0.00119210930064438
0.546	0.00114531431216422
0.547	0.00110727752149243
0.548	0.00107722712544922
0.549	0.00105353526422817
0.55	0.0010304955870957
0.551	0.00100897351217254
0.552	0.000993092257524301
0.553	0.000992332936336639
0.554	0.000990333737264467
0.555	0.000993218117611571
0.556	0.00100132413133136
0.557	0.00100671427159775
0.558	0.00100460273459644
0.559	0.00100947175169157
0.56	0.00100459961409841
0.561	0.00100177764371194
0.562	0.00100739454016861
0.563	0.000994496481638469
0.564	0.000994884463560384
0.565	0.000988941995142425
0.566	0.000980330460741534
0.567	0.000963034580319019
0.568	0.000968882393630023
0.569	0.000948452493017886
0.57	0.000922919537958258
0.571	0.00090992370382313
0.572	0.00090116550601476
0.573	0.000875225846045029
0.574	0.000864798181789814
0.575	0.000851365477930278
0.576	0.000842156888239363
0.577	0.000839569995371261
0.578	0.000820952063949406
0.579	0.000806726753589873
0.58	0.000800917426421257
0.581	0.00080932508828409
0.582	0.000809689146387763
0.583	0.000819323163976971
0.584	0.000808538722780156
0.585	0.000804778522652215
0.586	0.000801546726857606
0.587	0.000793148426488868
0.588	0.000789953036504626
0.589	0.000780219162978411
0.59	0.000776164595869501
0.591	0.000778027533194298
0.592	0.000783548734378007
0.593	0.000786966719888494
0.594	0.000791249083353703
0.595	0.000794953114517077
0.596	0.000802109456669284
0.597	0.000810769878872668
0.598	0.000810884297133823
0.599	0.000815999833573438
0.6	0.000821949583153471
0.601	0.000819941022587205
0.602	0.000829416934942817
0.603	0.000838436214419821
0.604	0.000837072556780062
0.605	0.000843668249452613
0.606	0.000850961893518206
0.607	0.000872335224701862
0.608	0.000892588297092216
0.609	0.000915711187505526
0.61	0.000947584994565133
0.611	0.000980158833349803
0.612	0.00101837037191136
0.613	0.00105832730903852
0.614	0.00109412982311977
0.615	0.001135876885951
0.616	0.00119058649760502
0.617	0.00124314088528529
0.618	0.00131457740655409
0.619	0.00136886887147189
0.62	0.00141119322643894
0.621	0.00144746901605496
0.622	0.00146519240470779
0.623	0.0014641626403574
0.624	0.00146319008513759
0.625	0.00145295485159431
0.626	0.0014565611071527
0.627	0.00143378043135684
0.628	0.00139035037992064
0.629	0.00132403563608752
0.63	0.00121996702673747
0.631	0.00111784872865709
0.632	0.00100733421054
0.633	0.000897856737935375
0.634	0.000789297731918014
0.635	0.000684812015997753
0.636	0.000589085538051873
0.637	0.000512841369482569
0.638	0.000458651840833797
0.639	0.000412452867477649
0.64	0.000372751811189066
0.641	0.000359941126603806
0.642	0.000350191650587434
0.643	0.000333983783811896
0.644	0.000315133895369701
0.645	0.000294620781476724
0.646	0.000273988048492539
0.647	0.000249681449159286
0.648	0.000225926137811595
0.649	0.00019319627412535
0.65	0.000172344066112952
0.651	0.000155192768765895
0.652	0.000143708295844017
0.653	0.000146443932451619
0.654	0.000138159010178024
0.655	0.000145903046126162
0.656	0.000163442325395133
0.657	0.000187977761250696
0.658	0.000222118090047172
0.659	0.000252632400131061
0.66	0.000305273121590206
0.661	0.000364336868164159
0.662	0.000422362529059638
0.663	0.000477850184889508
0.664	0.000521418578405113
0.665	0.00056150449611758
0.666	0.000589998803809088
0.667	0.000606687227281474
0.668	0.000616765395757163
0.669	0.000604831571118751
0.67	0.000595251642162089
0.671	0.000568142835596561
0.672	0.000557909682385309
0.673	0.000554664364432563
0.674	0.000557259578628749
0.675	0.000599227156654202
0.676	0.000663715368972888
0.677	0.000746797588895188
0.678	0.000850205692828575
0.679	0.000967310702788165
0.68	0.0011012289561414
0.681	0.00124725994268685
0.682	0.00142404655783063
0.683	0.00162246134483064
0.684	0.00181251631760429
0.685	0.00193584880146871
0.686	0.00197846544308472
0.687	0.00194706075089584
0.688	0.00187188171232129
0.689	0.00177126749429209
0.69	0.00165033155291585
0.691	0.0015472146954654
0.692	0.00142608216271317
0.693	0.00131323143173651
0.694	0.00119931973142914
0.695	0.00108493891625103
0.696	0.00100015706506758
0.697	0.000894752882560057
0.698	0.000802010640898287
0.699	0.000716001393822454
0.7	0.000616998392943514
0.701	0.000548274624630091
0.702	0.000484137988422952
0.703	0.000420989509925784
0.704	0.000372915117252714
0.705	0.000328958741815194
0.706	0.000291957956489856
0.707	0.000273309860253696
0.708	0.000251626559598912
0.709	0.00021896534686936
0.71	0.000215763715889056
0.711	0.000218465027018312
0.712	0.000224795477358186
0.713	0.000232975342864721
0.714	0.000244468137114684
0.715	0.000264461168002413
0.716	0.000283244485819937
0.717	0.000307890179272612
0.718	0.000333533391929352
0.719	0.000349210774039537
0.72	0.000377614587288131
0.721	0.000406064167841187
0.722	0.000430679696479558
0.723	0.000458274260571987
0.724	0.000476439719779277
0.725	0.000490866822344846
0.726	0.000511921862729292
0.727	0.000527062519178061
0.728	0.000528647732178056
0.729	0.000520120451224015
0.73	0.000514507715431383
0.731	0.000489283689676872
0.732	0.000469606869256333
0.733	0.000441840677772172
0.734	0.000405473353547226
0.735	0.000363481851703532
0.736	0.000326192940393287
0.737	0.000290730560597471
0.738	0.000260860113274079
0.739	0.000233333159972332
0.74	0.000207705549805749
0.741	0.000179651232336681
0.742	0.000165177322300639
0.743	0.000151309829048716
0.744	0.000124679498848016
0.745	0.000118098368499613
0.746	0.000108701508760798
0.747	8.98E-05
0.748	8.03E-05
0.749	7.22E-05
0.75	6.53E-05
0.751	5.65E-05
0.752	3.27E-05
0.753	3.38E-05
0.754	2.47E-05
0.755	1.76E-05
0.756	1.73E-05
0.757	1.56E-05
0.758	1.26E-05
0.759	1.13E-05
0.76	1.11E-05
0.761	1.26E-05
0.762	1.01E-05
0.763	8.39E-06
0.764	9.22E-06
0.765	1.50E-05
0.766	1.48E-05
0.767	1.28E-05
0.768	1.02E-05
0.769	1.62E-05
0.77	2.01E-05
0.771	2.14E-05
0.772	2.55E-05
0.773	2.43E-05
0.774	2.21E-05
0.775	3.09E-05
0.776	2.61E-05
0.777	3.36E-05
0.778	3.15E-05
0.779	3.09E-05
0.78	3.81E-05
0.781	3.54E-05
0.782	3.15E-05
0.783	2.28E-05
0.784	2.69E-05
0.785	3.19E-05
0.786	2.78E-05
0.787	2.52E-05
0.788	2.39E-05
0.789	1.81E-05
0.79	2.51E-05
0.791	2.48E-05
0.792	2.61E-05
0.793	2.68E-05
0.794	2.55E-05
0.795	3.47E-05
0.796	3.90E-05
0.797	5.62E-05
0.798	6.33E-05
0.799	0.000100343774866469
0.8	0.000154619637294112
0.801	0.00023311888577417
0.802	0.000358891599099216
0.803	0.000510250315950426
0.804	0.000694915148457694
0.805	0.000900101416186023
0.806	0.00109815734591241
0.807	0.00128450724735668
0.808	0.00149119135414012
0.809	0.00167674656875237
0.81	0.00197291511725271
0.811	0.00237703209432225
0.812	0.00280811953587793
0.813	0.00314107771600347
0.814	0.00333964436724101
0.815	0.00347438227141052
0.816	0.00368267239451416
0.817	0.00392599842934932
0.818	0.00409024064240653
0.819	0.00393263780899432
0.82	0.0034922897694472
0.821	0.00276940975779734
0.822	0.00201873026935099
0.823	0.00147291147667168
0.824	0.00111629784113545
0.825	0.000917535638687935
0.826	0.00074541624843325
0.827	0.000597826053038065
0.828	0.000454724173978167
0.829	0.00033875918596608
0.83	0.000246673289056934
0.831	0.000189105301206072
0.832	0.000145136443776427
0.833	0.000117072764813264
0.834	9.22E-05
0.835	8.65E-05
0.836	7.68E-05
0.837	6.66E-05
0.838	6.55E-05
0.839	5.89E-05
0.84	6.96E-05
0.841	7.61E-05
0.842	7.65E-05
0.843	0.000100568658757938
0.844	0.000115262875955002
0.845	0.000159946327433858
0.846	0.000204843012944866
0.847	0.000296434830999027
0.848	0.000421164257815547
0.849	0.000540535789512006
0.85	0.0011669872111589
0.851	0.00134994409107694
0.852	0.00148696515963948
0.853	0.00164863296182071
0.854	0.00178393879663194
0.855	0.00192103371698123
0.856	0.00204327610686666
0.857	0.0021583444717777
0.858	0.00225520993150507
0.859	0.00234167373112749
0.86	0.00240538389927032
0.861	0.00245609199228197
0.862	0.00250419967026737
0.863	0.0024957483214321
0.864	0.00248135138368084
0.865	0.00244175018332926
0.866	0.00236501817690103
0.867	0.0022886918352169
0.868	0.00218087342739901
0.869	0.0020542613001035
0.87	0.00193371438081518
0.871	0.00182682796174269
0.872	0.0017120019555121
0.873	0.00153345017864851
0.874	0.00136483406751718
0.875	0.00119485221841406
0.876	0.00102679571659637
0.877	0.000925851765941844
0.878	0.000815297721516354
0.879	0.000721825283315217
0.88	0.00063003167305502
0.881	0.000519622211704988
0.882	0.000428655533423134
0.883	0.000328777752929368
0.884	0.000260617754593633
0.885	0.00020002080332021
0.886	0.000161268378433198
0.887	0.000127366247653125
0.888	0.000114131175335584
0.889	9.74E-05
0.89	9.00E-05
0.891	8.42E-05
0.892	7.66E-05
0.893	6.89E-05
0.894	5.82E-05
0.895	6.18E-05
0.896	5.78E-05
0.897	5.98E-05
0.898	5.69E-05
0.899	6.37E-05
0.9	6.61E-05
0.901	5.64E-05
0.902	5.71E-05
0.903	4.95E-05
0.904	4.90E-05
0.905	5.06E-05
0.906	4.86E-05
0.907	4.32E-05
0.908	3.96E-05
0.909	3.38E-05
0.91	2.58E-05
0.911	2.47E-05
0.912	1.95E-05
0.913	1.53E-05
0.914	9.64E-06
0.915	6.68E-06
0.916	1.84E-06
0.917	1.21E-06
0.918	0
0.919	0
0.92	0
0.921	0
0.922	0
0.923	0
0.924	0
0.925	0
0.926	0
0.927	0
0.928	0
0.929	0
0.93	0
0.931	0
0.932	0
0.933	0
0.934	0
0.935	0
0.936	0
0.937	0
0.938	0
0.939	0
0.94	0
0.941	0
0.942	0
0.943	0
0.944	0
0.945	0
0.946	0
0.947	0
0.948	0
0.949	0
0.95	0
0.951	0
0.952	0
0.953	0
0.954	0
0.955	0
0.956	0
0.957	0
0.958	0
0.959	0
0.96	0
0.961	0
0.962	0
0.963	0
0.964	0
0.965	0
0.966	0
0.967	0
0.968	0
0.969	0
0.97	0
0.971	0
0.972	0
0.973	0
0.974	0
0.975	0
0.976	0
0.977	0
0.978	0
0.979	0
0.98	0
0.981	0
0.982	0
0.983	0
0.984	0
0.985	0
0.986	0
0.987	0
0.988	0
0.989	0
0.99	0
0.991	0
0.992	0
0.993	0
0.994	0
0.995	0
0.996	0
0.997	0
0.998	0
0.999	0
1	0
# BAND 4 Green
0.37	0
0.371	0
0.372	0
0.373	0
0.374	0
0.375	0
0.376	0
0.377	0
0.378	0
0.379	0
0.38	0
0.381	0
0.382	0
0.383	0
0.384	0
0.385	0
0.386	0
0.387	0
0.388	0
0.389	0
0.39	0
0.391	0
0.392	0
0.393	0
0.394	0
0.395	0
0.396	0
0.397	0
0.398	0
0.399	0
0.4	0
0.401	0
0.402	0
0.403	0
0.404	0
0.405	0
0.406	0
0.407	0
0.408	0
0.409	0
0.41	0
0.411	0
0.412	0
0.413	0
0.414	0
0.415	0
0.416	0
0.417	0
0.418	0
0.419	0
0.42	0
0.421	0
0.422	0
0.423	0
0.424	0
0.425	0
0.426	0
0.427	0
0.428	0
0.429	0
0.43	0
0.431	0
0.432	0
0.433	0
0.434	0
0.435	0
0.436	0
0.437	0.000586054582238205
0.438	0.000713735319109274
0.439	0.000838862441242921
0.44	0.000647341335936318
0.441	0.000492076452671624
0.442	0.000359613306120312
0.443	0.000930669998282694
0.444	0.00104164907332513
0.445	0.00100137141879473
0.446	0.000902236008904455
0.447	0.000931930462517085
0.448	0.000928555605280109
0.449	0.00089750262862717
0.45	0.000864463961154413
0.451	0.000805531640244202
0.452	0.000761785155454489
0.453	0.000731942592187088
0.454	0.000715018255153354
0.455	0.000704804817649564
0.456	0.000707807868580771
0.457	0.000720885440374053
0.458	0.000759958810194285
0.459	0.000817135265611045
0.46	0.000894060355961126
0.461	0.000981597247714036
0.462	0.00105061226105348
0.463	0.00108250384478619
0.464	0.00105638649469774
0.465	0.000975240789909647
0.466	0.000872596713370152
0.467	0.000762366358168726
0.468	0.000658298386051646
0.469	0.000558589945014291
0.47	0.000469294123430245
0.471	0.00038875617894966
0.472	0.000325346860681802
0.473	0.000277370568441025
0.474	0.000244652634979287
0.475	0.000217943867717649
0.476	0.00020280706100011
0.477	0.000190300477462116
0.478	0.000184502750562274
0.479	0.000178601857627041
0.48	0.000175677458029746
0.481	0.000175018625427491
0.482	0.000176870506835069
0.483	0.000178840875966463
0.484	0.000180363851795861
0.485	0.000185025730860498
0.486	0.000186908255644925
0.487	0.000193587490352124
0.488	0.000203864257501403
0.489	0.000209042988188893
0.49	0.000220114440244458
0.491	0.000230779356833824
0.492	0.000245398290482614
0.493	0.000268195941412417
0.494	0.000291111058620142
0.495	0.000327285564990453
0.496	0.000379128029943686
0.497	0.000448925470838677
0.498	0.000541487876394832
0.499	0.000672679322806908
0.5	0.000860676439775869
0.501	0.00113513384452444
0.502	0.00156325961260388
0.503	0.00223691543768637
0.504	0.00332602088729174
0.505	0.00537750405865142
0.506	0.00874907530418339
0.507	0.0151754939808109
0.508	0.0255763668063281
0.509	0.0433029219098229
0.51	0.0697072982947599
0.511	0.109280027476895
0.512	0.160458297236925
0.513	0.226522864108753
0.514	0.30766141877558
0.515	0.401367588372626
0.516	0.502472218267666
0.517	0.600737866978378
0.518	0.688824807345728
0.519	0.759250309785388
0.52	0.810228120788531
0.521	0.848452541389307
0.522	0.871538495422965
0.523	0.883511756523049
0.524	0.887794168437705
0.525	0.887270677416533
0.526	0.885852144429896
0.527	0.885414837906112
0.528	0.886138149280487
0.529	0.888175933840949
0.53	0.893292739371057
0.531	0.89538478824469
0.532	0.898768327771773
0.533	0.897358094033032
0.534	0.896079371453269
0.535	0.895585885405262
0.536	0.896110653233802
0.537	0.897571320863607
0.538	0.899545265055634
0.539	0.901617523415051
0.54	0.904632065612577
0.541	0.906178279336086
0.542	0.906847964800974
0.543	0.915722414417198
0.544	0.923168754991519
0.545	0.929161450376562
0.546	0.933922665054485
0.547	0.937485596016872
0.548	0.941364536803015
0.549	0.945136864173871
0.55	0.950671185713547
0.551	0.957097357200268
0.552	0.965112515457349
0.553	0.970071635277422
0.554	0.973646695909811
0.555	0.976331183402526
0.556	0.977008529711627
0.557	0.975077996970136
0.558	0.971850227942036
0.559	0.967579945697383
0.56	0.964343877421385
0.561	0.963124526384267
0.562	0.964153633123448
0.563	0.967725501737416
0.564	0.972629080436949
0.565	0.979087172107888
0.566	0.986456904240086
0.567	0.992588771628319
0.568	0.997729836498432
0.569	1
0.57	0.99903409522557
0.571	0.994666137217211
0.572	0.988866878148527
0.573	0.982410701688642
0.574	0.977381995866975
0.575	0.973716920315091
0.576	0.971253958900848
0.577	0.970660881878081
0.578	0.96829048899807
0.579	0.959352199013411
0.58	0.942863508653881
0.581	0.916404867955774
0.582	0.880372725607074
0.583	0.837316865923097
0.584	0.788156590209313
0.585	0.734224885358658
0.586	0.675321292614244
0.587	0.613605531640244
0.588	0.544929255295718
0.589	0.466070440185724
0.59	0.383093921311639
0.591	0.304992891374975
0.592	0.23772684876919
0.593	0.184709337994531
0.594	0.138930686596778
0.595	0.102299721592153
0.596	0.0739386379146671
0.597	0.0509101402126012
0.598	0.0329052411027275
0.599	0.0204704141388541
0.6	0.012549101223373
0.601	0.00784767075223745
0.602	0.00507725105927131
0.603	0.00339708287820471
0.604	0.00236864927186868
0.605	0.00170354090603528
0.606	0.00126218026349474
0.607	0.000970393007692126
0.608	0.000755368432342297
0.609	0.000606395655790609
0.61	0.000499512578786995
0.611	0.000409919516447513
0.612	0.000353542853166514
0.613	0.000303939397615052
0.614	0.000260112218599636
0.615	0.000233234912765329
0.616	0.00020608385943117
0.617	0.000182599796859948
0.618	0.000168757162091334
0.619	0.000150215876205865
0.62	0.000137495810475821
0.621	0.000117230323919645
0.622	0.000103526605792747
0.623	8.72E-05
0.624	7.71E-05
0.625	6.51E-05
0.626	5.55E-05
0.627	4.72E-05
0.628	3.51E-05
0.629	3.06E-05
0.63	2.22E-05
0.631	1.65E-05
0.632	1.21E-05
0.633	5.76E-06
0.634	4.72E-06
0.635	7.74E-06
0.636	2.82E-06
0.637	1.70E-06
0.638	1.26E-06
0.639	1.70E-06
0.64	2.45E-06
0.641	3.39E-06
0.642	2.52E-06
0.643	1.32E-06
0.644	3.14E-07
0.645	4.17E-07
0.646	0
0.647	9.35E-07
0.648	3.71E-07
0.649	2.71E-07
0.65	0
0.651	0
0.652	4.53E-07
0.653	0
0.654	4.58E-07
0.655	7.36E-07
0.656	6.95E-07
0.657	1.33E-06
0.658	4.46E-07
0.659	4.19E-07
0.66	0
0.661	6.03E-07
0.662	2.28E-06
0.663	2.30E-06
0.664	1.63E-06
0.665	1.65E-07
0.666	9.88E-07
0.667	8.35E-07
0.668	2.91E-07
0.669	6.29E-07
0.67	0
0.671	0
0.672	2.75E-08
0.673	1.17E-07
0.674	1.06E-06
0.675	0
0.676	0
0.677	9.07E-07
0.678	4.98E-07
0.679	9.93E-07
0.68	4.79E-07
0.681	2.26E-06
0.682	4.54E-06
0.683	3.84E-06
0.684	7.61E-06
0.685	9.72E-06
0.686	8.01E-06
0.687	8.03E-06
0.688	4.39E-06
0.689	9.09E-06
0.69	7.37E-06
0.691	7.93E-06
0.692	7.77E-06
0.693	5.83E-06
0.694	7.84E-06
0.695	8.35E-06
0.696	1.05E-05
0.697	1.05E-05
0.698	8.54E-06
0.699	8.99E-06
0.7	7.82E-06
0.701	9.13E-06
0.702	7.02E-06
0.703	5.11E-06
0.704	4.92E-06
0.705	3.54E-06
0.706	5.60E-06
0.707	3.94E-06
0.708	3.49E-06
0.709	1.73E-06
0.71	4.21E-07
0.711	9.16E-07
0.712	2.32E-06
0.713	9.05E-07
0.714	3.56E-06
0.715	2.77E-06
0.716	6.27E-06
0.717	1.03E-05
0.718	1.27E-05
0.719	1.71E-05
0.72	2.23E-05
0.721	2.89E-05
0.722	3.75E-05
0.723	5.01E-05
0.724	5.79E-05
0.725	6.48E-05
0.726	8.09E-05
0.727	8.86E-05
0.728	0.000103161949608244
0.729	0.000111389696292215
0.73	0.000115180282008444
0.731	0.000119814582033916
0.732	0.000115982117035994
0.733	0.000118852380000855
0.734	0.000121403951846487
0.735	0.000112707361496725
0.736	0.000105051624513935
0.737	9.25E-05
0.738	8.83E-05
0.739	8.66E-05
0.74	7.78E-05
0.741	7.04E-05
0.742	6.29E-05
0.743	5.99E-05
0.744	5.77E-05
0.745	5.34E-05
0.746	5.12E-05
0.747	4.45E-05
0.748	3.98E-05
0.749	3.71E-05
0.75	3.62E-05
0.751	2.85E-05
0.752	1.84E-05
0.753	1.70E-05
0.754	1.12E-05
0.755	1.04E-05
0.756	1.01E-05
0.757	8.90E-06
0.758	8.03E-06
0.759	5.37E-06
0.76	5.78E-06
0.761	5.93E-06
0.762	6.21E-06
0.763	7.42E-06
0.764	4.79E-06
0.765	5.40E-06
0.766	1.02E-05
0.767	6.04E-06
0.768	8.09E-06
0.769	9.40E-06
0.77	9.32E-06
0.771	1.39E-05
0.772	1.34E-05
0.773	1.35E-05
0.774	1.52E-05
0.775	1.47E-05
0.776	1.48E-05
0.777	1.82E-05
0.778	2.46E-05
0.779	1.90E-05
0.78	2.07E-05
0.781	1.98E-05
0.782	1.82E-05
0.783	2.26E-05
0.784	1.76E-05
0.785	1.66E-05
0.786	1.73E-05
0.787	1.24E-05
0.788	1.84E-05
0.789	1.49E-05
0.79	1.32E-05
0.791	1.69E-05
0.792	1.28E-05
0.793	1.73E-05
0.794	2.15E-05
0.795	1.83E-05
0.796	2.13E-05
0.797	2.60E-05
0.798	3.27E-05
0.799	5.00E-05
0.8	6.29E-05
0.801	9.34E-05
0.802	0.000149367054667146
0.803	0.000231204278326131
0.804	0.000360283374627412
0.805	0.00050794257175817
0.806	0.000703077552641172
0.807	0.000929540279122859
0.808	0.00120730819001703
0.809	0.00154527603617706
0.81	0.00196675014858846
0.811	0.00239334476927133
0.812	0.00274219918577994
0.813	0.00292848027364536
0.814	0.00300420005783937
0.815	0.0030595767255892
0.816	0.00319624107910652
0.817	0.00338878975898346
0.818	0.00337582556768452
0.819	0.00298686816389355
0.82	0.00232260964104476
0.821	0.00174752743061031
0.822	0.00133454357647789
0.823	0.0010397277335967
0.824	0.000810896274084577
0.825	0.000607954382226331
0.826	0.000428116575066378
0.827	0.000307189638452841
0.828	0.000208259539187453
0.829	0.000160987023168308
0.83	0.000115782935086475
0.831	9.17E-05
0.832	7.88E-05
0.833	6.17E-05
0.834	5.56E-05
0.835	5.26E-05
0.836	4.98E-05
0.837	4.97E-05
0.838	4.14E-05
0.839	4.43E-05
0.84	4.19E-05
0.841	4.29E-05
0.842	4.98E-05
0.843	6.13E-05
0.844	7.53E-05
0.845	9.24E-05
0.846	0.000109235466899727
0.847	0.000139758313133177
0.848	0.000220543447520344
0.849	0.000275021242882597
0.85	0.00102284731873645
0.851	0.00116461379449913
0.852	0.00129134560813377
0.853	0.00143164426614539
0.854	0.00156912066914921
0.855	0.00170605979161227
0.856	0.00182519613357193
0.857	0.00191967987885652
0.858	0.00202054766098466
0.859	0.00210226333258215
0.86	0.00215205881996186
0.861	0.00220057749997287
0.862	0.00222802885840015
0.863	0.00220249271102593
0.864	0.00217567975628301
0.865	0.00211868818257324
0.866	0.00203884992853071
0.867	0.00196009338569095
0.868	0.0018432685757916
0.869	0.00174274808526775
0.87	0.00162009592653761
0.871	0.00153473880032456
0.872	0.00144493123434714
0.873	0.00127509133960714
0.874	0.00113651279648265
0.875	0.000967742355594683
0.876	0.000822538714395428
0.877	0.000724369592321791
0.878	0.000619108571399387
0.879	0.000525730030573152
0.88	0.000443689539181069
0.881	0.000362857418282732
0.882	0.00027460449295745
0.883	0.000204515939982393
0.884	0.000146915584519221
0.885	0.00011806790955352
0.886	9.22E-05
0.887	7.93E-05
0.888	6.56E-05
0.889	6.27E-05
0.89	4.98E-05
0.891	5.56E-05
0.892	4.67E-05
0.893	3.95E-05
0.894	4.51E-05
0.895	4.56E-05
0.896	4.77E-05
0.897	4.67E-05
0.898	4.94E-05
0.899	4.90E-05
0.9	5.35E-05
0.901	4.95E-05
0.902	4.55E-05
0.903	4.81E-05
0.904	4.49E-05
0.905	4.16E-05
0.906	4.31E-05
0.907	4.03E-05
0.908	3.95E-05
0.909	3.33E-05
0.91	2.53E-05
0.911	2.34E-05
0.912	1.78E-05
0.913	1.47E-05
0.914	9.14E-06
0.915	6.56E-06
0.916	1.72E-06
0.917	1.13E-06
0.918	0
0.919	0
0.92	0
0.921	0
0.922	0
0.923	0
0.924	0
0.925	0
0.926	0
0.927	0
0.928	0
0.929	0
0.93	0
0.931	0
0.932	0
0.933	0
0.934	0
0.935	0
0.936	0
0.937	0
0.938	0
0.939	0
0.94	0
0.941	0
0.942	0
0.943	0
0.944	0
0.945	0
0.946	0
0.947	0
0.948	0
0.949	0
0.95	0
0.951	0
0.952	0
0.953	0
0.954	0
0.955	0
0.956	0
0.957	0
0.958	0
0.959	0
0.96	0
0.961	0
0.962	0
0.963	0
0.964	0
0.965	0
0.966	0
0.967	0
0.968	0
0.969	0
0.97	0
0.971	0
0.972	0
0.973	0
0.974	0
0.975	0
0.976	0
0.977	0
0.978	0
0.979	0
0.98	0
0.981	0
0.982	0
0.983	0
0.984	0
0.985	0
0.986	0
0.987	0
0.988	0
0.989	0
0.99	0
0.991	0
0.992	0
0.993	0
0.994	0
0.995	0
0.996	0
0.997	0
0.998	0
0.999	0
1	0
# BAND 5 Red
0.37	0
0.371	0
0.372	0
0.373	0
0.374	0
0.375	0
0.376	0
0.377	0
0.378	0
0.379	0
0.38	0
0.381	0
0.382	0
0.383	0
0.384	0
0.385	0
0.386	0
0.387	0
0.388	0
0.389	0
0.39	0
0.391	0
0.392	0
0.393	0
0.394	0
0.395	0
0.396	0
0.397	0
0.398	0
0.399	0
0.4	0
0.401	0
0.402	0
0.403	0
0.404	0
0.405	0
0.406	0
0.407	0
0.408	0
0.409	0
0.41	0
0.411	0
0.412	0
0.413	0
0.414	0
0.415	0
0.416	0
0.417	0
0.418	0
0.419	0
0.42	0
0.421	0
0.422	0
0.423	0
0.424	0
0.425	0
0.426	0
0.427	0
0.428	0
0.429	0
0.43	0
0.431	0
0.432	0
0.433	0
0.434	0
0.435	0
0.436	0
0.437	0.000100158390558241
0.438	0.000164108419165385
0.439	0.000262745342897082
0.44	0.000151053877000748
0.441	8.67E-05
0.442	6.05E-05
0.443	0.00015970865311958
0.444	0.000146896730120583
0.445	0.000126203761871328
0.446	0.00010366464526504
0.447	0.000112788349183008
0.448	0.0001078666461086
0.449	9.04E-05
0.45	7.09E-05
0.451	5.24E-05
0.452	4.03E-05
0.453	3.87E-05
0.454	3.52E-05
0.455	3.67E-05
0.456	3.79E-05
0.457	4.29E-05
0.458	5.48E-05
0.459	5.68E-05
0.46	5.94E-05
0.461	6.07E-05
0.462	5.21E-05
0.463	4.98E-05
0.464	5.66E-05
0.465	6.70E-05
0.466	7.28E-05
0.467	6.00E-05
0.468	4.53E-05
0.469	3.34E-05
0.47	2.27E-05
0.471	1.77E-05
0.472	1.98E-05
0.473	3.16E-05
0.474	5.90E-05
0.475	9.02E-05
0.476	0.000133892138960637
0.477	0.00018067074514921
0.478	0.000230174229614065
0.479	0.000285531156302046
0.48	0.000329969201127975
0.481	0.000330769436611283
0.482	0.000295880188947321
0.483	0.000258813485242154
0.484	0.000242437710969725
0.485	0.000247272764342119
0.486	0.000274723389940224
0.487	0.000313307992543029
0.488	0.000348918981254356
0.489	0.000357422884950858
0.49	0.000346870990062044
0.491	0.000343189906838828
0.492	0.000337407823193832
0.493	0.000316062433658822
0.494	0.000282665599686022
0.495	0.000255095703321614
0.496	0.000229919377549317
0.497	0.000198408448855651
0.498	0.000164153273128781
0.499	0.000138789376236829
0.5	0.000123156750585204
0.501	0.000117767139119919
0.502	0.000112269470379182
0.503	0.000101873239131515
0.504	8.66E-05
0.505	6.64E-05
0.506	5.13E-05
0.507	4.48E-05
0.508	4.08E-05
0.509	3.84E-05
0.51	3.34E-05
0.511	3.13E-05
0.512	3.57E-05
0.513	3.53E-05
0.514	4.15E-05
0.515	4.92E-05
0.516	4.39E-05
0.517	3.29E-05
0.518	2.23E-05
0.519	1.27E-05
0.52	1.20E-05
0.521	7.92E-06
0.522	5.29E-06
0.523	6.20E-06
0.524	3.06E-06
0.525	1.65E-06
0.526	2.96E-06
0.527	5.73E-07
0.528	2.41E-06
0.529	1.42E-06
0.53	1.58E-06
0.531	2.40E-06
0.532	5.49E-07
0.533	1.62E-06
0.534	1.30E-06
0.535	9.05E-07
0.536	1.23E-06
0.537	3.84E-07
0.538	4.73E-07
0.539	3.86E-07
0.54	1.72E-06
0.541	4.03E-07
0.542	5.27E-07
0.543	7.35E-07
0.544	0
0.545	1.20E-06
0.546	1.66E-06
0.547	2.94E-06
0.548	2.47E-06
0.549	2.98E-06
0.55	6.00E-06
0.551	6.05E-06
0.552	7.65E-06
0.553	1.06E-05
0.554	9.48E-06
0.555	1.13E-05
0.556	1.62E-05
0.557	1.71E-05
0.558	2.34E-05
0.559	3.60E-05
0.56	4.70E-05
0.561	6.24E-05
0.562	7.75E-05
0.563	8.91E-05
0.564	0.0001088361033629
0.565	0.000135237757862505
0.566	0.000162907556236294
0.567	0.000183945084477088
0.568	0.000207693219278539
0.569	0.000212597592412544
0.57	0.000202021231725514
0.571	0.000188923874414
0.572	0.00016668956087715
0.573	0.000155018355719963
0.574	0.000147760168915949
0.575	0.000150495241274821
0.576	0.000168915948514786
0.577	0.000197969083896025
0.578	0.000244835359194871
0.579	0.000307273095649803
0.58	0.000379293269739248
0.581	0.000447404013155464
0.582	0.000485414688908456
0.583	0.000511440181760493
0.584	0.00054630394421798
0.585	0.00062324887960661
0.586	0.000731524308427066
0.587	0.000819974285426667
0.588	0.000835665017349054
0.589	0.000798576906070449
0.59	0.000756515101896227
0.591	0.000719273059970514
0.592	0.00067182878018882
0.593	0.000628248057708702
0.594	0.00058142765578151
0.595	0.000520921697977367
0.596	0.000460322974021655
0.597	0.000403277907256785
0.598	0.000362730943755424
0.599	0.000348098357605869
0.6	0.000342200061419348
0.601	0.000345877067009528
0.602	0.000365656645458727
0.603	0.000399333816702749
0.604	0.000451400093530708
0.605	0.000522318287292184
0.606	0.000624053192722954
0.607	0.000770203715997956
0.608	0.000976598209154541
0.609	0.00127738786827716
0.61	0.00173347112334967
0.611	0.00284447627263564
0.612	0.00433731811526704
0.613	0.00724008721037656
0.614	0.0112699619888145
0.615	0.0185774412597847
0.616	0.0293111730967966
0.617	0.0465519152769796
0.618	0.0712534516526519
0.619	0.106838445453375
0.62	0.152477990338558
0.621	0.208101364860233
0.622	0.273688817983381
0.623	0.342643504012009
0.624	0.411310844337633
0.625	0.477314980586644
0.626	0.543659981472255
0.627	0.611898533198941
0.628	0.68344379046573
0.629	0.753852407523743
0.63	0.816458728619505
0.631	0.863380179390368
0.632	0.895604311587231
0.633	0.915127891137392
0.634	0.925687049310052
0.635	0.931200136600707
0.636	0.934399804273614
0.637	0.93763961114672
0.638	0.940842464470437
0.639	0.94460981511757
0.64	0.949264688080187
0.641	0.95539770301834
0.642	0.961688726236638
0.643	0.967454754201555
0.644	0.97299523808917
0.645	0.97826111887702
0.646	0.98240246492917
0.647	0.985992056261142
0.648	0.988563513594446
0.649	0.988943880301082
0.65	0.988310572920184
0.651	0.986641929026249
0.652	0.984046897876955
0.653	0.982504405755069
0.654	0.980827479169029
0.655	0.980344534506332
0.656	0.980714707130378
0.657	0.981648102817517
0.658	0.984613943721019
0.659	0.986971962450097
0.66	0.990179912815109
0.661	0.993145116588448
0.662	0.995480198631699
0.663	0.997804449462199
0.664	0.998530777846729
0.665	0.999253920580451
0.666	0.999683983439713
0.667	0.999284502828221
0.668	1
0.669	0.999088903868527
0.67	0.999272397355145
0.671	0.998611693377287
0.672	0.997291559681894
0.673	0.995261025856016
0.674	0.991923100937983
0.675	0.986826696773191
0.676	0.98087207828036
0.677	0.97058879746779
0.678	0.955502829495049
0.679	0.932737531681297
0.68	0.900304420791341
0.681	0.853161885854309
0.682	0.79169156783716
0.683	0.716828773817518
0.684	0.636852373118714
0.685	0.565186061121171
0.686	0.511052296917947
0.687	0.479630948725039
0.688	0.461843548865972
0.689	0.444527625326689
0.69	0.409774723517366
0.691	0.351044702326417
0.692	0.274619665149872
0.693	0.199950558699439
0.694	0.136628740431898
0.695	0.0877455658926385
0.696	0.0535317669275927
0.697	0.0320205991826894
0.698	0.0193775890739823
0.699	0.0121586454103055
0.7	0.00794178669137033
0.701	0.00539247906071723
0.702	0.00376991751712924
0.703	0.00272208815587772
0.704	0.00203047775842318
0.705	0.00154040131554636
0.706	0.00119952546545544
0.707	0.000958449683919727
0.708	0.000777652532146402
0.709	0.000638397286335215
0.71	0.000541373066469241
0.711	0.000458975316303269
0.712	0.000403102569036239
0.713	0.000355954937057911
0.714	0.000317799505332142
0.715	0.000290651643986957
0.716	0.000267403019232411
0.717	0.000246901699735846
0.718	0.000233710556864504
0.719	0.000222674443052669
0.72	0.000215862757066092
0.721	0.00021016732312311
0.722	0.000206514783331146
0.723	0.000204593198762948
0.724	0.00020598571044473
0.725	0.000207654481764698
0.726	0.000217106435142061
0.727	0.000226011985692605
0.728	0.000241057432187051
0.729	0.000253697075190279
0.73	0.000279046700366605
0.731	0.000309855256769827
0.732	0.000350303337670066
0.733	0.000400730406017567
0.734	0.000462679845916442
0.735	0.000538216978499406
0.736	0.000595170298520966
0.737	0.000647601523505643
0.738	0.000684076970420595
0.739	0.00070523478883595
0.74	0.000729869808822724
0.741	0.000755961563211595
0.742	0.000786095271347365
0.743	0.000808811764990717
0.744	0.000815540878908316
0.745	0.000797754243605443
0.746	0.000769392267023799
0.747	0.000725254947634272
0.748	0.000670643208383614
0.749	0.000633406263499195
0.75	0.000600486512591603
0.751	0.000564580914893427
0.752	0.000541072341032839
0.753	0.000524759770072467
0.754	0.000513782781939654
0.755	0.000508568508694915
0.756	0.000515104954451565
0.757	0.000533370711636163
0.758	0.000564107909461256
0.759	0.000604393904448315
0.76	0.000646941966362076
0.761	0.000702115399563438
0.762	0.000740033309164863
0.763	0.000758468288120453
0.764	0.000771004970889523
0.765	0.000772720634989405
0.766	0.000778656649281508
0.767	0.000800165144137957
0.768	0.000834786287429804
0.769	0.000886803632661331
0.77	0.00092014032154685
0.771	0.00095452700093913
0.772	0.000995791627854821
0.773	0.00105979109776253
0.774	0.00113177967019594
0.775	0.00118333522348615
0.776	0.00116324064788492
0.777	0.00109419408768695
0.778	0.001028749096868
0.779	0.000944541897042314
0.78	0.000865339991768278
0.781	0.000748381243397739
0.782	0.000623455819483186
0.783	0.000508490014258973
0.784	0.000430822318414718
0.785	0.000377534790492489
0.786	0.000341936034680269
0.787	0.000321993350909631
0.788	0.00030564917829323
0.789	0.000294409182829597
0.79	0.000296370524319895
0.791	0.000297878229134943
0.792	0.000304616517726873
0.793	0.000321426559917632
0.794	0.000337351755739587
0.795	0.000357690989322973
0.796	0.000382212854992998
0.797	0.000405539974183486
0.798	0.000438601422839077
0.799	0.000457541008882869
0.8	0.000461614564285796
0.801	0.000477008648404817
0.802	0.000475532545245798
0.803	0.000449516227068093
0.804	0.000432604244051434
0.805	0.000403052618031548
0.806	0.000377097464349382
0.807	0.00035391612053993
0.808	0.000340083769873683
0.809	0.000316442672939426
0.81	0.000290748487771561
0.811	0.000269842463196176
0.812	0.000245706953256309
0.813	0.000221222805691866
0.814	0.000191611034584699
0.815	0.000181848161688344
0.816	0.000159437490522689
0.817	0.000144463402606372
0.818	0.000131640266116526
0.819	0.000125215955268366
0.82	0.000120620462836835
0.821	0.000111650689565974
0.822	0.000109006344542152
0.823	0.000112112481507297
0.824	0.000106214185320776
0.825	0.000106265155733725
0.826	0.000112300052626951
0.827	0.000108198973201031
0.828	0.000113076841720302
0.829	0.000112732281728763
0.83	0.000115324636931377
0.831	0.00012092832413105
0.832	0.000123707231045059
0.833	0.000128011172714519
0.834	0.000129804311842083
0.835	0.000135508920459396
0.836	0.000148985497643256
0.837	0.000154875638563705
0.838	0.000161581306091347
0.839	0.000176745003943836
0.84	0.000193868004470105
0.841	0.000217240997032248
0.842	0.000245842534554754
0.843	0.000278007923350693
0.844	0.000317063492569151
0.845	0.000354827471523467
0.846	0.000401583650730342
0.847	0.000449738458068553
0.848	0.000500307224164053
0.849	0.00054188990645655
0.85	0.000576420322413347
0.851	0.000601893295989011
0.852	0.000615818412806826
0.853	0.000637045550983793
0.854	0.000654052338968537
0.855	0.000659167729612153
0.856	0.000678222508789211
0.857	0.000690744919842654
0.858	0.000690612396768986
0.859	0.000701611811883497
0.86	0.000717856082490516
0.861	0.000727819778813893
0.862	0.000739651031067741
0.863	0.000751089811141877
0.864	0.000747032566271094
0.865	0.000749475068459636
0.866	0.000751822765680092
0.867	0.00075332027641255
0.868	0.000762810967303754
0.869	0.000761710006384044
0.87	0.000756144037289954
0.871	0.000781024734667144
0.872	0.000800601450872805
0.873	0.000785519305681035
0.874	0.000781480410158913
0.875	0.000770228181796172
0.876	0.000769091541587397
0.877	0.000796284256895978
0.878	0.000825581030851117
0.879	0.000850677842779213
0.88	0.000861686432568055
0.881	0.000855202996040873
0.882	0.000835152254994782
0.883	0.000803063321818268
0.884	0.000769545178262648
0.885	0.000763197323033912
0.886	0.000751715727812898
0.887	0.000769643041455511
0.888	0.000792354438057569
0.889	0.000786387841517695
0.89	0.000785702799167653
0.891	0.000741078202630328
0.892	0.000698809458579531
0.893	0.000668123231167388
0.894	0.000632926122209211
0.895	0.000631617202004666
0.896	0.000633133062085786
0.897	0.00063346233095344
0.898	0.000627921847065825
0.899	0.000590820483479852
0.9	0.000555329784943085
0.901	0.000493332432856038
0.902	0.000440588249535851
0.903	0.000396702723986294
0.904	0.000342604766498167
0.905	0.000307339357186637
0.906	0.000265297941177595
0.907	0.000229616613296397
0.908	0.000188280627802576
0.909	0.000148289241802365
0.91	0.000103275231310105
0.911	7.96E-05
0.912	5.76E-05
0.913	4.28E-05
0.914	2.44E-05
0.915	1.58E-05
0.916	3.95E-06
0.917	2.38E-06
0.918	0
0.919	0
0.92	0
0.921	0
0.922	0
0.923	0
0.924	0
0.925	0
0.926	0
0.927	0
0.928	0
0.929	0
0.93	0
0.931	0
0.932	0
0.933	0
0.934	0
0.935	0
0.936	0
0.937	0
0.938	0
0.939	0
0.94	0
0.941	0
0.942	0
0.943	0
0.944	0
0.945	0
0.946	0
0.947	0
0.948	0
0.949	0
0.95	0
0.951	0
0.952	0
0.953	0
0.954	0
0.955	0
0.956	0
0.957	0
0.958	0
0.959	0
0.96	0
0.961	0
0.962	0
0.963	0
0.964	0
0.965	0
0.966	0
0.967	0
0.968	0
0.969	0
0.97	0
0.971	0
0.972	0
0.973	0
0.974	0
0.975	0
0.976	0
0.977	0
0.978	0
0.979	0
0.98	0
0.981	0
0.982	0
0.983	0
0.984	0
0.985	0
0.986	0
0.987	0
0.988	0
0.989	0
0.99	0
0.991	0
0.992	0
0.993	0
0.994	0
0.995	0
0.996	0
0.997	0
0.998	0
0.999	0
1	0
# BAND 6 RedEdge
0.37	0
0.371	0
0.372	0
0.373	0
0.374	0
0.375	0
0.376	0
0.377	0
0.378	0
0.379	0
0.38	0
0.381	0
0.382	0
0.383	0
0.384	0
0.385	0
0.386	0
0.387	0
0.388	0
0.389	0
0.39	0
0.391	0
0.392	0
0.393	0
0.394	0
0.395	0
0.396	0
0.397	0
0.398	0
0.399	0
0.4	0
0.401	0
0.402	0
0.403	0
0.404	0
0.405	0
0.406	0
0.407	0
0.408	0
0.409	0
0.41	0
0.411	0
0.412	0
0.413	0
0.414	0
0.415	0
0.416	0
0.417	0
0.418	0
0.419	0
0.42	0
0.421	0
0.422	0
0.423	0
0.424	0
0.425	0
0.426	0
0.427	0
0.428	0
0.429	0
0.43	0
0.431	0
0.432	0
0.433	0
0.434	0
0.435	0
0.436	0
0.437	0.000236433874625723
0.438	0.000464847598517086
0.439	0.000820160770111945
0.44	0.000761264636847718
0.441	0.000538469877887342
0.442	0.00030900081540488
0.443	0.000904232908684557
0.444	0.00109557033774928
0.445	0.00102745927102144
0.446	0.000833173443550544
0.447	0.000781019223087512
0.448	0.000745627878263683
0.449	0.000714661772036565
0.45	0.000672062644222675
0.451	0.000583104678839418
0.452	0.000504680027862418
0.453	0.000460889286504224
0.454	0.000431751799998019
0.455	0.000398615858469482
0.456	0.000382745636593522
0.457	0.000388610741556268
0.458	0.000413387429559912
0.459	0.000422032966126035
0.46	0.000409803081372125
0.461	0.000372663402846324
0.462	0.000327824717661934
0.463	0.000290411432834737
0.464	0.000258230472373621
0.465	0.000242011640152253
0.466	0.000238335385600676
0.467	0.000229804996088037
0.468	0.000213528062142435
0.469	0.000200273474252023
0.47	0.00020242218165372
0.471	0.000221414050713562
0.472	0.000267171799535846
0.473	0.000328236711706507
0.474	0.000381435706810777
0.475	0.000396896047432135
0.476	0.000390391823502808
0.477	0.000383636177566792
0.478	0.000390581974600303
0.479	0.000393296909714542
0.48	0.000354582146264488
0.481	0.000275087367166584
0.482	0.000206472400030371
0.483	0.00017269522674528
0.484	0.000158508898477141
0.485	0.000165765275636561
0.486	0.000185175477110892
0.487	0.00019976957384366
0.488	0.00022295004902333
0.489	0.000239817507766154
0.49	0.000256047960332368
0.491	0.000281652862005104
0.492	0.000306609137156383
0.493	0.000324542498440167
0.494	0.000310265320203224
0.495	0.000276725835790002
0.496	0.000252214302927865
0.497	0.000244681150282091
0.498	0.00024368813899517
0.499	0.000243500100687647
0.5	0.00022991486116659
0.501	0.000200741457230859
0.502	0.000164340198800331
0.503	0.000118222219287792
0.504	8.24E-05
0.505	5.95E-05
0.506	4.06E-05
0.507	3.32E-05
0.508	2.89E-05
0.509	2.49E-05
0.51	2.49E-05
0.511	2.38E-05
0.512	2.48E-05
0.513	1.99E-05
0.514	1.69E-05
0.515	1.56E-05
0.516	1.47E-05
0.517	1.63E-05
0.518	2.38E-05
0.519	2.89E-05
0.52	4.25E-05
0.521	5.03E-05
0.522	6.07E-05
0.523	7.30E-05
0.524	8.06E-05
0.525	9.25E-05
0.526	0.000106083184502686
0.527	0.000119657860073882
0.528	0.000135529138344827
0.529	0.000145501507013472
0.53	0.00015842544327324
0.531	0.000159395213870466
0.532	0.00014416094177613
0.533	0.000131860278558153
0.534	0.000113832898120607
0.535	8.33E-05
0.536	4.50E-05
0.537	2.58E-05
0.538	1.45E-05
0.539	9.77E-06
0.54	1.08E-05
0.541	8.66E-06
0.542	1.14E-05
0.543	1.44E-05
0.544	1.53E-05
0.545	2.21E-05
0.546	2.58E-05
0.547	2.88E-05
0.548	3.21E-05
0.549	3.40E-05
0.55	3.59E-05
0.551	3.77E-05
0.552	3.98E-05
0.553	5.04E-05
0.554	5.62E-05
0.555	5.82E-05
0.556	5.92E-05
0.557	4.61E-05
0.558	2.55E-05
0.559	1.50E-05
0.56	6.79E-06
0.561	2.37E-06
0.562	3.96E-06
0.563	8.94E-07
0.564	5.23E-07
0.565	9.18E-07
0.566	1.23E-06
0.567	1.68E-06
0.568	3.24E-06
0.569	3.92E-06
0.57	4.18E-06
0.571	6.95E-06
0.572	1.21E-05
0.573	1.71E-05
0.574	2.79E-05
0.575	4.48E-05
0.576	6.05E-05
0.577	8.78E-05
0.578	0.000113731484201943
0.579	0.000132240580753144
0.58	0.000160860433716166
0.581	0.000191920559097046
0.582	0.000220821413126368
0.583	0.000282590940752748
0.584	0.000353241581027146
0.585	0.00044110195201986
0.586	0.000535973616535223
0.587	0.000615295146855409
0.588	0.000694502586517099
0.589	0.000775482656965439
0.59	0.00085033986207443
0.591	0.000954352512404388
0.592	0.0010622252300135
0.593	0.00116213378582252
0.594	0.00122165741770848
0.595	0.0012212686643536
0.596	0.00118258876193809
0.597	0.00112464127137137
0.598	0.00108595714337591
0.599	0.00107131762165874
0.6	0.00108544479180766
0.601	0.00109942723584348
0.602	0.00112157772591172
0.603	0.00112705724670454
0.604	0.00108806570776813
0.605	0.00100125856257655
0.606	0.000890995223113922
0.607	0.000801281935315615
0.608	0.00072792903666681
0.609	0.000675977644041107
0.61	0.000638416463915858
0.611	0.000599421755794492
0.612	0.000574382025439312
0.613	0.000554406652647425
0.614	0.000531779728440464
0.615	0.000515007345246388
0.616	0.000492449086713522
0.617	0.0004734709507885
0.618	0.000472796970787377
0.619	0.000465357837295365
0.62	0.000470072528118263
0.621	0.000467920651531608
0.622	0.000470646150595708
0.623	0.000481162562682187
0.624	0.000493778031606017
0.625	0.000503642647986082
0.626	0.000515438354400711
0.627	0.000516813780672594
0.628	0.000527030176583024
0.629	0.000542549675323604
0.63	0.000550328968001136
0.631	0.000560474585447499
0.632	0.000574655631740708
0.633	0.000589177893614422
0.634	0.000609764919103253
0.635	0.000644388264772198
0.636	0.000669756533968051
0.637	0.000705596846660967
0.638	0.000762774225282833
0.639	0.000819836456851217
0.64	0.000887908436964581
0.641	0.00097332536635448
0.642	0.00106855303598015
0.643	0.00118057738588458
0.644	0.00130014967796459
0.645	0.00142660860895889
0.646	0.00155199212985735
0.647	0.0016626030232704
0.648	0.00175278957602248
0.649	0.00180491633021587
0.65	0.0018303997464652
0.651	0.00183064905568192
0.652	0.00182272081131135
0.653	0.00181362102490121
0.654	0.00179522601900851
0.655	0.00178640617726968
0.656	0.00177307764173024
0.657	0.00176547054143544
0.658	0.00175272407953334
0.659	0.00173291244796429
0.66	0.00171441708454791
0.661	0.00169449030592539
0.662	0.00166846284625822
0.663	0.00164599649408914
0.664	0.00163068299237085
0.665	0.00161385990221744
0.666	0.00160858320926194
0.667	0.0016215684164309
0.668	0.00164977627534935
0.669	0.00169225286134486
0.67	0.00175468791781247
0.671	0.00180630232043761
0.672	0.00186583968545839
0.673	0.00192317552332817
0.674	0.00196324669794036
0.675	0.00199049535021144
0.676	0.00200010326260989
0.677	0.00198291994176623
0.678	0.00194911424581651
0.679	0.00191545538876986
0.68	0.00188448294417283
0.681	0.00184412759930938
0.682	0.00180826721511173
0.683	0.00177356780900379
0.684	0.00174428348359452
0.685	0.00172069207076526
0.686	0.00169084363043342
0.687	0.00167318281905605
0.688	0.00166606060405986
0.689	0.00167043513569724
0.69	0.00167617241686667
0.691	0.00168966363723396
0.692	0.00170258651709874
0.693	0.00171725139229558
0.694	0.00173279201893588
0.695	0.00174149777001621
0.696	0.00176758755698756
0.697	0.00179834238421746
0.698	0.0018443695137612
0.699	0.00190703697712575
0.7	0.00197517234093828
0.701	0.00205316598276095
0.702	0.0021393382345659
0.703	0.00222776483327116
0.704	0.00232621345120941
0.705	0.00242425746986798
0.706	0.0025183886014981
0.707	0.0026160892917862
0.708	0.00271470904571219
0.709	0.00280521357335508
0.71	0.0029047724624237
0.711	0.00303016654727203
0.712	0.00315674590729474
0.713	0.00328057018919374
0.714	0.00341486017621989
0.715	0.0035458658312343
0.716	0.00366735231102909
0.717	0.00379532399964347
0.718	0.00392072547925669
0.719	0.00403133003429983
0.72	0.00413798155930502
0.721	0.00423849965502101
0.722	0.00435737261362023
0.723	0.00445882350610893
0.724	0.00459111479382141
0.725	0.00473596450512847
0.726	0.00490320767735056
0.727	0.00509125443603363
0.728	0.00531964280644533
0.729	0.00559463404166818
0.73	0.00592769636567113
0.731	0.00634996807706401
0.732	0.00682427041070656
0.733	0.00747155002855568
0.734	0.00821205650392682
0.735	0.00926232545548781
0.736	0.0104552954109542
0.737	0.0122460507663816
0.738	0.0142876703519446
0.739	0.0178594030708082
0.74	0.0220555180461975
0.741	0.028457300184539
0.742	0.0363868650488418
0.743	0.0475437165956351
0.744	0.0629003984589838
0.745	0.0853897272190072
0.746	0.115636296411228
0.747	0.151972982698231
0.748	0.192213048458819
0.749	0.232760789259104
0.75	0.270017859677734
0.751	0.306951409131874
0.752	0.344846938270219
0.753	0.383993635220209
0.754	0.427198869657365
0.755	0.473015380450751
0.756	0.522988145267516
0.757	0.574874305502828
0.758	0.626763106725605
0.759	0.674699009959824
0.76	0.716695332384779
0.761	0.749775681127174
0.762	0.775708197294969
0.763	0.800643080447779
0.764	0.82410099136067
0.765	0.848560496769742
0.766	0.874502916640532
0.767	0.90166547272025
0.768	0.928464893023502
0.769	0.954089073904733
0.77	0.975371471393154
0.771	0.989179874355021
0.772	0.997673290043147
0.773	1
0.774	0.999977551606546
0.775	0.997224982420927
0.776	0.994016182650693
0.777	0.989259764225844
0.778	0.984717265785677
0.779	0.977363436188791
0.78	0.969495274283055
0.781	0.963675198156591
0.782	0.958526593093158
0.783	0.947249576616697
0.784	0.932366291756488
0.785	0.910611157511794
0.786	0.876397825146822
0.787	0.834385656797076
0.788	0.78652436145875
0.789	0.741913461443234
0.79	0.704096501681979
0.791	0.672674693067738
0.792	0.645692384382521
0.793	0.625116451041044
0.794	0.606070309688793
0.795	0.585918254835483
0.796	0.559970552989763
0.797	0.527386049643962
0.798	0.484990277864894
0.799	0.433796056345468
0.8	0.380549127318705
0.801	0.333047006275646
0.802	0.293441437753576
0.803	0.261097924513976
0.804	0.236258116909913
0.805	0.217502484178834
0.806	0.204192344701684
0.807	0.192532461103207
0.808	0.180476765318553
0.809	0.164665511410716
0.81	0.143780292027189
0.811	0.118807911077952
0.812	0.0925438548513289
0.813	0.0670999900302723
0.814	0.0463700332434297
0.815	0.0312041838523424
0.816	0.0208644802371607
0.817	0.0142404484396716
0.818	0.00985333302521813
0.819	0.00700947757966704
0.82	0.00516866494782399
0.821	0.00390104272787595
0.822	0.00301838457399222
0.823	0.00244529663241086
0.824	0.00202508383484585
0.825	0.00170918898576178
0.826	0.00148318067325373
0.827	0.00130822581763321
0.828	0.00118946483690252
0.829	0.00107228105388605
0.83	0.000998208750251719
0.831	0.000941427519749635
0.832	0.000901789467081742
0.833	0.000859531554848358
0.834	0.000835176368444161
0.835	0.000803914471620939
0.836	0.000784069035412341
0.837	0.000767082204036089
0.838	0.000771329968275138
0.839	0.000754468847902231
0.84	0.00075766127355018
0.841	0.000742644618822978
0.842	0.000745631047448641
0.843	0.000764968357668932
0.844	0.000782418946444076
0.845	0.000783890504659692
0.846	0.000793577646682095
0.847	0.000820723828639528
0.848	0.000845994909496661
0.849	0.000863122241406062
0.85	0.000895164814124001
0.851	0.000911309698696343
0.852	0.000893035121832053
0.853	0.000914717628921454
0.854	0.000909641651013314
0.855	0.000939422482066045
0.856	0.0009287592310765
0.857	0.000940309853854356
0.858	0.000946684141200395
0.859	0.000944118157779194
0.86	0.000947713069916842
0.861	0.000963738581855756
0.862	0.000984762954868825
0.863	0.000968856815563339
0.864	0.000982059640099433
0.865	0.000977489675389628
0.866	0.00098268396953621
0.867	0.000979567604327258
0.868	0.000977203392348399
0.869	0.000963774499285283
0.87	0.000952395012495172
0.871	0.000964411505461892
0.872	0.000982049076149572
0.873	0.000952748904815511
0.874	0.000928277514962845
0.875	0.000904641733544172
0.876	0.000868690499377717
0.877	0.000880196753566158
0.878	0.000888399660633111
0.879	0.000899254119115137
0.88	0.000909275081953142
0.881	0.00089208330994959
0.882	0.000868615495333705
0.883	0.000819127615815553
0.884	0.000769059775450041
0.885	0.000739447967595084
0.886	0.000716369962729064
0.887	0.000735510783481944
0.888	0.000742731243211837
0.889	0.000757309494019814
0.89	0.000774366047465147
0.891	0.000754030443983005
0.892	0.000731680295262399
0.893	0.000710665429804204
0.894	0.000690599207043514
0.895	0.000690856967420118
0.896	0.000693479996170568
0.897	0.000707082138011403
0.898	0.000714979746927376
0.899	0.000688318450268556
0.9	0.000662240283642054
0.901	0.000618075578458786
0.902	0.000568028865992995
0.903	0.000520383339330576
0.904	0.000460483630829567
0.905	0.000422824205970612
0.906	0.000372066539679186
0.907	0.000331614006477022
0.908	0.000273174235846783
0.909	0.000220829864286257
0.91	0.000149224242944437
0.911	0.000123715473215435
0.912	9.07E-05
0.913	7.08E-05
0.914	4.08E-05
0.915	2.74E-05
0.916	6.86E-06
0.917	4.28E-06
0.918	0
0.919	0
0.92	0
0.921	0
0.922	0
0.923	0
0.924	0
0.925	0
0.926	0
0.927	0
0.928	0
0.929	0
0.93	0
0.931	0
0.932	0
0.933	0
0.934	0
0.935	0
0.936	0
0.937	0
0.938	0
0.939	0
0.94	0
0.941	0
0.942	0
0.943	0
0.944	0
0.945	0
0.946	0
0.947	0
0.948	0
0.949	0
0.95	0
0.951	0
0.952	0
0.953	0
0.954	0
0.955	0
0.956	0
0.957	0
0.958	0
0.959	0
0.96	0
0.961	0
0.962	0
0.963	0
0.964	0
0.965	0
0.966	0
0.967	0
0.968	0
0.969	0
0.97	0
0.971	0
0.972	0
0.973	0
0.974	0
0.975	0
0.976	0
0.977	0
0.978	0
0.979	0
0.98	0
0.981	0
0.982	0
0.983	0
0.984	0
0.985	0
0.986	0
0.987	0
0.988	0
0.989	0
0.99	0
0.991	0
0.992	0
0.993	0
0.994	0
0.995	0
0.996	0
0.997	0
0.998	0
0.999	0
1	0
# BAND 7 NIR
0.37	0
0.371	0
0.372	0
0.373	0
0.374	0
0.375	0
0.376	0
0.377	0
0.378	0
0.379	0
0.38	0
0.381	0
0.382	0
0.383	0
0.384	0
0.385	0
0.386	0
0.387	0
0.388	0
0.389	0
0.39	0
0.391	0
0.392	0
0.393	0
0.394	0
0.395	0
0.396	0
0.397	0
0.398	0
0.399	0
0.4	0
0.401	0
0.402	0
0.403	0
0.404	0
0.405	0
0.406	0
0.407	0
0.408	0
0.409	0
0.41	0
0.411	0
0.412	0
0.413	0
0.414	0
0.415	0
0.416	0
0.417	0
0.418	0
0.419	0
0.42	0
0.421	0
0.422	0
0.423	0
0.424	0
0.425	0
0.426	0
0.427	0
0.428	0
0.429	0
0.43	0
0.431	0
0.432	0
0.433	0
0.434	0
0.435	0
0.436	0
0.437	0.000289760818100541
0.438	0.00049904883087834
0.439	0.000696784856835754
0.44	0.000602949206912601
0.441	0.000480972398482469
0.442	0.000344592305863523
0.443	0.000992826886951979
0.444	0.00106092049704832
0.445	0.000885015486718256
0.446	0.000674123418261938
0.447	0.000616475993075344
0.448	0.000552786303378951
0.449	0.000511770910418125
0.45	0.000495832147413467
0.451	0.000469583281710939
0.452	0.000441434622609604
0.453	0.000398759455269335
0.454	0.000372254497845253
0.455	0.000374234654755009
0.456	0.000394026580231246
0.457	0.000425982326724551
0.458	0.000472228848491343
0.459	0.000509507873949833
0.46	0.000526232056334821
0.461	0.000512324882886925
0.462	0.00046896608994686
0.463	0.000439847711146754
0.464	0.000418391725237156
0.465	0.00039109170481143
0.466	0.00037401713751871
0.467	0.000371996263096741
0.468	0.000404743858051252
0.469	0.000466907712553115
0.47	0.00053443342050542
0.471	0.000595130373054115
0.472	0.000651352685313234
0.473	0.000696325177553132
0.474	0.000723414109823435
0.475	0.000708385061762707
0.476	0.000650567265932903
0.477	0.00057451766825273
0.478	0.000477289606654099
0.479	0.000357468683344328
0.48	0.000286529133446958
0.481	0.000232326624096329
0.482	0.000178763808292845
0.483	0.000155108005210234
0.484	0.000160668088654347
0.485	0.000190815120394585
0.486	0.000223408417408076
0.487	0.000224734951095455
0.488	0.000204096529970567
0.489	0.000196060178875781
0.49	0.000196695586369009
0.491	0.000203029302545179
0.492	0.000211706418700589
0.493	0.000214866311951059
0.494	0.000215194195075726
0.495	0.000202884648225473
0.496	0.000184510335082356
0.497	0.000162381438707755
0.498	0.00013167400541784
0.499	0.000111092374507355
0.5	0.000100972465452061
0.501	9.85E-05
0.502	9.81E-05
0.503	8.59E-05
0.504	7.20E-05
0.505	5.81E-05
0.506	3.76E-05
0.507	3.14E-05
0.508	2.28E-05
0.509	1.88E-05
0.51	2.05E-05
0.511	1.79E-05
0.512	2.66E-05
0.513	2.60E-05
0.514	2.76E-05
0.515	3.79E-05
0.516	4.38E-05
0.517	6.00E-05
0.518	8.16E-05
0.519	0.000102696852094307
0.52	0.000139808935752721
0.521	0.000181389016317141
0.522	0.000233508503464002
0.523	0.000294256888659704
0.524	0.000355884986421915
0.525	0.000418753896793161
0.526	0.000480854531999746
0.527	0.000533263327786019
0.528	0.000580324199797082
0.529	0.000605261533000941
0.53	0.000615167675117113
0.531	0.000618630806682226
0.532	0.000615222322304558
0.533	0.000607077748348363
0.534	0.000588268400732647
0.535	0.000571859243310575
0.536	0.000560434766594228
0.537	0.000523241462214082
0.538	0.000480804170866218
0.539	0.000439322669541895
0.54	0.000377479197570343
0.541	0.000324455353046949
0.542	0.000310287801823582
0.543	0.000332178822205777
0.544	0.000387598570868897
0.545	0.000475315878825219
0.546	0.00057482519262129
0.547	0.000684713185977907
0.548	0.000769014508962206
0.549	0.000816322900586988
0.55	0.000804538395341595
0.551	0.000739046419973011
0.552	0.000645936184675348
0.553	0.000545555730420603
0.554	0.000457803062519463
0.555	0.000392465385091899
0.556	0.000355066350123726
0.557	0.000333280338062503
0.558	0.00031921458061967
0.559	0.000313381261238335
0.56	0.000286015878490371
0.561	0.000255360949360943
0.562	0.000226046483594124
0.563	0.000191336947459006
0.564	0.000168246903493469
0.565	0.00014275452630733
0.566	0.000121130312781482
0.567	9.50E-05
0.568	8.82E-05
0.569	7.59E-05
0.57	6.03E-05
0.571	5.16E-05
0.572	4.61E-05
0.573	4.29E-05
0.574	3.90E-05
0.575	4.09E-05
0.576	4.19E-05
0.577	4.86E-05
0.578	5.51E-05
0.579	5.79E-05
0.58	7.78E-05
0.581	9.82E-05
0.582	0.000119515541968169
0.583	0.000143663169737781
0.584	0.000152992837602087
0.585	0.000168036886851525
0.586	0.000176708645439538
0.587	0.000179123836821891
0.588	0.000181935488191587
0.589	0.000180133202519396
0.59	0.000178274126632802
0.591	0.000181111494326001
0.592	0.000180036766306259
0.593	0.000185195032195632
0.594	0.00019003613009513
0.595	0.000196055892821864
0.596	0.000215149191509595
0.597	0.000234358213653091
0.598	0.000246958140656235
0.599	0.000271082195129302
0.6	0.000297263555482633
0.601	0.000326311214393105
0.602	0.000372806327287095
0.603	0.000434340131863128
0.604	0.000533032952387968
0.605	0.000666858556872252
0.606	0.000829903262423697
0.607	0.000991080319980713
0.608	0.00109943819208888
0.609	0.00114647977685732
0.61	0.00115290457167923
0.611	0.00116558914824724
0.612	0.00123190618899489
0.613	0.00126950238244325
0.614	0.00127231617683991
0.615	0.00130633244375391
0.616	0.00139901943122725
0.617	0.00157940658244124
0.618	0.0018433514262849
0.619	0.00213642643557693
0.62	0.0023817462321233
0.621	0.00242982825648015
0.622	0.00227533744303399
0.623	0.00199745220882458
0.624	0.00173636937748415
0.625	0.00157633455329608
0.626	0.00150698298637504
0.627	0.00149435091396751
0.628	0.00152390754178065
0.629	0.00156689773408384
0.63	0.00160295952022984
0.631	0.00161424255716692
0.632	0.00159478387238274
0.633	0.00157998841426051
0.634	0.00159853738410075
0.635	0.00163878985946431
0.636	0.00164929926366933
0.637	0.00167216214677726
0.638	0.0017498286582977
0.639	0.00189644170464401
0.64	0.00214118931299244
0.641	0.00245982206179284
0.642	0.00279072042539085
0.643	0.00305245902298062
0.644	0.00315352953191603
0.645	0.00305814340198833
0.646	0.00279879856551133
0.647	0.00246329805151971
0.648	0.00213562922954832
0.649	0.00182934674511038
0.65	0.00156799067783273
0.651	0.00134532803380625
0.652	0.00117470558492916
0.653	0.00105410459980646
0.654	0.000956411501357809
0.655	0.000885617677293625
0.656	0.000819487079891375
0.657	0.000766037844516697
0.658	0.000716373194750923
0.659	0.000667424315989325
0.66	0.000636702953024179
0.661	0.000607163469426707
0.662	0.000582430795297395
0.663	0.000562379563559166
0.664	0.000553467785951789
0.665	0.00055215518193964
0.666	0.000567550687610291
0.667	0.000591197918585066
0.668	0.000625764943427437
0.669	0.000685053927264326
0.67	0.000768509826113453
0.671	0.000856396433199506
0.672	0.000968554963618769
0.673	0.00108102530446051
0.674	0.00119185087211152
0.675	0.00129576089176709
0.676	0.00138359392317918
0.677	0.00144329115365168
0.678	0.00148716641608878
0.679	0.00151050933723543
0.68	0.00154939027534548
0.681	0.00158435376017519
0.682	0.00164657869094538
0.683	0.00174713808795117
0.684	0.00186039277665976
0.685	0.00199164782030719
0.686	0.00209352196435209
0.687	0.00214463101428796
0.688	0.00212758109180527
0.689	0.00203686461762037
0.69	0.00187604115951152
0.691	0.00169598296293568
0.692	0.00150483353033555
0.693	0.00133183875061528
0.694	0.001183826307665
0.695	0.00107180814551153
0.696	0.00100751840826673
0.697	0.000973144255850631
0.698	0.000970893006030612
0.699	0.00101422393962022
0.7	0.00106870075642155
0.701	0.00113951493924184
0.702	0.00122576320221803
0.703	0.00131791228992476
0.704	0.00141763054884929
0.705	0.00151528292978573
0.706	0.00161112766748258
0.707	0.00172289188094146
0.708	0.00184545480724477
0.709	0.00197462468566148
0.71	0.00209826019695757
0.711	0.00223387951500621
0.712	0.00238238271113001
0.713	0.0025018146750468
0.714	0.00263056559169309
0.715	0.00275914720920966
0.716	0.00285960159789448
0.717	0.00293192875774754
0.718	0.00298958154050154
0.719	0.00301223440696752
0.72	0.00304719360574331
0.721	0.00303237350281105
0.722	0.00300103709110878
0.723	0.00294419330103167
0.724	0.00285031264754238
0.725	0.00270757419393724
0.726	0.00252477613739482
0.727	0.00230884474104533
0.728	0.00206768884587953
0.729	0.00183114581624214
0.73	0.00160985149492873
0.731	0.0014118518766554
0.732	0.00125555449148314
0.733	0.00112306184976711
0.734	0.00103670322090255
0.735	0.000985792400960344
0.736	0.000960823993865585
0.737	0.000974108617982005
0.738	0.00100992931359516
0.739	0.00104279584654588
0.74	0.00105840244037195
0.741	0.00106481223400515
0.742	0.00107262463878276
0.743	0.00108315118720345
0.744	0.00110663447661589
0.745	0.00113726261790834
0.746	0.00118755624608646
0.747	0.00124483828517662
0.748	0.00129826609028171
0.749	0.0013724662556966
0.75	0.0014461638812897
0.751	0.001529300469122
0.752	0.0016190847265799
0.753	0.00170596625402236
0.754	0.00177952994043055
0.755	0.00184069835891014
0.756	0.00186209862611881
0.757	0.00184895758480862
0.758	0.00183295238796824
0.759	0.00181976848611888
0.76	0.0018146830831461
0.761	0.00180847044799309
0.762	0.00182304303131163
0.763	0.00181973312617406
0.764	0.00184642988451094
0.765	0.00184193595697873
0.766	0.00189125665091765
0.767	0.00192453143050398
0.768	0.00199577100417555
0.769	0.00210433460687175
0.77	0.0022004590095867
0.771	0.00229068794513851
0.772	0.00240457482679989
0.773	0.00251952464983274
0.774	0.0026664248617915
0.775	0.00281461731900631
0.776	0.00296923457104302
0.777	0.00313704001098301
0.778	0.00331167849238053
0.779	0.00353353642978406
0.78	0.00369705474429335
0.781	0.00392719976694582
0.782	0.00417742388068697
0.783	0.00443561684017372
0.784	0.00479711119965979
0.785	0.0051700257498083
0.786	0.0056226801900597
0.787	0.00615213857348071
0.788	0.00680596645493114
0.789	0.00763764628670352
0.79	0.00868157150845659
0.791	0.00998545125785637
0.792	0.0117897170869567
0.793	0.0142723238113734
0.794	0.0176723400180148
0.795	0.0227066735868579
0.796	0.0294824362198344
0.797	0.0393825296424159
0.798	0.0528524023667054
0.799	0.0708538288190247
0.8	0.0941023228403144
0.801	0.12133282882907
0.802	0.151831450929705
0.803	0.182972311421999
0.804	0.213251273259377
0.805	0.243531574488603
0.806	0.272759783420338
0.807	0.302525758179499
0.808	0.332949374336583
0.809	0.365037854562136
0.81	0.397344655659098
0.811	0.429989653197966
0.812	0.463558161416809
0.813	0.496513897864675
0.814	0.535831075899988
0.815	0.578072816037878
0.816	0.627636341719043
0.817	0.681442391082329
0.818	0.736388262909226
0.819	0.787772691809284
0.82	0.830710915708722
0.821	0.862703629417063
0.822	0.884748679861909
0.823	0.909114896381298
0.824	0.927672840146931
0.825	0.945335400461421
0.826	0.957330324166312
0.827	0.968250385912277
0.828	0.976028904076104
0.829	0.979542128896375
0.83	0.978934044996869
0.831	0.985311559286506
0.832	0.989330404529823
0.833	0.988019809605449
0.834	0.987233586590009
0.835	0.984724905656587
0.836	0.984384700126907
0.837	0.98354891961305
0.838	0.984361260769548
0.839	0.983133708139819
0.84	0.983785991970346
0.841	0.984325097189621
0.842	0.987668888940976
0.843	0.992802777898695
0.844	0.997888448749845
0.845	0.999739488285344
0.846	0.998337814715229
0.847	0.997085483336291
0.848	1
0.849	0.99821927853658
0.85	0.925376452821596
0.851	0.919093365657323
0.852	0.913306523173153
0.853	0.909180526581906
0.854	0.905186460087797
0.855	0.895327196686345
0.856	0.885277069946391
0.857	0.879133949230352
0.858	0.872895731693025
0.859	0.867639958077035
0.86	0.862905207890357
0.861	0.863165049909089
0.862	0.86389568816279
0.863	0.858581651001363
0.864	0.853013129388601
0.865	0.848799402631235
0.866	0.844267570309701
0.867	0.84198055872731
0.868	0.839805386364321
0.869	0.838936121054235
0.87	0.838396346139036
0.871	0.852600596699069
0.872	0.867010443907944
0.873	0.8464648426382
0.874	0.825502020807452
0.875	0.812181768867846
0.876	0.798432241840592
0.877	0.822359137833467
0.878	0.846847908707052
0.879	0.861854454984714
0.88	0.877468415465958
0.881	0.855985239901823
0.882	0.835042508948812
0.883	0.79692542601032
0.884	0.758378398288257
0.885	0.749006673519888
0.886	0.739401224873846
0.887	0.75856658284306
0.888	0.778415700351256
0.889	0.780868796522939
0.89	0.78401837645617
0.891	0.75146981513044
0.892	0.718939335594673
0.893	0.69072638568458
0.894	0.66217657872443
0.895	0.664701332360042
0.896	0.665985139447434
0.897	0.666429147845421
0.898	0.66636887521221
0.899	0.630890394216506
0.9	0.594024303265103
0.901	0.535997830185204
0.902	0.475634788024497
0.903	0.423507666344097
0.904	0.367090472570929
0.905	0.324787120407979
0.906	0.278558010735226
0.907	0.235826053180553
0.908	0.189222583485968
0.909	0.146362714009704
0.91	0.0989884243059439
0.911	0.0749671011877057
0.912	0.0498695767186909
0.913	0.0350250968547731
0.914	0.0188225915223193
0.915	0.0117727528855523
0.916	0.00383396202154412
0.917	0.00246389595604116
0.918	0.000923510679975757
0.919	0.000678401971584802
0.92	0.000433293263193847
0.921	0.000287969247563144
0.922	0.000143314927857007
0.923	7.30E-05
0.924	3.45E-06
0.925	1.73E-06
0.926	0
0.927	0
0.928	0
0.929	0
0.93	0
0.931	0
0.932	0
0.933	0
0.934	0
0.935	0
0.936	0
0.937	0
0.938	0
0.939	0
0.94	0
0.941	0
0.942	0
0.943	0
0.944	0
0.945	0
0.946	0
0.947	0
0.948	0
0.949	0
0.95	0
0.951	0
0.952	0
0.953	0
0.954	0
0.955	0
0.956	0
0.957	0
0.958	0
0.959	0
0.96	0
0.961	0
0.962	0
0.963	0
0.964	0
0.965	0
0.966	0
0.967	0
0.968	0
0.969	0
0.97	0
0.971	0
0.972	0
0.973	0
0.974	0
0.975	0
0.976	0
0.977	0
0.978	0
0.979	0
0.98	0
0.981	0
0.982	0
0.983	0
0.984	0
0.985	0
0.986	0
0.987	0
0.988	0
0.989	0
0.99	0
0.991	0
0.992	0
0.993	0
0.994	0
0.995	0
0.996	0
0.997	0
0.998	0
0.999	0
1	0