;; L7/ETM Thermal Band RSR
;;
;; tabulated QV 2019-01-28
;;
;; datasets: wavelength RSR
;;
;; BAND 6
10000 0.000
10020 0.019
10030 0.021
10040 0.007
10050 0.017
10060 0.027
10070 0.025
10080 0.027
10090 0.027
10100 0.030
10120 0.044
10130 0.037
10140 0.065
10150 0.053
10160 0.052
10170 0.049
10180 0.068
10190 0.084
10200 0.109
10210 0.124
10220 0.134
10230 0.173
10240 0.175
10250 0.217
10260 0.256
10270 0.286
10280 0.344
10290 0.384
10300 0.443
10310 0.492
10330 0.544
10340 0.614
10350 0.680
10360 0.725
10370 0.794
10380 0.823
10390 0.862
10400 0.890
10410 0.907
10420 0.930
10430 0.960
10440 0.965
10450 0.971
10460 0.969
10470 0.980
10480 0.979
10490 1.000
10500 0.981
10510 0.969
10520 0.988
10530 0.974
10540 0.952
10590 0.957
10640 0.957
10700 0.948
10750 0.948
10800 0.923
10850 0.915
10900 0.893
10950 0.897
11000 0.886
11050 0.883
11100 0.882
11150 0.880
11200 0.875
11250 0.856
11290 0.857
11340 0.830
11390 0.833
11440 0.800
11490 0.797
11540 0.789
11590 0.744
11630 0.719
11680 0.711
11730 0.699
11780 0.666
11820 0.666
11870 0.628
11920 0.626
11960 0.592
12010 0.586
12020 0.597
12030 0.613
12040 0.601
12050 0.544
12060 0.551
12070 0.578
12080 0.567
12090 0.546
12100 0.558
12110 0.544
12120 0.511
12130 0.565
12140 0.519
12150 0.546
12160 0.567
12170 0.545
12180 0.530
12190 0.530
12200 0.542
12210 0.532
12220 0.532
12230 0.533
12240 0.561
12250 0.518
12260 0.532
12270 0.533
12280 0.524
12290 0.550
12300 0.567
12310 0.531
12320 0.553
12330 0.527
12340 0.537
12350 0.530
12360 0.507
12370 0.488
12380 0.485
12390 0.447
12400 0.447
12410 0.425
12420 0.416
12430 0.405
12440 0.388
12450 0.358
12460 0.360
12470 0.275
12480 0.272
12490 0.290
12500 0.196
12510 0.205
12520 0.208
12530 0.172
12540 0.149
12550 0.109
12560 0.105
12570 0.075
12580 0.069
12590 0.077
12600 0.099
12610 0.069
12620 0.073
12630 0.085
12640 0.069
12650 0.030
12660 0.045
12670 0.052
12680 0.013
12690 0.023
12700 0.009
12710 0.032
12720 0.017
12730 0
12740 0.011
12750 0.017
12760 0
12770 0.005
12780 0.011
12790 0.003
12800 0.011
12810 0
12820 0.013
12830 0.008
12840 0
12850 0.020
12860 0.015
12870 0
12880 0
12890 0
12900 0.001
;;