;; L9/OLI RSR
;;
;; tabulated QV 2021-12-12
;;
;; source: https://landsat.gsfc.nasa.gov/wp-content/uploads/2021-10/L9_OLI2_Ball_FPM_RSR.v1.0.xlsx
;; reference: Barsi et al. 2019 https://doi.org/10.1117/12.2529776
;;
;; datasets: wavelength, RSR, RSR sd
;;
;; BAND 1
427	0.00036798	0.00004469
428	0.00072189	0.00006838
429	0.00205797	0.00026606
430	0.00360595	0.00050348
431	0.00877048	0.0016778
432	0.0222446	0.00513401
433	0.07982337	0.01813636
434	0.23420422	0.03781107
435	0.49647373	0.04564099
436	0.76542354	0.04749914
437	0.9375785	0.01551657
438	0.9763267	0.01285118
439	0.98641855	0.02073366
440	0.9947381	0.01937152
441	0.98839664	0.00985695
442	0.97089148	0.01004423
443	0.96740282	0.0210157
444	0.97595501	0.01785661
445	0.98273933	0.01161098
446	0.98891443	0.00892519
447	1	0.00460352
448	0.98661834	0.01799174
449	0.87390488	0.03148301
450	0.64063799	0.03073661
451	0.33599678	0.01792066
452	0.13211244	0.0076704
453	0.04911467	0.00369018
454	0.01938601	0.00215843
455	0.00847867	0.00135426
456	0.00360224	0.00073651
457	0.00169454	0.00044872
458	0.00077237	0.00020757
459	0.00036698	0.00009291
;; BAND 2
436	0.0000641	0.00000442
437	0.0000879	0.00000611
438	0.00012288	0.0000085
439	0.00017756	0.0000124
440	0.00026465	0.00001888
441	0.00040609	0.0000305
442	0.00064757	0.00005075
443	0.0010627	0.00008752
444	0.00180834	0.00016028
445	0.00423224	0.00042282
446	0.00733809	0.00065609
447	0.0132065	0.00117162
448	0.02738087	0.00248636
449	0.06140049	0.00639836
450	0.12810045	0.0144704
451	0.28426054	0.03216385
452	0.52622634	0.05206515
453	0.75461823	0.04723892
454	0.85015893	0.02017004
455	0.87050748	0.00513807
456	0.87301528	0.00899431
457	0.87386012	0.0095901
458	0.87411314	0.00835919
459	0.87535989	0.00464124
460	0.87936622	0.00648731
461	0.88182181	0.01574977
462	0.88110375	0.02162892
463	0.88239449	0.02189738
464	0.88807994	0.01636066
465	0.89365971	0.00854374
466	0.89804703	0.00366563
467	0.90057266	0.00724549
468	0.89131784	0.00950573
469	0.86657351	0.01420496
470	0.8358435	0.01728345
471	0.81551754	0.01285951
472	0.8177281	0.00523313
473	0.83361632	0.01255132
474	0.85324347	0.01279903
475	0.86751264	0.00548119
476	0.87968469	0.00783504
477	0.8864091	0.01406941
478	0.89245307	0.01702148
479	0.90207016	0.01435731
480	0.91684681	0.00851875
481	0.93018711	0.00601585
482	0.93724215	0.00641677
483	0.94008964	0.00814098
484	0.94266725	0.00904783
485	0.94259858	0.01272744
486	0.94212455	0.01642681
487	0.94310826	0.01717806
488	0.94514865	0.01689493
489	0.94699287	0.01748484
490	0.94705468	0.01793138
491	0.94369674	0.0154778
492	0.92798311	0.0169618
493	0.90826762	0.0280459
494	0.89631408	0.04154578
495	0.90117168	0.04739599
496	0.92790043	0.02914561
497	0.95433879	0.00466223
498	0.95914739	0.00421084
499	0.94807255	0.01627013
500	0.95188999	0.02522637
501	0.96618539	0.0195046
502	0.98983949	0.00238525
503	1	0.01277786
504	0.98322678	0.00560256
505	0.95298815	0.02007894
506	0.92356867	0.04674564
507	0.91930556	0.05571818
508	0.94349515	0.03888773
509	0.95687258	0.02474928
510	0.92322963	0.02101024
511	0.79937828	0.04181675
512	0.41356644	0.07871538
513	0.11275553	0.02865174
514	0.03274055	0.00933429
515	0.01292293	0.00419642
516	0.00580021	0.00260631
517	0.00378357	0.00146559
518	0.00263001	0.00113157
519	0.00204936	0.00096177
520	0.0016022	0.00080599
521	0.00113626	0.00059992
522	0.00072538	0.00039399
523	0.00045327	0.00025014
524	0.00030357	0.00016897
525	0.00022787	0.00012742
526	0.00019309	0.00010821
527	0.00018524	0.00010408
528	0.00019598	0.00011045
529	0.00021502	0.00012185
530	0.00022982	0.00013111
;; BAND 3
512	0.00032837	0.00000619
513	0.00040286	0.00000683
514	0.0004889	0.00001294
515	0.00058934	0.00002303
516	0.00071741	0.00003533
517	0.00087833	0.00004978
518	0.00109091	0.00006774
519	0.00138202	0.00009087
520	0.00179561	0.0001213
521	0.0031737	0.00042545
522	0.0043149	0.00046761
523	0.00613501	0.00052648
524	0.00918434	0.00072791
525	0.01332811	0.00103188
526	0.02006346	0.00147257
527	0.03120767	0.00201379
528	0.04959156	0.00750289
529	0.0839209	0.00858275
530	0.14227405	0.01874577
531	0.23764506	0.01788493
532	0.38256499	0.02799383
533	0.52805549	0.02493757
534	0.72555327	0.02161304
535	0.86100316	0.01881093
536	0.91004026	0.01721163
537	0.951415	0.01070405
538	0.96025926	0.00836614
539	0.96094787	0.00607323
540	0.95796889	0.00483625
541	0.95961404	0.00449707
542	0.96103942	0.00475598
543	0.96782357	0.00677342
544	0.9674781	0.0095385
545	0.97103971	0.00927282
546	0.97596765	0.00507822
547	0.96995008	0.00606292
548	0.96583647	0.01102037
549	0.96272808	0.01350226
550	0.97035348	0.01171532
551	0.97657537	0.00961761
552	0.98478532	0.00788119
553	0.9922418	0.00791125
554	0.99788576	0.00588649
555	0.99755067	0.00396925
556	0.99513662	0.0058515
557	0.99290431	0.00807943
558	0.99221069	0.00794198
559	0.99147564	0.00688981
560	0.99039567	0.00668935
561	0.98744887	0.00504558
562	0.98513204	0.00928257
563	0.98482645	0.011671
564	0.98690718	0.0143459
565	0.99114877	0.01554842
566	0.99476624	0.01493203
567	0.99384189	0.01267074
568	0.99101716	0.01316161
569	0.98722148	0.01592059
570	0.9837451	0.02329212
571	0.9834832	0.02863944
572	0.98670214	0.02800232
573	0.99195403	0.01836961
574	0.9963057	0.00402131
575	0.99934655	0.01546059
576	1	0.02355198
577	0.99947429	0.02011394
578	0.99812734	0.01058269
579	0.99595124	0.00431783
580	0.98932058	0.00786188
581	0.97415423	0.00982175
582	0.9492411	0.01452226
583	0.93502551	0.02052814
584	0.92853642	0.02603252
585	0.93185908	0.01592957
586	0.92724669	0.0229586
587	0.86449587	0.0529586
588	0.71098262	0.03247558
589	0.51626664	0.03076253
590	0.34508252	0.06503926
591	0.21616927	0.06842254
592	0.12075645	0.05012217
593	0.05834393	0.02895293
594	0.0269463	0.01501935
595	0.01243138	0.0075327
596	0.00607649	0.00394198
597	0.00376825	0.00254559
598	0.00202133	0.00140372
599	0.00115144	0.00081107
600	0.00069334	0.00049149
601	0.00044097	0.00031231
602	0.00029608	0.00020884
603	0.00021146	0.00014799
604	0.0001599	0.00011072
605	0.00012726	0.00008744
606	0.00010823	0.00007399
607	0.00009787	0.00006676
608	0.0000954	0.00006544
609	0.00010035	0.00006983
610	0.00011262	0.00008005
;; BAND 4
625	0.00052217	0.00007678
626	0.00080255	0.00012158
627	0.00127569	0.00019875
628	0.00211028	0.00033812
629	0.00370259	0.00061175
630	0.00813655	0.00138654
631	0.01448322	0.00258088
632	0.02730471	0.00488258
633	0.06150362	0.01144402
634	0.12960456	0.02359377
635	0.27599216	0.0423264
636	0.50833505	0.05595207
637	0.77823377	0.04142714
638	0.93229699	0.01459128
639	0.96630949	0.00483641
640	0.98264039	0.00868121
641	0.98610568	0.01322049
642	0.98616272	0.01441576
643	0.98130625	0.01170794
644	0.97365528	0.0064722
645	0.96917254	0.00390514
646	0.97131443	0.0046389
647	0.98079836	0.00361888
648	0.99271876	0.00526336
649	1	0.00850827
650	0.99686712	0.00811962
651	0.98542011	0.00502752
652	0.97099334	0.00733963
653	0.96106452	0.01255777
654	0.96065092	0.01361577
655	0.96868747	0.01081413
656	0.98070163	0.00550136
657	0.98551208	0.00323348
658	0.98893887	0.00300381
659	0.98082989	0.00767782
660	0.96791947	0.01777918
661	0.96308017	0.02499769
662	0.9632839	0.02732898
663	0.97127014	0.02410911
664	0.98161477	0.01819483
665	0.98756588	0.01489296
666	0.98632258	0.01614136
667	0.98053038	0.01816652
668	0.9798553	0.02096965
669	0.98061383	0.02344614
670	0.96493137	0.03514956
671	0.85955077	0.07008959
672	0.66807359	0.08419432
673	0.41698042	0.05349541
674	0.21568851	0.02689119
675	0.10535625	0.02065767
676	0.05208358	0.01392997
677	0.02525648	0.00832761
678	0.01293051	0.00439544
679	0.0067002	0.00228435
680	0.00366779	0.00121789
681	0.00210889	0.00068464
682	0.00125278	0.00038664
683	0.00098495	0.00047475
684	0.00070233	0.00050114
685	0.00054765	0.00046268
686	0.00040268	0.00034593
687	0.00034113	0.00033536
688	0.00027893	0.00029357
689	0.00026856	0.00030874
690	0.00016362	0.00016426
691	0.00013298	0.00013099
;; BAND 5
829	0.00045004	0.00013841
830	0.00047554	0.00014887
831	0.0005924	0.00016152
832	0.00071486	0.00017617
833	0.00083731	0.00019201
834	0.00095976	0.00020879
835	0.00108221	0.00022628
836	0.00124527	0.00024454
837	0.00159663	0.00026199
838	0.00209522	0.00027887
839	0.00282196	0.00029972
840	0.00389035	0.00032911
841	0.00557772	0.00040042
842	0.00840453	0.00062155
843	0.0121997	0.00100203
844	0.01910023	0.00196286
845	0.03112408	0.003968
846	0.0518628	0.00793775
847	0.09260266	0.01671099
848	0.1572693	0.03019052
849	0.27197644	0.0502795
850	0.44460031	0.06731535
851	0.64932525	0.06319201
852	0.83474088	0.03349486
853	0.94093359	0.00793794
854	0.98152208	0.00603863
855	0.99064982	0.00313077
856	0.98923784	0.00492328
857	0.98816001	0.00885304
858	0.98943096	0.00985418
859	0.99220061	0.00842203
860	0.99498791	0.00597077
861	0.99694198	0.0037984
862	0.99800861	0.00237505
863	0.99821723	0.00181177
864	0.99814546	0.00171782
865	0.99809587	0.00186434
866	0.99818242	0.00177317
867	0.99900395	0.00142347
868	0.99929279	0.00137425
869	0.99940193	0.00225448
870	0.99973387	0.00324159
871	0.9998185	0.00329755
872	1	0.00155147
873	0.9999913	0.00155475
874	0.99643683	0.00527154
875	0.97451699	0.00868602
876	0.9297142	0.00968487
877	0.83448619	0.02244449
878	0.68116772	0.04385664
879	0.49675167	0.05208354
880	0.31920305	0.04579622
881	0.19073001	0.02949588
882	0.11139899	0.01739345
883	0.06462797	0.00943446
884	0.03681539	0.00470461
885	0.02192838	0.00236544
886	0.01321336	0.00114857
887	0.00764328	0.00047457
888	0.00490463	0.00024077
889	0.00311586	0.0001215
890	0.00199918	0.0000836
891	0.00132245	0.00006126
892	0.00088339	0.00005394
893	0.00059439	0.00004251
894	0.00041175	0.00003339
895	0.00032689	0.000028
896	0.00026968	0.00002395
897	0.00021248	0.00002083
898	0.00015527	0.00001911
899	0.00009807	0.00001917
900	0.00007605	0.00001742
;; BAND 6
1515	0.00102868	0.00020225
1516	0.00111525	0.00020725
1517	0.00121016	0.00021253
1518	0.0013186	0.0002183
1519	0.00144451	0.00022524
1520	0.00158035	0.0002326
1521	0.00173374	0.00024069
1522	0.00192254	0.00025035
1523	0.00212096	0.00026089
1524	0.00232666	0.00027179
1525	0.00257729	0.00028513
1526	0.00287014	0.00030096
1527	0.00318403	0.00031854
1528	0.00355008	0.00033802
1529	0.00395633	0.00036022
1530	0.00441957	0.00038673
1531	0.00496607	0.00042007
1532	0.00552726	0.00045493
1533	0.00624686	0.00050296
1534	0.00699085	0.00055175
1535	0.00791399	0.0006188
1536	0.00878794	0.0006812
1537	0.0095772	0.00073509
1538	0.01062994	0.00081885
1539	0.01208038	0.00094617
1540	0.01363731	0.00107916
1541	0.01564604	0.00123011
1542	0.01773277	0.00139979
1543	0.02050976	0.00163284
1544	0.02335322	0.00186791
1545	0.02701552	0.00221557
1546	0.03067782	0.00256931
1547	0.03585456	0.0029446
1548	0.04147628	0.00354414
1549	0.04862727	0.00417824
1550	0.05693988	0.00478923
1551	0.0665569	0.00552843
1552	0.07723074	0.00638455
1553	0.08889236	0.0073264
1554	0.10460974	0.0085333
1555	0.12268095	0.00983309
1556	0.1425285	0.01109214
1557	0.16716501	0.01212692
1558	0.19407988	0.01346629
1559	0.22691402	0.01518607
1560	0.26105624	0.017004
1561	0.30004618	0.01783387
1562	0.33936566	0.0189712
1563	0.38840884	0.02103977
1564	0.43883842	0.02367491
1565	0.49500111	0.02517096
1566	0.54953849	0.02722578
1567	0.60172623	0.03012352
1568	0.65151227	0.03375388
1569	0.69925785	0.03849164
1570	0.74280465	0.04225833
1571	0.78431123	0.04559942
1572	0.81647187	0.04742102
1573	0.8476572	0.04941792
1574	0.86943054	0.05125083
1575	0.88958013	0.05309301
1576	0.90365207	0.05497181
1577	0.91621089	0.05601389
1578	0.92594534	0.05538278
1579	0.93301046	0.05470952
1580	0.93747759	0.05398444
1581	0.94050515	0.05328859
1582	0.94241244	0.05257784
1583	0.94408292	0.05156983
1584	0.94547117	0.05023343
1585	0.94619197	0.04880394
1586	0.94624329	0.04730027
1587	0.94625497	0.045641
1588	0.94622612	0.04380226
1589	0.94606429	0.04216969
1590	0.94574815	0.04073842
1591	0.94553393	0.03914674
1592	0.94558442	0.03705271
1593	0.94582468	0.03533316
1594	0.94627059	0.03397067
1595	0.94634467	0.03275409
1596	0.94768435	0.03098166
1597	0.94801325	0.02929909
1598	0.9490751	0.02807782
1599	0.95058209	0.02695698
1600	0.95202774	0.02546364
1601	0.9523024	0.02429114
1602	0.95366448	0.02299092
1603	0.95503706	0.02185618
1604	0.95348102	0.02062869
1605	0.95565885	0.01964368
1606	0.95655489	0.01827899
1607	0.9571594	0.01697828
1608	0.95751184	0.01577192
1609	0.95777732	0.01475386
1610	0.95878011	0.01363401
1611	0.96029568	0.01250876
1612	0.96157014	0.01154002
1613	0.96228975	0.01050277
1614	0.96300948	0.00975643
1615	0.96425939	0.00904744
1616	0.96561593	0.00851478
1617	0.96700233	0.00788337
1618	0.96843988	0.0070602
1619	0.9698503	0.00668526
1620	0.97095174	0.00642914
1621	0.97284758	0.00555628
1622	0.97459286	0.00537538
1623	0.97610509	0.00528398
1624	0.97767121	0.00544878
1625	0.97953802	0.0049137
1626	0.98140436	0.00484538
1627	0.98274249	0.00463538
1628	0.98509848	0.00436658
1629	0.98681152	0.00434669
1630	0.98781842	0.00465837
1631	0.99100113	0.00449412
1632	0.99333715	0.00428525
1633	0.99528229	0.00389897
1634	0.99711514	0.00358291
1635	0.99855757	0.00224882
1636	1	0.00187494
1637	0.99876851	0.00196671
1638	0.99723363	0.00344383
1639	0.9924348	0.00488631
1640	0.98559129	0.00662532
1641	0.97646844	0.0085625
1642	0.96127671	0.01037549
1643	0.93863082	0.01229727
1644	0.90128821	0.01433284
1645	0.86149269	0.017202
1646	0.81432277	0.02019908
1647	0.76036841	0.0233432
1648	0.70382959	0.02601585
1649	0.64186883	0.02772471
1650	0.5782938	0.0286141
1651	0.5112322	0.02850778
1652	0.45091432	0.02687695
1653	0.39109415	0.02528938
1654	0.33723828	0.02265077
1655	0.28662252	0.0201207
1656	0.24553978	0.01758447
1657	0.20748182	0.01529492
1658	0.17609432	0.01311084
1659	0.14815453	0.01114518
1660	0.12629366	0.00953738
1661	0.10593576	0.00813338
1662	0.08847605	0.00689844
1663	0.07402261	0.0059021
1664	0.06265628	0.00515811
1665	0.05266043	0.00445696
1666	0.04443575	0.0037727
1667	0.03732267	0.00310663
1668	0.03176107	0.00247514
1669	0.02672855	0.0019566
1670	0.02271426	0.00156229
1671	0.01926102	0.00124899
1672	0.01647112	0.00100409
1673	0.01399191	0.00081058
1674	0.01196509	0.00065282
1675	0.01046654	0.00054904
1676	0.00944234	0.00048662
1677	0.00835179	0.00042073
1678	0.00720314	0.00035456
1679	0.00619173	0.00029606
1680	0.00537047	0.0002569
1681	0.00465052	0.00022478
1682	0.00405339	0.00019881
1683	0.0035255	0.00017656
1684	0.00308368	0.00015813
1685	0.00269277	0.0001428
1686	0.00236559	0.00012969
1687	0.00207236	0.0001179
1688	0.00182825	0.00010869
1689	0.00160853	0.00010064
1690	0.00142007	0.0000944
1691	0.00126631	0.00008953
1692	0.00112938	0.00008552
1693	0.00100486	0.00008245
1694	0.00090314	0.00008018
1695	0.00080678	0.00007848
1696	0.00073146	0.00007685
1697	0.00065905	0.00007573
;; BAND 7
2037	0.00100276	0.00023289
2038	0.00104302	0.00023698
2039	0.00109992	0.00023918
2040	0.00115845	0.00024159
2041	0.00122734	0.00024373
2042	0.00129681	0.00024623
2043	0.00137709	0.0002488
2044	0.00145904	0.0002517
2045	0.0015567	0.0002549
2046	0.00165654	0.00025851
2047	0.00177442	0.00026282
2048	0.0018923	0.00026787
2049	0.00203646	0.00027423
2050	0.00218165	0.00028136
2051	0.00234517	0.0002891
2052	0.0025214	0.00029764
2053	0.00272487	0.00030776
2054	0.00293431	0.00031858
2055	0.00318399	0.0003311
2056	0.00343867	0.00034437
2057	0.00373486	0.00035797
2058	0.0040396	0.00037259
2059	0.00440837	0.00039043
2060	0.00477775	0.00040921
2061	0.00522084	0.00043139
2062	0.00566917	0.00045435
2063	0.00622531	0.00048366
2064	0.00679017	0.00051456
2065	0.00749193	0.00055465
2066	0.00819369	0.00059636
2067	0.00880615	0.00062943
2068	0.00943206	0.00066448
2069	0.01050554	0.00074186
2070	0.01157901	0.00082787
2071	0.01266538	0.0008928
2072	0.01378047	0.00096467
2073	0.01552035	0.00106016
2074	0.01726034	0.00116405
2075	0.01900202	0.00132107
2076	0.02074371	0.00148681
2077	0.02340086	0.00161379
2078	0.02618283	0.00174232
2079	0.02920399	0.00201164
2080	0.0322929	0.00233427
2081	0.03595484	0.00257794
2082	0.03991824	0.0027868
2083	0.04499807	0.00316775
2084	0.05056739	0.0036323
2085	0.05656623	0.00419072
2086	0.06276533	0.00480416
2087	0.07099935	0.00525835
2088	0.07984023	0.00567843
2089	0.09018464	0.00661178
2090	0.1011311	0.00778215
2091	0.1130442	0.00869296
2092	0.12531833	0.0095244
2093	0.14104207	0.01031187
2094	0.15772916	0.01111537
2095	0.17846316	0.01297972
2096	0.19946745	0.01496901
2097	0.22195263	0.01609454
2098	0.24493155	0.01696916
2099	0.27459398	0.01748737
2100	0.30581087	0.01906338
2101	0.33765897	0.02081027
2102	0.36978662	0.0226948
2103	0.40613315	0.02216439
2104	0.4434717	0.02124205
2105	0.48442909	0.02180974
2106	0.52639425	0.02294984
2107	0.55868477	0.02221152
2108	0.59015769	0.02126572
2109	0.62845188	0.01993084
2110	0.67081827	0.01869197
2111	0.70369262	0.01811937
2112	0.73118645	0.01786418
2113	0.7561571	0.01643975
2114	0.7799347	0.01466986
2115	0.80423528	0.0135464
2116	0.82853574	0.01326019
2117	0.84607869	0.01293575
2118	0.86023945	0.01248782
2119	0.86919415	0.01179752
2120	0.88100129	0.01248861
2121	0.89042884	0.01325662
2122	0.89982301	0.01442846
2123	0.90695715	0.01356356
2124	0.91398126	0.01288402
2125	0.91721064	0.01358651
2126	0.92048544	0.01450515
2127	0.92542076	0.01419464
2128	0.92985046	0.01373746
2129	0.93153703	0.01312893
2130	0.93249965	0.01341856
2131	0.93463236	0.01405334
2132	0.93673027	0.01377015
2133	0.9378534	0.01309304
2134	0.93894368	0.01258651
2135	0.94098628	0.01239497
2136	0.94262463	0.01234869
2137	0.94227535	0.01235036
2138	0.9423033	0.01231244
2139	0.94379717	0.01158472
2140	0.94515347	0.01103863
2141	0.94504112	0.01102705
2142	0.94498247	0.01129517
2143	0.94592953	0.01101512
2144	0.94692481	0.01095487
2145	0.94919229	0.01044002
2146	0.95145994	0.01028106
2147	0.95272231	0.00990154
2148	0.95394844	0.00977035
2149	0.95358199	0.00966334
2150	0.95307189	0.00978388
2151	0.95554107	0.00939433
2152	0.95797873	0.0091682
2153	0.95833826	0.00899968
2154	0.95876426	0.00906556
2155	0.95979828	0.00875853
2156	0.96079904	0.00865881
2157	0.96058774	0.00843378
2158	0.96037638	0.00825238
2159	0.96064055	0.008215
2160	0.96220273	0.00826552
2161	0.96401131	0.00809348
2162	0.96372789	0.00792303
2163	0.96397525	0.00793309
2164	0.96447343	0.00807253
2165	0.96521795	0.00798784
2166	0.9660756	0.00796433
2167	0.96696723	0.00788536
2168	0.96789074	0.00776006
2169	0.96744436	0.00777768
2170	0.96549106	0.00809679
2171	0.96621031	0.0079721
2172	0.96805149	0.00776969
2173	0.96899831	0.00768246
2174	0.96919876	0.00764897
2175	0.96860504	0.00764124
2176	0.96753544	0.00767922
2177	0.96692026	0.00770876
2178	0.96685123	0.00778771
2179	0.96803194	0.00771824
2180	0.96974194	0.00766335
2181	0.97015101	0.00755322
2182	0.97056007	0.00750381
2183	0.97212642	0.00754533
2184	0.97419846	0.00770311
2185	0.97452831	0.00766713
2186	0.97485834	0.0077575
2187	0.97576022	0.00777259
2188	0.9769215	0.00785813
2189	0.9771384	0.00777838
2190	0.97730094	0.0079576
2191	0.97741669	0.00756898
2192	0.97746247	0.00751259
2193	0.97645605	0.00735441
2194	0.97545022	0.00737833
2195	0.97717029	0.0078017
2196	0.97678941	0.00754709
2197	0.97663635	0.00754713
2198	0.97651941	0.00810472
2199	0.97859836	0.00740215
2200	0.98067731	0.00750081
2201	0.98093402	0.00718993
2202	0.9808982	0.00758386
2203	0.98004782	0.00688808
2204	0.98011398	0.00665985
2205	0.97921491	0.0063449
2206	0.97878832	0.00627279
2207	0.97845	0.00646239
2208	0.97681779	0.00637239
2209	0.97705674	0.00617813
2210	0.97879267	0.00607908
2211	0.97907805	0.00587768
2212	0.9780426	0.00583469
2213	0.97847897	0.00585582
2214	0.97736776	0.00583294
2215	0.97698873	0.00552786
2216	0.97670597	0.00580996
2217	0.97656572	0.00561041
2218	0.97742045	0.00569768
2219	0.97710729	0.00548894
2220	0.97625577	0.00558281
2221	0.97609216	0.00558246
2222	0.97645754	0.00589921
2223	0.97678703	0.00551122
2224	0.97713715	0.00587981
2225	0.97934949	0.00538039
2226	0.97878641	0.00540754
2227	0.98002392	0.00555395
2228	0.97969437	0.00537462
2229	0.97947246	0.00564956
2230	0.97958535	0.0053545
2231	0.97973728	0.00553595
2232	0.98007715	0.00547263
2233	0.98041546	0.00553661
2234	0.98075229	0.00563581
2235	0.98121125	0.00575176
2236	0.98180187	0.00594677
2237	0.98325735	0.00594978
2238	0.98485512	0.00632442
2239	0.98458195	0.00636458
2240	0.98573095	0.00636726
2241	0.98682696	0.00669114
2242	0.98753965	0.00648329
2243	0.98808074	0.00663006
2244	0.98795635	0.006534
2245	0.9888075	0.00657822
2246	0.98895812	0.00636687
2247	0.98889464	0.00647944
2248	0.98786956	0.00617428
2249	0.98677874	0.00634375
2250	0.98517078	0.00601568
2251	0.9837774	0.00591652
2252	0.9826206	0.00584476
2253	0.98161823	0.00526561
2254	0.98062718	0.00529109
2255	0.97954774	0.00478807
2256	0.97850388	0.0048603
2257	0.97752798	0.00503361
2258	0.9764725	0.00421412
2259	0.97541523	0.00487425
2260	0.97554159	0.00467411
2261	0.97751099	0.00423244
2262	0.98016274	0.00481251
2263	0.97513086	0.00454449
2264	0.97495383	0.00389824
2265	0.9752937	0.00422514
2266	0.97618282	0.00432373
2267	0.97859925	0.0047807
2268	0.97964096	0.00376693
2269	0.9807688	0.00470831
2270	0.98314285	0.00413833
2271	0.98586017	0.00471711
2272	0.98965293	0.00480922
2273	0.99181819	0.00424549
2274	0.99376893	0.00455552
2275	0.99618787	0.00368604
2276	0.99796325	0.00300787
2277	0.99923283	0.00212417
2278	1	0.00192467
2279	0.99792081	0.00300972
2280	0.99446166	0.00476036
2281	0.98581928	0.00690068
2282	0.97574705	0.00939746
2283	0.96128398	0.01169978
2284	0.94335824	0.01455566
2285	0.91998041	0.01705872
2286	0.89376736	0.01982087
2287	0.85915744	0.02139429
2288	0.8235755	0.02388112
2289	0.78115994	0.02452628
2290	0.73678225	0.02537051
2291	0.68822551	0.02436959
2292	0.63962251	0.02473747
2293	0.58982903	0.02330274
2294	0.54092199	0.02121668
2295	0.49226084	0.01986061
2296	0.44587871	0.01836942
2297	0.40125731	0.01713132
2298	0.35893539	0.01677441
2299	0.32148635	0.01540347
2300	0.28420323	0.01501053
2301	0.2523469	0.01385733
2302	0.2255464	0.01311211
2303	0.20149876	0.01197532
2304	0.17846169	0.01181738
2305	0.1584622	0.01109037
2306	0.13879961	0.01090965
2307	0.12371186	0.01003
2308	0.11006524	0.00937679
2309	0.09831959	0.00859512
2310	0.08718951	0.00808525
2311	0.07798396	0.00739758
2312	0.06932278	0.00707669
2313	0.06206976	0.00642214
2314	0.05512591	0.00589449
2315	0.04944164	0.00539192
2316	0.04455749	0.00486335
2317	0.040062	0.00444218
2318	0.03621278	0.00411726
2319	0.03288715	0.00376451
2320	0.02948643	0.00350608
2321	0.02685629	0.00313211
2322	0.02410637	0.00288125
2323	0.02195595	0.00257527
2324	0.0198522	0.00234556
2325	0.0180521	0.00212336
2326	0.01628702	0.00196147
2327	0.01486861	0.00174537
2328	0.01342942	0.00159941
2329	0.0123302	0.00141167
2330	0.01116003	0.00127784
2331	0.01031453	0.00113447
2332	0.00964784	0.00104905
2333	0.00882719	0.00094133
2334	0.00806936	0.00084115
2335	0.00738959	0.00075195
2336	0.00677839	0.00067387
2337	0.00624485	0.00060522
2338	0.00571132	0.0005385
2339	0.00526846	0.00047965
2340	0.00483111	0.00042337
2341	0.00446368	0.00037591
2342	0.00409824	0.00033126
2343	0.00378863	0.00029949
2344	0.00348159	0.00027125
2345	0.00322292	0.0002513
2346	0.00296733	0.00023572
2347	0.00275285	0.00022057
2348	0.00254073	0.00020941
2349	0.00236097	0.0002017
2350	0.0021844	0.00019662
2351	0.00203332	0.00018945
2352	0.00188482	0.00018387
2353	0.00175931	0.0001742
2354	0.00163477	0.00016683
2355	0.00152506	0.00015239
;; BAND 8
488	0.00055981	0.00002015
489	0.00071401	0.00003009
490	0.00094114	0.00004643
491	0.00127548	0.00007166
492	0.00279056	0.00132461
493	0.00389131	0.00177786
494	0.00561835	0.00190063
495	0.00819427	0.00204792
496	0.01260893	0.00230462
497	0.02082734	0.00243061
498	0.03512893	0.00283641
499	0.06172826	0.0039508
500	0.11756328	0.00856411
501	0.20695142	0.02146145
502	0.35047555	0.04089513
503	0.51840705	0.04555733
504	0.6468308	0.02569854
505	0.71721101	0.00732314
506	0.73891264	0.00472124
507	0.73804098	0.00616714
508	0.73227501	0.00555145
509	0.73230338	0.00835657
510	0.73795259	0.01205884
511	0.74557811	0.01117213
512	0.74958354	0.00800618
513	0.75100011	0.00632261
514	0.7456966	0.00657001
515	0.73948652	0.00662683
516	0.73433906	0.01416343
517	0.73298591	0.02018871
518	0.73755181	0.02196474
519	0.74583215	0.01466578
520	0.75320041	0.00487286
521	0.75733781	0.00944167
522	0.75563645	0.00799649
523	0.75066346	0.00671432
524	0.74712878	0.01072538
525	0.74614233	0.01108858
526	0.75046557	0.00518343
527	0.757276	0.00839702
528	0.76255763	0.01184171
529	0.76933599	0.00891387
530	0.76426119	0.00891857
531	0.76089823	0.0100853
532	0.75593781	0.01575686
533	0.74580657	0.01796615
534	0.73709416	0.02272983
535	0.75071329	0.02176887
536	0.74780136	0.01840019
537	0.76249135	0.02070269
538	0.76414043	0.02867585
539	0.75922489	0.03694771
540	0.74998683	0.0393385
541	0.74630529	0.03311346
542	0.74671257	0.0225187
543	0.75543088	0.01782025
544	0.75887173	0.01892499
545	0.76089638	0.03057992
546	0.7569015	0.04027899
547	0.74005193	0.04134773
548	0.72667593	0.02893474
549	0.7193951	0.01139535
550	0.72856003	0.00674212
551	0.74397302	0.0120351
552	0.76320368	0.00612164
553	0.78191006	0.01444929
554	0.79408318	0.02336596
555	0.79531306	0.01738192
556	0.79247105	0.00464707
557	0.78975105	0.01671372
558	0.79136306	0.02633724
559	0.79676938	0.02500449
560	0.80500394	0.01502729
561	0.81197274	0.00502121
562	0.81878418	0.00590807
563	0.82147866	0.00519175
564	0.81793523	0.01213881
565	0.80917293	0.01914562
566	0.79949307	0.01546384
567	0.79439282	0.00413631
568	0.79288369	0.01709636
569	0.80010444	0.03020976
570	0.80942148	0.03485188
571	0.81826901	0.03193832
572	0.82481748	0.02426214
573	0.82645559	0.01891381
574	0.82283205	0.02190762
575	0.81772399	0.02916868
576	0.81348199	0.03807878
577	0.81432569	0.04250352
578	0.81980091	0.04005354
579	0.82896656	0.03241363
580	0.83787513	0.02359402
581	0.84118545	0.0197322
582	0.83640194	0.02350751
583	0.82991207	0.02954637
584	0.82210898	0.03629353
585	0.81671482	0.03934114
586	0.81798512	0.0370061
587	0.82558936	0.03006934
588	0.8370055	0.0221302
589	0.84746104	0.01729455
590	0.85366464	0.01802502
591	0.8550694	0.02273786
592	0.85333455	0.02964386
593	0.85258639	0.03558933
594	0.85494232	0.03548384
595	0.86125129	0.03075349
596	0.87052053	0.02349112
597	0.87891728	0.0174524
598	0.8835094	0.01381883
599	0.88422352	0.01335975
600	0.8804276	0.01618741
601	0.87636942	0.01942966
602	0.87454921	0.02016997
603	0.87427628	0.02030094
604	0.87942135	0.01716405
605	0.88424522	0.01467656
606	0.88828981	0.01354096
607	0.89149511	0.0132061
608	0.88984776	0.01762753
609	0.88692278	0.02357341
610	0.88409555	0.02944751
611	0.8844744	0.03178104
612	0.88792205	0.0313709
613	0.89509708	0.02737791
614	0.90393478	0.02227391
615	0.91256452	0.01678364
616	0.91933519	0.01183312
617	0.92318392	0.00860023
618	0.92334908	0.00906503
619	0.92322367	0.00983855
620	0.92271727	0.01028577
621	0.92207175	0.0107378
622	0.92361712	0.0084873
623	0.92525572	0.00648434
624	0.9287647	0.00493137
625	0.93246269	0.00406231
626	0.93536609	0.0042796
627	0.93693691	0.00464566
628	0.93770206	0.00572995
629	0.93660849	0.0056017
630	0.93482065	0.0040932
631	0.93340796	0.0065623
632	0.93537968	0.01112766
633	0.93697798	0.01378552
634	0.94104928	0.01402515
635	0.94614661	0.01063699
636	0.95185488	0.00628122
637	0.95627266	0.00701801
638	0.95843077	0.01176895
639	0.95736688	0.01222263
640	0.95565981	0.00986207
641	0.95283598	0.00472982
642	0.95041174	0.00957024
643	0.94886798	0.01764577
644	0.94887251	0.02292673
645	0.95064622	0.02293666
646	0.95328224	0.01852855
647	0.95691651	0.01107982
648	0.9610467	0.00475007
649	0.96566254	0.00676472
650	0.96974039	0.00875185
651	0.97312099	0.00751044
652	0.97521871	0.00469336
653	0.97489649	0.00541096
654	0.972332	0.00840851
655	0.96867853	0.00928892
656	0.96464068	0.00704593
657	0.96061975	0.0051335
658	0.96397477	0.00852339
659	0.96756929	0.01253189
660	0.97273779	0.01342162
661	0.98216408	0.01216706
662	0.9869532	0.00930406
663	0.98877376	0.00592108
664	0.98864222	0.00611996
665	0.98769355	0.00768771
666	0.98701572	0.00850732
667	0.98726958	0.00783297
668	0.99141115	0.00573397
669	0.99577439	0.00414898
670	1	0.00342939
671	0.99740297	0.00528847
672	0.98136055	0.00800744
673	0.92713571	0.01680152
674	0.79344761	0.02341071
675	0.593741	0.02156875
676	0.38244858	0.0164064
677	0.22371659	0.01503872
678	0.13053322	0.00883946
679	0.07709492	0.00612686
680	0.04784917	0.00414984
681	0.03124457	0.00298786
682	0.02128481	0.00220324
683	0.01692485	0.00221032
684	0.01253418	0.00229592
685	0.00931615	0.00223492
686	0.00690109	0.00174323
687	0.00516988	0.00173868
688	0.00380522	0.0015523
689	0.00285749	0.0016205
690	0.00203169	0.00082228
691	0.00146685	0.00062671
692	0.00104939	0.00040229
;; BAND 9
1340	0.00181957	0.00026506
1341	0.00191541	0.00027827
1342	0.00201124	0.00029157
1343	0.00215505	0.00031
1344	0.0027176	0.00035024
1345	0.00331767	0.00041722
1346	0.00391773	0.00048776
1347	0.0045178	0.00056054
1348	0.00511786	0.00063477
1349	0.00571792	0.00071
1350	0.00631799	0.00078595
1351	0.00691805	0.00086243
1352	0.00751811	0.0009393
1353	0.00811818	0.00101648
1354	0.00871824	0.0010939
1355	0.00990706	0.00138584
1356	0.01616448	0.00200746
1357	0.02451379	0.00323571
1358	0.03596721	0.00449486
1359	0.06802955	0.00961476
1360	0.10012802	0.01484706
1361	0.16047798	0.02252432
1362	0.25167426	0.02922166
1363	0.39358041	0.03699102
1364	0.55359846	0.03234074
1365	0.70396084	0.03118118
1366	0.83498162	0.02854618
1367	0.90780383	0.02569911
1368	0.93747765	0.0221809
1369	0.96537817	0.01909452
1370	0.97849137	0.01628841
1371	0.9852438	0.01375465
1372	0.98843849	0.01174068
1373	0.98671889	0.01110814
1374	0.98667437	0.00960043
1375	0.98694527	0.00780693
1376	0.99769294	0.00532023
1377	0.99982244	0.00352648
1378	1	0.00482759
1379	0.99945843	0.0075812
1380	0.99525571	0.01136889
1381	0.97109288	0.01844511
1382	0.91125011	0.02966425
1383	0.77080137	0.03857381
1384	0.59587407	0.04020107
1385	0.39652625	0.03043219
1386	0.24820989	0.02077487
1387	0.15064585	0.01260297
1388	0.08141971	0.00744497
1389	0.04933405	0.00421947
1390	0.03113159	0.00254579
1391	0.01941472	0.00163372
1392	0.01264709	0.00107541
1393	0.00828117	0.00076435
1394	0.00561062	0.00051719
1395	0.00394612	0.00037206
1396	0.00277805	0.00026485
1397	0.00203723	0.00018838
1398	0.0015287	0.00015938
1399	0.00111888	0.00012712
1400	0.00084564	0.00010889
1401	0.00065722	0.00009202
1402	0.00052074	0.00008399
1403	0.00042036	0.00007591
1404	0.00034685	0.00007098
1405	0.000278	0.00006821
1406	0.00025316	0.00006661
1407	0.00023463	0.00006494
1408	0.00021611	0.00006351
1409	0.00019758	0.00006236
