# MetOpB AVHRR RSR
# QV 2024-11-18 from 0.0_NOAA_KLM_Users_Guide.pdf
# Table D.7-8, negatives replaced by zeros
#
# MetopB_AVHRR Band 1
# ------------------
0.430	0.00171
0.432	0.00000
0.434	0.00000
0.436	0.00000
0.438	0.00430
0.440	0.00479
0.442	0.00000
0.444	0.00341
0.446	0.00596
0.448	0.00661
0.450	0.00450
0.452	0.00045
0.454	0.00000
0.456	0.00007
0.458	0.00457
0.460	0.00000
0.462	0.00660
0.464	0.00097
0.466	0.00591
0.468	0.00170
0.470	0.00644
0.472	0.00687
0.474	0.00610
0.476	0.00000
0.478	0.00368
0.480	0.00042
0.482	0.00081
0.484	0.00113
0.486	0.00000
0.488	0.00019
0.490	0.00000
0.492	0.00046
0.494	0.00000
0.496	0.00005
0.498	0.00244
0.500	0.00000
0.502	0.00000
0.504	0.00099
0.506	0.00146
0.508	0.00055
0.510	0.00232
0.512	0.00000
0.514	0.00036
0.516	0.00065
0.518	0.00059
0.520	0.00106
0.522	0.00036
0.524	0.00036
0.526	0.00105
0.528	0.00055
0.530	0.00000
0.532	0.00047
0.534	0.00082
0.536	0.00015
0.538	0.00000
0.540	0.00045
0.542	0.00076
0.544	0.00019
0.546	0.00004
0.548	0.00012
0.550	0.00073
0.552	0.00008
0.554	0.00032
0.556	0.00050
0.558	0.00000
0.560	0.00079
0.562	0.00007
0.564	0.00075
0.566	0.00065
0.568	0.00064
0.570	0.00098
0.572	0.00166
0.574	0.00251
0.576	0.00420
0.578	0.01162
0.580	0.02651
0.582	0.06342
0.584	0.16080
0.586	0.38693
0.588	0.66658
0.590	0.76907
0.592	0.76508
0.594	0.76763
0.596	0.79179
0.598	0.83469
0.600	0.87494
0.602	0.89889
0.604	0.90642
0.606	0.89700
0.608	0.88786
0.610	0.89147
0.612	0.90408
0.614	0.92198
0.616	0.94257
0.618	0.96405
0.620	0.98003
0.622	0.98640
0.624	0.98213
0.626	0.97177
0.628	0.95834
0.630	0.94400
0.632	0.93480
0.634	0.93324
0.636	0.93526
0.638	0.94456
0.640	0.95756
0.642	0.96958
0.644	0.98264
0.646	0.99047
0.648	0.99853
0.650	1.00000
0.652	0.99789
0.654	0.99307
0.656	0.98567
0.658	0.97194
0.660	0.95121
0.662	0.92923
0.664	0.90016
0.666	0.87321
0.668	0.85415
0.670	0.85318
0.672	0.86726
0.674	0.87199
0.676	0.81662
0.678	0.64769
0.680	0.43377
0.682	0.25540
0.684	0.14503
0.686	0.08242
0.688	0.04665
0.690	0.02718
0.692	0.01649
0.694	0.00984
0.696	0.00593
0.698	0.00362
0.700	0.00207
0.702	0.00152
0.704	0.00090
0.706	0.00060
0.708	0.00026
0.710	0.00034
0.712	0.00011
0.714	0.00000
0.716	0.00000
0.718	0.00000
0.720	0.00000
0.722	0.00006
0.724	0.00000
0.726	0.00000
0.728	0.00000
0.730	0.00000
0.732	0.00003
0.734	0.00000
0.736	0.00000
0.738	0.00001
0.740	0.00002
0.742	0.00000
0.744	0.00002
0.746	0.00004
0.748	0.00001
0.750	0.00000
0.752	0.00000
0.754	0.00018
0.756	0.00000
0.758	0.00000
0.760	0.00000
0.762	0.00000
0.764	0.00000
0.766	0.00002
0.768	0.00000
0.770	0.00000
0.772	0.00000
0.774	0.00000
0.776	0.00000
0.778	0.00000
0.780	0.00000
0.782	0.00000
0.784	0.00000
0.786	0.00000
0.788	0.00000
0.790	0.00007
0.792	0.00000
0.794	0.00007
0.796	0.00000
0.798	0.00000
0.800	0.00000
0.802	0.00003
0.804	0.00013
0.806	0.00000
0.808	0.00000
0.810	0.00000
0.812	0.00000
0.814	0.00000
0.816	0.00014
0.818	0.00000
0.820	0.00000
0.822	0.00012
0.824	0.00004
0.826	0.00000
0.828	0.00000
0.830	0.00000
# MetopB_AVHRR Band 2
# ------------------
0.704	0.06572
0.708	0.11023
0.712	0.16602
0.716	0.22298
0.720	0.28474
0.724	0.35646
0.728	0.46138
0.732	0.66201
0.736	0.79958
0.740	0.80953
0.744	0.83627
0.748	0.86800
0.752	0.91701
0.756	0.95817
0.760	0.97935
0.764	0.98524
0.768	0.98108
0.772	0.97106
0.776	0.96624
0.780	0.97502
0.784	0.98562
0.788	0.99622
0.792	0.99536
0.796	0.98504
0.800	0.97536
0.804	0.96838
0.808	0.97249
0.812	0.97932
0.816	0.99262
0.820	1.00000
0.824	0.99791
0.828	0.99204
0.832	0.98125
0.836	0.96832
0.840	0.95512
0.844	0.94266
0.848	0.92713
0.852	0.91182
0.856	0.89494
0.860	0.88137
0.864	0.87936
0.868	0.87890
0.872	0.88140
0.876	0.88961
0.880	0.90306
0.884	0.91088
0.888	0.91829
0.892	0.92122
0.896	0.91803
0.900	0.91011
0.904	0.90012
0.908	0.89090
0.912	0.88094
0.916	0.87042
0.920	0.85882
0.924	0.84813
0.928	0.83930
0.932	0.83123
0.936	0.82524
0.940	0.81958
0.944	0.81343
0.948	0.80821
0.952	0.80033
0.956	0.79039
0.960	0.78144
0.964	0.77299
0.968	0.76520
0.972	0.75469
0.976	0.73778
0.980	0.71486
0.984	0.69212
0.988	0.67341
0.992	0.63120
0.996	0.38835
1.000	0.14816
1.004	0.05347
1.008	0.02211
1.012	0.01095
1.016	0.00656
1.020	0.00458
1.024	0.00358
1.028	0.00292
1.032	0.00254
1.036	0.00218
1.040	0.00185
1.044	0.00160
1.048	0.00134
1.052	0.00109
1.056	0.00083
1.060	0.00066
1.064	0.00051
1.068	0.00038
1.072	0.00032
# MetopB_AVHRR Band 3a
# ------------------
1.490	0.00000
1.491	0.00000
1.492	0.00000
1.493	0.00000
1.494	0.00003
1.495	0.00003
1.496	0.00007
1.497	0.00000
1.498	0.00000
1.499	0.00018
1.500	0.00007
1.501	0.00000
1.502	0.00000
1.503	0.00000
1.504	0.00000
1.505	0.00000
1.506	0.00000
1.507	0.00000
1.508	0.00000
1.509	0.00017
1.510	0.00012
1.511	0.00006
1.512	0.00003
1.513	0.00001
1.514	0.00000
1.515	0.00012
1.516	0.00000
1.517	0.00000
1.518	0.00000
1.519	0.00012
1.520	0.00021
1.521	0.00000
1.522	0.00000
1.523	0.00000
1.524	0.00000
1.525	0.00010
1.526	0.00001
1.527	0.00000
1.528	0.00000
1.529	0.00006
1.530	0.00006
1.531	0.00009
1.532	0.00008
1.533	0.00000
1.534	0.00000
1.535	0.00000
1.536	0.00008
1.537	0.00000
1.538	0.00010
1.539	0.00005
1.540	0.00002
1.541	0.00000
1.542	0.00001
1.543	0.00000
1.544	0.00010
1.545	0.00000
1.546	0.00000
1.547	0.00013
1.548	0.00018
1.549	0.00018
1.550	0.00005
1.551	0.00007
1.552	0.00024
1.553	0.00040
1.554	0.00031
1.555	0.00048
1.556	0.00059
1.557	0.00079
1.558	0.00096
1.559	0.00159
1.560	0.00180
1.561	0.00237
1.562	0.00297
1.563	0.00395
1.564	0.00521
1.565	0.00686
1.566	0.00872
1.567	0.01124
1.568	0.01464
1.569	0.01902
1.570	0.02439
1.571	0.03285
1.572	0.04317
1.573	0.05750
1.574	0.07574
1.575	0.09871
1.576	0.13656
1.577	0.17615
1.578	0.23634
1.579	0.31035
1.580	0.39055
1.581	0.49604
1.582	0.59513
1.583	0.70136
1.584	0.78425
1.585	0.85919
1.586	0.89782
1.587	0.92329
1.588	0.95698
1.589	0.94014
1.590	0.92807
1.591	0.91914
1.592	0.91082
1.593	0.92405
1.594	0.93006
1.595	0.91152
1.596	0.90794
1.597	0.91679
1.598	0.90853
1.599	0.94693
1.600	0.96079
1.601	0.95771
1.602	0.96837
1.603	0.96810
1.604	0.98110
1.605	0.98574
1.606	0.95570
1.607	0.96104
1.608	0.95562
1.609	0.98133
1.610	0.98760
1.611	0.99238
1.612	0.97255
1.613	0.96441
1.614	0.96483
1.615	0.96230
1.616	0.95339
1.617	0.95532
1.618	0.97756
1.619	0.96729
1.620	0.95862
1.621	0.97400
1.622	0.99491
1.623	0.98609
1.624	1.00000
1.625	0.99636
1.626	0.99520
1.627	0.99727
1.628	0.93649
1.629	0.91379
1.630	0.83029
1.631	0.79416
1.632	0.68714
1.633	0.59605
1.634	0.49227
1.635	0.40340
1.636	0.33464
1.637	0.26571
1.638	0.21553
1.639	0.16597
1.640	0.13734
1.641	0.10656
1.642	0.08371
1.643	0.06561
1.644	0.05435
1.645	0.04171
1.646	0.03555
1.647	0.02837
1.648	0.02267
1.649	0.01847
1.650	0.01519
1.651	0.01273
1.652	0.01053
1.653	0.00863
1.654	0.00723
1.655	0.00601
1.656	0.00498
1.657	0.00384
1.658	0.00358
1.659	0.00298
1.660	0.00234
1.661	0.00231
1.662	0.00196
1.663	0.00135
1.664	0.00135
1.665	0.00100
1.666	0.00108
1.667	0.00090
1.668	0.00065
1.669	0.00066
1.670	0.00069
1.671	0.00028
1.672	0.00052
1.673	0.00032
1.674	0.00035
1.675	0.00034
1.676	0.00040
1.677	0.00005
1.678	0.00036
1.679	0.00007
1.680	0.00024
1.681	0.00020
1.682	0.00024
1.683	0.00016
1.684	0.00013
1.685	0.00009
1.686	0.00000
1.687	0.00012
1.688	0.00000
1.689	0.00018
1.690	0.00030
1.691	0.00000
1.692	0.00016
1.693	0.00015
1.694	0.00012
1.695	0.00019
1.696	0.00013
1.697	0.00022
1.698	0.00002
1.699	0.00002
1.700	0.00026
1.701	0.00000
1.702	0.00015
1.703	0.00014
1.704	0.00000
1.705	0.00000
1.706	0.00016
1.707	0.00021
1.708	0.00008
1.709	0.00000
1.710	0.00005
1.711	0.00000
1.712	0.00022
1.713	0.00000
1.714	0.00000
1.715	0.00000
1.716	0.00005
1.717	0.00015
1.718	0.00001
1.719	0.00003
1.720	0.00008
1.721	0.00000
1.722	0.00021
1.723	0.00000
1.724	0.00012
1.725	0.00000
1.726	0.00000
1.727	0.00023
1.728	0.00000
1.729	0.00009
1.730	0.00015