;; MSG3/SEVIRI RSR
;;
;; Quinten Vanhellemont 2018-07-12
;;
;; source: https://www.eumetsat.int/website/home/Data/Products/Calibration/MSGCalibration/index.html
;;         
;;
;; datasets: wavelength, RSR
;;
;; BAND HRV
0.300	5.41015549304317E-14
0.306	2.27306227569555E-13
0.312	4.2196402619122E-13
0.318	3.91504584683068E-13
0.324	3.41108926319733E-13
0.330	3.00209438927614E-13
0.336	2.90220279480912E-13
0.342	2.83292082830288E-13
0.348	3.42677042340514E-13
0.354	4.16393812725978E-13
0.360	5.60862459069784E-13
0.366	7.34088165794988E-13
0.372	9.36267690377566E-13
0.378	0.0093819912
0.384	0.0373722732
0.390	0.0732233687
0.396	0.1102939294
0.402	0.134701421
0.408	0.1610812884
0.414	0.1923325365
0.420	0.2235151578
0.426	0.2490154752
0.432	0.278870462
0.438	0.3080511301
0.444	0.342885189
0.450	0.3726254099
0.456	0.4024784193
0.462	0.4320537217
0.468	0.4575544515
0.474	0.4810417479
0.480	0.5016938958
0.486	0.5243839185
0.492	0.5465115403
0.498	0.5713084722
0.504	0.5922010084
0.510	0.6124877653
0.516	0.6328863392
0.522	0.654192111
0.528	0.6734055246
0.534	0.6923044214
0.540	0.7103445448
0.546	0.7293799538
0.552	0.7482391262
0.558	0.764149743
0.564	0.7795231038
0.570	0.793252866
0.576	0.8079746418
0.582	0.8202633719
0.588	0.8335458246
0.594	0.8456247827
0.600	0.8566943262
0.606	0.8679690358
0.612	0.8791491978
0.618	0.8896714415
0.624	0.8999611612
0.630	0.9061714128
0.636	0.9138550604
0.642	0.9214456224
0.648	0.9301658829
0.654	0.9389624528
0.660	0.9479338774
0.666	0.9545344495
0.672	0.9608996574
0.678	0.9689893562
0.684	0.975304881
0.690	0.9798037311
0.696	0.9853477253
0.702	0.9922905021
0.708	0.9942094199
0.714	0.9960023849
0.720	0.9987706283
0.726	0.9992824812
0.732	1
0.738	0.9992718339
0.744	0.9987087738
0.750	0.9990237299
0.756	0.9956137084
0.762	0.9949651617
0.768	0.989943348
0.774	0.9809582323
0.780	0.9783846624
0.786	0.9677910174
0.792	0.9583069726
0.798	0.9472868629
0.804	0.9312008677
0.810	0.916745988
0.816	0.9017113733
0.822	0.8850978253
0.828	0.8657938998
0.834	0.849889757
0.840	0.8284315462
0.846	0.8071300956
0.852	0.7859080405
0.858	0.7611696192
0.864	0.729801611
0.870	0.7115304848
0.876	0.6805056733
0.882	0.6523218455
0.888	0.6247657836
0.894	0.5981102629
0.900	0.5736483944
0.906	0.5473702614
0.912	0.521493625
0.918	0.4944403778
0.924	0.4667700445
0.930	0.439391758
0.936	0.4110057544
0.942	0.3847437665
0.948	0.3585746052
0.954	0.3316709408
0.960	0.3056937591
0.966	0.2814464824
0.972	0.2584537796
0.978	0.2349798239
0.984	0.2129616997
0.990	0.1927169213
0.996	0.173590494
1.002	0.1541282019
1.008	0.1336597126
1.014	0.1159437652
1.020	0.1018621109
1.026	0.0896313003
1.032	0.0780922164
1.038	0.0657834534
1.044	0.0557199458
1.050	0.0472089765
1.056	0.0395910009
1.062	0.0321272493
1.068	0.0268428695
1.074	0.0232943335
1.080	0.0201099078
1.086	0.0169496434
1.092	0.0145567925
1.098	0.0123762048
1.104	0.0110509597
1.110	0.0102501489
1.116	0.0095185079
1.122	0.0088479948
1.128	0.00821111
1.134	0.0076600653
1.140	0.0071327449
1.146	0.0066453609
1.152	0.0062105691
1.158	0.0057783132
1.164	0.0053898261
1.170	0.0050462015
1.176	0.0047259173
1.182	0.0044360085
1.188	0.0041367213
1.194	0.0038759966
1.200	0.0036545495
1.206	0.0034286118
1.212	0.0032135246
1.218	0.003022873
1.224	0.0028460142
1.230	0.0026813909
1.236	0.0025242382
1.242	0.0023807595
1.248	0.0022437898
1.254	0.0021165775
1.260	0.0019912071
1.266	0.0018743185
1.272	0.0017741843
1.278	0.0016733929
1.284	0.0015846799
1.290	0.0015040611
1.296	0.0014226482
1.302	0.0013401205
;; BAND VIS06
0.485	4.09558346048777E-05
0.488	0.000041098
0.491	3.578179143151E-05
0.494	4.25790599869799E-05
0.497	4.30246967247725E-05
0.5	4.257585656334E-05
0.503	4.40552467796357E-05
0.506	4.78003574350938E-05
0.509	3.92501494488787E-05
0.512	4.85003589635958E-05
0.515	0.000054722
0.518	5.37908097472766E-05
0.521	5.67858494959338E-05
0.524	5.57276577768585E-05
0.527	6.37852361342492E-05
0.53	6.05921015403701E-05
0.533	6.10422467740755E-05
0.536	6.85795061457222E-05
0.539	7.77391065548835E-05
0.542	7.65566610392554E-05
0.545	7.85850551369327E-05
0.548	7.78132787851749E-05
0.551	8.3132411383245E-05
0.554	8.78614096060181E-05
0.557	9.03591555765183E-05
0.56	5.48616744992116E-05
0.563	5.72587868107132E-05
0.566	9.94840817661289E-05
0.569	0.0001682357
0.572	0.0002775885
0.575	0.0004581207
0.578	0.0007775938
0.581	0.001399263
0.584	0.002690271
0.587	0.0056560672
0.59	0.0131948667
0.593	0.0343388134
0.596	0.0987927349
0.599	0.2910440553
0.602	0.6704977266
0.605	0.9251849347
0.608	0.9235850385
0.611	0.8880807836
0.614	0.8767854964
0.617	0.8793230998
0.62	0.8934954488
0.623	0.9080909937
0.626	0.8993596083
0.629	0.8772148933
0.632	0.8811597094
0.635	0.9141776106
0.638	0.9582774943
0.641	0.9865327432
0.644	0.9927232094
0.647	0.9743376709
0.65	0.9386896373
0.653	0.9017562729
0.656	0.8857534492
0.659	0.8986729227
0.662	0.9313556443
0.665	0.968837012
0.668	1
0.671	0.9843073297
0.674	0.8307340012
0.677	0.5413867062
0.68	0.2886852822
0.683	0.14429961
0.686	0.0737041971
0.689	0.0400935652
0.692	0.0233415475
0.695	0.0143684297
0.698	0.0093217929
0.701	0.0062714127
0.704	0.0041946843
0.707	0.0025417341
0.71	0.0013658831
0.713	0.0008557661
0.716	0.0005362063
0.719	0.0004012198
0.722	0.0003281548
0.725	0.00030137
0.728	0.0002592335
0.731	0.0002295742
0.734	0.00023352
0.737	0.0002400666
0.74	0.0002420501
0.743	0.0002454758
0.746	0.0002311357
0.749	0.0002269713
0.752	0.0002645333
0.755	0.0002836431
0.758	0.000278595
0.761	0.0003210466
0.764	0.0003378257
0.767	0.0003399519
0.77	0.0003922571
0.773	0.0004861884
0.776	0.0005836416
0.779	0.0007001342
0.782	0.0009286201
0.785	0.0013137857
;; BAND VIS08
0.67	0.0001400724
0.6728	0.0001383949
0.6756	0.00013989
0.6784	0.000141547
0.6812	0.0001344067
0.684	7.49128017470818E-05
0.6868	0.0001428266
0.6896	0.0001470091
0.6924	0.0001450567
0.6952	0.0001516717
0.698	0.0001601405
0.7008	0.0001663263
0.7036	0.0001766446
0.7064	0.0001975232
0.7092	0.0001941119
0.712	0.0002234054
0.7148	0.0002285606
0.7176	0.000246545
0.7204	0.0002740883
0.7232	0.0002935737
0.726	0.0003063607
0.7288	0.0003328519
0.7316	0.0003663414
0.7344	0.0003996644
0.7372	0.00044682
0.74	0.0002002871
0.7428	0.0002423263
0.7456	0.0003202607
0.7484	0.0004337522
0.7512	0.000615069
0.754	0.0008842932
0.7568	0.001373401
0.7596	0.0022256009
0.7624	0.0038348702
0.7652	0.0069879556
0.768	0.0137176207
0.7708	0.0298070486
0.7736	0.0719493934
0.7764	0.1857970657
0.7792	0.4547692129
0.782	0.8258262676
0.7848	0.9866284878
0.7876	0.9940378039
0.7904	0.9899294094
0.7932	0.9986218768
0.796	1
0.7988	0.9715715107
0.8016	0.9552939682
0.8044	0.9398055963
0.8072	0.9284733309
0.81	0.9144177918
0.8128	0.911806527
0.8156	0.903108185
0.8184	0.8987509418
0.8212	0.8911169885
0.824	0.8884529979
0.8268	0.8752412793
0.8296	0.8689505109
0.8324	0.8384755045
0.8352	0.7255989953
0.838	0.5034524134
0.8408	0.2753583549
0.8436	0.1343858203
0.8464	0.0627344026
0.8492	0.0281336592
0.852	0.0147278049
0.8548	0.0080117239
0.8576	0.004288015
0.8604	0.0027567006
0.8632	0.0014294452
0.866	0.0006482416
0.8688	0.0002497175
0.8716	1.71106608633408E-05
0.8744	7.56952494897371E-06
0.8772	7.41656203783114E-06
0.88	7.28586788637019E-06
0.8828	6.97115839114844E-05
0.8856	4.96829142128926E-05
0.8884	5.7038203097459E-06
0.8912	8.23920057261343E-06
0.894	7.50620507683917E-06
0.8968	1.78676191723384E-05
0.8996	3.24807856894499E-05
0.9024	3.67507251768733E-05
0.9052	3.22561759217325E-05
0.908	3.40713352246871E-05
0.9108	3.4928812427979E-05
0.9136	2.89857500686498E-05
0.9164	2.49426561163521E-05
0.9192	2.93858981850428E-05
0.922	2.3989332527382E-05
0.9248	2.33053470989133E-05
0.9276	3.08445995170057E-05
0.9304	3.05446860965316E-05
0.9332	4.43905336778354E-05
0.936	0.000036295
0.9388	3.85961715616898E-05
0.9416	4.33730754877364E-05
0.9444	3.00788644877941E-05
0.9472	4.91811473500385E-05
0.95	5.42819059722066E-05
;; BAND NIR16
1.36	0.0016193951
1.3656	0.001609638
1.3712	0.0016658276
1.3768	0.0027715649
1.3824	0.0037218468
1.388	0.0017798835
1.3936	0.0010492276
1.3992	0.000855967
1.4048	0.0007900893
1.4104	0.0007782553
1.416	0.000760006
1.4216	0.0007610978
1.4272	0.0007568853
1.4328	0.0007698371
1.4384	0.0007845446
1.444	0.0007888483
1.4496	0.0008067226
1.4552	0.0008096168
1.4608	0.0008402811
1.4664	0.0009000786
1.472	0.0009102233
1.4776	0.000951468
1.4832	0.0009964352
1.4888	0.0010669036
1.4944	0.0011368212
1.5	0.0012200481
1.5056	0.0013140831
1.5112	0.0014627383
1.5168	0.0016949916
1.5224	0.0020550347
1.528	0.002617371
1.5336	0.0035459229
1.5392	0.0052787545
1.5448	0.0085608147
1.5504	0.0152831574
1.556	0.0296189228
1.5616	0.0628912621
1.5672	0.1423539806
1.5728	0.3249739301
1.5784	0.6308357217
1.584	0.8792431828
1.5896	0.9541495182
1.5952	0.9572344329
1.6008	0.968561088
1.6064	0.9794142229
1.612	0.9874407345
1.6176	0.9890644638
1.6232	0.9809159554
1.6288	0.978747858
1.6344	0.9815091519
1.64	0.9860753815
1.6456	0.9961123424
1.6512	1
1.6568	0.9985860919
1.6624	0.992975068
1.668	0.9879674355
1.6736	0.9875318973
1.6792	0.9746979059
1.6848	0.9471146166
1.6904	0.8797435944
1.696	0.7363892757
1.7016	0.501895125
1.7072	0.2621718082
1.7128	0.12029054
1.7184	0.0526108192
1.724	0.0232814452
1.7296	0.0109746603
1.7352	0.0053775036
1.7408	0.0026467756
1.7464	0.0012566867
1.752	0.0006194925
1.7576	0.0003919945
1.7632	0.0002529814
1.7688	0.0001567007
1.7744	9.46396454922589E-05
1.78	6.87795619353415E-05
1.7856	5.18470971760956E-05
1.7912	3.83503014115686E-05
1.7968	2.681660995481E-05
1.8024	2.91390729524246E-05
1.808	4.74763531869934E-05
1.8136	0.000066518
1.8192	8.44618346074966E-05
1.8248	0.0001008264
1.8304	9.36342652145178E-05
1.836	8.50829254751585E-05
1.8416	7.50050763779827E-05
1.8472	6.63217746398566E-05
1.8528	5.89064504482253E-05
1.8584	5.33017998295295E-05
1.864	4.83765864682603E-05
1.8696	4.26768026740376E-05
1.8752	3.78921332036332E-05
1.8808	0.000034519
1.8864	3.15474794795028E-05
1.892	2.7848513542074E-05
1.8976	2.51668422769292E-05
1.9032	2.2085198640674E-05
1.9088	2.03346175401786E-05
1.9144	1.86897727043658E-05
1.92	1.66224209179491E-05
