# MTG-I1 / FCI TIR bands
# QV 2024-07-23
# source data W_XX-EUMETSAT-Darmstadt,SRF_VIS_NIR_IR,MTI1+FCI_C_EUMG_20210913------_v02.nc
#
# MTG-I1 FCI Band IR3.8_HR
# -------------------
3.200 1.5982784590335226e-07
3.208 2.8473699062902073e-07
3.216 4.945201346720503e-07
3.224 7.855018392604692e-07
3.232 1.1496603487054244e-06
3.240 1.6116302546019258e-06
3.248 2.1666399252754683e-06
3.256 2.713731032735938e-06
3.264 3.0912593839902227e-06
3.272 3.3764621206563065e-06
3.280 3.538836733344991e-06
3.288 4.005571336690678e-06
3.296 5.362367706127054e-06
3.304 8.537855628664345e-06
3.312 1.3893418005087641e-05
3.320 2.1276166051595e-05
3.328 3.0403207276608224e-05
3.336 4.1013125847430345e-05
3.344 5.478192846250551e-05
3.352 7.154388017975576e-05
3.360 9.18904063057501e-05
3.368 0.00011877196796962899
3.376 0.00015235500838091083
3.384 0.00019636782934181793
3.392 0.00034569299714006
3.400 0.0003929774467217885
3.408 0.0003996030399337352
3.416 0.00042605401671941387
3.424 0.0006339864312354921
3.432 0.0008180905018397596
3.440 0.00120470946463732
3.448 0.001589122796882725
3.456 0.0022446160207159165
3.464 0.003408492935395582
3.472 0.004838828164806407
3.480 0.006901889643081472
3.488 0.010222180856172448
3.496 0.01504353866389087
3.504 0.022003890604836426
3.512 0.03340547362286638
3.520 0.05057127129573462
3.528 0.07679218988133087
3.536 0.11774822973152843
3.544 0.17763186784551285
3.552 0.2626578389126966
3.560 0.37375424122274536
3.568 0.501690299100006
3.576 0.614521945825136
3.584 0.7073919038694807
3.592 0.7606402881546249
3.600 0.7860796130711584
3.608 0.8088558379130389
3.616 0.8066896078775381
3.624 0.804374150484903
3.632 0.8062663242456268
3.640 0.8113617075698584
3.648 0.8101604185213391
3.656 0.8205842546646521
3.664 0.8233996091749968
3.672 0.8296290130586009
3.680 0.8276094543560647
3.688 0.8299090856695762
3.696 0.8293825951665285
3.704 0.8278943668834324
3.712 0.8269326742353861
3.720 0.8251956838726147
3.728 0.8303190344613443
3.736 0.8291363355001263
3.744 0.8298316560708391
3.752 0.8396812136223836
3.760 0.8493262305805366
3.768 0.8455965786542191
3.776 0.8638242451545537
3.784 0.8578673001946964
3.792 0.8539497061775616
3.800 0.8725278962896847
3.808 0.8658624703756087
3.816 0.8734647380646273
3.824 0.8690455029261062
3.832 0.8559332271962397
3.840 0.8611796368513776
3.848 0.8637226349058478
3.856 0.8554231416526268
3.864 0.8673223476172326
3.872 0.8584348224278624
3.880 0.8649449840245892
3.888 0.8672874193054059
3.896 0.8861396062572825
3.904 0.8799035368409491
3.912 0.9064133416597056
3.920 0.9218625176120858
3.928 0.9587966345375287
3.936 0.9620234753817006
3.944 0.9856312089354445
3.952 1.0
3.960 0.9796488020967906
3.968 0.954802130091876
3.976 0.8860521748472642
3.984 0.7763918825960162
3.992 0.669641126625476
4.000 0.5466675660828592
4.008 0.43628933725940655
4.016 0.3389608166607291
4.024 0.2610187229512329
4.032 0.1998967560400808
4.040 0.15156988101042845
4.048 0.1168724917154088
4.056 0.08984957732590716
4.064 0.06989188634043597
4.072 0.056085110302108124
4.080 0.044630571695313044
4.088 0.03618964965850496
4.096 0.028787606079465865
4.104 0.02302956856423233
4.112 0.018709207983097248
4.120 0.01570687452934795
4.128 0.013259951380383201
4.136 0.010978419754067216
4.144 0.009098138925582247
4.152 0.007713816974334645
4.160 0.0067108782504051315
4.168 0.005772522951003284
4.176 0.004937444122208311
4.184 0.004302639154434985
4.192 0.0038693218141788786
4.200 0.003394842109338606
4.208 0.00297681004636707
4.216 0.002564182378270313
4.224 0.002188217304033555
4.232 0.002167494807752956
4.240 0.0018429856150921644
4.248 0.0014890230861118738
4.256 0.0013796571847069683
4.264 0.0013507539459237435
4.272 0.0012920503261296442
4.280 0.0011098887792171661
4.288 0.0011471993834746774
4.296 0.0009394894684220309
4.304 0.0010217873531210007
4.312 0.0006351825991160457
4.320 0.0007347782333607918
4.328 0.0004390613327084902
4.336 0.000529190511681349
4.344 0.000540861366754883
4.352 0.0004388848583391502
4.360 0.0004444958833644991
4.368 0.00029827839781543247
4.376 0.00021304352841285603
4.384 0.00029887735131349356
4.392 0.0002492182752266144
4.400 0.0002424770877851952
# MTG-I1 FCI Band WV6.3
# -------------------
4.800 0.0
4.820 0.00028623000113952446
4.840 0.00034169313139431135
4.860 2.4455775598443033e-05
4.880 0.00037322324506425947
4.900 0.00020932402609252784
4.920 0.0005677435543811334
4.940 0.0
4.960 0.0003181775576271342
4.980 0.000204276047369334
5.000 0.00023980184028028314
5.020 0.0002483868423850501
5.040 0.00044183057560303457
5.060 0.00026194628697901254
5.080 0.0002705517877171076
5.100 6.772803894054707e-06
5.120 0.00015717439586862908
5.140 0.000388170955904111
5.160 9.567020433513856e-06
5.180 0.001000397621679441
5.200 0.0010701247199019733
5.220 0.0008491230530453626
5.240 0.0009582047102325984
5.260 0.0016275623772796534
5.280 0.0012766212041909468
5.300 0.002168259683240471
5.320 0.0017293751515172968
5.340 0.003101206543363063
5.360 0.0033350450557710913
5.380 0.0026855264693085123
5.400 0.0034817911354696482
5.420 0.004321349742016356
5.440 0.004990773116447479
5.460 0.006810705093849076
5.480 0.00964981476383111
5.500 0.013197131006880511
5.520 0.01634770415500348
5.540 0.020234156318244875
5.560 0.028545709867213713
5.580 0.03802673252875129
5.600 0.05148945440490877
5.620 0.07160610263073149
5.640 0.10105382107124507
5.660 0.1412529177974293
5.680 0.2000227325589444
5.700 0.27683585985583564
5.720 0.37530437499355207
5.740 0.4858716436794788
5.760 0.6008785729294653
5.780 0.7126054036137376
5.800 0.8133167891447404
5.820 0.8940755372374258
5.840 0.9340149282922273
5.860 0.964462384440946
5.880 0.9915449746320169
5.900 0.969474535575628
5.920 0.9750244947469081
5.940 0.9775989799950084
5.960 0.9746852768105194
5.980 0.9713441943268999
6.000 0.9778269838648047
6.020 0.9857201176568965
6.040 0.9789079332663176
6.060 0.9930215727060122
6.080 1.0
6.100 0.992892704144679
6.120 0.9898589305249208
6.140 0.9830543498762653
6.160 0.9919310413983272
6.180 0.9686102188375837
6.200 0.9719974058895959
6.220 0.959293927860628
6.240 0.9564305528444271
6.260 0.9385472682288353
6.280 0.9281924052506739
6.300 0.9043818411657191
6.320 0.9078793130795904
6.340 0.9061776572884821
6.360 0.9058605375576585
6.380 0.9064105295237573
6.400 0.9030747165332249
6.420 0.9177233587989531
6.440 0.915426472390702
6.460 0.9294076790312966
6.480 0.9477281748867189
6.500 0.9432241953381049
6.520 0.9775090409403183
6.540 0.9719993614540844
6.560 0.9743398078063205
6.580 0.9895513968070163
6.600 0.9946508032568067
6.620 0.9842300825916085
6.640 0.9650873355218621
6.660 0.9598027540684303
6.680 0.933491704917803
6.700 0.9198470692965514
6.720 0.8934503319630804
6.740 0.8524068712483764
6.760 0.8096773095794042
6.780 0.7705564759189091
6.800 0.7138286587412211
6.820 0.6413053289635811
6.840 0.5720163654640086
6.860 0.4997832472304625
6.880 0.4226303983119474
6.900 0.3366363030061496
6.920 0.2635142727245355
6.940 0.21194831159024471
6.960 0.17329833123613056
6.980 0.1286617646169129
7.000 0.10966272215998883
7.020 0.09715738604958803
7.040 0.08983368240326133
7.060 0.07871052936715907
7.080 0.06813401753805783
7.100 0.059677928604143345
7.120 0.05002965005359202
7.140 0.041207210616292476
7.160 0.03442885622244297
7.180 0.031131822121123833
7.200 0.026809416851751415
7.220 0.02392037962744809
7.240 0.02136449901070763
7.260 0.01969734786896509
7.280 0.017444098945594618
7.300 0.015858177735519847
7.320 0.01310629535550928
7.340 0.011447901429791754
7.360 0.0113473613262752
7.380 0.01089173921012923
7.400 0.010244575189250813
7.420 0.007626920239084957
7.440 0.008308529538763596
7.460 0.008215049732368298
7.480 0.006318925491537445
7.500 0.006621810905294977
7.520 0.006617495525169214
7.540 0.004554836540584638
7.560 0.004341392301014337
7.580 0.005657748994558218
7.600 0.0038705664655804667
7.620 0.0036951708921494314
7.640 0.0032892981502190143
7.660 0.0026564494223576597
7.680 0.0029352256248653106
7.700 0.004621369956455403
7.720 0.0011039401982151633
7.740 0.0041627656120418865
7.760 0.002358051991396236
7.780 0.0019150020234180228
7.800 0.00425607160394463
# MTG-I1 FCI Band WV7.3
# -------------------
6.600 0.0006982594425305692
6.610 0.0005681026021313243
6.620 0.0003748857912607353
6.630 0.000530284716582062
6.640 0.0006323755077247969
6.650 0.00047695974288074943
6.660 0.0004345687133490514
6.670 0.0006463151729408596
6.680 0.0006485071983117627
6.690 0.0006497318258843952
6.700 0.0005269935742086146
6.710 0.0007031855186608401
6.720 0.0008462509165795554
6.730 0.0009433718340326746
6.740 0.0008068397193841112
6.750 0.0007645444932442619
6.760 0.0007682033117096821
6.770 0.000843963137147159
6.780 0.0011407435200850723
6.790 0.0012220459527747258
6.800 0.0010741448245342319
6.810 0.001092788667518038
6.820 0.0009858353767862491
6.830 0.0010009056968009456
6.840 0.0010941792203036894
6.850 0.0011774061344644161
6.860 0.0013035763521254012
6.870 0.001495307982445127
6.880 0.0018219999531050874
6.890 0.001937613937731376
6.900 0.00232252281770181
6.910 0.0025280691387416015
6.920 0.002820252723292189
6.930 0.003026267739103568
6.940 0.003593627751989407
6.950 0.003991530045450014
6.960 0.004745431416453511
6.970 0.004957149506747131
6.980 0.005490116876343119
6.990 0.006565074773444621
7.000 0.007743514385961848
7.010 0.009364558826091022
7.020 0.011979952855958683
7.030 0.015356289607456669
7.040 0.02020948728408589
7.050 0.02610598109876502
7.060 0.03222465918483931
7.070 0.04102851304443354
7.080 0.051396759582035996
7.090 0.06474244671749373
7.100 0.083414894403756
7.110 0.10577098988220922
7.120 0.13874336577190824
7.130 0.176861273245835
7.140 0.23059326866655175
7.150 0.2882170581641293
7.160 0.35970439126263415
7.170 0.44824832613763677
7.180 0.5306144689187847
7.190 0.6308979743281692
7.200 0.7076795402980747
7.210 0.7873770694500493
7.220 0.8453315025506678
7.230 0.8886046349449074
7.240 0.9293391438428233
7.250 0.9374234131749821
7.260 0.9404397346532357
7.270 0.9372343273683901
7.280 0.9588155176484614
7.290 0.9292115049403832
7.300 0.9396072934060238
7.310 0.9223638731959493
7.320 0.9254571201224628
7.330 0.9247336748861559
7.340 0.9353606134489171
7.350 0.9432664130128641
7.360 0.9553426654912434
7.370 0.9564023706115387
7.380 0.9640955688373836
7.390 0.984165276093915
7.400 0.9639054308469815
7.410 0.9959943725537203
7.420 0.9816144923705821
7.430 0.9940281331691379
7.440 0.990471941262445
7.450 0.9843637291221646
7.460 0.9903777242083162
7.470 1.0
7.480 0.9855749106990005
7.490 0.9957892889973438
7.500 0.995822735553031
7.510 0.988730599763411
7.520 0.9925007896847363
7.530 0.9899854708053832
7.540 0.9915667007106028
7.550 0.9989820124648655
7.560 0.9849976342933228
7.570 0.9903541276565123
7.580 0.9576944750694879
7.590 0.9403616206763123
7.600 0.8948192956112456
7.610 0.8492577213702777
7.620 0.8008676708571858
7.630 0.7336293029612151
7.640 0.6549915660227852
7.650 0.58501158808906
7.660 0.4938160804256044
7.670 0.4415130098193666
7.680 0.3599200306462839
7.690 0.3077467374766796
7.700 0.2533520307659468
7.710 0.2029190864268102
7.720 0.17523816569923548
7.730 0.13871553626346023
7.740 0.11091926088585123
7.750 0.09943186912308441
7.760 0.07813313443681912
7.770 0.06348765574925273
7.780 0.05632663754316519
7.790 0.04670317799650338
7.800 0.037383087353352364
7.810 0.03436691089990119
7.820 0.029209831538682958
7.830 0.02265544244925798
7.840 0.021052483135355744
7.850 0.01884586569224254
7.860 0.01506449276099781
7.870 0.01274212456786583
7.880 0.012532828600946877
7.890 0.010290068954048033
7.900 0.008477475116292514
7.910 0.008001745194741052
7.920 0.007526171994477942
7.930 0.005995264618397723
7.940 0.004993191154314107
7.950 0.004765274665618932
7.960 0.0044883272567391485
7.970 0.00337382142100447
7.980 0.003070606507546683
7.990 0.002842411582216021
8.000 0.0025122441632508354
8.010 0.0019804749865439475
8.020 0.001654495849330142
8.030 0.0016258870117548678
8.040 0.0014819792543044033
8.050 0.001291069864601727
8.060 0.0011818287979581499
8.070 0.0009997403827430832
8.080 0.0009379421049549307
8.090 0.0007589030866372307
8.100 0.0006927521399528999
# MTG-I1 FCI Band IR8.7
# -------------------
8.100 0.00011490721934559295
8.108 0.00012850507262982712
8.116 0.00015742322696256012
8.124 0.00018407613825686923
8.132 0.00020513713708157397
8.140 0.00024233382721099866
8.148 0.00028007682649026916
8.156 0.0003025121147588736
8.164 0.00035436933544617794
8.172 0.00039514094453797826
8.180 0.0004502389575634086
8.188 0.0005118046534138258
8.196 0.0005773437924124752
8.204 0.0006799161264796118
8.212 0.0007782151677744594
8.220 0.0008566509653364598
8.228 0.0010005959162099859
8.236 0.0011402986547460897
8.244 0.0013519341384152258
8.252 0.0015065090870763885
8.260 0.0018146329636392275
8.268 0.002061009870627323
8.276 0.0023711427549027446
8.284 0.0027810555233719544
8.292 0.003200539301041911
8.300 0.003701160086198235
8.308 0.00430913622921825
8.316 0.00499709311360748
8.324 0.005804996370957004
8.332 0.006876818723390105
8.340 0.008020294763451645
8.348 0.00939903041963749
8.356 0.010866559040537236
8.364 0.01291626440182377
8.372 0.014673057130890624
8.380 0.01740933405356732
8.388 0.020124611402833094
8.396 0.023476939348588303
8.404 0.02793989462541368
8.412 0.033226253453579026
8.420 0.03930716562213699
8.428 0.04826443090655904
8.436 0.056661986529561004
8.444 0.06848897065677413
8.452 0.08149946365873541
8.460 0.09688340554718687
8.468 0.11397386578646082
8.476 0.13590531547504844
8.484 0.16371408933420137
8.492 0.19461221219587926
8.500 0.233546141426224
8.508 0.2831732767195099
8.516 0.32824151561025394
8.524 0.3813519816673669
8.532 0.43930612181534257
8.540 0.485838950856937
8.548 0.5517207525878264
8.556 0.61252710437215
8.564 0.6743643840818548
8.572 0.7412611379712175
8.580 0.7904723346290577
8.588 0.8311439484804072
8.596 0.8557895293145917
8.604 0.8738768418320471
8.612 0.9003082464354248
8.620 0.9193573305713116
8.628 0.933503958759446
8.636 0.9711330630488358
8.644 0.9389084598879656
8.652 0.9512271665819968
8.660 0.9635830625679783
8.668 0.9494658879805369
8.676 0.9628817449419845
8.684 0.9825588352171345
8.692 0.9608407855991895
8.700 0.9743824438411937
8.708 0.9732679081952396
8.716 0.9703915215508364
8.724 0.9813308952684464
8.732 0.9745661325019055
8.740 0.9901310233454085
8.748 0.9876524288836775
8.756 0.9761946676522338
8.764 0.9970172284949153
8.772 0.9860625427421287
8.780 0.9679343240836433
8.788 0.9845652059764661
8.796 0.9860236559208165
8.804 0.9701096080754033
8.812 1.0
8.820 0.9775270869449347
8.828 0.9676615699112014
8.836 0.970918825768582
8.844 0.9793286711923305
8.852 0.9714523916908279
8.860 0.958604718873876
8.868 0.9340958199073698
8.876 0.9315371617527467
8.884 0.9140020972121059
8.892 0.8854594437165096
8.900 0.8748974930789191
8.908 0.801151103397359
8.916 0.7607296259762446
8.924 0.7428265898399553
8.932 0.6927811167755268
8.940 0.6142890033388818
8.948 0.5510392406331889
8.956 0.4946192327837475
8.964 0.4570615457205157
8.972 0.41871542932414435
8.980 0.34334885984428337
8.988 0.28135540809388804
8.996 0.24529473589002038
9.004 0.2304401087065589
9.012 0.20575267909315995
9.020 0.15910865406695182
9.028 0.12760849186200748
9.036 0.1180626949154853
9.044 0.11090380535570553
9.052 0.09144555875457237
9.060 0.07140468266146532
9.068 0.060711506699332875
9.076 0.05885514863595188
9.084 0.05531700135499811
9.092 0.04380588318039262
9.100 0.03512834569414256
9.108 0.03325884954506544
9.116 0.03245099545082995
9.124 0.02733583960451172
9.132 0.021146672730918425
9.140 0.019264149859635815
9.148 0.019430083081768214
9.156 0.01792395707776957
9.164 0.013746091845466173
9.172 0.01209210845712838
9.180 0.012724139789857366
9.188 0.011472911828754205
9.196 0.009082287836399746
9.204 0.007831044204033239
9.212 0.008314886639981036
9.220 0.007528964891032832
9.228 0.00628555789855781
9.236 0.005521942423303284
9.244 0.005666605135290823
9.252 0.005335492519366788
9.260 0.004146333628495924
9.268 0.0038507318048750356
9.276 0.0041012544379770855
9.284 0.003745071561791226
9.292 0.0031171887584740933
9.300 3.58336997112591e-19
# MTG-I1 FCI Band IR9.7
# -------------------
9.210 0.0015553557104794808
9.216 0.0016094959314617095
9.222 0.0016917781223895194
9.228 0.0018484640553461597
9.234 0.0018771018678553904
9.240 0.0020909573182766312
9.246 0.0021774345200214983
9.252 0.0022785445359191302
9.258 0.0024073872521277657
9.264 0.0025575212691290286
9.270 0.0028531057581176293
9.276 0.002915338537421986
9.282 0.0031393734095670526
9.288 0.0032476623451748363
9.294 0.0035959032511751646
9.300 0.0038235092516711836
9.306 0.004070993581460306
9.312 0.004404319260492354
9.318 0.0046762730082597495
9.324 0.005244790347027972
9.330 0.0054811152512296655
9.336 0.00617704421334142
9.342 0.006664033888287299
9.348 0.007498607338768201
9.354 0.008092781845159684
9.360 0.009281182120010585
9.366 0.010361257423723512
9.372 0.011504793876684415
9.378 0.01317334971561633
9.384 0.014649479212485982
9.390 0.017476261589133336
9.396 0.019453864975972162
9.402 0.023116220628531046
9.408 0.025749543122425052
9.414 0.030496314099029854
9.420 0.03605297837257694
9.426 0.042836052530272
9.432 0.049322512602879606
9.438 0.058555007014417695
9.444 0.07093921906608179
9.450 0.0837287696151048
9.456 0.10276124414649658
9.462 0.11824958917232689
9.468 0.14562762106048752
9.474 0.17200479874473767
9.480 0.2128728839718725
9.486 0.24657376505003392
9.492 0.2944622904064856
9.498 0.35153280532197345
9.504 0.40452880214134207
9.510 0.4735015103296142
9.516 0.5415725710959979
9.522 0.628086647575458
9.528 0.6704947767972069
9.534 0.7553214040842663
9.540 0.7980053965303904
9.546 0.8761595709225141
9.552 0.9210093186033852
9.558 0.9366348658260181
9.564 0.9450512917887569
9.570 0.9732696275885077
9.576 1.0
9.582 0.995142164511474
9.588 0.9761967051724271
9.594 0.9556202994938587
9.600 0.9696803470175153
9.606 0.9862424196711389
9.612 0.9654286348672126
9.618 0.954743259819334
9.624 0.9489085880319232
9.630 0.9692986964378045
9.636 0.9615160316610869
9.642 0.9505923843623673
9.648 0.9473127656147122
9.654 0.9571320618106113
9.660 0.9616008294470086
9.666 0.9526458041690373
9.672 0.9541191916174696
9.678 0.9580249087462535
9.684 0.9825399258988515
9.690 0.9574705886584239
9.696 0.9522700384725918
9.702 0.9580429301001597
9.708 0.9779862889751559
9.714 0.9731180032550343
9.720 0.9435200077937551
9.726 0.933856642662094
9.732 0.9442688701974047
9.738 0.9548444062509002
9.744 0.9430142246437796
9.750 0.9045049872032287
9.756 0.8868138969731811
9.762 0.8916299779610457
9.768 0.8769631295427766
9.774 0.8332405200420251
9.780 0.7844911735758922
9.786 0.748965255245352
9.792 0.7122812986159193
9.798 0.6688849895874963
9.804 0.60199272024947
9.810 0.5343115798815173
9.816 0.48941350188980687
9.822 0.4417581005307008
9.828 0.37731376211218254
9.834 0.3236077188788786
9.840 0.27780198200690176
9.846 0.24794291199133414
9.852 0.2039087162031595
9.858 0.17308762086148158
9.864 0.1404897489981939
9.870 0.12193844414281903
9.876 0.10346463638232871
9.882 0.08720117710216982
9.888 0.07104412593012559
9.894 0.059926138226847676
9.900 0.05057462959406737
9.906 0.04554888848847323
9.912 0.03678344726644667
9.918 0.031166781160076432
9.924 0.025686137665205767
9.930 0.023476662205110802
9.936 0.02013378989095437
9.942 0.017283446837135688
9.948 0.014649353305270337
9.954 0.012779208244495004
9.960 0.011544678260772634
9.966 0.010032443377970698
9.972 0.008925812260587758
9.978 0.007670552076259884
9.984 0.007005817435091626
9.990 0.006326699796405137
9.996 0.005675914427495114
10.002 0.00496475476495913
10.008 0.004693715569070942
10.014 0.004265021232863323
10.020 0.0038786621587499743
10.026 0.0034283295570800144
10.032 0.003243813624928723
10.038 0.0029533654273973414
10.044 0.002879941019344322
10.050 0.002580045537163479
10.056 0.002436409985254487
10.062 0.0021981661020427858
10.068 0.0020895441162469813
10.074 0.001932276459718609
10.080 0.0018861614610744
10.086 0.0017404433122516511
10.092 0.001605238655461085
10.098 0.001451914897408379
10.104 0.0013644526359126627
10.110 2.5924694026565446e-19
# MTG-I1 FCI Band IR10.5_HR
# -------------------
9.450 4.945721699828902e-07
9.464 6.265900274260392e-07
9.478 7.062982432066893e-07
9.492 8.063360153259747e-07
9.506 1.0699984464337103e-06
9.520 1.3462003178474096e-06
9.534 1.550869802580996e-06
9.548 1.8194258075367076e-06
9.562 2.3469888277897307e-06
9.576 3.039671775820801e-06
9.590 3.724019875937975e-06
9.604 4.370574464711349e-06
9.618 5.545409750213839e-06
9.632 7.533742531597138e-06
9.646 9.59127330118334e-06
9.660 1.1571458060636728e-05
9.674 1.4565884009274743e-05
9.688 1.8834189127756926e-05
9.702 2.5897980946016733e-05
9.716 3.287616857919792e-05
9.730 4.155914404300341e-05
9.744 5.2648421316034227e-05
9.758 6.9115677923384e-05
9.772 9.754286669099112e-05
9.786 0.0001296127810481961
9.800 0.00016793285695132908
9.814 0.0002211571926861843
9.828 0.0002901556640128879
9.842 0.000412071535211108
9.856 0.0005838025638290738
9.870 0.000807791092580364
9.884 0.0010944501185610122
9.898 0.0015091412833240418
9.912 0.0020794290243038144
9.926 0.002963193585604374
9.940 0.00444192878178528
9.954 0.006225238363178069
9.968 0.008901506687114712
9.982 0.012593953730957135
9.996 0.017277107130921926
10.010 0.024759315535847405
10.024 0.035381934267984146
10.038 0.050189441419879764
10.052 0.06898725559655315
10.066 0.09390412962243135
10.080 0.12590478659764695
10.094 0.15710463628788637
10.108 0.20155969773834478
10.122 0.25475771687578497
10.136 0.29785633002435935
10.150 0.3607209790154739
10.164 0.4094302198818696
10.178 0.4888434833626393
10.192 0.5364206414020638
10.206 0.5908410815393096
10.220 0.6447938890114119
10.234 0.6809069186232078
10.248 0.7153579869129965
10.262 0.7537821232961154
10.276 0.7872498033663833
10.290 0.8407059579889805
10.304 0.8483786980273275
10.318 0.868357884631317
10.332 0.902938453364613
10.346 0.9116464526947327
10.360 0.9439760377223295
10.374 0.9560889213196896
10.388 0.9618417688075669
10.402 0.9888486673543403
10.416 0.9870859233345454
10.430 0.9854873065901365
10.444 0.9947509134663827
10.458 0.9947502361021634
10.472 0.9975578599221755
10.486 1.0
10.500 0.9738717082225826
10.514 0.9806416030346473
10.528 0.9681043413711371
10.542 0.9599147282313171
10.556 0.9701258166045931
10.570 0.9420840431539894
10.584 0.9446191251112185
10.598 0.9380275026533432
10.612 0.9247317865821639
10.626 0.9309709304801287
10.640 0.9290415249180903
10.654 0.9208793929539286
10.668 0.9128346783359208
10.682 0.9206609927550466
10.696 0.8947883657907243
10.710 0.907498283857023
10.724 0.9107526306067438
10.738 0.8842257338935224
10.752 0.9151961390948309
10.766 0.8779045834132921
10.780 0.8605986297666259
10.794 0.8466105512722872
10.808 0.8067167069353041
10.822 0.7700343025364386
10.836 0.7349944725755966
10.850 0.676726517766677
10.864 0.6272322403476202
10.878 0.5720778916579228
10.892 0.4995009116521774
10.906 0.4484906197277462
10.920 0.39328800237950656
10.934 0.3359517473741153
10.948 0.2948849567121545
10.962 0.25417386441780826
10.976 0.2136121917666807
10.990 0.18906238667284253
11.004 0.1606902857666884
11.018 0.1348959469986887
11.032 0.11502209897938695
11.046 0.09790601172075979
11.060 0.0819060749077707
11.074 0.0733375433818395
11.088 0.06487256745308288
11.102 0.056792965184262356
11.116 0.0515180758109969
11.130 0.046667894325153204
11.144 0.04147770109203891
11.158 0.037133308751631025
11.172 0.03301425058027417
11.186 0.02820167575464174
11.200 0.025310796165776948
11.214 0.022939775736952026
11.228 0.020299527018014626
11.242 0.01885127421340411
11.256 0.01804950332081387
11.270 0.016797823897925952
11.284 0.015334825869756222
11.298 0.014116783790798637
11.312 0.012497063497646
11.326 0.011100787049278514
11.340 0.010148962492398975
11.354 0.009387428087908772
11.368 0.008790626551722814
11.382 0.008643756649097155
11.396 0.008053734471246294
11.410 0.007372055122311371
11.424 0.006844859142581222
11.438 0.006132574603190615
11.452 0.005514122043972704
11.466 0.005381663796261523
11.480 0.00532560634295654
11.494 0.005022020501347688
11.508 0.004624749278758453
11.522 0.0042509115373996756
11.536 0.0038659427092979344
11.550 0.003558536455753963
# MTG-I1 FCI Band IR12.3
# -------------------
11.550 0.0028544460424372656
11.560 0.003080410374745364
11.570 0.003099381353038107
11.580 0.003485293803304309
11.590 0.003540103696438493
11.600 0.0038196796213678668
11.610 0.0038416914954485667
11.620 0.004235667896379844
11.630 0.004403490695914016
11.640 0.004493656243217569
11.650 0.004832078235368194
11.660 0.0052140380094726655
11.670 0.005469038105796983
11.680 0.005832001783669492
11.690 0.005967161895770774
11.700 0.006453491554160748
11.710 0.007000058656790959
11.720 0.00781873237883249
11.730 0.008067395077345359
11.740 0.00858589567290702
11.750 0.00977451643538919
11.760 0.010502229591611196
11.770 0.01160979165482685
11.780 0.012711406564888844
11.790 0.014546227194481412
11.800 0.0159638324773852
11.810 0.018541501113592592
11.820 0.019879750091839923
11.830 0.022407671251979656
11.840 0.027662349321003053
11.850 0.029706766366324293
11.860 0.034393899203052254
11.870 0.039939508990864146
11.880 0.04500265944385882
11.890 0.0529844671038579
11.900 0.06220186287939543
11.910 0.07381731598991624
11.920 0.08306827673769564
11.930 0.10229267947448
11.940 0.11692484556265506
11.950 0.14269764406044283
11.960 0.17243341437677384
11.970 0.19278242551667182
11.980 0.23018746823265368
11.990 0.2686875956789157
12.000 0.3258992629414296
12.010 0.37379568801248286
12.020 0.42552134110150824
12.030 0.4685253510151882
12.040 0.5406651173617424
12.050 0.6108732018600541
12.060 0.6547306310396553
12.070 0.7152838455757491
12.080 0.7414001346599537
12.090 0.8070015114696882
12.100 0.8547919758710625
12.110 0.8881492283953313
12.120 0.9001960317946073
12.130 0.9315595426899544
12.140 0.9533294776825201
12.150 0.9888451186032908
12.160 0.9801818900980522
12.170 0.976566209538173
12.180 0.9798002665051332
12.190 0.9587853390081866
12.200 0.9879249416917733
12.210 1.0
12.220 0.9861488788474266
12.230 0.9646022608204267
12.240 0.9593325315929642
12.250 0.9804907948670942
12.260 0.9956773445567565
12.270 0.9568329020277562
12.280 0.9364353108969922
12.290 0.9570080103758343
12.300 0.9951975472351039
12.310 0.9826179949659383
12.320 0.9454880107056561
12.330 0.9341713877192606
12.340 0.961045522343145
12.350 0.9664196914563845
12.360 0.9506545387432049
12.370 0.9444044455294998
12.380 0.9458094692556793
12.390 0.9526816834422941
12.400 0.9390061050192021
12.410 0.9363025446586447
12.420 0.950504246482936
12.430 0.942960916765543
12.440 0.9258705478399534
12.450 0.9187487188041713
12.460 0.934142223595597
12.470 0.9366046694478587
12.480 0.9288258347641689
12.490 0.9007538625457565
12.500 0.860353424261273
12.510 0.8585348489611137
12.520 0.860854342287155
12.530 0.8079296275421358
12.540 0.7428128686781948
12.550 0.6959921965046633
12.560 0.6674270183105702
12.570 0.6203896951172876
12.580 0.5603325771175475
12.590 0.5057121970084703
12.600 0.44019491182181986
12.610 0.39567293022600575
12.620 0.3584886210476888
12.630 0.30805706162385665
12.640 0.273680355573106
12.650 0.2169950715296878
12.660 0.19365993836193232
12.670 0.1636345882096361
12.680 0.14118214641904414
12.690 0.1301675698691614
12.700 0.10176170396810716
12.710 0.08914394828902841
12.720 0.07019295422477255
12.730 0.06531432104538724
12.740 0.058965738373435814
12.750 0.04679611553903749
12.760 0.041583185770273166
12.770 0.034178369680360816
12.780 0.03256326089151064
12.790 0.028188612502487494
12.800 0.024284758259437208
12.810 0.021196566047385366
12.820 0.017446299400436308
12.830 0.017385337830775515
12.840 0.015065414109478608
12.850 0.013738880400502291
12.860 0.012219654924460704
12.870 0.011499617890712828
12.880 0.010222949457333801
12.890 0.008544936255188701
12.900 0.008457151729088898
12.910 0.007402289718188127
12.920 0.007568838189977998
12.930 0.006370226395639213
12.940 0.006257281618277462
12.950 0.005661201148753936
12.960 0.00550422904124359
12.970 0.004829053196322691
12.980 0.004422781766341242
12.990 0.004482595800717815
13.000 0.00406259154767646
13.010 0.004079836975856396
13.020 0.003935536849805798
13.030 0.003304481828425572
13.040 0.003171834176857639
13.050 0.003008643550266425
# MTG-I1 FCI Band IR13.3
# -------------------
12.400 5.018709470080877e-26
12.412 0.005748368803947015
12.424 0.005531057002796924
12.436 0.005968142926620621
12.448 0.0060495212273906735
12.460 0.006221723966995277
12.472 0.0071618690500181445
12.484 0.0067087790151971775
12.496 0.007113207086031907
12.508 0.00787410065211235
12.520 0.007672172184129438
12.532 0.008171894410806539
12.544 0.008138646736434942
12.556 0.008195185121138955
12.568 0.009030944638342508
12.580 0.00874074448328877
12.592 0.009360128196657849
12.604 0.009474637224652157
12.616 0.009905206591072054
12.628 0.010846441261084767
12.640 0.01061814540059704
12.652 0.011907596350291264
12.664 0.012421416466374005
12.676 0.013567072020557017
12.688 0.01562602023446757
12.700 0.015880258801792828
12.712 0.018419133279825983
12.724 0.019522890808676672
12.736 0.023252413418357466
12.748 0.02729006078572282
12.760 0.02773062239622981
12.772 0.03358151633631301
12.784 0.03814521660562598
12.796 0.043028164484293384
12.808 0.051028436428672094
12.820 0.05550602796658221
12.832 0.06763736241380003
12.844 0.0789298390670591
12.856 0.09416339493156957
12.868 0.10718285903849478
12.880 0.11991641526777398
12.892 0.15117759321344557
12.904 0.16524479013697166
12.916 0.20445590793204357
12.928 0.23662514593924652
12.940 0.25954844923529385
12.952 0.3160620285726026
12.964 0.3591218285059476
12.976 0.40846220025541646
12.988 0.4549795014381749
13.000 0.5155937744127839
13.012 0.5727970980387199
13.024 0.6371920618917752
13.036 0.7183532454873641
13.048 0.7288385579722674
13.060 0.7938195929523836
13.072 0.8635563501000264
13.084 0.8931975623214656
13.096 0.9296849219336136
13.108 0.9243027884542447
13.120 0.9476574405548097
13.132 0.9672916073835873
13.144 1.0
13.156 0.9744069217868931
13.168 0.9715689534284634
13.180 0.9786641380954005
13.192 0.969202901987917
13.204 0.9909698864941133
13.216 0.9722268791964795
13.228 0.9505113440502447
13.240 0.9345926001119981
13.252 0.9482221890541112
13.264 0.9795205142541586
13.276 0.9684259663906251
13.288 0.935704871398784
13.300 0.8988224348605198
13.312 0.9127407579482563
13.324 0.9288683527441355
13.336 0.9061270177027447
13.348 0.881736687204808
13.360 0.878496377735047
13.372 0.8898319866791835
13.384 0.9006258559217075
13.396 0.8809587722683004
13.408 0.8338874699104271
13.420 0.8325477719383183
13.432 0.8409384661991778
13.444 0.8477399776046229
13.456 0.844796691323069
13.468 0.8124574733330834
13.480 0.7965869000397551
13.492 0.7730955106684986
13.504 0.7580469213687068
13.516 0.7457827678170605
13.528 0.7153674020266337
13.540 0.6764522456655954
13.552 0.6416931687533713
13.564 0.6103419344689486
13.576 0.5900083006767944
13.588 0.5534217623796921
13.600 0.48945706796269156
13.612 0.4363012299905472
13.624 0.40214864293230995
13.636 0.378714411915032
13.648 0.3327457783403485
13.660 0.27422090590151454
13.672 0.24561549707360777
13.684 0.21142628276887884
13.696 0.1823346782789698
13.708 0.16748706475491054
13.720 0.13538475428451224
13.732 0.1230420034216255
13.744 0.09782500574235091
13.756 0.08331833132945406
13.768 0.07410594703078903
13.780 0.06178977727611029
13.792 0.05434609136016393
13.804 0.045717218118614185
13.816 0.037624111367646866
13.828 0.033832694015406874
13.840 0.02865203790860308
13.852 0.027151223659939938
13.864 0.02122695570363665
13.876 0.01873749803779873
13.888 0.01602076697872135
13.900 0.015163114999631423
13.912 0.013922232260300026
13.924 0.011349922234538278
13.936 0.010014598445832875
13.948 0.00904262840924488
13.960 0.008102088709075665
13.972 0.007847515210274705
13.984 0.0063707273565664895
13.996 0.006366087765829589
14.008 0.005125610569697745
14.020 0.005445529638190558
14.032 0.004467259765623166
14.044 0.004322837866726703
14.056 0.0036526709461776573
14.068 0.0035798594789100023
14.080 0.003664073936853692
14.092 0.0030188944840270917
14.104 0.0027764176333721297
14.116 0.0025941929658386625
14.128 0.0025183414604747476
14.140 0.002072095515485755
14.152 0.0020068729075074783
14.164 0.0022105945869400137
14.176 0.001957490843145423
14.188 0.0018730631964508342
14.200 0.0015991190093880535
