# MTG-I1 / FCI VSWIR bands
# QV 2024-07-23
# source data W_XX-EUMETSAT-Darmstadt,SRF_VIS_NIR_IR,MTI1+FCI_C_EUMG_20210913------_v02.nc
#
# MTG-I1 FCI Band VIS0.4
# -------------------
0.3540 0.0006821529925365808
0.3552 0.0007167859945360797
0.3564 0.0007017816879830251
0.3576 0.0006980581537825542
0.3588 0.0006715783489872712
0.3600 0.000596075867993191
0.3612 0.0005802917823714586
0.3624 0.0005580715787589397
0.3636 0.0005330752381335035
0.3648 0.0005436727410290101
0.3660 0.0005660399225289983
0.3672 0.0005677966713913406
0.3684 0.0005440349737489996
0.3696 0.0004493237824089873
0.3708 0.0004057874337118109
0.3720 0.0003905161437670325
0.3732 0.000453958247099147
0.3744 0.0004600911186345
0.3756 0.000533903784603995
0.3768 0.000551542662299439
0.3780 0.0005555647404680834
0.3792 0.0005571236236662779
0.3804 0.0005829045430429537
0.3816 0.0005998485743693537
0.3828 0.0006088292737302477
0.3840 0.0005864655790451508
0.3852 0.0005553512721057885
0.3864 0.0005670820812830636
0.3876 0.0006368020087443614
0.3888 0.0006573811902910637
0.3900 0.0005954437429215188
0.3912 0.0005757728742105705
0.3924 0.000622641785024285
0.3936 0.0007038346352394224
0.3948 0.0007161309742985487
0.3960 0.000731717856955711
0.3972 0.0008615948617666444
0.3984 0.001071922728595709
0.3996 0.0012267021515205109
0.4008 0.0014151213050686909
0.4020 0.001519871145540646
0.4032 0.0016264977639265884
0.4044 0.0015712795189142298
0.4056 0.0015404983886398945
0.4068 0.0016533329514832292
0.4080 0.001944083401678508
0.4092 0.0025438356933529254
0.4104 0.004197512348820954
0.4116 0.010671589557971605
0.4128 0.043154991734967243
0.4140 0.17393286224384424
0.4152 0.35630356140887465
0.4164 0.46373890338328744
0.4176 0.5379751515964981
0.4188 0.5944484227495375
0.4200 0.6364517010099872
0.4212 0.6560995610068395
0.4224 0.6515577975297325
0.4236 0.6234442281086354
0.4248 0.5944417934451958
0.4260 0.5873779113693411
0.4272 0.5944285065040625
0.4284 0.6279556102094552
0.4296 0.6831469820286691
0.4308 0.739999958492216
0.4320 0.778990963163549
0.4332 0.7892923578349563
0.4344 0.7779155343411022
0.4356 0.7598392266226678
0.4368 0.7510583293213428
0.4380 0.7573466294958254
0.4392 0.7804214804362458
0.4404 0.8155508160589016
0.4416 0.8542353813008396
0.4428 0.8858914124122332
0.4440 0.8972978475738584
0.4452 0.8894713698358607
0.4464 0.8636805577775494
0.4476 0.830652516584725
0.4488 0.8041739254756426
0.4500 0.7919412211562075
0.4512 0.7936225236240012
0.4524 0.8142741198100535
0.4536 0.85399532053822
0.4548 0.9049105061203592
0.4560 0.9562170610327678
0.4572 0.9824288704252236
0.4584 0.9798576120577772
0.4596 0.9583225004153911
0.4608 0.932391861449551
0.4620 0.9225998628651005
0.4632 0.9086476731621366
0.4644 0.9014626624016927
0.4656 0.9084453601856518
0.4668 0.9340039904402013
0.4680 0.9704414033276486
0.4692 0.9984454941777078
0.4704 1.0
0.4716 0.9250868934439319
0.4728 0.6756300505780837
0.4740 0.3097511139232774
0.4752 0.09924186703862835
0.4764 0.03257008610297601
0.4776 0.011932058176025615
0.4788 0.005402031333859864
0.4800 0.0030412231523680214
0.4812 0.0018729200747670271
0.4824 0.0013101973676165103
0.4836 0.00126383636503671
0.4848 0.0009344743585086599
0.4860 0.0007117268202162689
0.4872 0.0007118579536166233
0.4884 0.0008633226840658508
0.4896 0.0009838946082964325
0.4908 0.0009276601318071109
0.4920 0.0007267741529038392
0.4932 0.0005158499223741591
0.4944 0.000473302180425243
0.4956 0.0005077250802096208
0.4968 0.0007853757500491949
0.4980 0.0005790843835677685
0.4992 0.0007306554998277896
0.5004 0.0005890050182624263
0.5016 0.0004351555115737333
0.5028 0.0001317506861814961
0.5040 0.00026033184326767356
0.5052 0.0003110559490636362
0.5064 0.00043592370021506085
0.5076 0.00042309810757739193
0.5088 0.0005597028390738474
0.5100 0.0005203721079131453
0.5112 0.0006471276118330262
0.5124 0.0005807325779818848
0.5136 0.0005864157634044127
0.5148 0.0006624609174976928
0.5160 0.0008099446993399835
0.5172 0.0008389503495521701
0.5184 0.0006809684746614068
0.5196 0.0006116553127471883
0.5208 0.0007395427181055291
0.5220 0.0007360811727114816
0.5232 0.0007329456607582855
0.5244 0.00074526212019613
0.5256 0.0007742978297704638
0.5268 0.0006723336056618883
0.5280 0.0007534807007288086
0.5292 0.0006849741925613693
0.5304 0.0006740768215121705
0.5316 0.0005716909623464115
0.5328 0.00041829978415698627
0.5340 0.0004126242868601322
# MTG-I1 FCI Band VIS0.5
# -------------------
0.4500 7.5332148251945e-30
0.4508 0.0007301408365352288
0.4516 0.0007538470335384821
0.4524 0.0007606190485635406
0.4532 0.000901642698863475
0.4540 0.0009956159342045519
0.4548 0.0009520531182835499
0.4556 0.0009600933311251441
0.4564 0.0009784197807431157
0.4572 0.000990704815554744
0.4580 0.001001303315194191
0.4588 0.0009065185027825058
0.4596 0.0009792557879400863
0.4604 0.001023952211272766
0.4612 0.0010353903782576229
0.4620 0.0011464875607457032
0.4628 0.0011015569376640556
0.4636 0.0010200155412828707
0.4644 0.0010102301475850288
0.4652 0.0010898517502723954
0.4660 0.0012040051429921832
0.4668 0.001202232805416648
0.4676 0.0012480872678085127
0.4684 0.001318948371876567
0.4692 0.0013876484931022628
0.4700 0.0015150519083140994
0.4708 0.0016428562226870982
0.4716 0.0018554216539500678
0.4724 0.0021760523814646797
0.4732 0.002594507752061049
0.4740 0.003064799810720578
0.4748 0.0034737245181037956
0.4756 0.0040832514487836305
0.4764 0.005075064625026901
0.4772 0.006615848817397523
0.4780 0.008773624539431635
0.4788 0.011809890369620374
0.4796 0.01594045110236895
0.4804 0.021785418315446076
0.4812 0.03008075201911151
0.4820 0.0415649549163895
0.4828 0.05813514499032858
0.4836 0.0812158069786276
0.4844 0.11312620389449526
0.4852 0.15623134399451363
0.4860 0.21232316169166426
0.4868 0.2832645647323543
0.4876 0.37038159836056617
0.4884 0.466673603252885
0.4892 0.5634856640069179
0.4900 0.6539500476353616
0.4908 0.733030869034394
0.4916 0.7882034563769945
0.4924 0.8247192781275698
0.4932 0.8490376039495307
0.4940 0.8659605576470693
0.4948 0.8782765846564666
0.4956 0.8883236502710388
0.4964 0.8973027865272433
0.4972 0.905237548007003
0.4980 0.9114729326875501
0.4988 0.9156146416558127
0.4996 0.9179456088415938
0.5004 0.9182738618905614
0.5012 0.917369728133613
0.5020 0.9145619640015141
0.5028 0.9111417036680862
0.5036 0.9081880925513127
0.5044 0.9060718903097911
0.5052 0.9052446988209438
0.5060 0.9054368247654251
0.5068 0.9073860260834558
0.5076 0.9110287493448721
0.5084 0.9163377832808811
0.5092 0.9232081458822562
0.5100 0.931631016178321
0.5108 0.941432785181744
0.5116 0.9523158127592459
0.5124 0.9636493412294487
0.5132 0.9746142081759718
0.5140 0.9843841215862245
0.5148 0.9922247477826721
0.5156 0.9976882755532569
0.5164 0.9998071135620422
0.5172 1.0
0.5180 0.9966903023963313
0.5188 0.9918829281860718
0.5196 0.9861727630124919
0.5204 0.9801528749915441
0.5212 0.9739358031916162
0.5220 0.9669199826318867
0.5228 0.9563525014088942
0.5236 0.9385006882978858
0.5244 0.9067514693195945
0.5252 0.8501440818159006
0.5260 0.7550736513113269
0.5268 0.6291842111362486
0.5276 0.48874823825190444
0.5284 0.353119193533233
0.5292 0.24060957019398202
0.5300 0.16005139785715256
0.5308 0.10398713451597272
0.5316 0.06725518912025306
0.5324 0.04414775972989627
0.5332 0.029419368683116166
0.5340 0.019444419710290133
0.5348 0.013354339800462191
0.5356 0.009312615779060446
0.5364 0.006561459604587023
0.5372 0.004692040399476709
0.5380 0.0034551774110610843
0.5388 0.0027159972563693215
0.5396 0.0021956044026751223
0.5404 0.0017251148678452508
0.5412 0.0013334552557089925
0.5420 0.0011037007567399877
0.5428 0.0008548799175717803
0.5436 0.0007023002099613977
0.5444 0.0006128210934863125
0.5452 0.0005241673025472712
0.5460 0.0003596194784817266
0.5468 0.00030163317056421633
0.5476 0.00029184372524188675
0.5484 0.00028054013122767724
0.5492 0.0002445239794032891
0.5500 0.00017003963563917915
0.5508 0.00014935355224089612
0.5516 0.00011750592148264753
0.5524 0.00012028780847124844
0.5532 0.0001873185415640292
0.5540 0.0002945590777557673
0.5548 0.00032254115684410273
0.5556 0.00038775706356411954
0.5564 0.00039666255673914225
0.5572 0.0003296782601422552
0.5580 0.0002404641674336411
0.5588 0.00017161335652239327
0.5596 0.00015145320193454134
0.5604 0.00013240014462292927
0.5612 0.00011833383523522272
0.5620 0.00012203548330983267
0.5628 0.0001731180230662966
0.5636 0.00018042127131113399
0.5644 0.00015811438126190722
0.5652 0.00011728114116196362
0.5660 0.0001231099390991174
0.5668 7.361834361492377e-05
0.5676 4.042203962769526e-05
0.5684 4.8382614482337875e-05
0.5692 0.00011649965472547404
0.5700 0.0002007484857178461
# MTG-I1 FCI Band VIS0.6_HR
# -------------------
0.5650 0.0002464532466535346
0.5660 0.0002598321969447084
0.5670 0.00020671593340428502
0.5680 0.0001785440432642699
0.5690 0.0002620691130331973
0.5700 0.00039031797160571163
0.5710 0.00035009745280151287
0.5720 0.0002823706049488719
0.5730 0.00034666538084897005
0.5740 0.0003711602910463628
0.5750 0.0003379181008965031
0.5760 0.00029190266688581716
0.5770 0.00033490775038231017
0.5780 0.0003187745935845367
0.5790 0.00030237701241832705
0.5800 0.00024329386922361903
0.5810 0.0001917057717490223
0.5820 0.00022801540322440924
0.5830 0.0002456243051133796
0.5840 0.00020371677401899552
0.5850 0.00015841280197148626
0.5860 0.0002642387789978969
0.5870 0.0002074543793322186
0.5880 0.00017642371848934643
0.5890 0.00025736865783970345
0.5900 0.00028885383035459535
0.5910 0.0003052527374573257
0.5920 0.0003856411214995808
0.5930 0.0004577529491407796
0.5940 0.00045564474398023707
0.5950 0.0004742109744031426
0.5960 0.0005805103657240961
0.5970 0.0007115292133837395
0.5980 0.0007937411222370275
0.5990 0.0007972412925348328
0.6000 0.0009557612551213528
0.6010 0.0011729584215137698
0.6020 0.0015972681316633148
0.6030 0.0023734109991349057
0.6040 0.0037966975877976074
0.6050 0.006728305930304962
0.6060 0.01309657864522595
0.6070 0.02681284725443204
0.6080 0.057866363101702505
0.6090 0.12905883788855585
0.6100 0.2831186080861121
0.6110 0.523232913606484
0.6120 0.7573260273050194
0.6130 0.8893828801259357
0.6140 0.9358639484086625
0.6150 0.9531015896771603
0.6160 0.9626960216652538
0.6170 0.968641442801189
0.6180 0.9700379010906645
0.6190 0.9672439813517721
0.6200 0.9621425141986039
0.6210 0.9576360709654478
0.6220 0.9541511145568936
0.6230 0.9517013526777296
0.6240 0.9491037614997097
0.6250 0.9459947566370056
0.6260 0.9422925181807511
0.6270 0.938181101496639
0.6280 0.9343808112419616
0.6290 0.9318453146342623
0.6300 0.9316415897447419
0.6310 0.93424289620323
0.6320 0.9394205638259946
0.6330 0.946944371530452
0.6340 0.9557381150890519
0.6350 0.9651421406935417
0.6360 0.9745563138877206
0.6370 0.9827418485645579
0.6380 0.9897621609705961
0.6390 0.9952830469965346
0.6400 0.9988851042726186
0.6410 1.0
0.6420 0.9982212394671178
0.6430 0.9935433507268426
0.6440 0.9854493928788932
0.6450 0.9740227813797455
0.6460 0.9598884551957537
0.6470 0.9429650796761314
0.6480 0.9247419662373939
0.6490 0.9070630185647176
0.6500 0.8897633639260644
0.6510 0.8727700942172163
0.6520 0.8574040361106834
0.6530 0.843243738232844
0.6540 0.8302994784336317
0.6550 0.8188544460064678
0.6560 0.8105479198441079
0.6570 0.8075845384460232
0.6580 0.8119418159526545
0.6590 0.8253120267087717
0.6600 0.8430187010078315
0.6610 0.8484335084753526
0.6620 0.8098444852699866
0.6630 0.6923927570233908
0.6640 0.5065036650909195
0.6650 0.3202397662005415
0.6660 0.19155172815905658
0.6670 0.11311504196304813
0.6680 0.06605254557495835
0.6690 0.03889335511292395
0.6700 0.023996108896636194
0.6710 0.015260526116346285
0.6720 0.009827664312294152
0.6730 0.006421049813311264
0.6740 0.00444091008130414
0.6750 0.003204352781748702
0.6760 0.0024539599812495026
0.6770 0.0019309013989290411
0.6780 0.0015830280539902522
0.6790 0.001391206174121515
0.6800 0.001086187614590103
0.6810 0.0009028022781715251
0.6820 0.0008251118146536709
0.6830 0.0006044004948712059
0.6840 0.0004937027046156486
0.6850 0.000397799629683005
0.6860 0.00026148386366268685
0.6870 0.0003157283646272076
0.6880 0.0004469986063098969
0.6890 0.00026124945683874144
0.6900 0.00012664473872639625
0.6910 0.000143187741857689
0.6920 0.00010728578613975555
0.6930 0.0001277317802892196
0.6940 0.00015736960816284542
0.6950 0.00016042832331033532
0.6960 8.040817829906241e-05
0.6970 1.2038446844461397e-05
0.6980 1.7239002026191547e-05
0.6990 1.808426474758195e-05
0.7000 2.4812813889780863e-05
0.7010 1.0738843211232458e-08
0.7020 1.995245615487267e-08
0.7030 9.828544875442718e-35
0.7040 3.854455473132844e-09
0.7050 7.213089353302277e-09
0.7060 2.0314645889887676e-08
0.7070 5.652554057593254e-08
0.7080 1.4235607246013224e-05
0.7090 3.513424966015446e-05
0.7100 1.3089769282600007e-05
0.7110 7.857547969825156e-07
0.7120 3.838410318376825e-09
0.7130 1.1188081712726774e-33
0.7140 4.426168530663269e-08
0.7150 8.42498759974446e-08
# MTG-I1 FCI Band VIS0.8
# -------------------
0.7900 1.0108890549534555e-06
0.7910 6.369982438985673e-07
0.7920 7.543937876109661e-06
0.7930 5.29920558813757e-06
0.7940 6.973156670463859e-08
0.7950 2.0364464711634954e-06
0.7960 0.0
0.7970 7.266872418265348e-08
0.7980 4.605990213147722e-07
0.7990 3.552932858325424e-07
0.8000 1.2966938125158672e-06
0.8010 0.0
0.8020 7.929773350388549e-07
0.8030 1.0979103646646896e-05
0.8040 3.704783986764511e-05
0.8050 3.9875709332264625e-05
0.8060 4.0956922264514696e-05
0.8070 6.853869591316686e-05
0.8080 2.6542668814846212e-05
0.8090 9.621747816392869e-05
0.8100 0.00012906941119899057
0.8110 9.300216141063669e-05
0.8120 0.0003084609042137435
0.8130 0.00035615251925125597
0.8140 0.0004503469759144094
0.8150 0.000532085656210119
0.8160 0.0007171057731706791
0.8170 0.0009102593371861283
0.8180 0.0010877357480534328
0.8190 0.0015073771626085493
0.8200 0.0019956413434060855
0.8210 0.0025780913492571937
0.8220 0.003316785017182913
0.8230 0.004290553228209675
0.8240 0.005515458101750226
0.8250 0.007208942564637935
0.8260 0.009728449663624796
0.8270 0.013645709698758775
0.8280 0.019257316298625066
0.8290 0.027145022833243708
0.8300 0.040002058003838346
0.8310 0.05961405682966311
0.8320 0.0876711892389718
0.8330 0.13443765821274337
0.8340 0.2063752780020424
0.8350 0.3066155659345563
0.8360 0.4338340354361588
0.8370 0.586770788373659
0.8380 0.7250923560825585
0.8390 0.8253844084172005
0.8400 0.8940417355954672
0.8410 0.9223164819764822
0.8420 0.931249013056977
0.8430 0.9334097527269805
0.8440 0.9350212776313941
0.8450 0.9394869817829482
0.8460 0.9468322011530655
0.8470 0.9570639530578466
0.8480 0.9676926873758022
0.8490 0.9781037372732174
0.8500 0.9873561147350921
0.8510 0.9943980346079132
0.8520 0.9984746016016837
0.8530 1.0
0.8540 0.9989289662247814
0.8550 0.9954466508278363
0.8560 0.9899588846807968
0.8570 0.9821590824671692
0.8580 0.9734949732072883
0.8590 0.9637109267936018
0.8600 0.9521868672988425
0.8610 0.94007563471066
0.8620 0.927568359693766
0.8630 0.9137919898790887
0.8640 0.9001070359108143
0.8650 0.8862045183245184
0.8660 0.8716769894838883
0.8670 0.8577698460933144
0.8680 0.8444495613868336
0.8690 0.8310976238005691
0.8700 0.8188564914542863
0.8710 0.8078683269136411
0.8720 0.7974624576664736
0.8730 0.7881265138002426
0.8740 0.7805626503318306
0.8750 0.7733304410354286
0.8760 0.7668414336718544
0.8770 0.7609907122235028
0.8780 0.7542280937109379
0.8790 0.7465205882027887
0.8800 0.7351973294979338
0.8810 0.7172965678307825
0.8820 0.689814073563329
0.8830 0.6507197766419662
0.8840 0.593448050301876
0.8850 0.5229409528697289
0.8860 0.44200654088618424
0.8870 0.3575816881114466
0.8880 0.2821898425174752
0.8890 0.2155693374404138
0.8900 0.15778743842585646
0.8910 0.11694998904174296
0.8920 0.08539272013950475
0.8930 0.06149915181660694
0.8940 0.04556648926433373
0.8950 0.03280373545474192
0.8960 0.024183180836978187
0.8970 0.018223708194615162
0.8980 0.013165243942029522
0.8990 0.007715554857226526
0.9000 0.005661266059526481
0.9010 0.0029361293706501334
0.9020 0.0011253277999791146
0.9030 0.00044242946347947554
0.9040 0.0
0.9050 0.0
0.9060 0.0
0.9070 0.0
0.9080 0.0
0.9090 0.0
0.9100 0.0
0.9110 0.0
0.9120 0.0
0.9130 0.0
0.9140 0.0
0.9150 0.0
0.9160 0.0
0.9170 0.0
0.9180 0.0
0.9190 0.0
0.9200 0.0
0.9210 0.0
0.9220 0.0
0.9230 0.0
0.9240 0.0
0.9250 0.0
0.9260 0.0
0.9270 5.738675848726436e-05
0.9280 0.0002739040517224078
0.9290 0.00019060650118618333
0.9300 0.00016625438994567697
0.9310 5.7850412610849686e-06
0.9320 0.0002516223045516759
0.9330 9.269897049367247e-05
0.9340 0.0007651596104069644
0.9350 0.0008279383689291074
0.9360 0.000230835173726455
0.9370 0.00026607262754015933
0.9380 0.0005860803373929089
0.9390 0.0006349865458353924
0.9400 0.0
# MTG-I1 FCI Band VIS0.9
# -------------------
0.8840 0.002046989001080842
0.8844 0.002247781675040083
0.8848 0.0023791316420389954
0.8852 0.0025287008631911146
0.8856 0.002679387778412044
0.8860 0.002851861795242961
0.8864 0.0030741601331882836
0.8868 0.0033342211160809466
0.8872 0.0036085318790988453
0.8876 0.003902702069355827
0.8880 0.004227150469862002
0.8884 0.004588007349601767
0.8888 0.004991687705165672
0.8892 0.005451392312771452
0.8896 0.005983875533289655
0.8900 0.0065596874801976445
0.8904 0.007151789961187709
0.8908 0.007799027550685229
0.8912 0.008564137179737582
0.8916 0.00947568649523472
0.8920 0.010518474425989155
0.8924 0.011731522587878745
0.8928 0.013112002329236334
0.8932 0.0145782986861995
0.8936 0.016139212590550938
0.8940 0.01795676836845416
0.8944 0.02022209315797766
0.8948 0.022904561978579686
0.8952 0.025879460882636103
0.8956 0.029251067266684406
0.8960 0.03304142789437202
0.8964 0.03721747132291321
0.8968 0.04202869213575039
0.8972 0.048071544939343465
0.8976 0.055969529627857714
0.8980 0.06410750394770494
0.8984 0.07103404793212184
0.8988 0.07833068605398259
0.8992 0.08880455026624405
0.8996 0.10417283803344161
0.9000 0.1225725136633082
0.9004 0.14399005930332032
0.9008 0.16935127355427199
0.9012 0.19822508907556613
0.9016 0.2319371889014187
0.9020 0.26977285375507315
0.9024 0.311926641138064
0.9028 0.35932867538888086
0.9032 0.4129557307623105
0.9036 0.47524961806980925
0.9040 0.5384852202689417
0.9044 0.5989656700482469
0.9048 0.6588354857776271
0.9052 0.7186800745775314
0.9056 0.7798464769125532
0.9060 0.8333560998205201
0.9064 0.8775580449925917
0.9068 0.9148304653964509
0.9072 0.9422254936497808
0.9076 0.9640784919483769
0.9080 0.9793947724366779
0.9084 0.9902522707305145
0.9088 0.9977670129553424
0.9092 0.9994326181394227
0.9096 0.999853433394116
0.9100 1.0
0.9104 0.9984603035408935
0.9108 0.9951298688742947
0.9112 0.9915845808021683
0.9116 0.9872335459671143
0.9120 0.9826782366945478
0.9124 0.9784247774777844
0.9128 0.9740347297516203
0.9132 0.969001497329686
0.9136 0.9632036408513615
0.9140 0.9571949509357564
0.9144 0.9512210823042985
0.9148 0.9451347409493646
0.9152 0.9389822222940744
0.9156 0.9328069116185784
0.9160 0.9262660117659804
0.9164 0.9191197186405676
0.9168 0.9114876170516396
0.9172 0.9035553202954246
0.9176 0.8953564269358691
0.9180 0.886226626082239
0.9184 0.8758806510358851
0.9188 0.8639525682417762
0.9192 0.8494358615319796
0.9196 0.8313251727606336
0.9200 0.810509831191221
0.9204 0.7874093801658282
0.9208 0.7604587419481176
0.9212 0.7269751614198297
0.9216 0.6837707750081735
0.9220 0.6374228581453945
0.9224 0.5906842249752637
0.9228 0.542158023165201
0.9232 0.4930309450723097
0.9236 0.44279408037881385
0.9240 0.3933406377869013
0.9244 0.34409161433961216
0.9248 0.296953319248503
0.9252 0.2571343927170437
0.9256 0.22278452095744697
0.9260 0.19177633028185226
0.9264 0.16234207441411047
0.9268 0.13587460264700033
0.9272 0.11491967132379234
0.9276 0.0977089323647901
0.9280 0.08325704518558506
0.9284 0.07092753091391646
0.9288 0.06034584066445515
0.9292 0.05127465840153
0.9296 0.04329782943164308
0.9300 0.03671535496909667
0.9304 0.03148841152110579
0.9308 0.027103231022959313
0.9312 0.02324781698013742
0.9316 0.01979733766183058
0.9320 0.016927831912563637
0.9324 0.014605281703767745
0.9328 0.012663974119577275
0.9332 0.011096831031974527
0.9336 0.009811096928783668
0.9340 0.008677272474108863
0.9344 0.007614922746787199
0.9348 0.006661641688089122
0.9352 0.0058555302481236434
0.9356 0.00515748799483094
0.9360 0.004557504435498403
0.9364 0.004031830016317795
0.9368 0.0035796532501582994
0.9372 0.0032286300903051628
0.9376 0.002949231458198072
0.9380 0.002703778981563
0.9384 0.0024781781433372814
0.9388 0.0022721561849099467
0.9392 0.0020731575707557673
0.9396 0.0018810011931842435
0.9400 0.0017031664190713498
0.9404 0.001538215356825483
0.9408 0.001387954704241247
0.9412 0.0012615568339597674
0.9416 0.0011510111003761316
0.9420 0.0010616746961163697
0.9424 0.0009997437312473103
0.9428 0.0009457418293334988
0.9432 0.0008737753542242283
0.9436 0.0007836924566147757
0.9440 0.0006606216541956976
# MTG-I1 FCI Band NIR1.3
# -------------------
1.3350 0.002733299052524766
1.3356 0.0027981916100107895
1.3362 0.0028473379865754374
1.3368 0.0029068407590781106
1.3374 0.002968393706597839
1.3380 0.0030400384588875214
1.3386 0.003161830445704291
1.3392 0.003286731478928966
1.3398 0.003393876035881399
1.3404 0.003462857976691249
1.3410 0.0035267154081445643
1.3416 0.0037102329678853387
1.3422 0.003906892544152853
1.3428 0.004058906973306996
1.3434 0.004305234076004334
1.3440 0.004637216008320789
1.3446 0.004937154079705284
1.3452 0.005294315070909641
1.3458 0.005761920144900559
1.3464 0.006301251632960596
1.3470 0.006919505001982641
1.3476 0.007599492725969034
1.3482 0.00838761506406289
1.3488 0.009324277804243665
1.3494 0.010508765182981158
1.3500 0.011960934981415147
1.3506 0.013576647003912581
1.3512 0.015537781015965715
1.3518 0.018015398494751176
1.3524 0.02090208451718913
1.3530 0.024361001510978836
1.3536 0.028737604452564906
1.3542 0.0339963156260153
1.3548 0.04026527699359124
1.3554 0.0479891092912403
1.3560 0.05755808680323369
1.3566 0.06941740078716842
1.3572 0.0838727912017327
1.3578 0.10157087762573391
1.3584 0.12283876438382556
1.3590 0.1484416686294239
1.3596 0.1791751261037051
1.3602 0.21465157280216074
1.3608 0.25513796669591876
1.3614 0.3012331839815607
1.3620 0.3525785296406937
1.3626 0.40697016959238025
1.3632 0.4636585488646115
1.3638 0.5221094738627804
1.3644 0.5802176770875357
1.3650 0.6376697860283399
1.3656 0.6943128782670461
1.3662 0.7473437851802744
1.3668 0.7959619833120251
1.3674 0.8379417919305492
1.3680 0.874110491109141
1.3686 0.9048695209048457
1.3692 0.9303696752679619
1.3698 0.9516153917923021
1.3704 0.9639692546876121
1.3710 0.9718194108054644
1.3716 0.977337196450868
1.3722 0.9809731899444564
1.3728 0.9833649601007074
1.3734 0.9849229330013791
1.3740 0.9861615129914304
1.3746 0.9880786351297977
1.3752 0.9885424635749872
1.3758 0.986828118924998
1.3764 0.9867187314591225
1.3770 0.9872385753546661
1.3776 0.9905151426449115
1.3782 0.9919205542699973
1.3788 0.9903381059191928
1.3794 0.9906380954848478
1.3800 0.9921300448676772
1.3806 0.9933968403903245
1.3812 0.9946612875247841
1.3818 0.9959369133161734
1.3824 0.9960424885734654
1.3830 0.9959984870174611
1.3836 0.9986959648980822
1.3842 1.0
1.3848 0.9984443274237285
1.3854 0.9972078331048527
1.3860 0.9957247579999011
1.3866 0.9873779050386907
1.3872 0.9739724355456494
1.3878 0.9563708860465631
1.3884 0.935916369077028
1.3890 0.9109465954578865
1.3896 0.876648009438327
1.3902 0.8368238016958667
1.3908 0.7931110191543376
1.3914 0.7427411294707336
1.3920 0.686722598486833
1.3926 0.6294730232892094
1.3932 0.569917859493942
1.3938 0.5078703143292681
1.3944 0.4467073392972755
1.3950 0.38736635880852044
1.3956 0.331569862035034
1.3962 0.2808823968973187
1.3968 0.23556198627450392
1.3974 0.1962511925784647
1.3980 0.16240975607010394
1.3986 0.13422715259345613
1.3992 0.1106185752254092
1.3998 0.09069824392037275
1.4004 0.07495712991248962
1.4010 0.06226430587390169
1.4016 0.05184517374763463
1.4022 0.0433653379231897
1.4028 0.03642416947124876
1.4034 0.03081090425860911
1.4040 0.026190740958052548
1.4046 0.022311372847207498
1.4052 0.01913458779850284
1.4058 0.01654136304252738
1.4064 0.014359513869841125
1.4070 0.012515716737312372
1.4076 0.01097627654553938
1.4082 0.009667389602829257
1.4088 0.008539082970123289
1.4094 0.007612496698959247
1.4100 0.006838957752476173
1.4106 0.006188089737813561
1.4112 0.005615485132006577
1.4118 0.005098519781214214
1.4124 0.004658652425031585
1.4130 0.004283750505938899
1.4136 0.0039725061147317655
1.4142 0.003696475528045411
1.4148 0.003444200967374744
1.4154 0.0032112147876633677
1.4160 0.003009262111561492
1.4166 0.0028686530616034082
1.4172 0.0027361153769230443
1.4178 0.0025953140267098687
1.4184 0.0025020468799494358
1.4190 0.0024287415160795965
1.4196 0.0023369468780843903
1.4202 0.002262852057195731
1.4208 0.0022116011221035045
1.4214 0.0021787907965177687
1.4220 0.0021499074078261686
1.4226 0.002083617480007519
1.4232 0.002029619030254445
1.4238 0.0020032925116571366
1.4244 0.0012716022380348164
1.4250 0.0
# MTG-I1 FCI Band NIR1.6
# -------------------
1.5350 0.004462015769469945
1.5360 0.004428415761313786
1.5370 0.00437308507287717
1.5380 0.004336828479268833
1.5390 0.004325169323606832
1.5400 0.004251174493803056
1.5410 0.0042075084249660055
1.5420 0.004204388203180276
1.5430 0.004186990864191801
1.5440 0.0041514857952409615
1.5450 0.00408538284363246
1.5460 0.0040797034631049256
1.5470 0.004062712847464408
1.5480 0.004065437573348347
1.5490 0.004082033878741501
1.5500 0.004009786629654893
1.5510 0.004027317058731266
1.5520 0.004030412799534414
1.5530 0.004065613424949241
1.5540 0.004091279162887653
1.5550 0.004159029311872836
1.5560 0.004172686165040157
1.5570 0.00426871436632678
1.5580 0.004332513207924606
1.5590 0.00450455871740263
1.5600 0.004716636619675041
1.5610 0.004938545899828316
1.5620 0.005198039486498918
1.5630 0.005595108928035345
1.5640 0.006115314920505767
1.5650 0.006756580662457822
1.5660 0.007571295284235892
1.5670 0.00858420444663004
1.5680 0.009796452365196944
1.5690 0.011360581256302862
1.5700 0.013427436138022228
1.5710 0.016139256911807853
1.5720 0.019494524542825943
1.5730 0.02384633645109433
1.5740 0.029534068386482825
1.5750 0.036994741329475146
1.5760 0.046744500152904836
1.5770 0.05957138910502685
1.5780 0.07657214806986958
1.5790 0.09891534591829172
1.5800 0.12782604067488987
1.5810 0.16463688139699367
1.5820 0.21028676915094688
1.5830 0.2651495261365666
1.5840 0.3291338810921854
1.5850 0.3999482046265254
1.5860 0.4759975536583741
1.5870 0.5537305071151372
1.5880 0.6305177868259794
1.5890 0.7028023603380777
1.5900 0.767726294299743
1.5910 0.8238278880683374
1.5920 0.8680707298642094
1.5930 0.9003854554653774
1.5940 0.9225981566477995
1.5950 0.9364555692679829
1.5960 0.9463529413560601
1.5970 0.9511969609987717
1.5980 0.9530534774694452
1.5990 0.9541241346505575
1.6000 0.9567347747793045
1.6010 0.9575399366624341
1.6020 0.9589783022649664
1.6030 0.9613368743971262
1.6040 0.9639106180503699
1.6050 0.967082815292004
1.6060 0.970230507097911
1.6070 0.9718229039050278
1.6080 0.9731119680078854
1.6090 0.9754357687082239
1.6100 0.9776800424765503
1.6110 0.9800515657429115
1.6120 0.9813342970672088
1.6130 0.983135094103458
1.6140 0.9857736312191527
1.6150 0.987778645848463
1.6160 0.9900675697475885
1.6170 0.991287647581367
1.6180 0.9934532147686862
1.6190 0.9947359760807127
1.6200 0.9964047157951166
1.6210 0.998239218252089
1.6220 0.9999687527470354
1.6230 1.0
1.6240 0.9986122898227938
1.6250 0.9975091623160985
1.6260 0.9932223792632732
1.6270 0.9849181891179123
1.6280 0.9714625804928951
1.6290 0.9521133117543672
1.6300 0.9262424510670237
1.6310 0.8915902823939349
1.6320 0.8473360093550373
1.6330 0.7957803678217
1.6340 0.735322116018696
1.6350 0.6672178003984283
1.6360 0.5962861068184687
1.6370 0.5216285544413384
1.6380 0.44800852415772824
1.6390 0.3769323592399072
1.6400 0.31178489938905296
1.6410 0.2540506979269333
1.6420 0.20465744123588084
1.6430 0.1635948853736771
1.6440 0.13016290696837632
1.6450 0.10328647882442252
1.6460 0.08204837193111682
1.6470 0.06544246291365804
1.6480 0.052399657528999596
1.6490 0.04224843542540308
1.6500 0.03431426686427196
1.6510 0.027978623282188565
1.6520 0.022999300482686346
1.6530 0.019036426756296902
1.6540 0.01582997014147335
1.6550 0.013215831027554638
1.6560 0.011113407460291661
1.6570 0.009392893631161423
1.6580 0.00801801423914412
1.6590 0.006866013223019231
1.6600 0.005887518803847615
1.6610 0.005101497139744062
1.6620 0.004476002188989365
1.6630 0.003946963950104195
1.6640 0.0034544359409784953
1.6650 0.003056979409518759
1.6660 0.0027145320303939113
1.6670 0.002416950089885742
1.6680 0.0021855038705535547
1.6690 0.001979005510134068
1.6700 0.0017802015211880187
1.6710 0.0016226141674874504
1.6720 0.0015018664993614757
1.6730 0.001373861532980469
1.6740 0.001279442601885394
1.6750 0.0012111302429060528
1.6760 0.0010998378839573233
1.6770 0.00104237381547332
1.6780 0.0009909987016982977
1.6790 0.0008982273865855772
1.6800 0.0008676628725189632
1.6810 0.0008213158439859165
1.6820 0.0007969380876798611
1.6830 0.0007481603105898295
1.6840 0.0007190371905125734
1.6850 0.0006993188772911711
# MTG-I1 FCI Band NIR2.2_HR
# -------------------
2.1750 0.0021320384816076723
2.1760 0.0020640192746287605
2.1770 0.0020036979651173463
2.1780 0.0019788854739807545
2.1790 0.001981924550302692
2.1800 0.001972778948735384
2.1810 0.001962448675133147
2.1820 0.0019298870624334405
2.1830 0.001905415295812451
2.1840 0.0019284813726291336
2.1850 0.0019890259548554197
2.1860 0.002057427237276866
2.1870 0.0021504980218806985
2.1880 0.0022246463537167484
2.1890 0.002239740529347807
2.1900 0.0022800242315639536
2.1910 0.0023783501374443692
2.1920 0.0024480156199762136
2.1930 0.002503885833386586
2.1940 0.0026439170382754136
2.1950 0.0028107101706367154
2.1960 0.00294794389877941
2.1970 0.0030787934643722002
2.1980 0.0032757062730464043
2.1990 0.0035683724182005326
2.2000 0.00393799663965133
2.2010 0.004399913438803705
2.2020 0.004963275951148904
2.2030 0.005596447553683747
2.2040 0.006269334379494521
2.2050 0.007041677516503286
2.2060 0.007946521991591836
2.2070 0.009012734229946867
2.2080 0.01022408697690273
2.2090 0.011631685717450954
2.2100 0.013333153699403971
2.2110 0.015368461963621677
2.2120 0.017744868400097865
2.2130 0.020538897210210877
2.2140 0.0239675650293149
2.2150 0.028265140661831712
2.2160 0.033659349530619546
2.2170 0.04025629677792576
2.2180 0.04836953645443063
2.2190 0.05852768087641013
2.2200 0.07112229799011782
2.2210 0.08669021732759974
2.2220 0.10580718448756458
2.2230 0.12894221146526716
2.2240 0.15719591414430528
2.2250 0.19145750241548454
2.2260 0.231271689429132
2.2270 0.2772891615555687
2.2280 0.33012039834669604
2.2290 0.388742396744478
2.2300 0.4532805891577989
2.2310 0.5202254660478823
2.2320 0.5866795353268864
2.2330 0.6532247309227727
2.2340 0.7181498216887873
2.2350 0.7798135998682285
2.2360 0.8344047034349881
2.2370 0.8802899687301112
2.2380 0.9181108098641733
2.2390 0.9466395514337511
2.2400 0.9654094227745376
2.2410 0.9789826409941199
2.2420 0.990015304308555
2.2430 0.9956356606800268
2.2440 0.9982868306251509
2.2450 1.0
2.2460 0.9988848552939648
2.2470 0.9955144375767712
2.2480 0.9938937889228886
2.2490 0.9928136366548432
2.2500 0.9893770909222731
2.2510 0.9856024584455562
2.2520 0.984832251157688
2.2530 0.9846713851828943
2.2540 0.9832622381810717
2.2550 0.9763199144712316
2.2560 0.9691809972615604
2.2570 0.9655041889351457
2.2580 0.9617441029790994
2.2590 0.9567668501531579
2.2600 0.9508013327782262
2.2610 0.9471320764593711
2.2620 0.947853475671152
2.2630 0.950709917857463
2.2640 0.9520068536118618
2.2650 0.95305680378499
2.2660 0.9579081190582724
2.2670 0.9628111887020043
2.2680 0.9671980145626115
2.2690 0.9712292258412119
2.2700 0.9725948934934651
2.2710 0.9691177501200194
2.2720 0.9575451109410151
2.2730 0.9365365602026118
2.2740 0.9074046429312083
2.2750 0.8667763636495398
2.2760 0.8173602330449317
2.2770 0.7623474235330193
2.2780 0.7007430961654691
2.2790 0.6316952818550025
2.2800 0.5590276357160363
2.2810 0.48731141524463967
2.2820 0.41726501268771415
2.2830 0.35041639998383917
2.2840 0.2914079918648553
2.2850 0.2411724062174158
2.2860 0.19757970960475185
2.2870 0.16099538560393137
2.2880 0.13167408606054917
2.2890 0.10781966003275299
2.2900 0.08828842973626864
2.2910 0.07269683507045162
2.2920 0.06018678971697
2.2930 0.05000877438132305
2.2940 0.04163669699556894
2.2950 0.034879880026951075
2.2960 0.02954044687373514
2.2970 0.02530132629044483
2.2980 0.021791690549570916
2.2990 0.018801000667081146
2.3000 0.016332435968012378
2.3010 0.01433413103058008
2.3020 0.01264123803573249
2.3030 0.011193568464171588
2.3040 0.009972992742450318
2.3050 0.008908855812625675
2.3060 0.007937797434978923
2.3070 0.007059612150033832
2.3080 0.006299246192708709
2.3090 0.005652821778099335
2.3100 0.005073414071183149
2.3110 0.00453391110616706
2.3120 0.004010304813447648
2.3130 0.0035541726001022543
2.3140 0.0031888732572270912
2.3150 0.0028882208363907973
2.3160 0.0026273421684386475
2.3170 0.002426111943224627
2.3180 0.002252222462960329
2.3190 0.0020900989936222226
2.3200 0.0019354468496953514
2.3210 0.0017923121422702352
2.3220 0.0016818432178814166
2.3230 0.0015962082302430588
2.3240 0.001502749061921716
2.3250 0.001408338528898621
