# NOAA19 AVHRR RSR
# QV 2024-11-18 from 0.0_NOAA_KLM_Users_Guide.pdf
# Table D.6-8, negatives replaced by zeros
#
# NOAA19_AVHRR Band 1
# ------------------
0.430	0.00000
0.432	0.00924
0.434	0.00607
0.436	0.00275
0.438	0.00329
0.440	0.00000
0.442	0.00599
0.444	0.00000
0.446	0.00000
0.448	0.00030
0.450	0.00000
0.452	0.00303
0.454	0.00000
0.456	0.00277
0.458	0.00517
0.460	0.00625
0.462	0.00625
0.464	0.00394
0.466	0.00000
0.468	0.00000
0.470	0.00000
0.472	0.00183
0.474	0.00065
0.476	0.00000
0.478	0.00000
0.480	0.00432
0.482	0.00000
0.484	0.00116
0.486	0.00078
0.488	0.00184
0.490	0.00000
0.492	0.00118
0.494	0.00087
0.496	0.00025
0.498	0.00000
0.500	0.00006
0.502	0.00000
0.504	0.00029
0.506	0.00220
0.508	0.00000
0.510	0.00030
0.512	0.00000
0.514	0.00027
0.516	0.00029
0.518	0.00055
0.520	0.00012
0.522	0.00054
0.524	0.00000
0.526	0.00041
0.528	0.00071
0.530	0.00000
0.532	0.00075
0.534	0.00000
0.536	0.00016
0.538	0.00000
0.540	0.00000
0.542	0.00008
0.544	0.00000
0.546	0.00024
0.548	0.00041
0.550	0.00000
0.552	0.00000
0.554	0.00000
0.556	0.00000
0.558	0.00000
0.560	0.00066
0.562	0.00000
0.564	0.00000
0.566	0.00000
0.568	0.00054
0.570	0.00000
0.572	0.00000
0.574	0.00022
0.576	0.00148
0.578	0.00398
0.580	0.01388
0.582	0.04285
0.584	0.12288
0.586	0.28621
0.588	0.45575
0.590	0.51453
0.592	0.51965
0.594	0.53681
0.596	0.57012
0.598	0.60850
0.600	0.64139
0.602	0.66934
0.604	0.68482
0.606	0.69256
0.608	0.70133
0.610	0.71354
0.612	0.72765
0.614	0.74481
0.616	0.76429
0.618	0.78278
0.620	0.80269
0.622	0.81636
0.624	0.82512
0.626	0.82641
0.628	0.82204
0.630	0.81813
0.632	0.81621
0.634	0.81921
0.636	0.83074
0.638	0.86522
0.640	0.87247
0.642	0.89990
0.644	0.93020
0.646	0.95450
0.648	0.97145
0.650	0.98451
0.652	0.99220
0.654	0.99734
0.656	1.00000
0.658	0.99658
0.660	0.98962
0.662	0.97593
0.664	0.95595
0.666	0.93995
0.668	0.93151
0.670	0.93820
0.672	0.95769
0.674	0.95948
0.676	0.87178
0.678	0.66531
0.680	0.42825
0.682	0.25001
0.684	0.13896
0.686	0.07636
0.688	0.04140
0.690	0.02280
0.692	0.01264
0.694	0.00671
0.696	0.00400
0.698	0.00209
0.700	0.00107
0.702	0.00075
0.704	0.00007
0.706	0.00054
0.708	0.00013
0.710	0.00011
0.712	0.00000
0.714	0.00049
0.716	0.00029
0.718	0.00000
0.720	0.00048
0.722	0.00027
0.724	0.00000
0.726	0.00014
0.728	0.00039
0.730	0.00000
0.732	0.00034
0.734	0.00000
0.736	0.00000
0.738	0.00003
0.740	0.00000
0.742	0.00001
0.744	0.00000
0.746	0.00000
0.748	0.00000
0.750	0.00000
0.752	0.00008
0.754	0.00000
0.756	0.00017
0.758	0.00016
0.760	0.00012
0.762	0.00031
0.764	0.00000
0.766	0.00034
0.768	0.00019
0.770	0.00000
0.772	0.00011
0.774	0.00000
0.776	0.00019
0.778	0.00005
0.780	0.00000
0.782	0.00002
0.784	0.00000
0.786	0.00043
0.788	0.00025
0.790	0.00118
0.792	0.00008
0.794	0.00078
0.796	0.00000
0.798	0.00000
0.800	0.00030
0.802	0.00012
0.804	0.00000
0.806	0.00059
0.808	0.00015
0.810	0.00000
0.812	0.00078
0.814	0.00000
0.816	0.00033
0.818	0.00000
0.820	0.00010
0.822	0.00037
0.824	0.00033
0.826	0.00000
0.828	0.00000
0.830	0.00000
# NOAA19_AVHRR Band 2
# ------------------
0.500	0.00000
0.504	0.00637
0.508	0.00293
0.512	0.00000
0.516	0.00435
0.520	0.00000
0.524	0.00000
0.528	0.00000
0.532	0.00247
0.536	0.00000
0.540	0.00000
0.544	0.00000
0.548	0.00282
0.552	0.00000
0.556	0.00000
0.560	0.00132
0.564	0.00244
0.568	0.00000
0.572	0.00000
0.576	0.00000
0.580	0.00000
0.584	0.00000
0.588	0.00103
0.592	0.00020
0.596	0.00187
0.600	0.00202
0.604	0.00039
0.608	0.00017
0.612	0.00000
0.616	0.00005
0.620	0.00000
0.624	0.00051
0.628	0.00063
0.632	0.00068
0.636	0.00018
0.640	0.00009
0.644	0.00000
0.648	0.00000
0.652	0.00009
0.656	0.00000
0.660	0.00047
0.664	0.00123
0.668	0.00000
0.672	0.00023
0.676	0.00066
0.680	0.00096
0.684	0.00029
0.688	0.00000
0.692	0.00000
0.692	0.00000
0.696	0.00002
0.700	0.00412
0.704	0.04988
0.708	0.16646
0.712	0.21896
0.716	0.22092
0.720	0.23091
0.724	0.26893
0.728	0.35781
0.732	0.57614
0.736	0.83174
0.740	0.86574
0.744	0.87314
0.748	0.90842
0.752	0.93928
0.756	0.95824
0.760	0.97731
0.764	0.98472
0.768	1.00000
0.772	0.99069
0.776	0.99136
0.780	0.98762
0.784	0.97624
0.788	0.98295
0.792	0.99059
0.796	0.99221
0.800	0.98953
0.804	0.97948
0.808	0.98666
0.812	0.98475
0.816	0.98296
0.820	0.97133
0.824	0.95878
0.828	0.95319
0.832	0.95154
0.836	0.94219
0.840	0.89081
0.844	0.91471
0.848	0.89603
0.852	0.87506
0.856	0.87178
0.860	0.86962
0.864	0.87270
0.868	0.87396
0.872	0.87461
0.876	0.86916
0.880	0.85654
0.884	0.84021
0.888	0.82235
0.892	0.80865
0.896	0.79412
0.900	0.77293
0.904	0.76644
0.908	0.75983
0.912	0.75791
0.916	0.75408
0.920	0.74768
0.924	0.73407
0.928	0.71713
0.932	0.69676
0.936	0.67667
0.940	0.65775
0.944	0.63547
0.948	0.61595
0.952	0.59274
0.956	0.56570
0.960	0.54043
0.964	0.51978
0.968	0.50162
0.972	0.48427
0.976	0.46435
0.980	0.43105
0.984	0.36929
0.988	0.27605
0.992	0.17687
0.996	0.10340
1.000	0.05806
1.004	0.03106
1.008	0.01713
1.012	0.00910
1.016	0.00509
1.020	0.00289
1.024	0.00179
1.028	0.00086
1.032	0.00030
1.036	0.00044
1.040	0.00000
1.044	0.00003
1.048	0.00006
1.052	0.00018
1.056	0.00000
1.060	0.00000
1.064	0.00001
1.068	0.00000
1.072	0.00022
# NOAA19_AVHRR Band 3a
# ------------------
1.490	0.00024
1.491	0.00000
1.492	0.00000
1.493	0.00000
1.494	0.00000
1.495	0.00011
1.496	0.00000
1.497	0.00055
1.498	0.00025
1.499	0.00000
1.500	0.00033
1.501	0.00000
1.502	0.00032
1.503	0.00040
1.505	0.00006
1.506	0.00000
1.507	0.00000
1.508	0.00000
1.509	0.00000
1.510	0.00000
1.511	0.00000
1.512	0.00025
1.513	0.00000
1.514	0.00024
1.516	0.00065
1.515	0.00000
1.517	0.00000
1.518	0.00000
1.519	0.00000
1.520	0.00000
1.521	0.00000
1.522	0.00027
1.523	0.00000
1.524	0.00000
1.525	0.00000
1.526	0.00026
1.527	0.00005
1.528	0.00000
1.529	0.00000
1.530	0.00000
1.531	0.00000
1.532	0.00039
1.533	0.00022
1.534	0.00000
1.535	0.00039
1.536	0.00007
1.537	0.00000
1.538	0.00000
1.539	0.00000
1.540	0.00000
1.541	0.00000
1.542	0.00000
1.543	0.00085
1.544	0.00000
1.545	0.00000
1.546	0.00000
1.547	0.00000
1.548	0.00000
1.549	0.00010
1.550	0.00046
1.551	0.00051
1.552	0.00026
1.553	0.00000
1.554	0.00000
1.555	0.00000
1.556	0.00047
1.557	0.00018
1.558	0.00043
1.559	0.00000
1.560	0.00000
1.561	0.00030
1.562	0.00060
1.563	0.00000
1.564	0.00000
1.565	0.00053
1.566	0.00084
1.567	0.00034
1.568	0.00138
1.569	0.00165
1.570	0.00230
1.571	0.00340
1.572	0.00462
1.573	0.00724
1.574	0.00946
1.575	0.01357
1.576	0.01946
1.577	0.02751
1.578	0.03658
1.579	0.05268
1.580	0.07339
1.581	0.09361
1.582	0.12570
1.583	0.17316
1.584	0.22347
1.585	0.29052
1.586	0.35618
1.587	0.44414
1.588	0.53144
1.589	0.62332
1.590	0.69553
1.591	0.78787
1.592	0.85588
1.593	0.88924
1.594	0.92640
1.595	0.94272
1.596	0.92135
1.597	0.98539
1.598	0.96125
1.599	0.96392
1.600	0.95103
1.601	0.92583
1.602	0.92063
1.603	0.96318
1.604	1.00000
1.605	0.94541
1.606	0.94715
1.607	0.91251
1.608	0.94454
1.609	0.92512
1.610	0.95262
1.611	0.92287
1.612	0.95803
1.613	0.90318
1.614	0.94496
1.615	0.88500
1.616	0.91539
1.617	0.91773
1.618	0.87004
1.619	0.92697
1.620	0.87580
1.621	0.80638
1.622	0.81260
1.623	0.81246
1.624	0.80479
1.625	0.81646
1.626	0.81218
1.627	0.81875
1.628	0.82461
1.629	0.79180
1.630	0.79113
1.631	0.73096
1.632	0.67012
1.633	0.58548
1.634	0.50800
1.635	0.39659
1.636	0.31241
1.637	0.24013
1.638	0.17304
1.639	0.13048
1.640	0.09003
1.641	0.06246
1.642	0.04610
1.643	0.03277
1.644	0.02427
1.645	0.01775
1.646	0.01258
1.647	0.00851
1.648	0.00673
1.649	0.00432
1.650	0.00320
1.651	0.00199
1.652	0.00149
1.653	0.00194
1.654	0.00081
1.655	0.00002
1.656	0.00000
1.657	0.00028
1.658	0.00000
1.659	0.00044
1.660	0.00038
1.661	0.00015
1.662	0.00040
1.663	0.00000
1.664	0.00015
1.665	0.00031
1.666	0.00007
1.667	0.00000
1.668	0.00000
1.669	0.00030
1.670	0.00060
1.670	0.00060
1.671	0.00068
1.672	0.00011
1.673	0.00000
1.674	0.00000
1.675	0.00019
1.676	0.00027
1.677	0.00000
1.678	0.00000
1.679	0.00043
1.680	0.00074
1.681	0.00000
1.682	0.00008
1.683	0.00008
1.684	0.00000
1.685	0.00000
1.686	0.00000
1.687	0.00000
1.688	0.00001
1.689	0.00000
1.690	0.00000
1.691	0.00058
1.692	0.00022
1.693	0.00000
1.694	0.00000
1.695	0.00000
1.696	0.00000
1.697	0.00000
1.698	0.00014
1.699	0.00000
1.700	0.00000
1.701	0.00007
1.702	0.00072
1.703	0.00000
1.704	0.00028
1.705	0.00063
1.706	0.00051
1.707	0.00019
1.708	0.00017
1.709	0.00015
1.710	0.00000
1.711	0.00000
1.712	0.00071
1.713	0.00000
1.714	0.00015
1.715	0.00083
1.716	0.00058
1.717	0.00004
1.718	0.00011
1.719	0.00000
1.720	0.00000
1.721	0.00000
1.722	0.00000
1.723	0.00034
1.724	0.00000
1.725	0.00043
1.726	0.00000
1.727	0.00032
1.728	0.00000
1.729	0.00051
1.730	0.00000
