# NOAA17 AVHRR RSR
# QV 2024-11-18 from 0.0_NOAA_KLM_Users_Guide.pdf
# Table D.3-8, negatives replaced by zeros
#
# NOAA17_AVHRR Band 1
# -------------------
0.430	0.00000
0.432	0.00000
0.434	0.00000
0.436	0.00000
0.438	0.00153
0.440	0.00000
0.442	0.00000
0.444	0.00015
0.446	0.00118
0.448	0.00155
0.450	0.00295
0.452	0.00089
0.454	0.00000
0.456	0.00317
0.458	0.00000
0.460	0.00038
0.462	0.00051
0.464	0.00000
0.466	0.00000
0.468	0.00013
0.470	0.00033
0.472	0.00458
0.474	0.00000
0.476	0.00000
0.478	0.00000
0.480	0.00000
0.482	0.00000
0.484	0.00006
0.486	0.00062
0.488	0.00000
0.490	0.00095
0.492	0.00036
0.494	0.00072
0.496	0.00000
0.498	0.00039
0.500	0.00024
0.502	0.00022
0.504	0.00000
0.506	0.00041
0.508	0.00039
0.510	0.00010
0.512	0.00012
0.514	0.00000
0.516	0.00000
0.518	0.00000
0.520	0.00030
0.522	0.00000
0.524	0.00016
0.526	0.00000
0.528	0.00014
0.530	0.00000
0.532	0.00020
0.534	0.00000
0.536	0.00000
0.538	0.00000
0.540	0.00000
0.542	0.00018
0.544	0.00009
0.546	0.00004
0.548	0.00012
0.550	0.00000
0.552	0.00010
0.554	0.00000
0.556	0.00021
0.558	0.00011
0.560	0.00002
0.562	0.00000
0.564	0.00042
0.566	0.00004
0.568	0.00060
0.570	0.00077
0.572	0.00075
0.574	0.00178
0.576	0.00392
0.578	0.00739
0.580	0.01722
0.582	0.04033
0.584	0.10020
0.586	0.22900
0.588	0.40910
0.590	0.53350
0.592	0.59080
0.594	0.63390
0.596	0.68460
0.598	0.73410
0.600	0.77750
0.602	0.81050
0.604	0.83200
0.606	0.84720
0.608	0.86010
0.610	0.87430
0.612	0.89480
0.614	0.91710
0.616	0.92980
0.618	0.93430
0.620	0.93480
0.622	0.93370
0.624	0.93400
0.626	0.93130
0.628	0.93570
0.630	0.93810
0.632	0.93970
0.634	0.94440
0.636	0.94650
0.638	0.95590
0.640	0.96520
0.642	0.97820
0.644	0.99270
0.646	0.99990
0.648	1.00000
0.650	0.99700
0.652	0.98150
0.654	0.96180
0.656	0.93660
0.658	0.91360
0.660	0.88650
0.662	0.86760
0.664	0.85180
0.666	0.83760
0.668	0.83110
0.670	0.83510
0.672	0.85120
0.674	0.86160
0.676	0.83100
0.678	0.70160
0.680	0.51000
0.682	0.33320
0.684	0.20620
0.686	0.12490
0.688	0.07321
0.690	0.04202
0.692	0.02417
0.694	0.01399
0.696	0.00816
0.698	0.00496
0.700	0.00292
0.702	0.00189
0.704	0.00110
0.706	0.00063
0.708	0.00031
0.710	0.00018
0.712	0.00000
0.714	0.00000
0.716	0.00008
0.718	0.00000
0.720	0.00014
0.722	0.00000
0.724	0.00000
0.726	0.00000
0.728	0.00021
0.730	0.00000
0.732	0.00000
0.734	0.00000
0.736	0.00000
0.738	0.00000
0.740	0.00007
0.742	0.00000
0.744	0.00004
0.746	0.00000
0.748	0.00000
0.750	0.00001
0.752	0.00000
0.754	0.00003
0.756	0.00000
0.758	0.00001
0.760	0.00000
0.762	0.00000
0.764	0.00002
0.766	0.00000
0.768	0.00000
0.770	0.00042
0.772	0.00000
0.774	0.00000
0.776	0.00003
0.778	0.00000
0.780	0.00000
0.782	0.00000
0.784	0.00007
0.786	0.00002
0.788	0.00001
0.790	0.00000
0.792	0.00024
0.794	0.00003
0.796	0.00000
0.798	0.00000
0.800	0.00000
0.802	0.00000
0.804	0.00000
0.806	0.00000
0.808	0.00000
0.810	0.00000
0.812	0.00000
0.814	0.00000
0.816	0.00000
0.818	0.00000
0.820	0.00000
0.822	0.00000
0.824	0.00017
0.826	0.00000
0.828	0.00000
0.830	0.00000
# NOAA17_AVHRR Band 2
# -------------------
0.500	0.00009
0.504	0.00027
0.508	0.00023
0.512	0.00015
0.516	0.00000
0.520	0.00004
0.524	0.00009
0.528	0.00000
0.532	0.00000
0.536	0.00000
0.540	0.00003
0.544	0.00000
0.548	0.00012
0.552	0.00008
0.556	0.00003
0.560	0.00000
0.564	0.00004
0.568	0.00000
0.572	0.00001
0.576	0.00001
0.580	0.00001
0.584	0.00000
0.588	0.00002
0.592	0.00000
0.596	0.00000
0.600	0.00000
0.604	0.00002
0.608	0.00001
0.612	0.00000
0.616	0.00000
0.620	0.00000
0.624	0.00000
0.628	0.00005
0.632	0.00000
0.636	0.00000
0.640	0.00002
0.644	0.00001
0.648	0.00002
0.652	0.00000
0.656	0.00000
0.660	0.00001
0.664	0.00000
0.668	0.00000
0.672	0.00001
0.676	0.00005
0.680	0.00004
0.684	0.00016
0.688	0.00022
0.692	0.00092
0.696	0.00354
0.700	0.01204
0.704	0.03384
0.708	0.07664
0.712	0.14440
0.716	0.20990
0.720	0.27310
0.724	0.33800
0.728	0.40760
0.732	0.47260
0.736	0.54040
0.740	0.62110
0.744	0.71010
0.748	0.78170
0.752	0.83550
0.756	0.89130
0.760	0.92280
0.764	0.93700
0.768	0.93500
0.772	0.93300
0.776	0.94680
0.780	0.96310
0.784	0.98140
0.788	0.99410
0.792	0.99710
0.796	0.98750
0.800	0.97730
0.804	0.97200
0.808	0.97760
0.812	0.98850
0.816	0.99700
0.820	0.99930
0.824	1.00000
0.828	0.99520
0.832	0.99220
0.836	0.99230
0.840	0.99210
0.844	0.99460
0.848	0.99140
0.852	0.98440
0.856	0.97640
0.860	0.96760
0.864	0.95210
0.868	0.93920
0.872	0.93210
0.876	0.92460
0.880	0.92330
0.884	0.91840
0.888	0.91640
0.892	0.90750
0.896	0.89520
0.900	0.88220
0.904	0.87530
0.908	0.86980
0.912	0.87110
0.916	0.87100
0.920	0.87160
0.924	0.86020
0.928	0.84430
0.932	0.82870
0.936	0.81900
0.940	0.80720
0.944	0.79060
0.948	0.77300
0.952	0.75450
0.956	0.73480
0.960	0.71560
0.964	0.70030
0.968	0.68940
0.972	0.66150
0.976	0.61750
0.980	0.56430
0.984	0.52600
0.988	0.49850
0.992	0.41470
0.996	0.22180
1.000	0.08212
1.004	0.03117
1.008	0.01420
1.012	0.00796
1.016	0.00545
1.020	0.00423
1.024	0.00354
1.028	0.00309
1.032	0.00270
1.036	0.00236
1.040	0.00206
1.044	0.00183
1.048	0.00155
1.052	0.00135
1.056	0.00113
1.060	0.00093
1.064	0.00078
1.068	0.00064
1.072	0.00051
# NOAA17_AVHRR Band 3a
# -------------------
1.490	0.00000
1.491	0.00000
1.492	0.00000
1.493	0.00001
1.494	0.00000
1.495	0.00010
1.496	0.00002
1.497	0.00000
1.498	0.00000
1.499	0.00005
1.500	0.00000
1.501	0.00000
1.502	0.00009
1.503	0.00000
1.504	0.00011
1.505	0.00010
1.506	0.00001
1.507	0.00000
1.508	0.00000
1.509	0.00006
1.510	0.00012
1.511	0.00000
1.512	0.00000
1.513	0.00010
1.514	0.00000
1.515	0.00002
1.516	0.00000
1.517	0.00013
1.518	0.00002
1.519	0.00000
1.520	0.00009
1.521	0.00019
1.522	0.00006
1.523	0.00000
1.524	0.00002
1.525	0.00008
1.526	0.00003
1.527	0.00011
1.528	0.00017
1.529	0.00001
1.530	0.00013
1.531	0.00006
1.532	0.00002
1.533	0.00007
1.534	0.00003
1.535	0.00014
1.536	0.00002
1.537	0.00007
1.538	0.00013
1.539	0.00004
1.540	0.00015
1.541	0.00023
1.542	0.00020
1.543	0.00019
1.544	0.00016
1.545	0.00021
1.546	0.00018
1.547	0.00014
1.548	0.00022
1.549	0.00019
1.550	0.00032
1.551	0.00043
1.552	0.00045
1.553	0.00063
1.554	0.00071
1.555	0.00076
1.556	0.00106
1.557	0.00130
1.558	0.00162
1.559	0.00217
1.560	0.00245
1.561	0.00334
1.562	0.00402
1.563	0.00546
1.564	0.00679
1.565	0.00847
1.566	0.01136
1.567	0.01459
1.568	0.01820
1.569	0.02427
1.570	0.03109
1.571	0.04140
1.572	0.05393
1.573	0.06994
1.574	0.09493
1.575	0.12360
1.576	0.16790
1.577	0.21860
1.578	0.29070
1.579	0.37170
1.580	0.45620
1.581	0.56790
1.582	0.66250
1.583	0.75750
1.584	0.83150
1.585	0.87470
1.586	0.92350
1.587	0.92770
1.588	0.94600
1.589	0.93980
1.590	0.93290
1.591	0.94250
1.592	0.92640
1.593	0.94430
1.594	0.94150
1.595	0.93990
1.596	0.94880
1.597	0.94550
1.598	0.95290
1.599	0.94250
1.600	0.96050
1.601	0.95940
1.602	0.95790
1.603	0.95340
1.604	0.95450
1.605	0.96740
1.606	0.94230
1.607	0.95300
1.608	0.93680
1.609	0.94420
1.610	0.93750
1.611	0.94120
1.612	0.93650
1.613	0.92480
1.614	0.93280
1.615	0.92670
1.616	0.93600
1.617	0.93030
1.618	0.95290
1.619	0.95260
1.620	0.95100
1.621	0.98080
1.622	0.98540
1.623	1.00000
1.624	0.99130
1.625	0.99890
1.626	0.95760
1.627	0.94300
1.628	0.87620
1.629	0.80740
1.630	0.72610
1.631	0.63960
1.632	0.54060
1.633	0.44120
1.634	0.37030
1.635	0.29270
1.636	0.23330
1.637	0.18140
1.638	0.14750
1.639	0.11290
1.640	0.08970
1.641	0.07033
1.642	0.05793
1.643	0.04561
1.644	0.03607
1.645	0.02956
1.646	0.02355
1.647	0.01970
1.648	0.01613
1.649	0.01363
1.650	0.01112
1.651	0.00941
1.652	0.00744
1.653	0.00652
1.654	0.00576
1.655	0.00509
1.656	0.00394
1.657	0.00323
1.658	0.00305
1.659	0.00258
1.660	0.00206
1.661	0.00202
1.662	0.00165
1.663	0.00158
1.664	0.00129
1.665	0.00117
1.666	0.00116
1.667	0.00081
1.668	0.00081
1.669	0.00092
1.670	0.00040
1.671	0.00045
1.672	0.00057
1.673	0.00049
1.674	0.00067
1.675	0.00053
1.676	0.00030
1.677	0.00016
1.678	0.00033
1.679	0.00035
1.680	0.00024
1.681	0.00016
1.682	0.00018
1.683	0.00002
1.684	0.00007
1.685	0.00011
1.686	0.00027
1.687	0.00014
1.688	0.00009
1.689	0.00018
1.690	0.00030
1.691	0.00020
1.692	0.00000
1.693	0.00022
1.694	0.00000
1.695	0.00023
1.696	0.00004
1.697	0.00013
1.698	0.00007
1.699	0.00000
1.700	0.00007
1.701	0.00021
1.702	0.00000
1.703	0.00007
1.704	0.00000
1.705	0.00000
1.706	0.00020
1.707	0.00002
1.708	0.00000
1.709	0.00003
1.710	0.00009
1.711	0.00000
1.712	0.00000
1.713	0.00000
1.714	0.00000
1.715	0.00016
1.716	0.00000
1.717	0.00000
1.718	0.00000
1.719	0.00000
1.720	0.00000
1.721	0.00000
1.722	0.00001
1.723	0.00000
1.724	0.00000
1.725	0.00000
1.726	0.00000
1.727	0.00000
1.728	0.00000
1.729	0.00000
1.730	0.00000