# OpenCosmos_Menut RSR
# QV 2025-03-13 from Menut-Transmissivity.csv
# normalised to maximum and filtered to response > 0.001
#
# OpenCosmos_Menut Band B
# -------------------
0.412 0.0015937344
0.413 0.0039059867
0.414 0.005819719
0.415 0.0042548226
0.416 0.0025777011
0.417 0.001782745
0.418 0.0016607915
0.419 0.0018129728
0.42 0.0019366634
0.421 0.001891843
0.422 0.0021023953
0.423 0.0018206164
0.424 0.0017354924
0.425 0.001669825
0.426 0.0018782925
0.427 0.0025766587
0.428 0.0028584374
0.429 0.002173274
0.43 0.0011378853
0.45 0.0012369074
0.451 0.0018195742
0.452 0.0028987413
0.453 0.004564049
0.454 0.008471426
0.455 0.016467545
0.456 0.03568061
0.457 0.090926245
0.458 0.21466424
0.459 0.45445332
0.46 0.7026371
0.461 0.882958
0.462 0.93385816
0.463 0.93668324
0.464 0.934085
0.465 0.9345235
0.466 0.9350593
0.467 0.93717074
0.468 0.9393061
0.469 0.9432166
0.47 0.9469319
0.471 0.9511145
0.472 0.9536045
0.473 0.95582896
0.474 0.95583725
0.475 0.9554043
0.476 0.9534725
0.477 0.95280164
0.478 0.9546153
0.479 0.9578059
0.48 0.9617639
0.481 0.96500456
0.482 0.9685391
0.483 0.9694182
0.484 0.97100633
0.485 0.9717061
0.486 0.9717138
0.487 0.9718027
0.488 0.9717638
0.489 0.97145945
0.49 0.9713823
0.491 0.97397566
0.492 0.9785702
0.493 0.98157984
0.494 0.9828581
0.495 0.9824228
0.496 0.9812609
0.497 0.9793858
0.498 0.97676426
0.499 0.9752497
0.5 0.9742599
0.501 0.97396314
0.502 0.97549117
0.503 0.9789646
0.504 0.9813394
0.505 0.9822983
0.506 0.9836889
0.507 0.98476875
0.508 0.9879437
0.509 0.9905617
0.51 0.9933579
0.511 0.99637794
0.512 0.9995213
0.513 0.99969155
0.514 1.0
0.515 0.99728477
0.516 0.9940768
0.517 0.98648125
0.518 0.9804809
0.519 0.9682028
0.52 0.9611984
0.521 0.9540875
0.522 0.9403106
0.523 0.8841814
0.524 0.6950582
0.525 0.43073738
0.526 0.22267738
0.527 0.10669856
0.528 0.04626103
0.529 0.022732344
0.53 0.012188056
0.531 0.006086557
0.532 0.003658258
0.533 0.0021969003
0.534 0.0013995122
0.535 0.001046507
0.605 0.0012660929
0.606 0.0014717808
0.607 0.0014328669
0.608 0.0012966681
0.632 0.0012487206
0.668 0.0015860907
0.669 0.002480764
0.67 0.0022451954
0.671 0.0029268845
0.672 0.0035317878
0.673 0.0030748963
0.674 0.002340743
0.675 0.0012111964
0.676 0.0019936445
0.679 0.0012535849
0.685 0.001050329
0.69 0.0011093947
0.692 0.001409588
0.693 0.0014630947
0.695 0.0020263046
0.696 0.0019064356
0.697 0.0022080187
0.698 0.0022504071
0.699 0.003031118
0.7 0.0033521582
0.701 0.0039702645
0.702 0.003828159
0.703 0.00374234
0.704 0.002727103
0.705 0.0033799538
0.706 0.0030384145
0.707 0.002524542
0.708 0.0027291875
0.709 0.0017191623
0.71 0.0021367925
0.711 0.0025433039
0.712 0.0016295213
0.713 0.0020078898
0.714 0.0015687182
0.715 0.001686155
0.716 0.0020151862
0.717 0.0018081085
0.718 0.0023348364
0.719 0.0024884075
0.72 0.0026482327
0.721 0.0024547053
0.722 0.0030748963
0.723 0.0032673813
0.724 0.0033194982
0.725 0.0030728115
0.726 0.003218044
0.727 0.0028299468
0.728 0.003253136
0.729 0.002192731
0.73 0.0022841094
0.731 0.0017222894
0.732 0.0013199471
0.734 0.0010749976
0.746 0.001152478
0.756 0.0011340635
0.767 0.0010732604
0.768 0.0010961918
0.769 0.0028428023
0.77 0.0011361481
0.772 0.0018042866
0.773 0.0012952783
0.774 0.00170179
0.776 0.0023932075
0.777 0.0012414242
0.778 0.0016934513
0.78 0.0014015967
0.781 0.0011590796
0.784 0.0012344753
0.79 0.0017900413
0.791 0.0015009663
0.794 0.0011424022
0.796 0.0016065899
0.8 0.0020593118
0.801 0.001111132
0.802 0.0011503934
0.803 0.0019502139
0.806 0.0010743027
0.851 0.0013178623
0.852 0.0011135641
0.853 0.0014766451
0.854 0.001634038
# -------------------
# OpenCosmos_Menut Band G
# -------------------
0.457 0.0010319906
0.458 0.0013994176
0.459 0.0011576613
0.537 0.001276942
0.538 0.0023611179
0.539 0.0050775926
0.54 0.011324917
0.541 0.029771881
0.542 0.0708914
0.543 0.21968266
0.544 0.56095564
0.545 0.8706462
0.546 0.9697378
0.547 0.95107895
0.548 0.9472648
0.549 0.96451294
0.55 0.98447114
0.551 0.996652
0.552 0.9991991
0.553 1.0
0.554 0.99914336
0.555 0.99940574
0.556 0.9991857
0.557 0.9997824
0.558 0.9979314
0.559 0.99539703
0.56 0.9925396
0.561 0.9891313
0.562 0.9851013
0.563 0.9807862
0.564 0.9757445
0.565 0.97213525
0.566 0.9685354
0.567 0.9649279
0.568 0.96004844
0.569 0.9555073
0.57 0.95101047
0.571 0.9477923
0.572 0.94234526
0.573 0.9264312
0.574 0.8731415
0.575 0.7398972
0.576 0.5396367
0.577 0.3132736
0.578 0.1602603
0.579 0.073721126
0.58 0.03289448
0.581 0.015891308
0.582 0.0080599645
0.583 0.004329249
0.584 0.0026326943
0.585 0.0019230455
0.586 0.0012616769
0.798 0.0010866609
0.799 0.0012141067
0.8 0.0015758537
0.801 0.0013784725
0.802 0.0013429724
0.803 0.0011693764
0.804 0.0013429724
# -------------------
# OpenCosmos_Menut Band R
# -------------------
0.419 0.0010550533
0.452 0.0016265061
0.453 0.0016476404
0.454 0.0010376486
0.478 0.001202993
0.497 0.0013186096
0.498 0.0018569106
0.499 0.0014487301
0.641 0.0011400047
0.642 0.0019389611
0.643 0.0032206893
0.644 0.006218848
0.645 0.014073733
0.646 0.036497556
0.647 0.10399196
0.648 0.27714795
0.649 0.5938347
0.65 0.8894498
0.651 0.9708082
0.652 0.97916996
0.653 0.9855094
0.654 0.9950086
0.655 1.0
0.656 0.9955394
0.657 0.987174
0.658 0.98
0.659 0.9737878
0.66 0.974387
0.661 0.9718426
0.662 0.9718989
0.663 0.9678391
0.664 0.9657377
0.665 0.9580059
0.666 0.9541035
0.667 0.9480255
0.668 0.9465391
0.669 0.94314647
0.67 0.94320285
0.671 0.94089013
0.672 0.93768966
0.673 0.9251281
0.674 0.87279236
0.675 0.7222454
0.676 0.4625605
0.677 0.22569647
0.678 0.0965465
0.679 0.04068337
0.68 0.018036192
0.681 0.007880163
0.682 0.0039918814
0.683 0.0021842837
0.684 0.0015419692
0.862 0.001028532
0.864 0.0010442791
0.865 0.001146635
0.866 0.0010488374
0.867 0.0012340727
# -------------------
# OpenCosmos_Menut Band RE1
# -------------------
0.431 0.0011464735
0.438 0.0011344878
0.44 0.001059347
0.443 0.0011515443
0.444 0.0010330707
0.445 0.0010450564
0.446 0.0010464393
0.45 0.0010713326
0.451 0.0013018259
0.452 0.0019255406
0.453 0.0028599603
0.454 0.0033195638
0.455 0.0017227065
0.478 0.0013119676
0.479 0.0024778026
0.48 0.0017872447
0.511 0.0010031066
0.514 0.0011169702
0.515 0.001024773
0.517 0.0010501272
0.518 0.0012183873
0.519 0.0015899424
0.52 0.0018185917
0.521 0.0024068106
0.522 0.00225238
0.523 0.0021435872
0.524 0.0023224498
0.525 0.0022021325
0.526 0.0021016374
0.527 0.0019711782
0.528 0.0015313971
0.529 0.0015304751
0.53 0.0010215461
0.551 0.0010349147
0.553 0.0010344537
0.554 0.0012658689
0.555 0.0014018598
0.556 0.0015963962
0.557 0.0020306455
0.558 0.0013133504
0.559 0.0020938006
0.56 0.0019619586
0.561 0.0018430239
0.562 0.0016083819
0.564 0.0010948429
0.583 0.0012866133
0.584 0.0020426312
0.585 0.002046319
0.586 0.0020624537
0.587 0.0017803299
0.588 0.0012405147
0.589 0.0018752931
0.59 0.0019296894
0.594 0.0014590222
0.602 0.0011146653
0.621 0.0011441684
0.691 0.0015922474
0.692 0.003959874
0.693 0.016770229
0.694 0.07272154
0.695 0.30602774
0.696 0.7915655
0.697 0.9899007
0.698 0.99924356
0.699 0.9982487
0.7 1.0
0.701 0.9962854
0.702 0.9929511
0.703 0.9888234
0.704 0.9832178
0.705 0.9800089
0.706 0.9754949
0.707 0.97017646
0.708 0.96191376
0.709 0.8132
0.71 0.36230034
0.711 0.08271573
0.712 0.014610967
0.713 0.003855691
0.714 0.0014235262
0.777 0.001128495
0.787 0.0012750886
0.797 0.0010058725
0.8 0.0010132483
0.816 0.0013294851
0.847 0.0011358708
# -------------------
# OpenCosmos_Menut Band RE2
# -------------------
0.408 0.0010316151
0.409 0.0015843745
0.423 0.0011768916
0.424 0.0013824048
0.425 0.0012497829
0.435 0.0013444405
0.436 0.0019068174
0.437 0.0015276812
0.444 0.0010645174
0.445 0.0015074336
0.446 0.0017574914
0.447 0.0016962424
0.448 0.0015818435
0.449 0.0014193567
0.467 0.0010285779
0.468 0.0011935959
0.482 0.001260413
0.493 0.0015545093
0.527 0.0016592905
0.528 0.0021518134
0.529 0.0018951751
0.53 0.0013373538
0.536 0.0010716041
0.537 0.0012821791
0.538 0.0015241378
0.539 0.0013408972
0.54 0.001231054
0.566 0.0010295904
0.576 0.0010184542
0.582 0.0015904488
0.584 0.0015722259
0.585 0.0010948888
0.586 0.0011637306
0.587 0.001239153
0.589 0.0014396042
0.617 0.0010624926
0.64 0.0013975904
0.675 0.0016127211
0.724 0.0010103552
0.725 0.0017337005
0.726 0.0043051452
0.727 0.013901494
0.728 0.063259564
0.729 0.2916135
0.73 0.7341647
0.731 0.979265
0.732 0.9853018
0.733 0.9921126
0.734 1.0
0.735 0.9980952
0.736 0.991824
0.737 0.9922143
0.738 0.9850831
0.739 0.97974277
0.74 0.96902573
0.741 0.9588498
0.742 0.95549524
0.743 0.9116633
0.744 0.6035303
0.745 0.21403837
0.746 0.052902415
0.747 0.012746875
0.748 0.0043906914
0.749 0.0019630047
0.756 0.0010609741
0.767 0.0010827403
0.773 0.0012270043
0.806 0.0010346522
0.807 0.0011060251
0.817 0.0012518077
0.82 0.0011298159
0.837 0.0011611996
0.84 0.0010837526
0.87 0.0010564184
# -------------------
# OpenCosmos_Menut Band RE3
# -------------------
0.407 0.0021918397
0.408 0.0025726892
0.432 0.0012111374
0.433 0.0018296416
0.434 0.0010896025
0.438 0.0010865942
0.439 0.0016401196
0.44 0.0014175061
0.444 0.0010498931
0.445 0.0012111374
0.446 0.0010829843
0.459 0.0011106605
0.46 0.0011593947
0.461 0.0013705768
0.462 0.0013031911
0.463 0.0011070506
0.471 0.0012640833
0.472 0.0021064044
0.473 0.0034529148
0.474 0.0053643817
0.475 0.005191706
0.476 0.003547375
0.477 0.0021804082
0.478 0.0012532534
0.489 0.0011070506
0.49 0.0013019878
0.496 0.0015817586
0.497 0.0026400748
0.498 0.001748418
0.518 0.0013441038
0.519 0.0030317542
0.52 0.0013856181
0.538 0.001197901
0.539 0.0020203672
0.54 0.0016683973
0.541 0.0013302657
0.542 0.0011034406
0.543 0.0012418219
0.544 0.0012303904
0.545 0.0011527766
0.546 0.0016623809
0.547 0.0013874231
0.548 0.0012580667
0.549 0.0017424013
0.55 0.0017712809
0.551 0.0018350566
0.552 0.0020907612
0.553 0.0023879802
0.554 0.0028699082
0.555 0.0024577726
0.556 0.0024144533
0.557 0.0019090605
0.558 0.001693667
0.559 0.0016545593
0.56 0.0017538329
0.561 0.0013471121
0.562 0.0013146226
0.563 0.0011888761
0.565 0.0012081291
0.567 0.0011443533
0.568 0.00126649
0.569 0.001817007
0.57 0.0019427536
0.571 0.002107006
0.572 0.002602772
0.573 0.0030979367
0.574 0.0032778324
0.575 0.0031755506
0.576 0.0028289955
0.577 0.0026882077
0.578 0.0031159862
0.579 0.003510674
0.58 0.004171896
0.581 0.004782579
0.582 0.003800673
0.583 0.001990886
0.584 0.0023717356
0.585 0.0019457616
0.586 0.002230346
0.587 0.0020949729
0.588 0.0022489973
0.589 0.0029120243
0.59 0.0024986854
0.591 0.0026045772
0.592 0.0027706348
0.593 0.0026827925
0.594 0.0026244319
0.595 0.0027128756
0.596 0.0024926688
0.597 0.0020847446
0.598 0.0019595998
0.599 0.0020967778
0.6 0.0021485204
0.601 0.0021226492
0.602 0.002328416
0.603 0.0018206169
0.604 0.001581157
0.605 0.0016629825
0.606 0.0017742892
0.607 0.0020636867
0.608 0.0023952003
0.609 0.002523955
0.61 0.0025462164
0.611 0.0025245566
0.612 0.0027273153
0.613 0.0025726892
0.614 0.0025787058
0.615 0.0019186871
0.616 0.001783314
0.617 0.0014704519
0.618 0.0012743114
0.619 0.0015095597
0.621 0.0010829843
0.629 0.0011575898
0.63 0.0011419468
0.631 0.0016864472
0.632 0.0018531063
0.633 0.0018320483
0.634 0.0020221723
0.635 0.0023151797
0.636 0.0023771506
0.637 0.0018753676
0.638 0.0015246012
0.649 0.0015607006
0.65 0.0013735851
0.651 0.0019427536
0.652 0.0020907612
0.653 0.0014584188
0.654 0.0014289375
0.721 0.0019403469
0.722 0.0027062572
0.723 0.0028217756
0.724 0.0027592033
0.725 0.002112421
0.727 0.001560099
0.728 0.0011762412
0.729 0.0012743114
0.73 0.0010107853
0.731 0.0014078795
0.734 0.0012279837
0.736 0.0010023621
0.759 0.001013192
0.767 0.0015444559
0.768 0.0021533335
0.769 0.003762167
0.77 0.013444046
0.771 0.045466084
0.772 0.17599156
0.773 0.52467155
0.774 0.8857626
0.775 0.9965513
0.776 0.9929083
0.777 0.99757224
0.778 0.99680454
0.779 1.0
0.78 0.99142516
0.781 0.99502724
0.782 0.9863098
0.783 0.98626536
0.784 0.97284836
0.785 0.976344
0.786 0.9576023
0.787 0.9626539
0.788 0.94473284
0.789 0.9466029
0.79 0.9064777
0.791 0.76634794
0.792 0.43234897
0.793 0.16754428
0.794 0.05073661
0.795 0.020075519
0.796 0.009568166
0.797 0.007845018
0.798 0.005327079
0.799 0.0043963143
0.8 0.0032754259
0.801 0.0011744363
0.805 0.0013098093
0.806 0.0010986273
0.807 0.0012851413
0.808 0.0018314467
0.809 0.0016635841
0.81 0.0016635841
0.811 0.0015029416
0.812 0.0017026919
0.813 0.001348917
0.814 0.0023506775
0.815 0.002047442
0.816 0.0014806802
0.817 0.0016888538
0.818 0.0012424237
0.819 0.0018386666
0.82 0.0013898298
0.847 0.0011371335
0.858 0.0022002629
0.859 0.00195238
0.866 0.0017821109
0.867 0.0012707015
0.868 0.0010932124
0.869 0.0011991042
0.911 0.0017917373
0.912 0.0012851413
# -------------------
# OpenCosmos_Menut Band NIR
# -------------------
0.407 0.001033921
0.42 0.0010540161
0.439 0.0012919151
0.44 0.0014909207
0.441 0.0014111887
0.442 0.0010488302
0.443 0.001205701
0.444 0.0010592018
0.445 0.0011110599
0.53 0.0013910937
0.531 0.002044506
0.532 0.0022888873
0.533 0.0019213428
0.534 0.0016717758
0.535 0.0012595038
0.536 0.0018630025
0.537 0.0015239802
0.538 0.00115125
0.554 0.0011881989
0.558 0.0015680594
0.58 0.0010993918
0.583 0.0012348711
0.586 0.0016503842
0.588 0.0013424768
0.593 0.0010955025
0.601 0.0010870756
0.602 0.0011078189
0.613 0.0021981355
0.614 0.0016205659
0.626 0.0010183636
0.627 0.001643902
0.628 0.0011337479
0.629 0.0016231587
0.632 0.0011687521
0.634 0.0020205213
0.635 0.0024042716
0.639 0.0014779561
0.644 0.0010475337
0.645 0.0010410515
0.648 0.0034731969
0.649 0.0015213873
0.65 0.0021112734
0.651 0.0016302892
0.66 0.0011330997
0.661 0.0011849577
0.666 0.0012958044
0.667 0.0017301161
0.672 0.0011583804
0.676 0.0014403589
0.692 0.0013113619
0.698 0.0015012922
0.708 0.0012264443
0.715 0.001036514
0.719 0.001228389
0.735 0.0014047065
0.741 0.001581024
0.748 0.0018617061
0.75 0.0013048797
0.756 0.0018662437
0.758 0.0010514231
0.759 0.002093771
0.764 0.0018228124
0.765 0.0011564358
0.767 0.0010397551
0.769 0.0014811972
0.77 0.0021631313
0.771 0.0037849937
0.772 0.003663127
0.773 0.0045699957
0.774 0.0026596729
0.775 0.0075045163
0.776 0.009987223
0.777 0.013362538
0.778 0.019705433
0.779 0.029421048
0.78 0.052442808
0.781 0.08408922
0.782 0.14339414
0.783 0.2349989
0.784 0.3688719
0.785 0.5535522
0.786 0.7382462
0.787 0.8686239
0.788 0.9462997
0.789 0.9879469
0.79 0.99633235
0.791 1.0
0.792 0.99288434
0.793 0.982529
0.794 0.9814309
0.795 0.97222537
0.796 0.96458215
0.797 0.9599513
0.798 0.95267296
0.799 0.95044315
0.8 0.9521823
0.801 0.94670796
0.802 0.943172
0.803 0.9441015
0.804 0.94095755
0.805 0.9364932
0.806 0.9331543
0.807 0.92754316
0.808 0.9237536
0.809 0.9188829
0.81 0.9116558
0.811 0.90753824
0.812 0.9016427
0.813 0.8919808
0.814 0.8876001
0.815 0.8884973
0.816 0.8800736
0.817 0.87320757
0.818 0.8695127
0.819 0.8671324
0.82 0.8584559
0.821 0.85455227
0.822 0.8462724
0.823 0.8436355
0.824 0.84632885
0.825 0.83794403
0.826 0.8303377
0.827 0.8273533
0.828 0.82335246
0.829 0.82030445
0.83 0.816165
0.831 0.8107769
0.832 0.805394
0.833 0.79930586
0.834 0.79759
0.835 0.7944772
0.836 0.79112333
0.837 0.78738755
0.838 0.78056633
0.839 0.77424866
0.84 0.7719248
0.841 0.7650348
0.842 0.76214176
0.843 0.75112516
0.844 0.7479638
0.845 0.7423598
0.846 0.7373153
0.847 0.73319584
0.848 0.7284878
0.849 0.7199293
0.85 0.7142858
0.851 0.71135193
0.852 0.70219636
0.853 0.6977839
0.854 0.68761
0.855 0.6844194
0.856 0.67588615
0.857 0.67152226
0.858 0.6667144
0.859 0.6620751
0.86 0.6550372
0.861 0.65226805
0.862 0.6416067
0.863 0.63743335
0.864 0.6330397
0.865 0.62831736
0.866 0.62229925
0.867 0.6145179
0.868 0.6115659
0.869 0.60333794
0.87 0.5965763
0.871 0.59058344
0.872 0.5845044
0.873 0.5791929
0.874 0.5734904
0.875 0.5642882
0.876 0.5575518
0.877 0.5553148
0.878 0.5467264
0.879 0.54011965
0.88 0.5327863
0.881 0.5254698
0.882 0.518535
0.883 0.51129174
0.884 0.5024266
0.885 0.49650574
0.886 0.48803148
0.887 0.4823893
0.888 0.47265944
0.889 0.45408773
0.89 0.4220984
0.891 0.3746191
0.892 0.30576122
0.893 0.23163071
0.894 0.16150819
0.895 0.11191174
0.896 0.07700216
0.897 0.051536586
0.898 0.034499902
0.899 0.022566704
0.9 0.016735908
0.901 0.011733545
0.902 0.008113849
0.903 0.0052940645
0.904 0.0032502068
0.905 0.0034103186
0.906 0.0025792927
0.907 0.002018577
0.908 0.0015136085
0.909 0.0016730721
# -------------------
