# OpenCosmos_Platero RSR
# QV 2025-03-13 from Platero-Transmissivity.csv
# normalised to maximum and filtered to response > 0.001
# QV 2025-04-14 moved PAN to the end
#
# OpenCosmos_Platero Band B
# -------------------
0.441 0.002
0.442 0.0052307695
0.443 0.015384615
0.444 0.053846154
0.445 0.15384616
0.446 0.2923077
0.447 0.41538465
0.448 0.53846157
0.449 0.6615385
0.45 0.7846154
0.451 0.8923077
0.452 0.923077
0.453 0.9384616
0.454 0.9384616
0.455 0.9538462
0.456 0.9692308
0.457 0.9692308
0.458 0.9846154
0.459 0.9846154
0.46 0.9692308
0.461 0.9846154
0.462 0.9846154
0.463 0.9692308
0.464 0.9692308
0.465 0.9692308
0.466 0.9692308
0.467 0.9846154
0.468 0.9846154
0.469 0.9846154
0.47 0.9846154
0.471 0.9846154
0.472 0.9846154
0.473 0.9846154
0.474 0.9846154
0.475 0.9846154
0.476 0.9846154
0.477 0.9846154
0.478 0.9846154
0.479 0.9846154
0.48 0.9846154
0.481 0.9846154
0.482 0.9692308
0.483 0.9692308
0.484 0.9692308
0.485 0.9692308
0.486 0.9692308
0.487 0.9692308
0.488 0.9846154
0.489 0.9846154
0.49 0.9846154
0.491 0.9846154
0.492 0.9846154
0.493 0.9846154
0.494 1.0
0.495 1.0
0.496 1.0
0.497 1.0
0.498 1.0
0.499 1.0
0.5 0.9846154
0.501 0.9846154
0.502 0.9846154
0.503 0.9846154
0.504 0.9692308
0.505 0.9692308
0.506 0.9384616
0.507 0.9076923
0.508 0.86153847
0.509 0.7846154
0.51 0.7076923
0.511 0.5846154
0.512 0.4769231
0.513 0.35384616
0.514 0.26153848
0.515 0.16923077
0.516 0.098461546
0.517 0.053846154
0.518 0.02923077
0.519 0.015230769
0.52 0.0081538465
0.521 0.0046153846
0.522 0.002923077
0.523 0.001846154
0.524 0.001846154
0.525 0.0015230769
0.526 0.0012769231
0.527 0.0011076924
# -------------------
# OpenCosmos_Platero Band G
# -------------------
0.535 0.0012575757
0.536 0.0027272727
0.537 0.0059090904
0.538 0.013181818
0.539 0.03181818
0.54 0.08181818
0.541 0.19696969
0.542 0.37878788
0.543 0.57575756
0.544 0.75757575
0.545 0.8939393
0.546 0.96969694
0.547 0.9848484
0.548 0.9848484
0.549 0.9848484
0.55 0.9848484
0.551 0.9848484
0.552 0.9848484
0.553 0.9848484
0.554 0.9848484
0.555 0.9848484
0.556 0.9848484
0.557 1.0
0.558 1.0
0.559 1.0
0.56 1.0
0.561 1.0
0.562 1.0
0.563 1.0
0.564 1.0
0.565 1.0
0.566 1.0
0.567 1.0
0.568 1.0
0.569 0.9848484
0.57 0.9848484
0.571 0.9848484
0.572 0.9848484
0.573 0.9848484
0.574 0.96969694
0.575 0.93939394
0.576 0.8484848
0.577 0.6969697
0.578 0.530303
0.579 0.34848484
0.58 0.19696969
0.581 0.092424236
0.582 0.03939394
0.583 0.018181818
0.584 0.008181818
0.585 0.004090909
0.586 0.0022727272
0.587 0.0012727273
# -------------------
# OpenCosmos_Platero Band R
# -------------------
0.639 0.0010307692
0.64 0.002923077
0.641 0.014615385
0.642 0.064615384
0.643 0.13384615
0.644 0.23076925
0.645 0.36923078
0.646 0.52307695
0.647 0.6615385
0.648 0.7846154
0.649 0.8769231
0.65 0.9538462
0.651 0.9846154
0.652 0.9846154
0.653 0.9846154
0.654 0.9846154
0.655 0.9846154
0.656 0.9846154
0.657 0.9846154
0.658 1.0
0.659 1.0
0.66 1.0
0.661 1.0
0.662 1.0
0.663 0.9846154
0.664 0.9846154
0.665 0.9846154
0.666 0.9846154
0.667 0.9846154
0.668 0.9846154
0.669 0.9846154
0.67 0.9846154
0.671 0.9846154
0.672 0.9692308
0.673 0.9384616
0.674 0.9076923
0.675 0.8307693
0.676 0.72307694
0.677 0.6
0.678 0.4769231
0.679 0.33846155
0.68 0.21538462
0.681 0.120000005
0.682 0.053846154
0.683 0.023076924
0.684 0.0096923085
0.685 0.0044615385
0.686 0.0023076923
0.687 0.0012153847
# -------------------
# OpenCosmos_Platero Band RE1
# -------------------
0.691 0.0011846154
0.692 0.005846154
0.693 0.036923077
0.694 0.18461539
0.695 0.3846154
0.696 0.5846154
0.697 0.7692308
0.698 0.9384616
0.699 1.0
0.7 1.0
0.701 1.0
0.702 1.0
0.703 1.0
0.704 1.0
0.705 1.0
0.706 1.0
0.707 0.9846154
0.708 0.9076923
0.709 0.73846155
0.71 0.5538462
0.711 0.35384616
0.712 0.16923077
0.713 0.035384618
0.714 0.006
0.715 0.0013538462
# -------------------
# OpenCosmos_Platero Band RE2
# -------------------
0.725 0.0011818182
0.726 0.005757576
0.727 0.03030303
0.728 0.11515151
0.729 0.27272728
0.73 0.46969697
0.731 0.6515151
0.732 0.8333333
0.733 0.93939394
0.734 0.9848484
0.735 1.0
0.736 1.0
0.737 1.0
0.738 1.0
0.739 0.9848484
0.74 0.9848484
0.741 0.9848484
0.742 0.93939394
0.743 0.8181818
0.744 0.6515151
0.745 0.46969697
0.746 0.27272728
0.747 0.124242425
0.748 0.037878785
0.749 0.009090909
0.75 0.0022727272
# -------------------
# OpenCosmos_Platero Band RE3
# -------------------
0.438 0.0011515152
0.439 0.0011515152
0.44 0.0011363636
0.441 0.0010909091
0.765 0.0025757574
0.766 0.008333333
0.767 0.028787877
0.768 0.092424236
0.769 0.22727273
0.77 0.4242424
0.771 0.60606056
0.772 0.78787875
0.773 0.92424244
0.774 0.96969694
0.775 0.9848484
0.776 0.9848484
0.777 0.9848484
0.778 0.9848484
0.779 1.0
0.78 1.0
0.781 1.0
0.782 1.0
0.783 1.0
0.784 1.0
0.785 1.0
0.786 0.9848484
0.787 0.95454544
0.788 0.8787878
0.789 0.7272727
0.79 0.54545456
0.791 0.36363634
0.792 0.19696969
0.793 0.08030303
0.794 0.028787877
0.795 0.01030303
0.796 0.003939394
0.797 0.0016666666
# -------------------
# OpenCosmos_Platero Band NIR
# -------------------
0.493 0.0011764705
0.494 0.0014264706
0.495 0.0014558823
0.496 0.00125
0.771 0.0014264706
0.772 0.0022058825
0.773 0.003529412
0.774 0.005882353
0.775 0.009852941
0.776 0.01617647
0.777 0.027941175
0.778 0.042647056
0.779 0.06470588
0.78 0.089705884
0.781 0.11911765
0.782 0.14705883
0.783 0.17647058
0.784 0.22058824
0.785 0.2647059
0.786 0.3235294
0.787 0.38235292
0.788 0.45588234
0.789 0.5294118
0.79 0.60294116
0.791 0.6764706
0.792 0.7352941
0.793 0.77941173
0.794 0.8235294
0.795 0.85294116
0.796 0.867647
0.797 0.89705884
0.798 0.9117647
0.799 0.9264706
0.8 0.9411764
0.801 0.9558823
0.802 0.9558823
0.803 0.97058827
0.804 0.97058827
0.805 0.97058827
0.806 0.97058827
0.807 0.97058827
0.808 0.97058827
0.809 0.97058827
0.81 0.9852941
0.811 0.9852941
0.812 0.9852941
0.813 0.9852941
0.814 0.9852941
0.815 0.9852941
0.816 1.0
0.817 1.0
0.818 1.0
0.819 1.0
0.82 1.0
0.821 1.0
0.822 1.0
0.823 1.0
0.824 1.0
0.825 1.0
0.826 1.0
0.827 1.0
0.828 1.0
0.829 1.0
0.83 1.0
0.831 1.0
0.832 1.0
0.833 1.0
0.834 1.0
0.835 1.0
0.836 1.0
0.837 1.0
0.838 1.0
0.839 1.0
0.84 1.0
0.841 1.0
0.842 1.0
0.843 1.0
0.844 1.0
0.845 1.0
0.846 1.0
0.847 1.0
0.848 1.0
0.849 1.0
0.85 1.0
0.851 1.0
0.852 1.0
0.853 1.0
0.854 1.0
0.855 1.0
0.856 1.0
0.857 1.0
0.858 1.0
0.859 1.0
0.86 1.0
0.861 1.0
0.862 1.0
0.863 1.0
0.864 1.0
0.865 1.0
0.866 1.0
0.867 1.0
0.868 1.0
0.869 0.9852941
0.87 0.9852941
0.871 0.9852941
0.872 0.9852941
0.873 0.9852941
0.874 0.9852941
0.875 0.9852941
0.876 0.9852941
0.877 0.9852941
0.878 0.9852941
0.879 0.9852941
0.88 0.9852941
0.881 0.9852941
0.882 0.97058827
0.883 0.97058827
0.884 0.97058827
0.885 0.97058827
0.886 0.97058827
0.887 0.97058827
0.888 0.97058827
0.889 0.9558823
0.89 0.9411764
0.891 0.9117647
0.892 0.85294116
0.893 0.77941173
0.894 0.6764706
0.895 0.57352936
0.896 0.45588234
0.897 0.3382353
0.898 0.25
0.899 0.17647058
0.9 0.122058816
0.901 0.08382353
0.902 0.05735294
0.903 0.039705884
0.904 0.027941175
0.905 0.020588236
0.906 0.0142647065
0.907 0.010294118
0.908 0.0075000003
0.909 0.0055882353
0.91 0.0041176467
0.911 0.0030882352
0.912 0.0022058825
0.913 0.001617647
0.914 0.0012205882
# -------------------
# OpenCosmos_Platero Band PAN
# -------------------
0.489 0.0014477612
0.49 0.0022388059
0.491 0.0035820897
0.492 0.005820895
0.493 0.01
0.494 0.017910447
0.495 0.03283582
0.496 0.06417911
0.497 0.12537313
0.498 0.23880596
0.499 0.4328358
0.5 0.64179105
0.501 0.8208955
0.502 0.92537314
0.503 0.95522386
0.504 0.9701492
0.505 0.9701492
0.506 0.9701492
0.507 0.98507464
0.508 0.98507464
0.509 0.98507464
0.51 0.98507464
0.511 0.98507464
0.512 0.98507464
0.513 0.98507464
0.514 0.98507464
0.515 0.98507464
0.516 0.98507464
0.517 0.98507464
0.518 0.98507464
0.519 0.98507464
0.52 0.9701492
0.521 0.9701492
0.522 0.95522386
0.523 0.9701492
0.524 0.9701492
0.525 0.9701492
0.526 0.98507464
0.527 0.98507464
0.528 0.98507464
0.529 0.98507464
0.53 0.98507464
0.531 0.98507464
0.532 0.98507464
0.533 0.98507464
0.534 0.98507464
0.535 0.98507464
0.536 0.98507464
0.537 0.98507464
0.538 0.98507464
0.539 0.98507464
0.54 0.98507464
0.541 0.98507464
0.542 0.98507464
0.543 0.98507464
0.544 0.98507464
0.545 0.98507464
0.546 0.98507464
0.547 0.98507464
0.548 0.98507464
0.549 0.98507464
0.55 0.98507464
0.551 0.98507464
0.552 0.98507464
0.553 0.98507464
0.554 0.98507464
0.555 0.98507464
0.556 0.98507464
0.557 0.98507464
0.558 0.98507464
0.559 0.98507464
0.56 0.98507464
0.561 0.98507464
0.562 0.98507464
0.563 0.98507464
0.564 0.98507464
0.565 0.98507464
0.566 0.98507464
0.567 0.98507464
0.568 0.98507464
0.569 0.98507464
0.57 0.98507464
0.571 0.98507464
0.572 0.98507464
0.573 0.98507464
0.574 0.98507464
0.575 0.98507464
0.576 0.98507464
0.577 0.98507464
0.578 0.98507464
0.579 0.98507464
0.58 0.98507464
0.581 0.98507464
0.582 0.98507464
0.583 0.98507464
0.584 0.98507464
0.585 0.98507464
0.586 0.98507464
0.587 0.98507464
0.588 0.98507464
0.589 0.98507464
0.59 0.98507464
0.591 0.98507464
0.592 0.98507464
0.593 0.98507464
0.594 0.98507464
0.595 0.98507464
0.596 0.98507464
0.597 0.98507464
0.598 0.98507464
0.599 0.98507464
0.6 0.98507464
0.601 0.98507464
0.602 0.98507464
0.603 0.98507464
0.604 0.98507464
0.605 0.98507464
0.606 0.98507464
0.607 0.98507464
0.608 0.98507464
0.609 0.98507464
0.61 0.98507464
0.611 0.98507464
0.612 0.98507464
0.613 0.98507464
0.614 0.98507464
0.615 0.98507464
0.616 1.0
0.617 1.0
0.618 1.0
0.619 0.98507464
0.62 0.98507464
0.621 0.98507464
0.622 0.98507464
0.623 0.98507464
0.624 0.98507464
0.625 0.98507464
0.626 0.98507464
0.627 0.98507464
0.628 0.98507464
0.629 0.98507464
0.63 0.98507464
0.631 0.98507464
0.632 0.98507464
0.633 0.98507464
0.634 0.98507464
0.635 0.98507464
0.636 0.98507464
0.637 0.98507464
0.638 0.98507464
0.639 0.98507464
0.64 0.98507464
0.641 0.98507464
0.642 0.98507464
0.643 0.9701492
0.644 0.9701492
0.645 0.9701492
0.646 0.9701492
0.647 0.9701492
0.648 0.98507464
0.649 0.98507464
0.65 0.98507464
0.651 0.98507464
0.652 0.98507464
0.653 0.98507464
0.654 0.98507464
0.655 0.98507464
0.656 0.98507464
0.657 0.98507464
0.658 0.98507464
0.659 0.98507464
0.66 0.98507464
0.661 0.98507464
0.662 0.98507464
0.663 0.98507464
0.664 0.98507464
0.665 0.98507464
0.666 0.98507464
0.667 0.98507464
0.668 0.98507464
0.669 0.98507464
0.67 0.98507464
0.671 0.98507464
0.672 0.9701492
0.673 0.9701492
0.674 0.9701492
0.675 0.9701492
0.676 0.9701492
0.677 0.9701492
0.678 0.9701492
0.679 0.9701492
0.68 0.9701492
0.681 0.9701492
0.682 0.9701492
0.683 0.9701492
0.684 0.98507464
0.685 0.98507464
0.686 0.98507464
0.687 0.98507464
0.688 0.98507464
0.689 0.98507464
0.69 0.98507464
0.691 0.98507464
0.692 0.98507464
0.693 0.98507464
0.694 0.98507464
0.695 0.98507464
0.696 0.98507464
0.697 0.98507464
0.698 0.98507464
0.699 0.98507464
0.7 0.98507464
0.701 0.9701492
0.702 0.9701492
0.703 0.9701492
0.704 0.98507464
0.705 0.98507464
0.706 0.98507464
0.707 0.9701492
0.708 0.9701492
0.709 0.9701492
0.71 0.9701492
0.711 0.9701492
0.712 0.9701492
0.713 0.9701492
0.714 0.9701492
0.715 0.9701492
0.716 0.98507464
0.717 0.98507464
0.718 0.98507464
0.719 0.98507464
0.72 0.98507464
0.721 0.98507464
0.722 0.98507464
0.723 0.98507464
0.724 0.98507464
0.725 0.98507464
0.726 0.98507464
0.727 0.98507464
0.728 0.98507464
0.729 0.98507464
0.73 0.98507464
0.731 0.98507464
0.732 0.9701492
0.733 0.9701492
0.734 0.9701492
0.735 0.9701492
0.736 0.9701492
0.737 0.9701492
0.738 0.9701492
0.739 0.9701492
0.74 0.95522386
0.741 0.9402985
0.742 0.92537314
0.743 0.9104478
0.744 0.88059694
0.745 0.83582085
0.746 0.761194
0.747 0.6268656
0.748 0.46268657
0.749 0.3134328
0.75 0.19402984
0.751 0.10597015
0.752 0.05970149
0.753 0.03283582
0.754 0.019402985
0.755 0.011343284
0.756 0.007014925
0.757 0.0044776117
0.758 0.002835821
0.759 0.0019402985
0.76 0.0013283582
# -------------------
