# QV 2022-09-29 from Airbus DS technical support Excel file
# SpectralValues_Normalized-PHR1A_PHR1B_SPOT6_SPOT7_PNEO3-4.xlsx
#
#  Pléiades Neo PNEO3 Band 1 BlueCoastal
#
#  Wavelength
#   (microns)	Relative response
#  __________	___________
0.35	6.21089E-08
0.351	1.77935E-07
0.352	1.23444E-07
0.353	2.62382E-08
0.354	6.89367E-08
0.355	1.29139E-07
0.356	1.05205E-07
0.357	2.264E-07
0.358	2.03598E-07
0.359	1.21228E-07
0.36	4.21809E-08
0.361	6.0872E-08
0.362	9.59444E-08
0.363	6.12849E-08
0.364	8.98931E-08
0.365	9.68325E-08
0.366	4.50585E-08
0.367	1.49363E-07
0.368	2.6161E-07
0.369	3.61268E-07
0.37	8.51671E-07
0.371	1.64239E-06
0.372	4.01915E-06
0.373	1.1214E-05
0.374	2.73794E-05
0.375	5.58403E-05
0.376	0.000110151
0.377	0.000241262
0.378	0.00053329
0.379	0.000986983
0.38	0.001620159
0.381	0.00254757
0.382	0.003941254
0.383	0.005979472
0.384	0.008996343
0.385	0.013772096
0.386	0.021951646
0.387	0.034899314
0.388	0.051783575
0.389	0.069292502
0.39	0.083848788
0.391	0.09397302
0.392	0.100367613
0.393	0.104661103
0.394	0.108066542
0.395	0.112101673
0.396	0.118738649
0.397	0.12968404
0.398	0.144877612
0.399	0.162740807
0.4	0.18134242
0.401	0.198412899
0.402	0.214355956
0.403	0.229577617
0.404	0.2451426
0.405	0.261535864
0.406	0.279094031
0.407	0.29904946
0.408	0.321623985
0.409	0.345752947
0.41	0.369391117
0.411	0.391953799
0.412	0.413131943
0.413	0.433793077
0.414	0.455305947
0.415	0.477671096
0.416	0.500525815
0.417	0.524046129
0.418	0.545474239
0.419	0.565789824
0.42	0.585564943
0.421	0.606328283
0.422	0.627976701
0.423	0.649358148
0.424	0.668490251
0.425	0.685244487
0.426	0.699559486
0.427	0.713908198
0.428	0.731098736
0.429	0.751028864
0.43	0.770722265
0.431	0.78652157
0.432	0.797344288
0.433	0.808780867
0.434	0.825592862
0.435	0.846870728
0.436	0.866566807
0.437	0.881315665
0.438	0.891003821
0.439	0.900099124
0.44	0.910536101
0.441	0.919492677
0.442	0.923445115
0.443	0.918788547
0.444	0.902581962
0.445	0.879666925
0.446	0.861979983
0.447	0.863940559
0.448	0.889279626
0.449	0.932373144
0.45	0.976575223
0.451	1
0.452	0.985477753
0.453	0.916904088
0.454	0.800176934
0.455	0.658764789
0.456	0.520395504
0.457	0.399977004
0.458	0.297085006
0.459	0.209239093
0.46	0.139306621
0.461	0.090579707
0.462	0.061262169
0.463	0.044693534
0.464	0.034684769
0.465	0.027506544
0.466	0.021433375
0.467	0.016040962
0.468	0.011654231
0.469	0.00827537
0.47	0.005670336
0.471	0.003812481
0.472	0.002780057
0.473	0.002293854
0.474	0.001936638
0.475	0.001716963
0.476	0.001572741
0.477	0.001426036
0.478	0.001219942
0.479	0.000959453
0.48	0.000698251
0.481	0.000492513
0.482	0.000362065
0.483	0.000291929
0.484	0.000260866
0.485	0.000251901
0.486	0.000263484
0.487	0.000284992
0.488	0.000306636
0.489	0.000312678
0.49	0.000296036
0.491	0.000263337
0.492	0.000223221
0.493	0.000189779
0.494	0.000161586
0.495	0.000146336
0.496	0.000141832
0.497	0.000144341
0.498	0.000155052
0.499	0.000173196
0.5	0.00019612
0.501	0.000231015
0.502	0.000270818
0.503	0.000290933
0.504	0.000269566
0.505	0.00021178
0.506	0.000153378
0.507	0.00011422
0.508	0.000102566
0.509	0.000109399
0.51	0.000125972
0.511	0.000154917
0.512	0.000182487
0.513	0.000195404
0.514	0.000182064
0.515	0.000150263
0.516	0.000119085
0.517	9.43978E-05
0.518	7.7157E-05
0.519	6.51199E-05
0.52	5.54104E-05
0.521	5.09935E-05
0.522	4.84128E-05
0.523	4.82777E-05
0.524	5.16405E-05
0.525	5.23317E-05
0.526	5.98563E-05
0.527	7.8957E-05
0.528	0.000110622
0.529	0.000139956
0.53	0.000138303
0.531	0.000109334
0.532	7.85664E-05
0.533	5.26715E-05
0.534	4.35508E-05
0.535	4.47346E-05
0.536	4.78433E-05
0.537	6.17769E-05
0.538	8.28506E-05
0.539	0.000114175
0.54	0.000168071
0.541	0.000225056
0.542	0.000273196
0.543	0.000306845
0.544	0.00035257
0.545	0.000476975
0.546	0.000695138
0.547	0.000887429
0.548	0.000912509
0.549	0.000766045
0.55	0.000643974
0.551	0.000703251
0.552	0.000880139
0.553	0.001039785
0.554	0.001175856
0.555	0.001733662
0.556	0.003267578
0.557	0.005307039
0.558	0.006253646
0.559	0.005284342
0.56	0.003568847
0.561	0.002392639
0.562	0.001902076
0.563	0.001567518
0.564	0.00124139
0.565	0.001149855
0.566	0.001264178
0.567	0.001276937
0.568	0.001031365
0.569	0.00071479
0.57	0.001003666
0.571	0.003373042
0.572	0.007586949
0.573	0.009998029
0.574	0.007937412
0.575	0.003854147
0.576	0.001074465
0.577	0.000184951
0.578	4.21655E-05
0.579	2.68865E-05
0.58	3.12754E-05
0.581	0.000101618
0.582	0.000294707
0.583	0.000542576
0.584	0.00071386
0.585	0.000751717
0.586	0.000809522
0.587	0.001195905
0.588	0.001965924
0.589	0.002639706
0.59	0.002768053
0.591	0.002654551
0.592	0.002890675
0.593	0.003312374
0.594	0.003171523
0.595	0.002246387
0.596	0.001126862
0.597	0.000424864
0.598	0.000154433
0.599	8.63842E-05
0.6	9.33317E-05
0.601	0.000125948
0.602	0.00014949
0.603	0.000148103
0.604	0.000147167
0.605	0.000200305
0.606	0.000349703
0.607	0.000545544
0.608	0.00065582
0.609	0.000584926
0.61	0.000412521
0.611	0.000269621
0.612	0.000200899
0.613	0.000178144
0.614	0.00015137
0.615	0.00014159
0.616	0.000170549
0.617	0.000272956
0.618	0.000462986
0.619	0.000630647
0.62	0.000651955
0.621	0.000511202
0.622	0.000317103
0.623	0.000183136
0.624	0.000121138
0.625	0.000102779
0.626	0.000104657
0.627	0.000107936
0.628	0.00012282
0.629	0.000144446
0.63	0.000151821
0.631	0.000152232
0.632	0.000142663
0.633	0.000136269
0.634	0.000140875
0.635	0.000146359
0.636	0.000143353
0.637	0.000123661
0.638	9.70005E-05
0.639	7.78534E-05
0.64	9.20552E-05
0.641	0.000182752
0.642	0.000375552
0.643	0.000583023
0.644	0.000655155
0.645	0.000530549
0.646	0.000315648
0.647	0.000146898
0.648	7.0858E-05
0.649	6.2412E-05
0.65	7.65972E-05
0.651	9.69549E-05
0.652	0.000113031
0.653	0.000106116
0.654	9.68702E-05
0.655	9.96102E-05
0.656	0.000122431
0.657	0.000191629
0.658	0.00030372
0.659	0.000422861
0.66	0.00048829
0.661	0.0004604
0.662	0.000373738
0.663	0.00028569
0.664	0.000225706
0.665	0.000205309
0.666	0.000224379
0.667	0.000282311
0.668	0.000369715
0.669	0.000450699
0.67	0.00048811
0.671	0.000452881
0.672	0.000367711
0.673	0.000278687
0.674	0.000202841
0.675	0.000160669
0.676	0.000130979
0.677	0.000100853
0.678	7.62311E-05
0.679	4.64881E-05
0.68	2.22838E-05
0.681	1.05326E-05
0.682	2.54411E-06
0.683	1.6279E-07
0.684	1.0309E-07
0.685	3.31627E-07
0.686	3.37084E-07
0.687	9.84309E-08
0.688	1.18893E-08
0.689	7.32974E-11
0.69	1.46347E-09
0.691	2.75611E-08
0.692	4.68145E-08
0.693	1.76205E-08
0.694	2.6994E-10
0.695	0
0.696	0
0.697	0
0.698	0
0.699	0
0.7	6.95782E-09
0.701	4.69024E-08
0.702	5.07251E-08
0.703	5.74067E-08
0.704	3.18524E-07
0.705	3.85548E-07
0.706	6.20681E-08
0.707	1.69767E-10
0.708	0
0.709	0
0.71	1.63703E-08
0.711	1.37761E-07
0.712	1.99606E-07
0.713	6.24318E-08
0.714	2.04227E-08
0.715	2.73162E-07
0.716	2.21887E-06
0.717	7.28903E-06
0.718	1.28585E-05
0.719	1.59473E-05
0.72	1.74949E-05
0.721	1.66391E-05
0.722	1.46379E-05
0.723	1.20597E-05
0.724	8.52382E-06
0.725	5.51112E-06
0.726	3.44381E-06
0.727	6.28707E-06
0.728	2.03695E-05
0.729	5.68093E-05
0.73	0.000108603
0.731	0.000153354
0.732	0.000170001
0.733	0.000145383
0.734	0.000106223
0.735	7.4133E-05
0.736	4.43343E-05
0.737	2.73342E-05
0.738	2.2513E-05
0.739	1.48725E-05
0.74	9.09389E-06
0.741	4.42384E-06
0.742	5.46714E-06
0.743	4.71163E-06
0.744	3.91818E-06
0.745	5.42207E-06
0.746	5.0796E-06
0.747	3.18916E-06
0.748	4.24368E-06
0.749	4.56615E-06
0.75	6.14409E-06
0.751	6.93179E-06
0.752	6.78861E-06
0.753	4.32331E-06
0.754	4.2167E-06
0.755	4.43623E-06
0.756	6.39993E-06
0.757	6.30194E-06
0.758	5.27227E-06
0.759	6.02765E-06
0.76	5.939E-06
0.761	9.21291E-06
0.762	1.73129E-05
0.763	2.31717E-05
0.764	2.62167E-05
0.765	3.06451E-05
0.766	3.2754E-05
0.767	2.53136E-05
0.768	2.03597E-05
0.769	1.74527E-05
0.77	1.36298E-05
0.771	1.50772E-05
0.772	1.38063E-05
0.773	1.27733E-05
0.774	1.43174E-05
0.775	1.4813E-05
0.776	1.68358E-05
0.777	1.74197E-05
0.778	1.51705E-05
0.779	1.97252E-05
0.78	2.25381E-05
0.781	1.99225E-05
0.782	2.08959E-05
0.783	2.30268E-05
0.784	2.5393E-05
0.785	2.98233E-05
0.786	3.07628E-05
0.787	3.38706E-05
0.788	6.06924E-05
0.789	8.13569E-05
0.79	8.32713E-05
0.791	7.97534E-05
0.792	9.01072E-05
0.793	0.000119606
0.794	0.000137494
0.795	0.000140836
0.796	0.000140034
0.797	0.000134636
0.798	0.000130542
0.799	0.000124748
0.8	0.000123041
0.801	0.000127468
0.802	0.000184189
0.803	0.000287465
0.804	0.000335286
0.805	0.000385047
0.806	0.000510302
0.807	0.000627755
0.808	0.000635264
0.809	0.000627542
0.81	0.000629532
0.811	0.000626952
0.812	0.000610437
0.813	0.0006098
0.814	0.000611116
0.815	0.000617031
0.816	0.000618181
0.817	0.000604802
0.818	0.00060572
0.819	0.000605452
0.82	0.000600725
0.821	0.000595816
0.822	0.00058338
0.823	0.000585173
0.824	0.000594821
0.825	0.000587397
0.826	0.000571086
0.827	0.000583701
0.828	0.000591247
0.829	0.000576207
0.83	0.000577363
0.831	0.00058853
0.832	0.000575623
0.833	0.000557629
0.834	0.000555713
0.835	0.000559019
0.836	0.000560531
0.837	0.000543851
0.838	0.000536276
0.839	0.000549929
0.84	0.000559006
0.841	0.000549906
0.842	0.00053881
0.843	0.000534757
0.844	0.000537841
0.845	0.000539196
0.846	0.000528071
0.847	0.000524634
0.848	0.000525104
0.849	0.000525443
0.85	0.000532325
0.851	0.000531115
0.852	0.000534247
0.853	0.000544481
0.854	0.00053217
0.855	0.000525955
0.856	0.00053645
0.857	0.000541819
0.858	0.000536368
0.859	0.000526027
0.86	0.000526991
0.861	0.000526617
0.862	0.000523872
0.863	0.000522273
0.864	0.000516783
0.865	0.000509345
0.866	0.000491079
0.867	0.00048241
0.868	0.000495433
0.869	0.000493989
0.87	0.000486365
0.871	0.000484985
0.872	0.000491283
0.873	0.000504386
0.874	0.00048431
0.875	0.000470399
0.876	0.00048301
0.877	0.000484285
0.878	0.00046765
0.879	0.000454568
0.88	0.000465804
0.881	0.000464992
0.882	0.000452277
0.883	0.000445437
0.884	0.00044817
0.885	0.000456945
0.886	0.00044731
0.887	0.000437294
0.888	0.000434902
0.889	0.000434654
0.89	0.000427885
0.891	0.000423883
0.892	0.000419027
0.893	0.000424078
0.894	0.000423889
0.895	0.000420545
0.896	0.000423589
0.897	0.000420414
0.898	0.000412882
0.899	0.000405213
0.9	0.00040325
0.901	0.000404361
0.902	0.0003906
0.903	0.000378925
0.904	0.000379818
0.905	0.000381905
0.906	0.000384641
0.907	0.000381474
0.908	0.000377402
0.909	0.000378394
0.91	0.000375702
0.911	0.000373937
0.912	0.000370042
0.913	0.000368454
0.914	0.000365041
0.915	0.000362271
0.916	0.000355642
0.917	0.000349399
0.918	0.000349264
0.919	0.000346112
0.92	0.000337815
0.921	0.000326143
0.922	0.000318915
0.923	0.000324216
0.924	0.000318897
0.925	0.000314742
0.926	0.000316878
0.927	0.000311905
0.928	0.000299588
0.929	0.000297853
0.93	0.00030347
0.931	0.000301471
0.932	0.000296949
0.933	0.000288915
0.934	0.000290203
0.935	0.00029763
0.936	0.000295821
0.937	0.000285683
0.938	0.000286286
0.939	0.000289111
0.94	0.000278339
0.941	0.000270857
0.942	0.000275655
0.943	0.000283199
0.944	0.000283787
0.945	0.000277576
0.946	0.000270659
0.947	0.000262114
0.948	0.000261885
0.949	0.000266854
0.95	0.000261284
0.951	0.000247883
0.952	0.000241667
0.953	0.000242275
0.954	0.000245076
0.955	0.000249019
0.956	0.000249299
0.957	0.000244227
0.958	0.000238888
0.959	0.000244822
0.96	0.000244364
0.961	0.000239626
0.962	0.000239331
0.963	0.000239046
0.964	0.000237341
0.965	0.000229524
0.966	0.000223861
0.967	0.000226753
0.968	0.000224228
0.969	0.000218572
0.97	0.000220608
0.971	0.000224557
0.972	0.000222892
0.973	0.000220322
0.974	0.000222037
0.975	0.000224142
0.976	0.000225309
0.977	0.000233727
0.978	0.000256363
0.979	0.00028154
0.98	0.000302605
0.981	0.000314553
0.982	0.000321745
0.983	0.000325776
0.984	0.000321903
0.985	0.000312811
0.986	0.000293508
0.987	0.000268009
0.988	0.000254018
0.989	0.000246756
0.99	0.000237904
0.991	0.000241919
0.992	0.000258043
0.993	0.000287826
0.994	0.000355595
0.995	0.00046676
0.996	0.000618201
0.997	0.000760019
0.998	0.000849382
0.999	0.000862721
1	0.000804274
1.001	0.000716356
1.002	0.000614487
1.003	0.000524072
1.004	0.00045802
1.005	0.000418848
1.006	0.000406521
1.007	0.000413261
1.008	0.000435865
1.009	0.000473402
1.01	0.000515209
1.011	0.000559788
1.012	0.000599705
1.013	0.000638674
1.014	0.000667635
1.015	0.00068218
1.016	0.000685483
1.017	0.000685874
1.018	0.000682696
1.019	0.000673972
1.02	0.000666094
1.021	0.00068277
1.022	0.000727374
1.023	0.000804791
1.024	0.000915107
1.025	0.001070933
1.026	0.001275929
1.027	0.001517928
1.028	0.001781479
1.029	0.002015612
1.03	0.002178849
1.031	0.00224708
1.032	0.002213337
1.033	0.002100404
1.034	0.001944322
1.035	0.001768005
1.036	0.001593644
1.037	0.001433316
1.038	0.001314517
1.039	0.00123832
1.04	0.001185562
1.041	0.001160097
1.042	0.001158617
1.043	0.001188318
1.044	0.001245705
1.045	0.001334579
1.046	0.00145845
1.047	0.001611467
1.048	0.001780747
1.049	0.001961635
1.05	0.002145748
1.051	0.002313506
1.052	0.002447712
1.053	0.002555266
1.054	0.002637755
1.055	0.002681901
1.056	0.002696586
1.057	0.00270264
1.058	0.002728789
1.059	0.002794062
1.06	0.002920804
1.061	0.003130928
1.062	0.003445139
1.063	0.003892572
1.064	0.004478405
1.065	0.005210718
1.066	0.006071981
1.067	0.00700777
1.068	0.007900331
1.069	0.008627667
1.07	0.009100328
1.071	0.009266273
1.072	0.00914262
1.073	0.008764541
1.074	0.008231792
1.075	0.00763061
1.076	0.007025845
1.077	0.006484798
1.078	0.006035094
1.079	0.005691381
1.08	0.005265647
1.081	0.004757375
1.082	0.004516112
1.083	0.004312529
1.084	0.004077383
1.085	0.0037299
1.086	0.003601298
1.087	0.003642426
1.088	0.003475433
1.089	0.003490735
1.09	0.003514009
1.091	0.003660837
1.092	0.003886493
1.093	0.004157474
1.094	0.004084394
1.095	0.003685437
1.096	0.003759708
1.097	0.004065665
1.098	0.004301422
1.099	0.004109681
1.1	0.00366527
#  Pléiades Neo PNEO3 Band 2 Blue
#
#  Wavelength
#   (microns)	Relative response
#  __________	___________
0.35	9.08392E-06
0.351	1.21818E-05
0.352	1.46218E-05
0.353	1.6885E-05
0.354	1.77077E-05
0.355	1.8585E-05
0.356	1.88979E-05
0.357	1.8907E-05
0.358	1.94132E-05
0.359	1.95956E-05
0.36	1.97252E-05
0.361	1.99142E-05
0.362	2.01389E-05
0.363	2.06012E-05
0.364	2.1164E-05
0.365	2.12307E-05
0.366	2.08963E-05
0.367	2.05609E-05
0.368	2.022E-05
0.369	2.00953E-05
0.37	1.97391E-05
0.371	1.97735E-05
0.372	1.95719E-05
0.373	1.96443E-05
0.374	2.01993E-05
0.375	2.04991E-05
0.376	2.04709E-05
0.377	2.0523E-05
0.378	2.06258E-05
0.379	2.06896E-05
0.38	2.11399E-05
0.381	2.11795E-05
0.382	2.12295E-05
0.383	2.13313E-05
0.384	2.15362E-05
0.385	2.18319E-05
0.386	2.2226E-05
0.387	2.30115E-05
0.388	2.39016E-05
0.389	2.47534E-05
0.39	2.57362E-05
0.391	2.69451E-05
0.392	2.81828E-05
0.393	2.9822E-05
0.394	3.18098E-05
0.395	3.37217E-05
0.396	3.61965E-05
0.397	3.89344E-05
0.398	4.18122E-05
0.399	4.48784E-05
0.4	4.78562E-05
0.401	5.11347E-05
0.402	5.51681E-05
0.403	5.94231E-05
0.404	6.39106E-05
0.405	6.85409E-05
0.406	7.30464E-05
0.407	7.82052E-05
0.408	8.28881E-05
0.409	8.83458E-05
0.41	9.53707E-05
0.411	0.000102468
0.412	0.00010942
0.413	0.000117408
0.414	0.000126747
0.415	0.000136288
0.416	0.000143363
0.417	0.00014672
0.418	0.000148808
0.419	0.000155257
0.42	0.000171297
0.421	0.000200822
0.422	0.000241105
0.423	0.000281971
0.424	0.000312644
0.425	0.000337473
0.426	0.000360507
0.427	0.000374187
0.428	0.00037521
0.429	0.000368037
0.43	0.000367313
0.431	0.00039377
0.432	0.000463924
0.433	0.000678334
0.434	0.001274008
0.435	0.002689779
0.436	0.005547927
0.437	0.011147739
0.438	0.021865779
0.439	0.04022317
0.44	0.068015307
0.441	0.107308461
0.442	0.162005954
0.443	0.235550585
0.444	0.32443587
0.445	0.416824904
0.446	0.499395546
0.447	0.565705924
0.448	0.614346466
0.449	0.643538967
0.45	0.654585493
0.451	0.653245165
0.452	0.648269636
0.453	0.647747168
0.454	0.655439067
0.455	0.671319243
0.456	0.693723336
0.457	0.718451227
0.458	0.739344164
0.459	0.752522557
0.46	0.759481234
0.461	0.76193988
0.462	0.763293314
0.463	0.765320682
0.464	0.77062176
0.465	0.78068493
0.466	0.794178246
0.467	0.806734568
0.468	0.814988024
0.469	0.81867403
0.47	0.82081961
0.471	0.824948047
0.472	0.83253264
0.473	0.841975987
0.474	0.849426636
0.475	0.853148158
0.476	0.854668689
0.477	0.858941774
0.478	0.867029083
0.479	0.877467246
0.48	0.88617654
0.481	0.891346064
0.482	0.895438736
0.483	0.901829739
0.484	0.911317065
0.485	0.921698815
0.486	0.929369163
0.487	0.933151681
0.488	0.933437393
0.489	0.933591699
0.49	0.937045995
0.491	0.944674688
0.492	0.95503281
0.493	0.962486875
0.494	0.964302159
0.495	0.960903576
0.496	0.958462662
0.497	0.962298612
0.498	0.971758674
0.499	0.980704887
0.5	0.984197469
0.501	0.983224183
0.502	0.984574129
0.503	0.991626924
0.504	0.999523559
0.505	1
0.506	0.990508097
0.507	0.978155381
0.508	0.969976553
0.509	0.967055306
0.51	0.962859464
0.511	0.95072145
0.512	0.935468809
0.513	0.929477774
0.514	0.937728455
0.515	0.949627884
0.516	0.945004055
0.517	0.902830839
0.518	0.815592074
0.519	0.691206884
0.52	0.54689681
0.521	0.405532619
0.522	0.28739489
0.523	0.202330134
0.524	0.148366736
0.525	0.115191964
0.526	0.09212547
0.527	0.072577478
0.528	0.054545535
0.529	0.03894071
0.53	0.027005155
0.531	0.019633003
0.532	0.015692121
0.533	0.013405083
0.534	0.011858856
0.535	0.010444504
0.536	0.008748419
0.537	0.006897664
0.538	0.005181061
0.539	0.003825845
0.54	0.002887405
0.541	0.002287111
0.542	0.001911726
0.543	0.001659325
0.544	0.00146088
0.545	0.001285424
0.546	0.001130689
0.547	0.001004964
0.548	0.00091331
0.549	0.000863759
0.55	0.000848345
0.551	0.000852252
0.552	0.000853909
0.553	0.000825712
0.554	0.000768772
0.555	0.000697199
0.556	0.000629443
0.557	0.00058297
0.558	0.000567388
0.559	0.000578365
0.56	0.000610975
0.561	0.000653017
0.562	0.000675259
0.563	0.000659368
0.564	0.000613721
0.565	0.000561022
0.566	0.000516763
0.567	0.000487885
0.568	0.000471983
0.569	0.000459636
0.57	0.000445224
0.571	0.000424761
0.572	0.000403545
0.573	0.000385878
0.574	0.000371605
0.575	0.00036831
0.576	0.000374111
0.577	0.000386907
0.578	0.000402637
0.579	0.000409692
0.58	0.000399877
0.581	0.000378417
0.582	0.000355065
0.583	0.000337095
0.584	0.000324777
0.585	0.000319959
0.586	0.000320395
0.587	0.000324551
0.588	0.000336778
0.589	0.000355035
0.59	0.00037633
0.591	0.000392378
0.592	0.000400375
0.593	0.000404617
0.594	0.000410518
0.595	0.0004308
0.596	0.000467725
0.597	0.000505736
0.598	0.000518662
0.599	0.000493334
0.6	0.000447089
0.601	0.00040245
0.602	0.000368652
0.603	0.000354615
0.604	0.000364152
0.605	0.000420477
0.606	0.000569864
0.607	0.000769649
0.608	0.000858449
0.609	0.000775717
0.61	0.000618682
0.611	0.000490086
0.612	0.000407454
0.613	0.000373948
0.614	0.000378596
0.615	0.000394114
0.616	0.000397519
0.617	0.000379087
0.618	0.00034836
0.619	0.000318235
0.62	0.000295926
0.621	0.000286713
0.622	0.000311199
0.623	0.000505419
0.624	0.001003166
0.625	0.001414754
0.626	0.001311979
0.627	0.000908626
0.628	0.000599674
0.629	0.000396903
0.63	0.000289226
0.631	0.000249597
0.632	0.000239552
0.633	0.000237828
0.634	0.000236483
0.635	0.000235379
0.636	0.000233853
0.637	0.000233282
0.638	0.000237566
0.639	0.000284179
0.64	0.000605172
0.641	0.001470423
0.642	0.002251631
0.643	0.002157007
0.644	0.001453421
0.645	0.000903161
0.646	0.000538508
0.647	0.000328511
0.648	0.000248774
0.649	0.000227751
0.65	0.000228071
0.651	0.000243422
0.652	0.000313972
0.653	0.000555263
0.654	0.000994821
0.655	0.001318432
0.656	0.001290209
0.657	0.001051691
0.658	0.000846563
0.659	0.000720013
0.66	0.000637059
0.661	0.000543933
0.662	0.000438292
0.663	0.000344186
0.664	0.000275539
0.665	0.000233428
0.666	0.000209476
0.667	0.000199047
0.668	0.00019403
0.669	0.000190239
0.67	0.000189194
0.671	0.000191473
0.672	0.00019875
0.673	0.00023275
0.674	0.000360425
0.675	0.000600864
0.676	0.000758896
0.677	0.000695467
0.678	0.000519091
0.679	0.00037558
0.68	0.000281244
0.681	0.000222933
0.682	0.000191796
0.683	0.000179736
0.684	0.000178461
0.685	0.000179837
0.686	0.000184045
0.687	0.000193183
0.688	0.000205855
0.689	0.000222209
0.69	0.000232702
0.691	0.00023284
0.692	0.000225956
0.693	0.000214719
0.694	0.000205716
0.695	0.000203455
0.696	0.000209054
0.697	0.000232232
0.698	0.000282347
0.699	0.000343636
0.7	0.000371972
0.701	0.000347503
0.702	0.00029491
0.703	0.000245789
0.704	0.000208022
0.705	0.000178013
0.706	0.000160437
0.707	0.000153538
0.708	0.000150357
0.709	0.000145175
0.71	0.000142846
0.711	0.000144876
0.712	0.000154323
0.713	0.000181416
0.714	0.00023981
0.715	0.000316318
0.716	0.000362163
0.717	0.000346018
0.718	0.000290124
0.719	0.000239137
0.72	0.000197854
0.721	0.000165589
0.722	0.000149356
0.723	0.000140558
0.724	0.000133136
0.725	0.000132678
0.726	0.000140259
0.727	0.000154883
0.728	0.000186588
0.729	0.000242687
0.73	0.000303865
0.731	0.00033447
0.732	0.000317449
0.733	0.000275669
0.734	0.000232775
0.735	0.00019771
0.736	0.000172135
0.737	0.000156464
0.738	0.000150498
0.739	0.000154964
0.74	0.000168438
0.741	0.000192965
0.742	0.000225998
0.743	0.000258299
0.744	0.000286082
0.745	0.000310466
0.746	0.000327712
0.747	0.000343006
0.748	0.00037938
0.749	0.000427803
0.75	0.000449232
0.751	0.000411053
0.752	0.00032535
0.753	0.000240077
0.754	0.000178292
0.755	0.000131415
0.756	0.000102294
0.757	8.67969E-05
0.758	7.34786E-05
0.759	6.42699E-05
0.76	5.99938E-05
0.761	5.69148E-05
0.762	5.62757E-05
0.763	5.52425E-05
0.764	5.18971E-05
0.765	4.80006E-05
0.766	4.52759E-05
0.767	4.39629E-05
0.768	4.14493E-05
0.769	3.87659E-05
0.77	3.94308E-05
0.771	3.93429E-05
0.772	3.45277E-05
0.773	2.90375E-05
0.774	3.06258E-05
0.775	3.07676E-05
0.776	2.90716E-05
0.777	2.66436E-05
0.778	2.77569E-05
0.779	2.90934E-05
0.78	3.0228E-05
0.781	3.07272E-05
0.782	3.1763E-05
0.783	3.45343E-05
0.784	3.61702E-05
0.785	3.45388E-05
0.786	3.27991E-05
0.787	3.19193E-05
0.788	3.01383E-05
0.789	2.90994E-05
0.79	2.89712E-05
0.791	2.68375E-05
0.792	2.91267E-05
0.793	4.48444E-05
0.794	7.50054E-05
0.795	0.000152357
0.796	0.000258443
0.797	0.000335372
0.798	0.000384326
0.799	0.000465676
0.8	0.000522438
0.801	0.000537538
0.802	0.000549948
0.803	0.000555951
0.804	0.000537355
0.805	0.000532247
0.806	0.000521666
0.807	0.000535498
0.808	0.000521268
0.809	0.000498521
0.81	0.000497927
0.811	0.000508237
0.812	0.000502021
0.813	0.000489867
0.814	0.000468087
0.815	0.000460421
0.816	0.000466846
0.817	0.000465991
0.818	0.000460425
0.819	0.000458867
0.82	0.000452758
0.821	0.000420386
0.822	0.000394085
0.823	0.000392337
0.824	0.00039406
0.825	0.000392097
0.826	0.000382283
0.827	0.000375164
0.828	0.000358632
0.829	0.000349459
0.83	0.000335765
0.831	0.000318926
0.832	0.000296173
0.833	0.000280627
0.834	0.000281739
0.835	0.000270384
0.836	0.000252777
0.837	0.000231942
0.838	0.00022385
0.839	0.000219993
0.84	0.000212964
0.841	0.000194537
0.842	0.00017997
0.843	0.00016979
0.844	0.000152107
0.845	0.000133093
0.846	0.000126848
0.847	0.000130801
0.848	0.000123123
0.849	0.000104552
0.85	9.67509E-05
0.851	8.8561E-05
0.852	8.0537E-05
0.853	8.29148E-05
0.854	6.62979E-05
0.855	5.24905E-05
0.856	5.71877E-05
0.857	5.98244E-05
0.858	4.82029E-05
0.859	3.93307E-05
0.86	3.99201E-05
0.861	3.96623E-05
0.862	4.0511E-05
0.863	4.40843E-05
0.864	4.46798E-05
0.865	4.0962E-05
0.866	4.13509E-05
0.867	4.71115E-05
0.868	5.29487E-05
0.869	5.80475E-05
0.87	6.52811E-05
0.871	7.06453E-05
0.872	7.52551E-05
0.873	8.1448E-05
0.874	8.82278E-05
0.875	9.7561E-05
0.876	0.000107629
0.877	0.000117809
0.878	0.000127456
0.879	0.000132145
0.88	0.00013533
0.881	0.000142258
0.882	0.000150392
0.883	0.000156419
0.884	0.000162567
0.885	0.000165358
0.886	0.000165373
0.887	0.000167438
0.888	0.000171269
0.889	0.000174234
0.89	0.000172815
0.891	0.000166249
0.892	0.00016237
0.893	0.000163836
0.894	0.000167088
0.895	0.000162616
0.896	0.000154643
0.897	0.000150742
0.898	0.000149713
0.899	0.000151453
0.9	0.000154652
0.901	0.000150941
0.902	0.000143558
0.903	0.000141298
0.904	0.000146564
0.905	0.000150798
0.906	0.000151773
0.907	0.000154881
0.908	0.000161953
0.909	0.00017103
0.91	0.000183375
0.911	0.000200647
0.912	0.000224448
0.913	0.000256389
0.914	0.000295944
0.915	0.000345765
0.916	0.000414326
0.917	0.000501638
0.918	0.000606908
0.919	0.000734742
0.92	0.000884364
0.921	0.001054846
0.922	0.00124213
0.923	0.001443202
0.924	0.00165408
0.925	0.001868115
0.926	0.002084801
0.927	0.002300918
0.928	0.002510189
0.929	0.002714569
0.93	0.002910439
0.931	0.003103908
0.932	0.003297571
0.933	0.003488288
0.934	0.003658385
0.935	0.003817573
0.936	0.00397046
0.937	0.004105744
0.938	0.004204266
0.939	0.004285511
0.94	0.004317185
0.941	0.004325831
0.942	0.004284168
0.943	0.004208183
0.944	0.004083012
0.945	0.003920732
0.946	0.003666038
0.947	0.003337388
0.948	0.003066504
0.949	0.002841702
0.95	0.002522092
0.951	0.002140353
0.952	0.001862273
0.953	0.00159031
0.954	0.001355398
0.955	0.00116748
0.956	0.00100794
0.957	0.000865873
0.958	0.000725973
0.959	0.000594245
0.96	0.000495637
0.961	0.000417638
0.962	0.000351432
0.963	0.000295842
0.964	0.000249773
0.965	0.000211109
0.966	0.000179608
0.967	0.000153465
0.968	0.000131038
0.969	0.000112742
0.97	9.68725E-05
0.971	8.34929E-05
0.972	7.27987E-05
0.973	6.34865E-05
0.974	5.52622E-05
0.975	4.84483E-05
0.976	4.23189E-05
0.977	3.72041E-05
0.978	3.20592E-05
0.979	2.78792E-05
0.98	2.47088E-05
0.981	2.18178E-05
0.982	1.90857E-05
0.983	1.70373E-05
0.984	1.58427E-05
0.985	1.45105E-05
0.986	1.25526E-05
0.987	1.09284E-05
0.988	1.07384E-05
0.989	1.09114E-05
0.99	1.0038E-05
0.991	8.89572E-06
0.992	8.19254E-06
0.993	8.29949E-06
0.994	8.51831E-06
0.995	8.23657E-06
0.996	7.86203E-06
0.997	7.39635E-06
0.998	7.98969E-06
0.999	8.61746E-06
1	8.34425E-06
1.001	7.92938E-06
1.002	8.28956E-06
1.003	8.6649E-06
1.004	8.42561E-06
1.005	8.16449E-06
1.006	8.38702E-06
1.007	8.8303E-06
1.008	8.87389E-06
1.009	8.68581E-06
1.01	8.89721E-06
1.011	9.31538E-06
1.012	8.85799E-06
1.013	8.84031E-06
1.014	9.2084E-06
1.015	9.38383E-06
1.016	9.12268E-06
1.017	8.90539E-06
1.018	9.01778E-06
1.019	1.02881E-05
1.02	1.07609E-05
1.021	9.73087E-06
1.022	8.71775E-06
1.023	8.65501E-06
1.024	9.51638E-06
1.025	1.07867E-05
1.026	1.107E-05
1.027	9.4999E-06
1.028	9.2461E-06
1.029	1.04508E-05
1.03	1.07312E-05
1.031	1.04114E-05
1.032	1.01426E-05
1.033	1.06784E-05
1.034	1.11972E-05
1.035	1.07087E-05
1.036	1.07369E-05
1.037	1.17058E-05
1.038	1.1472E-05
1.039	1.09416E-05
1.04	1.09453E-05
1.041	1.13206E-05
1.042	1.20832E-05
1.043	1.21852E-05
1.044	1.13498E-05
1.045	1.07477E-05
1.046	1.10075E-05
1.047	1.1219E-05
1.048	1.09977E-05
1.049	1.08871E-05
1.05	1.06105E-05
1.051	1.06448E-05
1.052	1.12245E-05
1.053	1.08832E-05
1.054	1.01227E-05
1.055	9.78444E-06
1.056	1.0493E-05
1.057	1.01948E-05
1.058	9.24759E-06
1.059	9.30555E-06
1.06	9.58562E-06
1.061	9.55186E-06
1.062	9.28329E-06
1.063	9.34856E-06
1.064	9.27666E-06
1.065	9.58783E-06
1.066	9.59859E-06
1.067	8.81588E-06
1.068	8.52052E-06
1.069	9.08469E-06
1.07	8.99857E-06
1.071	8.43231E-06
1.072	8.49455E-06
1.073	8.58848E-06
1.074	8.55484E-06
1.075	8.11558E-06
1.076	8.19189E-06
1.077	8.44927E-06
1.078	7.97997E-06
1.079	7.46443E-06
1.08	6.99351E-06
1.081	6.62055E-06
1.082	6.75722E-06
1.083	6.65175E-06
1.084	5.91906E-06
1.085	6.28792E-06
1.086	6.85361E-06
1.087	5.97907E-06
1.088	4.87154E-06
1.089	5.30508E-06
1.09	6.27891E-06
1.091	6.22255E-06
1.092	4.91879E-06
1.093	4.27773E-06
1.094	4.1161E-06
1.095	3.46713E-06
1.096	2.64612E-06
1.097	1.85631E-06
1.098	1.78873E-06
1.099	1.57744E-06
1.1	1.39735E-06
#  Pléiades Neo PNEO3 Band 3 Green
#
#  Wavelength
#   (microns)	Relative response
#  __________	___________
0.35	1.35519E-06
0.351	2.26707E-06
0.352	2.7792E-06
0.353	2.82055E-06
0.354	2.89409E-06
0.355	2.67992E-06
0.356	2.4764E-06
0.357	2.56996E-06
0.358	2.64556E-06
0.359	2.75062E-06
0.36	2.65183E-06
0.361	2.91578E-06
0.362	2.99091E-06
0.363	3.01857E-06
0.364	3.03318E-06
0.365	3.09775E-06
0.366	3.10486E-06
0.367	3.02846E-06
0.368	3.09415E-06
0.369	2.98601E-06
0.37	2.92646E-06
0.371	2.94342E-06
0.372	3.07123E-06
0.373	3.13896E-06
0.374	3.07449E-06
0.375	3.05545E-06
0.376	3.03651E-06
0.377	2.86397E-06
0.378	2.92466E-06
0.379	3.02295E-06
0.38	3.12323E-06
0.381	3.11649E-06
0.382	3.20109E-06
0.383	3.25878E-06
0.384	3.28138E-06
0.385	3.49823E-06
0.386	3.74391E-06
0.387	4.07914E-06
0.388	4.28321E-06
0.389	4.3084E-06
0.39	4.56654E-06
0.391	4.75743E-06
0.392	5.10927E-06
0.393	5.36147E-06
0.394	5.43072E-06
0.395	5.69236E-06
0.396	6.21852E-06
0.397	7.04076E-06
0.398	7.6519E-06
0.399	8.67028E-06
0.4	1.0483E-05
0.401	1.28594E-05
0.402	1.59089E-05
0.403	1.97941E-05
0.404	2.61485E-05
0.405	4.19824E-05
0.406	7.14191E-05
0.407	0.000111531
0.408	0.000152483
0.409	0.000196361
0.41	0.000295236
0.411	0.00060011
0.412	0.001470213
0.413	0.003594457
0.414	0.007557637
0.415	0.012235117
0.416	0.014418834
0.417	0.011815542
0.418	0.006454304
0.419	0.002157693
0.42	0.000433767
0.421	7.48272E-05
0.422	2.98128E-05
0.423	2.39689E-05
0.424	2.38316E-05
0.425	2.4419E-05
0.426	2.57105E-05
0.427	2.66375E-05
0.428	2.71895E-05
0.429	2.794E-05
0.43	2.77687E-05
0.431	2.83093E-05
0.432	2.89832E-05
0.433	2.89665E-05
0.434	2.85918E-05
0.435	2.88796E-05
0.436	2.95375E-05
0.437	3.03798E-05
0.438	3.15907E-05
0.439	3.25501E-05
0.44	3.32837E-05
0.441	3.49837E-05
0.442	3.46261E-05
0.443	3.54243E-05
0.444	3.57329E-05
0.445	3.437E-05
0.446	3.55848E-05
0.447	3.70079E-05
0.448	3.71292E-05
0.449	3.82398E-05
0.45	3.74386E-05
0.451	3.71947E-05
0.452	3.86898E-05
0.453	3.99076E-05
0.454	4.05693E-05
0.455	3.95846E-05
0.456	3.81874E-05
0.457	3.93991E-05
0.458	4.01187E-05
0.459	4.08339E-05
0.46	4.22335E-05
0.461	4.29094E-05
0.462	4.49348E-05
0.463	4.46609E-05
0.464	4.26299E-05
0.465	4.34197E-05
0.466	4.40955E-05
0.467	4.46175E-05
0.468	4.37824E-05
0.469	4.3012E-05
0.47	4.29307E-05
0.471	4.54758E-05
0.472	4.60622E-05
0.473	4.30885E-05
0.474	4.50004E-05
0.475	4.7396E-05
0.476	4.88513E-05
0.477	4.73979E-05
0.478	4.49518E-05
0.479	4.25347E-05
0.48	4.16302E-05
0.481	4.16361E-05
0.482	4.44489E-05
0.483	4.56005E-05
0.484	4.47995E-05
0.485	4.47768E-05
0.486	4.49689E-05
0.487	4.68361E-05
0.488	4.6228E-05
0.489	4.88831E-05
0.49	5.03331E-05
0.491	5.12462E-05
0.492	5.42805E-05
0.493	5.39536E-05
0.494	5.35843E-05
0.495	5.39437E-05
0.496	5.3356E-05
0.497	5.20315E-05
0.498	5.42496E-05
0.499	5.38101E-05
0.5	5.27393E-05
0.501	5.49684E-05
0.502	5.53685E-05
0.503	6.03345E-05
0.504	6.84417E-05
0.505	7.87742E-05
0.506	9.77576E-05
0.507	0.00011474
0.508	0.000128309
0.509	0.000138408
0.51	0.000146545
0.511	0.00015582
0.512	0.000171206
0.513	0.000196135
0.514	0.000228628
0.515	0.000274049
0.516	0.000338324
0.517	0.000429361
0.518	0.000582325
0.519	0.000900198
0.52	0.001532646
0.521	0.002926069
0.522	0.005842453
0.523	0.010141011
0.524	0.015727519
0.525	0.022224994
0.526	0.029467643
0.527	0.038755893
0.528	0.053780007
0.529	0.081852958
0.53	0.134242393
0.531	0.221981418
0.532	0.346835461
0.533	0.49215542
0.534	0.628204906
0.535	0.731470553
0.536	0.796171515
0.537	0.832369646
0.538	0.852182049
0.539	0.863162585
0.54	0.868648855
0.541	0.870168517
0.542	0.871351662
0.543	0.874749141
0.544	0.879075391
0.545	0.882394263
0.546	0.883808487
0.547	0.884105885
0.548	0.886025467
0.549	0.891209726
0.55	0.898019048
0.551	0.902695289
0.552	0.903914518
0.553	0.902757467
0.554	0.90236189
0.555	0.904443844
0.556	0.907897437
0.557	0.910058131
0.558	0.909331142
0.559	0.908127237
0.56	0.910499213
0.561	0.918385727
0.562	0.931851432
0.563	0.947835018
0.564	0.962914382
0.565	0.974878121
0.566	0.982209927
0.567	0.984833878
0.568	0.984173699
0.569	0.981393187
0.57	0.979479406
0.571	0.979016947
0.572	0.978332367
0.573	0.974340831
0.574	0.965982185
0.575	0.956405387
0.576	0.952657433
0.577	0.95876548
0.578	0.974567102
0.579	0.991424812
0.58	1
0.581	0.997304545
0.582	0.987688394
0.583	0.978072421
0.584	0.968570279
0.585	0.954067867
0.586	0.92706541
0.587	0.881053554
0.588	0.808504822
0.589	0.699641288
0.59	0.555115195
0.591	0.396189061
0.592	0.254988567
0.593	0.152993355
0.594	0.09075529
0.595	0.055901695
0.596	0.036188515
0.597	0.024271864
0.598	0.016640826
0.599	0.011582918
0.6	0.008352859
0.601	0.006459105
0.602	0.005256306
0.603	0.004684656
0.604	0.004152038
0.605	0.003883593
0.606	0.003760645
0.607	0.003542395
0.608	0.003076274
0.609	0.002415457
0.61	0.001729096
0.611	0.001184188
0.612	0.000826165
0.613	0.000621041
0.614	0.000501656
0.615	0.000428465
0.616	0.00037371
0.617	0.000315693
0.618	0.000232971
0.619	0.000148394
0.62	8.89319E-05
0.621	4.11888E-05
0.622	3.5057E-05
0.623	4.84185E-05
0.624	5.94092E-05
0.625	6.78117E-05
0.626	7.00715E-05
0.627	7.31868E-05
0.628	7.66016E-05
0.629	7.7099E-05
0.63	7.69284E-05
0.631	7.77603E-05
0.632	7.60125E-05
0.633	7.28709E-05
0.634	6.90945E-05
0.635	6.64806E-05
0.636	5.9909E-05
0.637	5.32275E-05
0.638	4.84468E-05
0.639	4.71512E-05
0.64	5.14359E-05
0.641	6.28805E-05
0.642	7.3915E-05
0.643	8.22895E-05
0.644	8.6105E-05
0.645	8.67026E-05
0.646	8.29144E-05
0.647	7.67776E-05
0.648	7.25034E-05
0.649	7.16752E-05
0.65	7.80686E-05
0.651	8.94439E-05
0.652	0.000101372
0.653	0.000106947
0.654	0.000106526
0.655	0.000110162
0.656	0.000114534
0.657	0.000113764
0.658	0.000113034
0.659	0.000113903
0.66	0.000112231
0.661	0.00011468
0.662	0.000113579
0.663	0.000109808
0.664	0.000111638
0.665	0.000112791
0.666	0.000114393
0.667	0.000113798
0.668	0.000113478
0.669	0.000115589
0.67	0.000113682
0.671	0.00010652
0.672	0.000100304
0.673	0.000101017
0.674	0.000105194
0.675	0.000109862
0.676	0.000115267
0.677	0.000118353
0.678	0.000115874
0.679	0.000116339
0.68	0.000117695
0.681	0.0001157
0.682	0.000116104
0.683	0.000105797
0.684	8.2886E-05
0.685	6.62284E-05
0.686	6.83447E-05
0.687	8.58476E-05
0.688	0.000107128
0.689	0.000118739
0.69	0.000122004
0.691	0.000124296
0.692	0.000125152
0.693	0.00012792
0.694	0.000129731
0.695	0.000129636
0.696	0.000129773
0.697	0.000129822
0.698	0.000129148
0.699	0.000130361
0.7	0.000131578
0.701	0.000130775
0.702	0.000125982
0.703	0.000117488
0.704	0.000113904
0.705	0.000119656
0.706	0.000125972
0.707	0.000129256
0.708	0.000131629
0.709	0.000132292
0.71	0.000131709
0.711	0.000130541
0.712	0.000129301
0.713	0.000128638
0.714	0.000129185
0.715	0.000130244
0.716	0.000133715
0.717	0.00013726
0.718	0.000141144
0.719	0.000141582
0.72	0.000139578
0.721	0.000138449
0.722	0.000127331
0.723	9.63698E-05
0.724	6.80707E-05
0.725	5.68409E-05
0.726	5.61647E-05
0.727	8.5371E-05
0.728	0.000109222
0.729	0.000122946
0.73	0.000135293
0.731	0.000138185
0.732	0.000136502
0.733	0.0001399
0.734	0.000139645
0.735	0.000127072
0.736	0.000125322
0.737	0.000204613
0.738	0.000314937
0.739	0.000307925
0.74	0.000233766
0.741	0.000187235
0.742	0.000143172
0.743	0.000128273
0.744	0.000135947
0.745	0.000138173
0.746	0.000138266
0.747	0.000136638
0.748	0.000135878
0.749	0.000134469
0.75	0.000132521
0.751	0.000127668
0.752	0.000114372
0.753	8.76087E-05
0.754	8.38283E-05
0.755	0.00011426
0.756	0.000121589
0.757	0.000105346
0.758	0.000101686
0.759	0.000209619
0.76	0.000606971
0.761	0.001203078
0.762	0.001571028
0.763	0.00142053
0.764	0.000965125
0.765	0.000554008
0.766	0.00027264
0.767	0.00012931
0.768	0.00011084
0.769	0.000119706
0.77	0.000119833
0.771	0.000105264
0.772	0.000102543
0.773	0.000204968
0.774	0.000438441
0.775	0.000628241
0.776	0.000612705
0.777	0.000455527
0.778	0.000312675
0.779	0.000202951
0.78	0.000132842
0.781	0.000114521
0.782	0.000115861
0.783	0.000117566
0.784	0.000117506
0.785	0.000112873
0.786	0.000107456
0.787	0.000106022
0.788	0.000110845
0.789	0.000114867
0.79	0.000121732
0.791	0.000131202
0.792	0.000136538
0.793	0.000142421
0.794	0.000162238
0.795	0.000179419
0.796	0.000185365
0.797	0.000193314
0.798	0.000246991
0.799	0.000324514
0.8	0.000322984
0.801	0.000300126
0.802	0.000330932
0.803	0.000327451
0.804	0.000292543
0.805	0.00026289
0.806	0.000243974
0.807	0.000218662
0.808	0.000229985
0.809	0.000227156
0.81	0.000188406
0.811	0.000201652
0.812	0.000237931
0.813	0.000234929
0.814	0.000216187
0.815	0.000233705
0.816	0.000207545
0.817	0.000204943
0.818	0.00022186
0.819	0.000242751
0.82	0.000244266
0.821	0.00024724
0.822	0.000248574
0.823	0.000234722
0.824	0.000238863
0.825	0.000265928
0.826	0.000282146
0.827	0.000252751
0.828	0.00024497
0.829	0.000229854
0.83	0.00022482
0.831	0.000207138
0.832	0.000167339
0.833	0.000182254
0.834	0.000230378
0.835	0.000224422
0.836	0.000204855
0.837	0.000223653
0.838	0.000238743
0.839	0.000216645
0.84	0.000192739
0.841	0.000191921
0.842	0.000197586
0.843	0.000200787
0.844	0.000215239
0.845	0.000202516
0.846	0.000193141
0.847	0.000187329
0.848	0.000184365
0.849	0.000191535
0.85	0.000201201
0.851	0.000207773
0.852	0.000197005
0.853	0.00018294
0.854	0.000195075
0.855	0.00021086
0.856	0.000210652
0.857	0.000210442
0.858	0.000217569
0.859	0.000224042
0.86	0.00024819
0.861	0.000268811
0.862	0.00028086
0.863	0.000269565
0.864	0.000265217
0.865	0.000289493
0.866	0.000331793
0.867	0.000369234
0.868	0.000386922
0.869	0.000371871
0.87	0.000380801
0.871	0.000383457
0.872	0.000368404
0.873	0.00037228
0.874	0.000363211
0.875	0.000347808
0.876	0.000330523
0.877	0.00031034
0.878	0.000277874
0.879	0.00025553
0.88	0.000250054
0.881	0.000233143
0.882	0.00021731
0.883	0.000200523
0.884	0.000201776
0.885	0.000211723
0.886	0.000210862
0.887	0.00021518
0.888	0.000218503
0.889	0.000207778
0.89	0.0002042
0.891	0.000206884
0.892	0.000216924
0.893	0.000204902
0.894	0.000181187
0.895	0.000177155
0.896	0.000186952
0.897	0.000186316
0.898	0.000179755
0.899	0.000173817
0.9	0.000176172
0.901	0.000186684
0.902	0.000184842
0.903	0.000172486
0.904	0.000170672
0.905	0.000179214
0.906	0.000194535
0.907	0.000212995
0.908	0.000202489
0.909	0.000203515
0.91	0.000215203
0.911	0.000245301
0.912	0.000283289
0.913	0.00030325
0.914	0.00035171
0.915	0.000417753
0.916	0.000493821
0.917	0.000605076
0.918	0.000735466
0.919	0.000913709
0.92	0.001127941
0.921	0.00137304
0.922	0.001618216
0.923	0.001855257
0.924	0.002086487
0.925	0.002313706
0.926	0.002545629
0.927	0.002731244
0.928	0.002869424
0.929	0.002939353
0.93	0.002921042
0.931	0.002843279
0.932	0.002705791
0.933	0.002535123
0.934	0.002321473
0.935	0.002091236
0.936	0.001872546
0.937	0.001668522
0.938	0.001504378
0.939	0.001390832
0.94	0.001296028
0.941	0.00122463
0.942	0.001176414
0.943	0.00115622
0.944	0.001160676
0.945	0.001168428
0.946	0.001189905
0.947	0.001209779
0.948	0.001237186
0.949	0.001276989
0.95	0.001306852
0.951	0.001321109
0.952	0.001326237
0.953	0.001310616
0.954	0.00127248
0.955	0.001221532
0.956	0.001157383
0.957	0.001064025
0.958	0.000969611
0.959	0.000873815
0.96	0.000780409
0.961	0.000703107
0.962	0.00062225
0.963	0.000541408
0.964	0.000472772
0.965	0.000435605
0.966	0.000402193
0.967	0.000361369
0.968	0.000314556
0.969	0.000273153
0.97	0.000246569
0.971	0.000219079
0.972	0.000205205
0.973	0.000178049
0.974	0.00015591
0.975	0.00014485
0.976	0.00013787
0.977	0.000139528
0.978	0.000128977
0.979	0.000125032
0.98	0.000119963
0.981	0.00011159
0.982	0.000104855
0.983	0.000105527
0.984	0.000104937
0.985	0.000100548
0.986	8.70872E-05
0.987	8.55155E-05
0.988	9.01085E-05
0.989	7.8133E-05
0.99	8.15362E-05
0.991	8.75632E-05
0.992	7.7493E-05
0.993	7.37929E-05
0.994	7.82745E-05
0.995	9.60256E-05
0.996	0.000103954
0.997	9.39357E-05
0.998	8.90381E-05
0.999	8.59056E-05
1	8.43318E-05
1.001	8.48025E-05
1.002	8.14706E-05
1.003	8.97231E-05
1.004	8.69811E-05
1.005	7.35E-05
1.006	7.78633E-05
1.007	7.79237E-05
1.008	7.49189E-05
1.009	6.38685E-05
1.01	6.51178E-05
1.011	7.69061E-05
1.012	7.93869E-05
1.013	8.16582E-05
1.014	8.00986E-05
1.015	7.22998E-05
1.016	7.07297E-05
1.017	7.52798E-05
1.018	7.40103E-05
1.019	7.3617E-05
1.02	7.24033E-05
1.021	7.317E-05
1.022	8.44611E-05
1.023	8.27786E-05
1.024	7.80774E-05
1.025	7.67532E-05
1.026	7.50751E-05
1.027	8.17168E-05
1.028	7.94314E-05
1.029	7.76782E-05
1.03	6.8233E-05
1.031	6.03682E-05
1.032	6.50513E-05
1.033	7.04638E-05
1.034	8.18131E-05
1.035	8.07664E-05
1.036	7.03545E-05
1.037	7.09778E-05
1.038	7.02218E-05
1.039	7.84517E-05
1.04	8.66487E-05
1.041	8.80425E-05
1.042	8.66447E-05
1.043	8.38228E-05
1.044	7.86301E-05
1.045	7.90691E-05
1.046	7.58712E-05
1.047	7.5607E-05
1.048	7.61562E-05
1.049	7.55499E-05
1.05	7.70758E-05
1.051	7.728E-05
1.052	6.59659E-05
1.053	5.62703E-05
1.054	6.16392E-05
1.055	6.53163E-05
1.056	7.26562E-05
1.057	7.16061E-05
1.058	6.28095E-05
1.059	6.80756E-05
1.06	7.92613E-05
1.061	7.33151E-05
1.062	7.80095E-05
1.063	7.54873E-05
1.064	7.58064E-05
1.065	7.77709E-05
1.066	7.58452E-05
1.067	7.28131E-05
1.068	6.40167E-05
1.069	7.1483E-05
1.07	7.40087E-05
1.071	7.20191E-05
1.072	7.73408E-05
1.073	7.39333E-05
1.074	7.53545E-05
1.075	7.15953E-05
1.076	6.62532E-05
1.077	7.78532E-05
1.078	8.99984E-05
1.079	8.48302E-05
1.08	7.48109E-05
1.081	6.27923E-05
1.082	6.51017E-05
1.083	6.87853E-05
1.084	7.08308E-05
1.085	7.87806E-05
1.086	7.60053E-05
1.087	7.12069E-05
1.088	6.33312E-05
1.089	6.15707E-05
1.09	5.31648E-05
1.091	4.96107E-05
1.092	5.58944E-05
1.093	5.53999E-05
1.094	5.06247E-05
1.095	4.15084E-05
1.096	3.2066E-05
1.097	2.28568E-05
1.098	1.56945E-05
1.099	1.21537E-05
1.1	6.96496E-06
#  Pléiades Neo PNEO3 Band 4 Red
#
#  Wavelength
#   (microns)	Relative response
#  __________	___________
0.35	4.04792E-07
0.351	6.46658E-07
0.352	6.8823E-07
0.353	4.98934E-07
0.354	4.61855E-07
0.355	3.28638E-07
0.356	4.30099E-07
0.357	4.44193E-07
0.358	2.57182E-07
0.359	1.04366E-07
0.36	1.26111E-07
0.361	1.64133E-07
0.362	9.16954E-08
0.363	1.2809E-07
0.364	1.98217E-07
0.365	1.97548E-07
0.366	2.59887E-07
0.367	4.93794E-07
0.368	4.19805E-07
0.369	2.06019E-07
0.37	1.40095E-07
0.371	1.43248E-07
0.372	1.38661E-07
0.373	1.15416E-07
0.374	9.46724E-08
0.375	3.51827E-08
0.376	1.8474E-08
0.377	5.83948E-08
0.378	6.57348E-08
0.379	3.4074E-08
0.38	3.27641E-08
0.381	1.34418E-07
0.382	1.86356E-07
0.383	1.17609E-07
0.384	2.1712E-07
0.385	2.70104E-07
0.386	1.92571E-07
0.387	2.85301E-07
0.388	2.79263E-07
0.389	1.72256E-07
0.39	1.65341E-07
0.391	1.94033E-07
0.392	1.45182E-07
0.393	7.23211E-08
0.394	1.0111E-07
0.395	1.9434E-07
0.396	1.73403E-07
0.397	1.20092E-07
0.398	1.95506E-07
0.399	2.83154E-07
0.4	3.52174E-07
0.401	6.96437E-07
0.402	1.09873E-06
0.403	1.17652E-06
0.404	2.1953E-06
0.405	3.82557E-06
0.406	4.62654E-06
0.407	4.46487E-06
0.408	5.28865E-06
0.409	1.1791E-05
0.41	2.9225E-05
0.411	5.54892E-05
0.412	8.28531E-05
0.413	0.000111044
0.414	0.000162447
0.415	0.000293864
0.416	0.000537926
0.417	0.000804212
0.418	0.000960879
0.419	0.00092345
0.42	0.000666835
0.421	0.000319611
0.422	8.63066E-05
0.423	1.33971E-05
0.424	3.70477E-06
0.425	3.18963E-06
0.426	3.12905E-06
0.427	2.6572E-06
0.428	5.34435E-06
0.429	1.53089E-05
0.43	3.30648E-05
0.431	5.24587E-05
0.432	6.77552E-05
0.433	7.68356E-05
0.434	6.90345E-05
0.435	5.49424E-05
0.436	4.21857E-05
0.437	2.88817E-05
0.438	1.43295E-05
0.439	4.84625E-06
0.44	9.85771E-07
0.441	7.92204E-08
0.442	1.89861E-07
0.443	1.04811E-06
0.444	1.29574E-06
0.445	8.49728E-07
0.446	8.71062E-07
0.447	2.91627E-07
0.448	3.99424E-08
0.449	1.25967E-07
0.45	4.88712E-07
0.451	8.52003E-07
0.452	4.22538E-06
0.453	9.84812E-06
0.454	1.79851E-05
0.455	3.25219E-05
0.456	4.38362E-05
0.457	4.34066E-05
0.458	3.42089E-05
0.459	2.47285E-05
0.46	1.31217E-05
0.461	5.16335E-06
0.462	3.52484E-06
0.463	4.93154E-06
0.464	4.02477E-06
0.465	2.75739E-06
0.466	2.1293E-06
0.467	1.43102E-06
0.468	9.77009E-07
0.469	1.94763E-06
0.47	2.54166E-06
0.471	4.59224E-06
0.472	9.95592E-06
0.473	1.83609E-05
0.474	3.46366E-05
0.475	6.01509E-05
0.476	8.74062E-05
0.477	9.55345E-05
0.478	8.45287E-05
0.479	6.45384E-05
0.48	4.3887E-05
0.481	2.3513E-05
0.482	9.88419E-06
0.483	5.73639E-06
0.484	6.95497E-06
0.485	8.71032E-06
0.486	7.7707E-06
0.487	5.57951E-06
0.488	1.29227E-05
0.489	4.07813E-05
0.49	8.32771E-05
0.491	0.000115191
0.492	0.000105587
0.493	7.32391E-05
0.494	5.39582E-05
0.495	3.89081E-05
0.496	1.73258E-05
0.497	4.10841E-06
0.498	9.67077E-07
0.499	2.98223E-07
0.5	1.60564E-07
0.501	5.7832E-08
0.502	7.45212E-08
0.503	4.6619E-07
0.504	2.8718E-06
0.505	6.96909E-06
0.506	1.10944E-05
0.507	1.3944E-05
0.508	1.24461E-05
0.509	1.05236E-05
0.51	8.97958E-06
0.511	4.85595E-06
0.512	2.15611E-06
0.513	1.539E-06
0.514	1.77333E-06
0.515	1.24348E-06
0.516	4.13058E-06
0.517	1.00632E-05
0.518	1.55679E-05
0.519	1.74971E-05
0.52	1.74078E-05
0.521	1.50801E-05
0.522	1.18564E-05
0.523	7.58127E-06
0.524	2.9901E-06
0.525	8.19042E-07
0.526	8.68256E-07
0.527	1.46245E-06
0.528	1.56043E-06
0.529	1.23332E-05
0.53	4.98543E-05
0.531	0.000119285
0.532	0.000220641
0.533	0.000286207
0.534	0.000250967
0.535	0.000174123
0.536	0.000140949
0.537	0.000119316
0.538	5.63027E-05
0.539	1.12661E-05
0.54	1.21665E-06
0.541	6.86462E-07
0.542	1.1518E-06
0.543	7.801E-07
0.544	1.18653E-06
0.545	1.46452E-06
0.546	3.32257E-06
0.547	4.34107E-06
0.548	9.62326E-06
0.549	1.70875E-05
0.55	2.6823E-05
0.551	3.22489E-05
0.552	2.69748E-05
0.553	2.18732E-05
0.554	1.90342E-05
0.555	1.49477E-05
0.556	1.0624E-05
0.557	6.02772E-06
0.558	5.62468E-06
0.559	6.57021E-06
0.56	2.93553E-06
0.561	1.45312E-06
0.562	1.67787E-06
0.563	4.73071E-06
0.564	9.95522E-06
0.565	1.38663E-05
0.566	2.12778E-05
0.567	2.84331E-05
0.568	2.57361E-05
0.569	1.93042E-05
0.57	1.73956E-05
0.571	1.55149E-05
0.572	9.17477E-06
0.573	3.31272E-06
0.574	9.75058E-07
0.575	2.25978E-06
0.576	6.72446E-06
0.577	1.77876E-05
0.578	4.55791E-05
0.579	0.000100186
0.58	0.000193224
0.581	0.000317075
0.582	0.000446344
0.583	0.000502618
0.584	0.000462499
0.585	0.000404843
0.586	0.000376185
0.587	0.000327789
0.588	0.00023685
0.589	0.000150911
0.59	0.000104306
0.591	8.90628E-05
0.592	8.59834E-05
0.593	0.000105561
0.594	0.000156043
0.595	0.000248365
0.596	0.000398918
0.597	0.000608316
0.598	0.000863345
0.599	0.001124846
0.6	0.001332762
0.601	0.001497339
0.602	0.001690147
0.603	0.002005296
0.604	0.002717236
0.605	0.003968761
0.606	0.006870279
0.607	0.013132038
0.608	0.022456368
0.609	0.034144565
0.61	0.049382536
0.611	0.068150028
0.612	0.089874808
0.613	0.114363472
0.614	0.143149028
0.615	0.180538821
0.616	0.234419638
0.617	0.315995177
0.618	0.434427516
0.619	0.584537742
0.62	0.737697652
0.621	0.850958323
0.622	0.896055368
0.623	0.883023939
0.624	0.841013195
0.625	0.80321041
0.626	0.787261348
0.627	0.792430027
0.628	0.812469145
0.629	0.839046664
0.63	0.864943288
0.631	0.886808302
0.632	0.904668689
0.633	0.920750783
0.634	0.937401299
0.635	0.954669095
0.636	0.970801147
0.637	0.983158208
0.638	0.989388388
0.639	0.989256646
0.64	0.984511724
0.641	0.97796014
0.642	0.972061687
0.643	0.967549616
0.644	0.963289836
0.645	0.957675219
0.646	0.949844691
0.647	0.940223207
0.648	0.931964843
0.649	0.928596168
0.65	0.931567316
0.651	0.941243543
0.652	0.955068625
0.653	0.96714094
0.654	0.972070951
0.655	0.967200504
0.656	0.953155807
0.657	0.934793141
0.658	0.918815389
0.659	0.911255369
0.66	0.914338522
0.661	0.9269385
0.662	0.944830994
0.663	0.96168599
0.664	0.972082894
0.665	0.973822338
0.666	0.968969944
0.667	0.962400473
0.668	0.960104035
0.669	0.965295906
0.67	0.977863261
0.671	0.992259998
0.672	1
0.673	0.99399766
0.674	0.970145046
0.675	0.93079039
0.676	0.882729045
0.677	0.834763609
0.678	0.794344126
0.679	0.766009649
0.68	0.752689076
0.681	0.754580046
0.682	0.77290228
0.683	0.808464282
0.684	0.857965309
0.685	0.906683204
0.686	0.924477526
0.687	0.881170423
0.688	0.757093371
0.689	0.577176566
0.69	0.393195477
0.691	0.245353103
0.692	0.146689985
0.693	0.08801245
0.694	0.054299546
0.695	0.03483678
0.696	0.023343112
0.697	0.016273485
0.698	0.011755544
0.699	0.008808998
0.7	0.006826638
0.701	0.00546426
0.702	0.004499332
0.703	0.004035753
0.704	0.004145894
0.705	0.003838234
0.706	0.003859791
0.707	0.00450489
0.708	0.004311996
0.709	0.0039532
0.71	0.003754141
0.711	0.00369904
0.712	0.003783762
0.713	0.0040113
0.714	0.004364196
0.715	0.004764944
0.716	0.005117653
0.717	0.005307878
0.718	0.005221956
0.719	0.00485995
0.72	0.004309398
0.721	0.003680837
0.722	0.003026369
0.723	0.002364207
0.724	0.00176115
0.725	0.001265454
0.726	0.000895237
0.727	0.000644903
0.728	0.000482313
0.729	0.000379152
0.73	0.000303216
0.731	0.000241723
0.732	0.000200324
0.733	0.000169349
0.734	0.000138085
0.735	0.000115566
0.736	9.37976E-05
0.737	7.58929E-05
0.738	6.47802E-05
0.739	5.30309E-05
0.74	4.12859E-05
0.741	3.24672E-05
0.742	2.75582E-05
0.743	2.27919E-05
0.744	1.99226E-05
0.745	1.70652E-05
0.746	1.34211E-05
0.747	1.1876E-05
0.748	9.58089E-06
0.749	9.37113E-06
0.75	1.17395E-05
0.751	1.27998E-05
0.752	1.75799E-05
0.753	1.61307E-05
0.754	1.54244E-05
0.755	2.25416E-05
0.756	3.24732E-05
0.757	4.02608E-05
0.758	4.92653E-05
0.759	6.2743E-05
0.76	7.74798E-05
0.761	8.3731E-05
0.762	8.53671E-05
0.763	8.25236E-05
0.764	8.24306E-05
0.765	8.44898E-05
0.766	8.43052E-05
0.767	8.5828E-05
0.768	8.57823E-05
0.769	9.1399E-05
0.77	0.000118673
0.771	0.000162607
0.772	0.000221326
0.773	0.00029539
0.774	0.00035031
0.775	0.000352942
0.776	0.000300484
0.777	0.000232212
0.778	0.000197084
0.779	0.000178955
0.78	0.000149982
0.781	0.000107238
0.782	6.89412E-05
0.783	4.31433E-05
0.784	3.03475E-05
0.785	2.752E-05
0.786	3.2981E-05
0.787	3.92339E-05
0.788	4.34345E-05
0.789	5.35297E-05
0.79	5.8009E-05
0.791	4.99576E-05
0.792	4.2892E-05
0.793	3.39156E-05
0.794	2.79469E-05
0.795	2.39103E-05
0.796	2.68669E-05
0.797	0.000108161
0.798	0.000201018
0.799	0.000185674
0.8	0.000198554
0.801	0.000330426
0.802	0.000460544
0.803	0.000493325
0.804	0.000440121
0.805	0.000427062
0.806	0.000464846
0.807	0.000438602
0.808	0.000433766
0.809	0.000461358
0.81	0.000458858
0.811	0.000456389
0.812	0.000442359
0.813	0.00043608
0.814	0.000458183
0.815	0.000449284
0.816	0.000435705
0.817	0.000457483
0.818	0.000501079
0.819	0.000540906
0.82	0.000599057
0.821	0.000691195
0.822	0.000784825
0.823	0.00089345
0.824	0.000992238
0.825	0.001086174
0.826	0.001149189
0.827	0.001224467
0.828	0.001317065
0.829	0.001413659
0.83	0.00144819
0.831	0.001431812
0.832	0.00134548
0.833	0.001311182
0.834	0.001254043
0.835	0.001145846
0.836	0.001028774
0.837	0.00097308
0.838	0.000860828
0.839	0.000726161
0.84	0.000614268
0.841	0.000581188
0.842	0.000535709
0.843	0.000457782
0.844	0.000428509
0.845	0.000434849
0.846	0.000402164
0.847	0.000372565
0.848	0.000409265
0.849	0.00038832
0.85	0.000367585
0.851	0.000360434
0.852	0.000352474
0.853	0.000355186
0.854	0.000379237
0.855	0.000369831
0.856	0.000354544
0.857	0.000326961
0.858	0.000300156
0.859	0.00032726
0.86	0.000361983
0.861	0.00033211
0.862	0.000338818
0.863	0.000371424
0.864	0.000337046
0.865	0.000302843
0.866	0.000325617
0.867	0.000363133
0.868	0.000436179
0.869	0.000587672
0.87	0.000796812
0.871	0.001073029
0.872	0.001458337
0.873	0.001927461
0.874	0.002361192
0.875	0.002729232
0.876	0.003100438
0.877	0.003501148
0.878	0.003755244
0.879	0.003728824
0.88	0.0035429
0.881	0.003307177
0.882	0.003003399
0.883	0.002688939
0.884	0.002321805
0.885	0.001905699
0.886	0.001535321
0.887	0.001281085
0.888	0.00108392
0.889	0.000904806
0.89	0.000802619
0.891	0.000771252
0.892	0.000784062
0.893	0.00081062
0.894	0.000819886
0.895	0.000819547
0.896	0.000810843
0.897	0.000798799
0.898	0.000784552
0.899	0.000735255
0.9	0.000673838
0.901	0.000658182
0.902	0.000617925
0.903	0.000577426
0.904	0.000543777
0.905	0.000502678
0.906	0.00045319
0.907	0.000394531
0.908	0.000384675
0.909	0.000388115
0.91	0.000366247
0.911	0.000337454
0.912	0.000353282
0.913	0.000378178
0.914	0.000366881
0.915	0.000358002
0.916	0.000357082
0.917	0.000362461
0.918	0.000385916
0.919	0.000421158
0.92	0.000459259
0.921	0.000521243
0.922	0.000630509
0.923	0.000787401
0.924	0.001026197
0.925	0.001376233
0.926	0.001856232
0.927	0.002499277
0.928	0.003338931
0.929	0.004343306
0.93	0.005411052
0.931	0.006488368
0.932	0.007376203
0.933	0.007923801
0.934	0.008119353
0.935	0.00804805
0.936	0.007846007
0.937	0.007676851
0.938	0.007540754
0.939	0.007338607
0.94	0.007066571
0.941	0.006730995
0.942	0.006421244
0.943	0.00616954
0.944	0.005992278
0.945	0.005910684
0.946	0.0058408
0.947	0.005670186
0.948	0.005394633
0.949	0.004996655
0.95	0.00449179
0.951	0.003905063
0.952	0.003293083
0.953	0.002706769
0.954	0.002184367
0.955	0.001752587
0.956	0.001405455
0.957	0.001113592
0.958	0.000871562
0.959	0.000698019
0.96	0.000581765
0.961	0.000475745
0.962	0.000398945
0.963	0.00034036
0.964	0.000302605
0.965	0.000262014
0.966	0.000232156
0.967	0.000225932
0.968	0.000217294
0.969	0.00019706
0.97	0.000186916
0.971	0.0001938
0.972	0.000187722
0.973	0.000175876
0.974	0.000188353
0.975	0.000189478
0.976	0.000186972
0.977	0.000178974
0.978	0.000168089
0.979	0.000161062
0.98	0.000155656
0.981	0.000157788
0.982	0.000158619
0.983	0.000157483
0.984	0.000151007
0.985	0.000144173
0.986	0.000157191
0.987	0.000164404
0.988	0.000172225
0.989	0.000161317
0.99	0.000122443
0.991	0.000119146
0.992	0.000142963
0.993	0.000175687
0.994	0.000175092
0.995	0.000144123
0.996	0.00012621
0.997	0.00014239
0.998	0.00017239
0.999	0.000176043
1	0.000147626
1.001	0.000125908
1.002	0.000150268
1.003	0.000170228
1.004	0.00016353
1.005	0.000157494
1.006	0.000162117
1.007	0.000171106
1.008	0.000185211
1.009	0.00019126
1.01	0.00015669
1.011	0.000140837
1.012	0.000146547
1.013	0.000150145
1.014	0.000154849
1.015	0.00015359
1.016	0.000158093
1.017	0.000146101
1.018	0.000133612
1.019	0.000151631
1.02	0.000165916
1.021	0.000173283
1.022	0.000154624
1.023	0.000129099
1.024	0.000123601
1.025	0.000148529
1.026	0.000155876
1.027	0.000153274
1.028	0.000146679
1.029	0.000142248
1.03	0.000154016
1.031	0.000166748
1.032	0.000168323
1.033	0.00015101
1.034	0.000142769
1.035	0.000151279
1.036	0.000161369
1.037	0.00016566
1.038	0.00017354
1.039	0.000158906
1.04	0.000139926
1.041	0.000143143
1.042	0.000155055
1.043	0.000169934
1.044	0.000157817
1.045	0.000148017
1.046	0.000153188
1.047	0.000169377
1.048	0.000172057
1.049	0.000149406
1.05	0.000149294
1.051	0.000161151
1.052	0.000154313
1.053	0.000150906
1.054	0.00015069
1.055	0.000150882
1.056	0.000145923
1.057	0.000146717
1.058	0.000152796
1.059	0.000164965
1.06	0.000165734
1.061	0.000159255
1.062	0.000161289
1.063	0.000173563
1.064	0.000160811
1.065	0.000150697
1.066	0.000150932
1.067	0.000165695
1.068	0.000173445
1.069	0.000147962
1.07	0.000136872
1.071	0.000141195
1.072	0.000175044
1.073	0.000187459
1.074	0.000161706
1.075	0.000143364
1.076	0.000132768
1.077	0.000165027
1.078	0.000188917
1.079	0.000173841
1.08	0.000153497
1.081	0.000146381
1.082	0.000164805
1.083	0.000180431
1.084	0.000185333
1.085	0.000181368
1.086	0.000146089
1.087	0.000129574
1.088	0.000143521
1.089	0.000165602
1.09	0.00016152
1.091	0.000128603
1.092	0.000112177
1.093	0.000113728
1.094	0.000104072
1.095	8.07499E-05
1.096	5.42649E-05
1.097	4.44208E-05
1.098	3.51304E-05
1.099	1.91849E-05
1.1	1.4876E-05
#  Pléiades Neo PNEO3 Band 5 RedEdge
#
#  Wavelength
#   (microns)	Relative response
#  __________	___________
0.35	9.90903E-08
0.351	9.79199E-08
0.352	1.03831E-07
0.353	8.88377E-08
0.354	5.81155E-08
0.355	4.03053E-08
0.356	4.59073E-08
0.357	7.56313E-08
0.358	9.81849E-08
0.359	8.75361E-08
0.36	1.2727E-07
0.361	2.18864E-07
0.362	3.55273E-07
0.363	5.19738E-07
0.364	1.17662E-06
0.365	3.49915E-06
0.366	7.90716E-06
0.367	1.31696E-05
0.368	1.8935E-05
0.369	3.14943E-05
0.37	6.06159E-05
0.371	0.000115249
0.372	0.000194895
0.373	0.000283076
0.374	0.000361822
0.375	0.000437452
0.376	0.000488116
0.377	0.000444643
0.378	0.000325879
0.379	0.000219436
0.38	0.000194085
0.381	0.000213917
0.382	0.000238985
0.383	0.00025991
0.384	0.000276658
0.385	0.000283252
0.386	0.000274156
0.387	0.000266101
0.388	0.000282793
0.389	0.000321818
0.39	0.000345909
0.391	0.000337848
0.392	0.000293876
0.393	0.000227101
0.394	0.000177774
0.395	0.000185948
0.396	0.000234099
0.397	0.000267373
0.398	0.000244162
0.399	0.000177547
0.4	0.000113709
0.401	7.52338E-05
0.402	5.56054E-05
0.403	4.52633E-05
0.404	4.49472E-05
0.405	6.22092E-05
0.406	0.000110731
0.407	0.000194086
0.408	0.000281059
0.409	0.000306329
0.41	0.00023733
0.411	0.000140664
0.412	0.000101803
0.413	0.00015465
0.414	0.000256857
0.415	0.000324455
0.416	0.000288963
0.417	0.000182154
0.418	8.91648E-05
0.419	5.60578E-05
0.42	6.13744E-05
0.421	7.1267E-05
0.422	7.08364E-05
0.423	7.97714E-05
0.424	0.000141116
0.425	0.000274995
0.426	0.000425915
0.427	0.000503127
0.428	0.00045576
0.429	0.000347127
0.43	0.000292512
0.431	0.000334681
0.432	0.000414183
0.433	0.000434817
0.434	0.00035718
0.435	0.000230608
0.436	0.000133466
0.437	9.34089E-05
0.438	8.67184E-05
0.439	8.38678E-05
0.44	8.51663E-05
0.441	0.000121028
0.442	0.000222303
0.443	0.000373304
0.444	0.000497227
0.445	0.000494865
0.446	0.000377416
0.447	0.000266142
0.448	0.00026731
0.449	0.000341828
0.45	0.00036879
0.451	0.000295709
0.452	0.000174738
0.453	8.90526E-05
0.454	5.86195E-05
0.455	5.20701E-05
0.456	4.39635E-05
0.457	2.9207E-05
0.458	1.60769E-05
0.459	9.96776E-06
0.46	8.84973E-06
0.461	9.56575E-06
0.462	9.65467E-06
0.463	9.66862E-06
0.464	1.03508E-05
0.465	1.15577E-05
0.466	1.19312E-05
0.467	1.34714E-05
0.468	3.35932E-05
0.469	0.000146476
0.47	0.000481297
0.471	0.001144712
0.472	0.002000166
0.473	0.002638958
0.474	0.002621732
0.475	0.002102693
0.476	0.001648735
0.477	0.001597549
0.478	0.001662309
0.479	0.001390195
0.48	0.0008274
0.481	0.000338851
0.482	9.28602E-05
0.483	2.56431E-05
0.484	1.5911E-05
0.485	1.48861E-05
0.486	1.52123E-05
0.487	1.7911E-05
0.488	4.05154E-05
0.489	0.000121237
0.49	0.000276207
0.491	0.000450443
0.492	0.00054673
0.493	0.000528226
0.494	0.000496678
0.495	0.000545475
0.496	0.000602049
0.497	0.000563671
0.498	0.000441798
0.499	0.000321415
0.5	0.000253235
0.501	0.000230101
0.502	0.000216971
0.503	0.000189039
0.504	0.000152663
0.505	0.00014192
0.506	0.000224728
0.507	0.000443485
0.508	0.00072257
0.509	0.000906641
0.51	0.00089718
0.511	0.000775945
0.512	0.000677574
0.513	0.000603171
0.514	0.000462552
0.515	0.000281832
0.516	0.000148513
0.517	9.12173E-05
0.518	7.70243E-05
0.519	8.6921E-05
0.52	0.000137384
0.521	0.000246079
0.522	0.0003798
0.523	0.000461217
0.524	0.00044736
0.525	0.000388325
0.526	0.000323215
0.527	0.000269511
0.528	0.000198257
0.529	0.000123717
0.53	7.58165E-05
0.531	5.9541E-05
0.532	5.58019E-05
0.533	5.46404E-05
0.534	5.69554E-05
0.535	6.00024E-05
0.536	7.29383E-05
0.537	0.000120192
0.538	0.000252209
0.539	0.000468545
0.54	0.000680128
0.541	0.000791672
0.542	0.000756985
0.543	0.000619702
0.544	0.000450662
0.545	0.000279732
0.546	0.00014121
0.547	5.61628E-05
0.548	2.23564E-05
0.549	1.43152E-05
0.55	9.99717E-06
0.551	7.70379E-06
0.552	6.00304E-06
0.553	3.77826E-06
0.554	4.09094E-06
0.555	4.56308E-06
0.556	2.87666E-06
0.557	2.66838E-06
0.558	2.5064E-06
0.559	2.6101E-06
0.56	3.33222E-06
0.561	2.92508E-06
0.562	2.09692E-06
0.563	2.31645E-06
0.564	2.74807E-06
0.565	2.45229E-06
0.566	3.17786E-06
0.567	3.94719E-06
0.568	3.51198E-06
0.569	3.13543E-06
0.57	2.5384E-06
0.571	2.40565E-06
0.572	2.86212E-06
0.573	2.88386E-06
0.574	2.52455E-06
0.575	2.22048E-06
0.576	1.93291E-06
0.577	1.35649E-06
0.578	1.62157E-06
0.579	1.40085E-06
0.58	1.40095E-06
0.581	1.96252E-06
0.582	3.49658E-06
0.583	6.53474E-06
0.584	1.05178E-05
0.585	1.94775E-05
0.586	3.90899E-05
0.587	7.26286E-05
0.588	0.000111759
0.589	0.000145025
0.59	0.000160484
0.591	0.000156127
0.592	0.000134279
0.593	0.000100517
0.594	6.79766E-05
0.595	4.10572E-05
0.596	2.44459E-05
0.597	1.6446E-05
0.598	1.1473E-05
0.599	8.8324E-06
0.6	8.06745E-06
0.601	6.40449E-06
0.602	7.59166E-06
0.603	9.67924E-06
0.604	1.29462E-05
0.605	1.58586E-05
0.606	1.77374E-05
0.607	1.89378E-05
0.608	1.66794E-05
0.609	1.58606E-05
0.61	1.4844E-05
0.611	1.2381E-05
0.612	1.22609E-05
0.613	1.0819E-05
0.614	9.58055E-06
0.615	9.31138E-06
0.616	8.80459E-06
0.617	9.84246E-06
0.618	1.25859E-05
0.619	1.56651E-05
0.62	2.39837E-05
0.621	3.69037E-05
0.622	6.20485E-05
0.623	0.00010915
0.624	0.000173887
0.625	0.000256596
0.626	0.000335792
0.627	0.000386116
0.628	0.00039451
0.629	0.00035608
0.63	0.000291385
0.631	0.000222136
0.632	0.000160093
0.633	0.000115264
0.634	8.39793E-05
0.635	6.27022E-05
0.636	4.93233E-05
0.637	3.7945E-05
0.638	3.06474E-05
0.639	2.67896E-05
0.64	2.53041E-05
0.641	2.44037E-05
0.642	2.50671E-05
0.643	2.92866E-05
0.644	3.44828E-05
0.645	4.03287E-05
0.646	5.02448E-05
0.647	6.08508E-05
0.648	8.05433E-05
0.649	0.000110454
0.65	0.000146987
0.651	0.000197362
0.652	0.000263252
0.653	0.000347284
0.654	0.000454706
0.655	0.000585784
0.656	0.000743768
0.657	0.000923477
0.658	0.001114956
0.659	0.00131017
0.66	0.001495937
0.661	0.001661092
0.662	0.001795584
0.663	0.001898086
0.664	0.001977707
0.665	0.002041337
0.666	0.002103636
0.667	0.002180293
0.668	0.002281254
0.669	0.002419921
0.67	0.002606656
0.671	0.002852225
0.672	0.003153132
0.673	0.00350237
0.674	0.003960435
0.675	0.004546305
0.676	0.005273425
0.677	0.006055537
0.678	0.006968347
0.679	0.008229078
0.68	0.009957715
0.681	0.011882863
0.682	0.013919544
0.683	0.016310245
0.684	0.019167477
0.685	0.022642521
0.686	0.026987839
0.687	0.032523304
0.688	0.039787721
0.689	0.049650514
0.69	0.063439055
0.691	0.083161303
0.692	0.112084982
0.693	0.155249661
0.694	0.219245256
0.695	0.310383925
0.696	0.430512804
0.697	0.570333459
0.698	0.707909647
0.699	0.817060595
0.7	0.883171294
0.701	0.910409188
0.702	0.916202014
0.703	0.918215222
0.704	0.92677257
0.705	0.944178295
0.706	0.966183758
0.707	0.986407245
0.708	0.998653676
0.709	1
0.71	0.991714274
0.711	0.97697523
0.712	0.960858494
0.713	0.948292204
0.714	0.94149091
0.715	0.940128465
0.716	0.942450252
0.717	0.947012824
0.718	0.951220285
0.719	0.952942057
0.72	0.95254325
0.721	0.950316685
0.722	0.947872673
0.723	0.946833455
0.724	0.947479531
0.725	0.949287975
0.726	0.951640536
0.727	0.952916
0.728	0.953046954
0.729	0.952240985
0.73	0.951529804
0.731	0.95280813
0.732	0.957412138
0.733	0.965816157
0.734	0.976292563
0.735	0.986078599
0.736	0.990523111
0.737	0.987464217
0.738	0.976464011
0.739	0.960635
0.74	0.945799861
0.741	0.937886153
0.742	0.939934503
0.743	0.950283545
0.744	0.957144369
0.745	0.942000078
0.746	0.885502644
0.747	0.782286368
0.748	0.64666346
0.749	0.505891455
0.75	0.383454903
0.751	0.289311814
0.752	0.222198827
0.753	0.175757983
0.754	0.143268534
0.755	0.119392355
0.756	0.100270331
0.757	0.083614018
0.758	0.068339076
0.759	0.054280496
0.76	0.041757571
0.761	0.031162972
0.762	0.022496837
0.763	0.016032844
0.764	0.011684983
0.765	0.008641004
0.766	0.006617815
0.767	0.005102128
0.768	0.003887536
0.769	0.002931362
0.77	0.002208007
0.771	0.001704117
0.772	0.001373763
0.773	0.001163349
0.774	0.000946454
0.775	0.000739514
0.776	0.000576817
0.777	0.000452297
0.778	0.000355774
0.779	0.000282126
0.78	0.000227253
0.781	0.000183125
0.782	0.000150292
0.783	0.000126356
0.784	0.000106842
0.785	9.18213E-05
0.786	8.02901E-05
0.787	7.18746E-05
0.788	6.45492E-05
0.789	5.80642E-05
0.79	5.57422E-05
0.791	5.64101E-05
0.792	6.21888E-05
0.793	6.15613E-05
0.794	6.0451E-05
0.795	5.86649E-05
0.796	5.56699E-05
0.797	4.86084E-05
0.798	4.409E-05
0.799	4.02591E-05
0.8	3.29258E-05
0.801	2.64197E-05
0.802	2.29436E-05
0.803	1.86887E-05
0.804	1.48584E-05
0.805	1.45339E-05
0.806	1.6502E-05
0.807	1.71746E-05
0.808	1.62284E-05
0.809	1.49144E-05
0.81	1.42961E-05
0.811	1.24717E-05
0.812	1.29704E-05
0.813	1.4156E-05
0.814	1.50237E-05
0.815	1.54734E-05
0.816	1.71843E-05
0.817	1.64836E-05
0.818	1.3966E-05
0.819	1.47444E-05
0.82	1.55985E-05
0.821	1.32029E-05
0.822	1.16897E-05
0.823	1.41914E-05
0.824	1.4841E-05
0.825	1.24871E-05
0.826	1.08309E-05
0.827	1.22216E-05
0.828	1.35668E-05
0.829	1.1287E-05
0.83	1.06672E-05
0.831	1.23293E-05
0.832	1.33494E-05
0.833	1.30327E-05
0.834	1.37271E-05
0.835	1.34048E-05
0.836	1.25773E-05
0.837	1.32062E-05
0.838	1.4579E-05
0.839	1.55882E-05
0.84	1.43079E-05
0.841	1.21471E-05
0.842	1.12552E-05
0.843	1.38462E-05
0.844	1.60459E-05
0.845	1.57647E-05
0.846	1.56056E-05
0.847	1.52762E-05
0.848	1.47167E-05
0.849	1.22084E-05
0.85	1.12039E-05
0.851	1.17217E-05
0.852	1.29842E-05
0.853	1.22269E-05
0.854	1.20004E-05
0.855	1.40692E-05
0.856	1.43706E-05
0.857	1.4098E-05
0.858	1.30732E-05
0.859	1.24592E-05
0.86	1.29702E-05
0.861	1.31291E-05
0.862	1.1005E-05
0.863	1.1441E-05
0.864	1.28269E-05
0.865	1.24065E-05
0.866	1.1681E-05
0.867	1.23981E-05
0.868	1.34384E-05
0.869	1.29479E-05
0.87	1.13752E-05
0.871	1.16751E-05
0.872	1.27086E-05
0.873	1.21567E-05
0.874	1.01169E-05
0.875	9.8643E-06
0.876	1.12536E-05
0.877	1.172E-05
0.878	1.09803E-05
0.879	1.05313E-05
0.88	1.11411E-05
0.881	1.15273E-05
0.882	1.03629E-05
0.883	1.04329E-05
0.884	1.06943E-05
0.885	1.02555E-05
0.886	1.05588E-05
0.887	1.08592E-05
0.888	1.00774E-05
0.889	8.96721E-06
0.89	9.74803E-06
0.891	1.02769E-05
0.892	1.02234E-05
0.893	1.17891E-05
0.894	1.15076E-05
0.895	1.03917E-05
0.896	9.69425E-06
0.897	9.04344E-06
0.898	8.57962E-06
0.899	1.05713E-05
0.9	1.11682E-05
0.901	1.03554E-05
0.902	9.27471E-06
0.903	7.93447E-06
0.904	7.24625E-06
0.905	8.91948E-06
0.906	9.49303E-06
0.907	8.95247E-06
0.908	8.17456E-06
0.909	8.73136E-06
0.91	7.83421E-06
0.911	8.08171E-06
0.912	8.75407E-06
0.913	8.97654E-06
0.914	7.51472E-06
0.915	7.22906E-06
0.916	7.33491E-06
0.917	7.55599E-06
0.918	7.54303E-06
0.919	7.74763E-06
0.92	7.32545E-06
0.921	7.28383E-06
0.922	6.69816E-06
0.923	6.81368E-06
0.924	8.35554E-06
0.925	8.48663E-06
0.926	7.41384E-06
0.927	6.85265E-06
0.928	7.28229E-06
0.929	7.93516E-06
0.93	8.25209E-06
0.931	8.09637E-06
0.932	6.83473E-06
0.933	5.4788E-06
0.934	5.57201E-06
0.935	5.45958E-06
0.936	5.98741E-06
0.937	7.14604E-06
0.938	7.01826E-06
0.939	7.05016E-06
0.94	6.87627E-06
0.941	6.96502E-06
0.942	7.595E-06
0.943	6.77042E-06
0.944	6.86264E-06
0.945	7.23888E-06
0.946	6.55631E-06
0.947	6.03042E-06
0.948	5.97135E-06
0.949	5.86459E-06
0.95	5.31667E-06
0.951	5.72838E-06
0.952	5.57117E-06
0.953	4.96744E-06
0.954	5.04649E-06
0.955	5.74608E-06
0.956	5.54244E-06
0.957	5.24567E-06
0.958	4.64401E-06
0.959	4.63387E-06
0.96	4.77463E-06
0.961	4.95451E-06
0.962	5.20934E-06
0.963	5.46965E-06
0.964	5.54569E-06
0.965	5.58055E-06
0.966	5.56215E-06
0.967	5.48589E-06
0.968	5.3334E-06
0.969	5.04775E-06
0.97	5.14677E-06
0.971	5.53294E-06
0.972	5.68952E-06
0.973	5.743E-06
0.974	6.05147E-06
0.975	6.25533E-06
0.976	6.52068E-06
0.977	6.65875E-06
0.978	6.79427E-06
0.979	7.37224E-06
0.98	8.93277E-06
0.981	1.35854E-05
0.982	2.38891E-05
0.983	4.22696E-05
0.984	6.88682E-05
0.985	9.57038E-05
0.986	0.000116339
0.987	0.000122148
0.988	0.000112223
0.989	9.12717E-05
0.99	6.77502E-05
0.991	4.72248E-05
0.992	3.27317E-05
0.993	2.46863E-05
0.994	2.22165E-05
0.995	3.03343E-05
0.996	5.33073E-05
0.997	9.01443E-05
0.998	0.000137257
0.999	0.000180099
1	0.000204399
1.001	0.000205889
1.002	0.00018559
1.003	0.000151242
1.004	0.000120116
1.005	9.48649E-05
1.006	7.61955E-05
1.007	7.08016E-05
1.008	7.45181E-05
1.009	8.27762E-05
1.01	9.91651E-05
1.011	0.000125237
1.012	0.00016026
1.013	0.000203816
1.014	0.000250636
1.015	0.000292766
1.016	0.000327523
1.017	0.000344469
1.018	0.000342802
1.019	0.000328526
1.02	0.000306048
1.021	0.00028306
1.022	0.000264957
1.023	0.000255723
1.024	0.000258565
1.025	0.000280077
1.026	0.000320416
1.027	0.000379771
1.028	0.00045928
1.029	0.000549867
1.03	0.000632707
1.031	0.000697831
1.032	0.000733629
1.033	0.000733541
1.034	0.000697412
1.035	0.000638734
1.036	0.000572181
1.037	0.000508526
1.038	0.000451822
1.039	0.000405483
1.04	0.000372846
1.041	0.000352372
1.042	0.00034285
1.043	0.000343127
1.044	0.000351761
1.045	0.000371105
1.046	0.000401801
1.047	0.000444105
1.048	0.000502288
1.049	0.000577693
1.05	0.00067358
1.051	0.000794406
1.052	0.000929919
1.053	0.001072522
1.054	0.001208673
1.055	0.001320347
1.056	0.001400076
1.057	0.001437835
1.058	0.001433387
1.059	0.001403765
1.06	0.001362163
1.061	0.0013252
1.062	0.001305652
1.063	0.001317157
1.064	0.001371749
1.065	0.001475728
1.066	0.00163323
1.067	0.001840938
1.068	0.002087557
1.069	0.00235058
1.07	0.00259785
1.071	0.002798066
1.072	0.002919744
1.073	0.002942032
1.074	0.002873338
1.075	0.00273652
1.076	0.002560021
1.077	0.002362494
1.078	0.002173383
1.079	0.002008353
1.08	0.001876748
1.081	0.001782288
1.082	0.001698482
1.083	0.001542571
1.084	0.001383325
1.085	0.001236999
1.086	0.001112971
1.087	0.00103025
1.088	0.000949034
1.089	0.000944241
1.09	0.000948448
1.091	0.000853146
1.092	0.000874026
1.093	0.000903496
1.094	0.00094064
1.095	0.000972557
1.096	0.000881373
1.097	0.000784839
1.098	0.000665357
1.099	0.000529127
1.1	0.00033682
#  Pléiades Neo PNEO3 Band 6 NIR
#
#  Wavelength
#   (microns)	Relative response
#  __________	___________
0.35	1.61464E-07
0.351	1.9425E-07
0.352	1.99342E-07
0.353	2.20655E-07
0.354	2.84664E-07
0.355	2.75635E-07
0.356	2.29818E-07
0.357	2.00695E-07
0.358	3.089E-07
0.359	4.32743E-07
0.36	4.08123E-07
0.361	2.41664E-07
0.362	1.21118E-07
0.363	9.65203E-08
0.364	2.02091E-07
0.365	3.55617E-07
0.366	3.92077E-07
0.367	2.94544E-07
0.368	2.55356E-07
0.369	3.74692E-07
0.37	4.90554E-07
0.371	4.25571E-07
0.372	2.94444E-07
0.373	2.21172E-07
0.374	2.0042E-07
0.375	1.88163E-07
0.376	1.8015E-07
0.377	2.06855E-07
0.378	2.21266E-07
0.379	2.55614E-07
0.38	2.69552E-07
0.381	2.39781E-07
0.382	2.12309E-07
0.383	2.46336E-07
0.384	2.9709E-07
0.385	3.56292E-07
0.386	3.41099E-07
0.387	3.4989E-07
0.388	4.31909E-07
0.389	5.61992E-07
0.39	7.5333E-07
0.391	9.83643E-07
0.392	1.06074E-06
0.393	9.83639E-07
0.394	9.87407E-07
0.395	9.98836E-07
0.396	1.12263E-06
0.397	1.4886E-06
0.398	1.92303E-06
0.399	2.49189E-06
0.4	3.27482E-06
0.401	4.38043E-06
0.402	5.8861E-06
0.403	8.20002E-06
0.404	1.20543E-05
0.405	1.90172E-05
0.406	2.94845E-05
0.407	4.23697E-05
0.408	5.75953E-05
0.409	8.27213E-05
0.41	0.000124023
0.411	0.000177071
0.412	0.000239994
0.413	0.000303299
0.414	0.000329929
0.415	0.000314517
0.416	0.000326551
0.417	0.000398366
0.418	0.000453908
0.419	0.000452821
0.42	0.000419361
0.421	0.000361621
0.422	0.000277327
0.423	0.000204497
0.424	0.000182469
0.425	0.000219718
0.426	0.000271479
0.427	0.000305239
0.428	0.000315976
0.429	0.000311349
0.43	0.000291838
0.431	0.000290609
0.432	0.000360414
0.433	0.000502531
0.434	0.00061751
0.435	0.000630518
0.436	0.000559995
0.437	0.000454174
0.438	0.000358487
0.439	0.000308121
0.44	0.000311846
0.441	0.000328633
0.442	0.000312323
0.443	0.000261385
0.444	0.000211599
0.445	0.000178877
0.446	0.000158822
0.447	0.000157578
0.448	0.000195255
0.449	0.000286531
0.45	0.000391658
0.451	0.000451719
0.452	0.00047628
0.453	0.000521018
0.454	0.000594336
0.455	0.000686326
0.456	0.000825253
0.457	0.000993801
0.458	0.001033743
0.459	0.000862864
0.46	0.000643663
0.461	0.000521136
0.462	0.000506216
0.463	0.000560404
0.464	0.000625554
0.465	0.000604319
0.466	0.000449766
0.467	0.000257731
0.468	0.000118632
0.469	4.45968E-05
0.47	1.85399E-05
0.471	2.03184E-05
0.472	2.89009E-05
0.473	3.15054E-05
0.474	2.47072E-05
0.475	1.51449E-05
0.476	8.88866E-06
0.477	6.3971E-06
0.478	7.30841E-06
0.479	9.68922E-06
0.48	9.02789E-06
0.481	6.52597E-06
0.482	5.01815E-06
0.483	3.52448E-06
0.484	2.56415E-06
0.485	3.23436E-06
0.486	4.32269E-06
0.487	5.10435E-06
0.488	5.13829E-06
0.489	5.11032E-06
0.49	4.29437E-06
0.491	3.04969E-06
0.492	2.67604E-06
0.493	2.56036E-06
0.494	3.01065E-06
0.495	4.00763E-06
0.496	4.86708E-06
0.497	5.26359E-06
0.498	5.20874E-06
0.499	4.70418E-06
0.5	3.87138E-06
0.501	3.92988E-06
0.502	5.02606E-06
0.503	5.91366E-06
0.504	6.23042E-06
0.505	6.11909E-06
0.506	5.49217E-06
0.507	4.61876E-06
0.508	3.84717E-06
0.509	3.27246E-06
0.51	2.91473E-06
0.511	3.34889E-06
0.512	3.53525E-06
0.513	9.71413E-06
0.514	4.34831E-05
0.515	0.000131094
0.516	0.000254122
0.517	0.000334687
0.518	0.000300398
0.519	0.000187923
0.52	9.42611E-05
0.521	5.42553E-05
0.522	6.07987E-05
0.523	0.00010499
0.524	0.000187311
0.525	0.00026795
0.526	0.00029214
0.527	0.000260338
0.528	0.000264035
0.529	0.000386589
0.53	0.000589614
0.531	0.000693275
0.532	0.000594946
0.533	0.000377117
0.534	0.000213728
0.535	0.000146048
0.536	0.000129728
0.537	0.000113984
0.538	8.524E-05
0.539	5.51993E-05
0.54	3.61491E-05
0.541	3.55797E-05
0.542	6.21106E-05
0.543	0.000140869
0.544	0.000290598
0.545	0.000472508
0.546	0.000591132
0.547	0.000598252
0.548	0.000547121
0.549	0.000527739
0.55	0.000538292
0.551	0.00051233
0.552	0.000426447
0.553	0.000318366
0.554	0.00023295
0.555	0.000189522
0.556	0.000179662
0.557	0.00019731
0.558	0.000244721
0.559	0.000329573
0.56	0.000451671
0.561	0.000571339
0.562	0.000623519
0.563	0.000579536
0.564	0.000471044
0.565	0.000363194
0.566	0.00028492
0.567	0.0002217
0.568	0.000162774
0.569	0.000108087
0.57	6.59971E-05
0.571	4.08493E-05
0.572	2.70485E-05
0.573	2.05919E-05
0.574	1.96697E-05
0.575	2.17224E-05
0.576	2.7582E-05
0.577	3.77141E-05
0.578	5.16281E-05
0.579	6.82809E-05
0.58	8.39677E-05
0.581	9.33858E-05
0.582	9.80085E-05
0.583	0.000103661
0.584	0.00011176
0.585	0.000115468
0.586	0.000109822
0.587	9.50035E-05
0.588	7.52129E-05
0.589	5.61971E-05
0.59	4.26613E-05
0.591	3.76348E-05
0.592	3.85118E-05
0.593	4.74934E-05
0.594	7.19925E-05
0.595	0.000124586
0.596	0.000223262
0.597	0.000376855
0.598	0.00057287
0.599	0.000783948
0.6	0.000979428
0.601	0.001108099
0.602	0.001090733
0.603	0.000889278
0.604	0.000584107
0.605	0.00031095
0.606	0.000141087
0.607	6.26914E-05
0.608	3.08751E-05
0.609	1.66267E-05
0.61	1.03604E-05
0.611	8.59222E-06
0.612	7.53466E-06
0.613	5.8092E-06
0.614	4.85084E-06
0.615	4.49429E-06
0.616	3.20192E-06
0.617	2.04768E-06
0.618	3.0831E-06
0.619	3.40332E-06
0.62	3.79353E-06
0.621	4.15407E-06
0.622	4.15216E-06
0.623	3.55318E-06
0.624	3.41239E-06
0.625	3.32596E-06
0.626	3.81336E-06
0.627	4.22347E-06
0.628	4.86248E-06
0.629	4.62335E-06
0.63	4.13418E-06
0.631	3.6487E-06
0.632	3.32635E-06
0.633	4.26567E-06
0.634	4.01402E-06
0.635	3.49509E-06
0.636	2.86341E-06
0.637	2.10188E-06
0.638	2.75646E-06
0.639	3.42635E-06
0.64	3.31845E-06
0.641	4.09126E-06
0.642	4.80494E-06
0.643	5.10294E-06
0.644	4.45248E-06
0.645	3.82844E-06
0.646	4.24703E-06
0.647	4.51302E-06
0.648	4.96371E-06
0.649	5.95644E-06
0.65	6.32723E-06
0.651	6.67941E-06
0.652	7.19128E-06
0.653	7.40693E-06
0.654	6.80305E-06
0.655	7.03651E-06
0.656	7.97091E-06
0.657	6.59615E-06
0.658	5.26757E-06
0.659	5.39291E-06
0.66	6.32435E-06
0.661	6.07121E-06
0.662	5.72062E-06
0.663	6.71349E-06
0.664	7.51692E-06
0.665	6.38027E-06
0.666	5.88912E-06
0.667	6.05546E-06
0.668	5.4676E-06
0.669	5.20195E-06
0.67	5.15288E-06
0.671	4.86753E-06
0.672	4.9828E-06
0.673	4.63022E-06
0.674	4.3233E-06
0.675	4.42054E-06
0.676	4.64452E-06
0.677	4.7731E-06
0.678	4.51342E-06
0.679	4.56341E-06
0.68	3.66787E-06
0.681	3.82148E-06
0.682	3.69745E-06
0.683	4.36074E-06
0.684	4.38087E-06
0.685	3.83714E-06
0.686	4.25581E-06
0.687	4.8427E-06
0.688	5.0553E-06
0.689	4.68385E-06
0.69	4.93584E-06
0.691	4.68025E-06
0.692	4.8932E-06
0.693	5.99785E-06
0.694	6.7378E-06
0.695	7.11579E-06
0.696	8.00964E-06
0.697	9.74797E-06
0.698	1.15709E-05
0.699	1.27091E-05
0.7	1.45795E-05
0.701	1.64493E-05
0.702	1.76551E-05
0.703	1.71968E-05
0.704	1.73164E-05
0.705	1.69087E-05
0.706	1.66724E-05
0.707	1.5829E-05
0.708	1.44026E-05
0.709	1.29969E-05
0.71	1.15443E-05
0.711	1.23132E-05
0.712	1.24154E-05
0.713	1.18087E-05
0.714	1.17139E-05
0.715	1.24621E-05
0.716	1.19576E-05
0.717	1.18485E-05
0.718	1.35484E-05
0.719	1.52813E-05
0.72	1.70351E-05
0.721	2.13507E-05
0.722	2.80666E-05
0.723	3.71639E-05
0.724	5.00179E-05
0.725	6.82649E-05
0.726	9.11554E-05
0.727	0.000121018
0.728	0.000159981
0.729	0.000205293
0.73	0.000254372
0.731	0.000304127
0.732	0.000348487
0.733	0.000383552
0.734	0.000407716
0.735	0.000420366
0.736	0.000425913
0.737	0.000429048
0.738	0.000434035
0.739	0.000441525
0.74	0.000455993
0.741	0.000484292
0.742	0.000530377
0.743	0.000584936
0.744	0.00066313
0.745	0.000791805
0.746	0.000990023
0.747	0.001311137
0.748	0.001804578
0.749	0.002534896
0.75	0.003604161
0.751	0.005256361
0.752	0.007812265
0.753	0.011804055
0.754	0.017950024
0.755	0.027146868
0.756	0.040318226
0.757	0.05804769
0.758	0.080289246
0.759	0.106189289
0.76	0.134150812
0.761	0.162625096
0.762	0.191048205
0.763	0.220184481
0.764	0.252176721
0.765	0.290601688
0.766	0.340366375
0.767	0.40709665
0.768	0.495133523
0.769	0.603631736
0.77	0.719888898
0.771	0.81993659
0.772	0.873823205
0.773	0.872012254
0.774	0.821868103
0.775	0.745609153
0.776	0.670260085
0.777	0.611256477
0.778	0.574368227
0.779	0.560248674
0.78	0.566579772
0.781	0.591789869
0.782	0.634550151
0.783	0.692102018
0.784	0.759637228
0.785	0.830408869
0.786	0.89569407
0.787	0.948110531
0.788	0.981974802
0.789	0.997728003
0.79	1
0.791	0.99441728
0.792	0.986911108
0.793	0.981530629
0.794	0.980112829
0.795	0.982468529
0.796	0.986575018
0.797	0.990006775
0.798	0.990884553
0.799	0.987208487
0.8	0.98218716
0.801	0.974775158
0.802	0.966047969
0.803	0.959240208
0.804	0.954264239
0.805	0.952136334
0.806	0.952259257
0.807	0.953856391
0.808	0.956687733
0.809	0.958120233
0.81	0.956622592
0.811	0.952383308
0.812	0.944822226
0.813	0.934526561
0.814	0.92273437
0.815	0.911127713
0.816	0.900632383
0.817	0.892673931
0.818	0.887608845
0.819	0.88542907
0.82	0.886258357
0.821	0.888709064
0.822	0.891698609
0.823	0.894379376
0.824	0.895495167
0.825	0.895348477
0.826	0.893558999
0.827	0.889636591
0.828	0.884945745
0.829	0.879657191
0.83	0.87515804
0.831	0.871571678
0.832	0.869264731
0.833	0.868058565
0.834	0.868196428
0.835	0.868339686
0.836	0.868313085
0.837	0.867568567
0.838	0.865241487
0.839	0.861123151
0.84	0.855619023
0.841	0.848552971
0.842	0.840904223
0.843	0.833099797
0.844	0.825359813
0.845	0.818430265
0.846	0.812950168
0.847	0.809134854
0.848	0.806365654
0.849	0.803800995
0.85	0.803561855
0.851	0.802561154
0.852	0.802104774
0.853	0.801402028
0.854	0.800921419
0.855	0.799339901
0.856	0.797113929
0.857	0.794253637
0.858	0.790589287
0.859	0.786111672
0.86	0.780566253
0.861	0.774498155
0.862	0.76794403
0.863	0.761317192
0.864	0.754701873
0.865	0.748569922
0.866	0.743198746
0.867	0.739293817
0.868	0.736002872
0.869	0.73328627
0.87	0.731558624
0.871	0.729084529
0.872	0.726014135
0.873	0.721135169
0.874	0.712898331
0.875	0.702152849
0.876	0.687885103
0.877	0.67212102
0.878	0.654605129
0.879	0.637610019
0.88	0.621736087
0.881	0.60851599
0.882	0.598054504
0.883	0.589968054
0.884	0.582966803
0.885	0.573349015
0.886	0.557286589
0.887	0.530226974
0.888	0.489992835
0.889	0.437033915
0.89	0.375400124
0.891	0.311328177
0.892	0.250481052
0.893	0.197577008
0.894	0.154439503
0.895	0.120743788
0.896	0.094983307
0.897	0.075667764
0.898	0.061161371
0.899	0.050181818
0.9	0.041892463
0.901	0.035550677
0.902	0.030648825
0.903	0.026797948
0.904	0.023719242
0.905	0.021212655
0.906	0.019112294
0.907	0.017294116
0.908	0.015660076
0.909	0.014127905
0.91	0.012643453
0.911	0.011187412
0.912	0.009770062
0.913	0.00841036
0.914	0.007129172
0.915	0.005964362
0.916	0.004922963
0.917	0.003995265
0.918	0.003276955
0.919	0.002715864
0.92	0.002283844
0.921	0.001949584
0.922	0.001671337
0.923	0.001426624
0.924	0.001204479
0.925	0.001025438
0.926	0.000880137
0.927	0.000761447
0.928	0.000662827
0.929	0.000579702
0.93	0.00051158
0.931	0.000454243
0.932	0.000401267
0.933	0.000357065
0.934	0.000318612
0.935	0.000283257
0.936	0.000253043
0.937	0.000224304
0.938	0.000200461
0.939	0.000180755
0.94	0.000162676
0.941	0.000147574
0.942	0.00013116
0.943	0.000119005
0.944	0.000109853
0.945	0.000102437
0.946	9.64673E-05
0.947	9.13419E-05
0.948	8.55045E-05
0.949	8.06961E-05
0.95	7.84529E-05
0.951	7.57294E-05
0.952	7.37058E-05
0.953	7.17613E-05
0.954	6.96335E-05
0.955	6.83978E-05
0.956	6.85869E-05
0.957	6.68496E-05
0.958	6.58479E-05
0.959	6.51744E-05
0.96	6.44839E-05
0.961	6.22869E-05
0.962	6.27783E-05
0.963	6.31058E-05
0.964	6.1539E-05
0.965	6.16778E-05
0.966	6.15692E-05
0.967	6.06282E-05
0.968	6.06261E-05
0.969	6.02063E-05
0.97	5.81457E-05
0.971	5.84931E-05
0.972	5.70736E-05
0.973	5.64212E-05
0.974	5.64818E-05
0.975	5.57215E-05
0.976	5.41963E-05
0.977	5.35419E-05
0.978	5.36329E-05
0.979	5.40414E-05
0.98	5.47546E-05
0.981	5.59262E-05
0.982	5.58502E-05
0.983	5.57055E-05
0.984	5.43738E-05
0.985	5.36672E-05
0.986	5.5422E-05
0.987	5.41876E-05
0.988	5.37258E-05
0.989	5.32823E-05
0.99	5.38577E-05
0.991	5.4078E-05
0.992	5.40277E-05
0.993	5.50997E-05
0.994	5.47907E-05
0.995	5.44233E-05
0.996	5.47195E-05
0.997	5.40551E-05
0.998	5.36724E-05
0.999	5.44782E-05
1	5.36543E-05
1.001	5.40618E-05
1.002	5.37929E-05
1.003	5.26809E-05
1.004	5.3098E-05
1.005	5.45545E-05
1.006	5.39654E-05
1.007	5.46193E-05
1.008	5.45839E-05
1.009	5.48465E-05
1.01	5.53747E-05
1.011	5.52436E-05
1.012	5.37489E-05
1.013	5.33372E-05
1.014	5.29058E-05
1.015	5.39254E-05
1.016	5.45028E-05
1.017	5.46265E-05
1.018	5.57814E-05
1.019	5.6003E-05
1.02	5.5419E-05
1.021	5.52098E-05
1.022	5.56757E-05
1.023	5.68856E-05
1.024	5.71118E-05
1.025	5.66097E-05
1.026	5.72934E-05
1.027	5.73566E-05
1.028	5.6975E-05
1.029	5.77769E-05
1.03	5.59987E-05
1.031	5.4995E-05
1.032	5.75368E-05
1.033	5.69267E-05
1.034	5.67334E-05
1.035	5.7643E-05
1.036	5.8074E-05
1.037	5.76364E-05
1.038	5.72014E-05
1.039	5.72612E-05
1.04	5.69613E-05
1.041	5.79159E-05
1.042	5.81654E-05
1.043	5.87758E-05
1.044	5.88809E-05
1.045	5.92328E-05
1.046	5.916E-05
1.047	5.83285E-05
1.048	5.84702E-05
1.049	5.73635E-05
1.05	5.78738E-05
1.051	5.7989E-05
1.052	5.68903E-05
1.053	5.82487E-05
1.054	5.99149E-05
1.055	5.87387E-05
1.056	5.78341E-05
1.057	5.96018E-05
1.058	5.99599E-05
1.059	6.00623E-05
1.06	6.07989E-05
1.061	6.01268E-05
1.062	5.87735E-05
1.063	6.02507E-05
1.064	6.01875E-05
1.065	5.69233E-05
1.066	5.8588E-05
1.067	5.93845E-05
1.068	5.66093E-05
1.069	5.73034E-05
1.07	5.77971E-05
1.071	5.79009E-05
1.072	5.90838E-05
1.073	5.90076E-05
1.074	5.91327E-05
1.075	5.83981E-05
1.076	5.81299E-05
1.077	5.85872E-05
1.078	5.91824E-05
1.079	5.92498E-05
1.08	5.98807E-05
1.081	6.06966E-05
1.082	6.15011E-05
1.083	6.2124E-05
1.084	6.3652E-05
1.085	6.45267E-05
1.086	6.20809E-05
1.087	6.08347E-05
1.088	5.74945E-05
1.089	5.32947E-05
1.09	4.9501E-05
1.091	4.80923E-05
1.092	4.45601E-05
1.093	3.78157E-05
1.094	3.23017E-05
1.095	2.61006E-05
1.096	1.95804E-05
1.097	1.51457E-05
1.098	8.85432E-06
1.099	6.17269E-06
1.1	5.54369E-06
#  Pléiades Neo PNEO3 Band 7 PAN
#
#  Wavelength
#   (microns)	Relative response
#  __________	___________
0.35	3.66566E-06
0.351	7.00428E-06
0.352	9.28637E-06
0.353	1.0873E-05
0.354	1.29396E-05
0.355	1.21655E-05
0.356	9.72954E-06
0.357	8.4536E-06
0.358	9.51579E-06
0.359	9.20906E-06
0.36	7.15952E-06
0.361	1.57478E-05
0.362	1.89464E-05
0.363	1.60281E-05
0.364	1.23076E-05
0.365	7.0713E-06
0.366	3.38798E-06
0.367	4.96977E-06
0.368	5.86265E-06
0.369	5.94945E-06
0.37	9.23217E-06
0.371	9.9903E-06
0.372	8.55375E-06
0.373	7.07808E-06
0.374	9.01509E-06
0.375	8.27769E-06
0.376	9.99476E-06
0.377	1.03422E-05
0.378	7.73096E-06
0.379	7.44515E-06
0.38	8.72519E-06
0.381	8.20531E-06
0.382	6.72201E-06
0.383	6.93514E-06
0.384	7.27492E-06
0.385	7.49357E-06
0.386	7.52347E-06
0.387	5.76302E-06
0.388	5.52264E-06
0.389	5.05231E-06
0.39	4.65614E-06
0.391	3.89232E-06
0.392	4.17772E-06
0.393	7.08999E-06
0.394	5.73384E-06
0.395	3.75502E-06
0.396	3.7749E-06
0.397	3.81351E-06
0.398	5.89731E-06
0.399	8.46376E-06
0.4	8.20639E-06
0.401	8.26126E-06
0.402	1.1587E-05
0.403	1.67227E-05
0.404	1.85911E-05
0.405	1.64879E-05
0.406	1.25993E-05
0.407	1.8545E-05
0.408	3.22624E-05
0.409	5.382E-05
0.41	9.40701E-05
0.411	0.000132751
0.412	0.000154618
0.413	0.000172721
0.414	0.000179277
0.415	0.000186956
0.416	0.000226778
0.417	0.000296526
0.418	0.000421748
0.419	0.000664695
0.42	0.00110879
0.421	0.001762264
0.422	0.002538283
0.423	0.003335397
0.424	0.004067786
0.425	0.00479372
0.426	0.005835325
0.427	0.007817033
0.428	0.011909082
0.429	0.020172566
0.43	0.035541246
0.431	0.060466712
0.432	0.094399631
0.433	0.13359565
0.434	0.173832539
0.435	0.213957412
0.436	0.255452912
0.437	0.298319195
0.438	0.336849431
0.439	0.364365302
0.44	0.378413967
0.441	0.382537522
0.442	0.38401842
0.443	0.389274482
0.444	0.400034801
0.445	0.414674658
0.446	0.42916082
0.447	0.440616098
0.448	0.448571122
0.449	0.453742346
0.45	0.458252021
0.451	0.462560925
0.452	0.466435466
0.453	0.469097839
0.454	0.471092056
0.455	0.473142092
0.456	0.476442403
0.457	0.482326345
0.458	0.490502839
0.459	0.499350498
0.46	0.507298303
0.461	0.512995522
0.462	0.516503282
0.463	0.517821251
0.464	0.518351528
0.465	0.519453448
0.466	0.521972607
0.467	0.525734445
0.468	0.530195641
0.469	0.534446122
0.47	0.537698316
0.471	0.539354861
0.472	0.540071047
0.473	0.541624329
0.474	0.545442597
0.475	0.55214393
0.476	0.561300051
0.477	0.571835419
0.478	0.581389436
0.479	0.588403902
0.48	0.59181995
0.481	0.591307445
0.482	0.588099496
0.483	0.583899383
0.484	0.580248892
0.485	0.578641853
0.486	0.580100208
0.487	0.585424278
0.488	0.594068428
0.489	0.605093149
0.49	0.616724571
0.491	0.626881241
0.492	0.634804737
0.493	0.639900407
0.494	0.643273195
0.495	0.645821431
0.496	0.648555969
0.497	0.652072499
0.498	0.656472974
0.499	0.661177984
0.5	0.665908512
0.501	0.670204114
0.502	0.674002575
0.503	0.677119291
0.504	0.679381566
0.505	0.68038708
0.506	0.680431101
0.507	0.680587541
0.508	0.680507488
0.509	0.681152412
0.51	0.68305192
0.511	0.685140757
0.512	0.687054459
0.513	0.688308821
0.514	0.688697825
0.515	0.6884388
0.516	0.688806006
0.517	0.690851277
0.518	0.695642903
0.519	0.703228295
0.52	0.712956
0.521	0.723000562
0.522	0.731211544
0.523	0.735542666
0.524	0.735622588
0.525	0.731753305
0.526	0.725044809
0.527	0.717529958
0.528	0.710689374
0.529	0.705444386
0.53	0.702721516
0.531	0.702360904
0.532	0.704870237
0.533	0.709883309
0.534	0.717491365
0.535	0.728211902
0.536	0.741429978
0.537	0.756349505
0.538	0.770980195
0.539	0.783508345
0.54	0.791915408
0.541	0.794844703
0.542	0.793299702
0.543	0.788577564
0.544	0.782189523
0.545	0.776745888
0.546	0.774970038
0.547	0.777355467
0.548	0.783814691
0.549	0.793708706
0.55	0.805283263
0.551	0.816558929
0.552	0.826393324
0.553	0.833573764
0.554	0.837693343
0.555	0.839343267
0.556	0.839415007
0.557	0.838872675
0.558	0.838165878
0.559	0.838134136
0.56	0.839202012
0.561	0.840915003
0.562	0.843572747
0.563	0.847198708
0.564	0.851662742
0.565	0.856852421
0.566	0.862209857
0.567	0.867273401
0.568	0.871903019
0.569	0.875090575
0.57	0.877084147
0.571	0.877416252
0.572	0.876556265
0.573	0.875080317
0.574	0.873754139
0.575	0.87294678
0.576	0.873288232
0.577	0.874775954
0.578	0.877659716
0.579	0.881613885
0.58	0.886214177
0.581	0.890785931
0.582	0.895144393
0.583	0.899077271
0.584	0.901973998
0.585	0.904402345
0.586	0.906320668
0.587	0.907460515
0.588	0.908233645
0.589	0.908694237
0.59	0.909313541
0.591	0.909902031
0.592	0.910662992
0.593	0.911679459
0.594	0.913234761
0.595	0.914965595
0.596	0.916985342
0.597	0.919411638
0.598	0.921859793
0.599	0.923787147
0.6	0.925170272
0.601	0.92575232
0.602	0.925594809
0.603	0.924861087
0.604	0.923850329
0.605	0.922963054
0.606	0.922491092
0.607	0.922958311
0.608	0.924672571
0.609	0.927405082
0.61	0.931123234
0.611	0.935731263
0.612	0.940627089
0.613	0.945412459
0.614	0.949627507
0.615	0.952835361
0.616	0.955099651
0.617	0.955913332
0.618	0.955793091
0.619	0.954974009
0.62	0.95349076
0.621	0.951792392
0.622	0.950361013
0.623	0.949263186
0.624	0.948418077
0.625	0.948350373
0.626	0.948956564
0.627	0.950311551
0.628	0.952185522
0.629	0.954449017
0.63	0.957208289
0.631	0.960188063
0.632	0.963174893
0.633	0.966106337
0.634	0.969099359
0.635	0.971690445
0.636	0.973481419
0.637	0.974514017
0.638	0.974842183
0.639	0.974319534
0.64	0.973258612
0.641	0.97193861
0.642	0.970679033
0.643	0.969768205
0.644	0.969349634
0.645	0.969741585
0.646	0.971100545
0.647	0.973036673
0.648	0.975964502
0.649	0.979764535
0.65	0.98339671
0.651	0.986638228
0.652	0.989466183
0.653	0.991583699
0.654	0.992700768
0.655	0.992652934
0.656	0.991847834
0.657	0.99030479
0.658	0.987984157
0.659	0.985394304
0.66	0.982830976
0.661	0.980250897
0.662	0.978023523
0.663	0.976299202
0.664	0.975546966
0.665	0.975540604
0.666	0.976125925
0.667	0.97732626
0.668	0.979145682
0.669	0.981573172
0.67	0.984513392
0.671	0.987683531
0.672	0.990832294
0.673	0.993595411
0.674	0.995914494
0.675	0.998114992
0.676	0.999501309
0.677	1
0.678	0.99978185
0.679	0.99842439
0.68	0.996372498
0.681	0.99375899
0.682	0.990686665
0.683	0.987242899
0.684	0.984361972
0.685	0.98195588
0.686	0.980108192
0.687	0.979230613
0.688	0.979455903
0.689	0.980574723
0.69	0.982676876
0.691	0.985209892
0.692	0.988109671
0.693	0.991283723
0.694	0.994471137
0.695	0.99717274
0.696	0.998968523
0.697	0.999718391
0.698	0.999660124
0.699	0.998204145
0.7	0.995917099
0.701	0.992912895
0.702	0.989050286
0.703	0.984808508
0.704	0.98051084
0.705	0.976257124
0.706	0.972288493
0.707	0.969062445
0.708	0.966591145
0.709	0.96467949
0.71	0.96369271
0.711	0.963405479
0.712	0.963495302
0.713	0.964516426
0.714	0.966285918
0.715	0.968490202
0.716	0.970673
0.717	0.973444439
0.718	0.97645527
0.719	0.97895423
0.72	0.981407387
0.721	0.983026681
0.722	0.983865492
0.723	0.984214257
0.724	0.9838641
0.725	0.982548501
0.726	0.980645139
0.727	0.977728782
0.728	0.974490037
0.729	0.97094917
0.73	0.966908356
0.731	0.962900067
0.732	0.95914326
0.733	0.956077429
0.734	0.95349011
0.735	0.951785813
0.736	0.950513448
0.737	0.950210474
0.738	0.950795812
0.739	0.952292867
0.74	0.95448317
0.741	0.956868797
0.742	0.959151274
0.743	0.961485689
0.744	0.963290295
0.745	0.964598659
0.746	0.964976099
0.747	0.964871938
0.748	0.963571514
0.749	0.961338001
0.75	0.958344631
0.751	0.954763521
0.752	0.950281043
0.753	0.945400624
0.754	0.940594294
0.755	0.935904766
0.756	0.931408277
0.757	0.927818494
0.758	0.924839828
0.759	0.922735573
0.76	0.921376034
0.761	0.920428643
0.762	0.920440098
0.763	0.921122834
0.764	0.922248854
0.765	0.923556886
0.766	0.924794946
0.767	0.925914009
0.768	0.926528338
0.769	0.926924792
0.77	0.925878329
0.771	0.92433367
0.772	0.921376808
0.773	0.918255596
0.774	0.91407824
0.775	0.90935884
0.776	0.904361304
0.777	0.899132965
0.778	0.893794662
0.779	0.888964211
0.78	0.885404496
0.781	0.882088082
0.782	0.879572798
0.783	0.878264118
0.784	0.877780959
0.785	0.878525017
0.786	0.880237218
0.787	0.882861592
0.788	0.885183286
0.789	0.887509412
0.79	0.889539962
0.791	0.890087371
0.792	0.889268395
0.793	0.886674227
0.794	0.882226929
0.795	0.875922565
0.796	0.867838539
0.797	0.858269635
0.798	0.847572816
0.799	0.835829241
0.8	0.825826712
0.801	0.81648408
0.802	0.808155143
0.803	0.80318483
0.804	0.801571968
0.805	0.804034228
0.806	0.809397333
0.807	0.816805311
0.808	0.825781895
0.809	0.83262553
0.81	0.833493595
0.811	0.825171288
0.812	0.802743582
0.813	0.763088322
0.814	0.705832769
0.815	0.634025688
0.816	0.552757847
0.817	0.468861303
0.818	0.388743177
0.819	0.316973948
0.82	0.255638
0.821	0.204870305
0.822	0.164035823
0.823	0.131721643
0.824	0.106205151
0.825	0.086255684
0.826	0.070652795
0.827	0.058277143
0.828	0.048473481
0.829	0.040638322
0.83	0.034332462
0.831	0.029231193
0.832	0.02508274
0.833	0.021660549
0.834	0.018834703
0.835	0.016480755
0.836	0.01451415
0.837	0.012862351
0.838	0.011458686
0.839	0.010256386
0.84	0.009228745
0.841	0.008333433
0.842	0.007563173
0.843	0.006892634
0.844	0.006302375
0.845	0.005781013
0.846	0.005316543
0.847	0.00491159
0.848	0.004547893
0.849	0.004210282
0.85	0.003915604
0.851	0.003640299
0.852	0.003388532
0.853	0.003160144
0.854	0.002946655
0.855	0.00274692
0.856	0.002565023
0.857	0.002391865
0.858	0.002228325
0.859	0.002075232
0.86	0.001928199
0.861	0.001792059
0.862	0.001659742
0.863	0.00153126
0.864	0.001416428
0.865	0.001309816
0.866	0.001208289
0.867	0.001110964
0.868	0.00102172
0.869	0.000937358
0.87	0.000860909
0.871	0.000790309
0.872	0.000725244
0.873	0.000663848
0.874	0.000606148
0.875	0.00055604
0.876	0.00050894
0.877	0.000466067
0.878	0.000427945
0.879	0.00039296
0.88	0.000362504
0.881	0.000334136
0.882	0.000306528
0.883	0.000282112
0.884	0.000261836
0.885	0.00024311
0.886	0.000224297
0.887	0.000209086
0.888	0.000195223
0.889	0.000182484
0.89	0.000172018
0.891	0.000162208
0.892	0.000151846
0.893	0.000141538
0.894	0.000132769
0.895	0.000125317
0.896	0.000117961
0.897	0.000112011
0.898	0.000106863
0.899	0.000101598
0.9	9.61601E-05
0.901	9.20211E-05
0.902	8.81496E-05
0.903	8.40553E-05
0.904	8.00948E-05
0.905	7.68514E-05
0.906	7.44332E-05
0.907	7.17006E-05
0.908	6.89724E-05
0.909	6.72194E-05
0.91	6.57824E-05
0.911	6.42124E-05
0.912	6.26156E-05
0.913	6.12227E-05
0.914	6.00011E-05
0.915	5.85175E-05
0.916	5.7531E-05
0.917	5.60733E-05
0.918	5.5121E-05
0.919	5.43308E-05
0.92	5.35296E-05
0.921	5.28854E-05
0.922	5.22098E-05
0.923	5.06682E-05
0.924	4.9229E-05
0.925	4.79244E-05
0.926	4.57546E-05
0.927	4.32041E-05
0.928	4.0955E-05
0.929	3.84766E-05
0.93	3.5391E-05
0.931	3.18553E-05
0.932	2.85789E-05
0.933	2.596E-05
0.934	2.32852E-05
0.935	2.0592E-05
0.936	1.79747E-05
0.937	1.56734E-05
0.938	1.36062E-05
0.939	1.15082E-05
0.94	9.46226E-06
0.941	8.18548E-06
0.942	7.23599E-06
0.943	6.16302E-06
0.944	5.27137E-06
0.945	4.36521E-06
0.946	3.73281E-06
0.947	3.16635E-06
0.948	2.60192E-06
0.949	2.17951E-06
0.95	2.00901E-06
0.951	1.7864E-06
0.952	1.55688E-06
0.953	1.53715E-06
0.954	1.46998E-06
0.955	1.28274E-06
0.956	1.13678E-06
0.957	1.02064E-06
0.958	9.39405E-07
0.959	8.77104E-07
0.96	9.04427E-07
0.961	9.07898E-07
0.962	8.18286E-07
0.963	7.64709E-07
0.964	7.4106E-07
0.965	7.23272E-07
0.966	6.85681E-07
0.967	5.94004E-07
0.968	5.73962E-07
0.969	5.88313E-07
0.97	5.67126E-07
0.971	4.98538E-07
0.972	4.83224E-07
0.973	5.22044E-07
0.974	5.61704E-07
0.975	6.37873E-07
0.976	5.91266E-07
0.977	4.88298E-07
0.978	4.7493E-07
0.979	5.38329E-07
0.98	5.37321E-07
0.981	4.88259E-07
0.982	4.056E-07
0.983	3.32735E-07
0.984	3.92439E-07
0.985	4.02043E-07
0.986	4.10934E-07
0.987	4.49028E-07
0.988	4.04304E-07
0.989	3.88919E-07
0.99	4.53022E-07
0.991	4.70072E-07
0.992	4.80738E-07
0.993	4.38759E-07
0.994	4.06371E-07
0.995	4.97512E-07
0.996	5.13023E-07
0.997	5.39702E-07
0.998	5.23775E-07
0.999	4.3914E-07
1	4.3644E-07
1.001	5.17853E-07
1.002	4.95232E-07
1.003	4.26775E-07
1.004	5.28395E-07
1.005	6.26577E-07
1.006	5.81906E-07
1.007	5.59993E-07
1.008	5.49527E-07
1.009	5.26115E-07
1.01	5.34132E-07
1.011	5.51904E-07
1.012	5.81292E-07
1.013	5.75721E-07
1.014	5.88799E-07
1.015	6.27099E-07
1.016	5.63183E-07
1.017	6.10604E-07
1.018	6.12448E-07
1.019	6.49308E-07
1.02	6.94144E-07
1.021	6.89006E-07
1.022	6.58662E-07
1.023	6.878E-07
1.024	7.65674E-07
1.025	7.69398E-07
1.026	7.01384E-07
1.027	7.08642E-07
1.028	7.25873E-07
1.029	6.88311E-07
1.03	6.42244E-07
1.031	6.78938E-07
1.032	7.11333E-07
1.033	6.94617E-07
1.034	7.97938E-07
1.035	8.5986E-07
1.036	7.41636E-07
1.037	7.4597E-07
1.038	7.56407E-07
1.039	7.54028E-07
1.04	7.36141E-07
1.041	7.64222E-07
1.042	7.8942E-07
1.043	7.36858E-07
1.044	6.04592E-07
1.045	5.73452E-07
1.046	7.99442E-07
1.047	8.00492E-07
1.048	6.44919E-07
1.049	6.30976E-07
1.05	6.2761E-07
1.051	7.83036E-07
1.052	9.81014E-07
1.053	8.39528E-07
1.054	6.66866E-07
1.055	6.6887E-07
1.056	4.60485E-07
1.057	4.49296E-07
1.058	3.53704E-07
1.059	2.64884E-07
1.06	1.33803E-07
1.061	1.06592E-07
1.062	2.41415E-07
1.063	1.90074E-07
1.064	8.8084E-08
1.065	1.27287E-07
1.066	9.30272E-08
1.067	4.13325E-08
1.068	9.50143E-08
1.069	1.06582E-07
1.07	9.95588E-08
1.071	2.8176E-07
1.072	2.13729E-07
1.073	1.83597E-07
1.074	3.00395E-07
1.075	3.30316E-07
1.076	3.20368E-07
1.077	2.18877E-07
1.078	2.88204E-07
1.079	1.47974E-07
1.08	1.02594E-07
1.081	1.73877E-07
1.082	3.55228E-07
1.083	5.30821E-07
1.084	4.79772E-07
1.085	4.42682E-07
1.086	6.5719E-07
1.087	6.10575E-07
1.088	4.82019E-07
1.089	3.75859E-07
1.09	2.75E-07
1.091	3.80633E-07
1.092	4.98768E-07
1.093	4.64714E-07
1.094	6.43966E-07
1.095	7.91861E-07
1.096	7.35243E-07
1.097	3.7463E-07
1.098	3.21528E-07
1.099	1.92383E-07
1.1	6.45379E-08