# QV 2022-09-29 from Airbus DS technical support Excel file
# SpectralValues_Normalized-PHR1A_PHR1B_SPOT6_SPOT7_PNEO3-4.xlsx
#
#  Pléiades Neo PNEO4 Band 1 BlueCoastal
#
#  Wavelength
#   (microns)	Relative response
#  __________	___________
0.35	1.96421E-08
0.351	6.9791E-08
0.352	7.99682E-08
0.353	2.33894E-08
0.354	1.85337E-08
0.355	5.62396E-08
0.356	4.93436E-08
0.357	8.25131E-08
0.358	1.08645E-07
0.359	7.15108E-08
0.36	3.22731E-08
0.361	1.86412E-08
0.362	4.14575E-08
0.363	3.73901E-08
0.364	3.03463E-08
0.365	4.89898E-08
0.366	3.19095E-08
0.367	3.39491E-08
0.368	1.04986E-07
0.369	1.38552E-07
0.37	2.59198E-07
0.371	5.72074E-07
0.372	1.27445E-06
0.373	3.95194E-06
0.374	1.16289E-05
0.375	2.891E-05
0.376	6.14704E-05
0.377	0.00013809
0.378	0.000312266
0.379	0.000620754
0.38	0.001091548
0.381	0.001782411
0.382	0.002828161
0.383	0.004395602
0.384	0.006728616
0.385	0.010228531
0.386	0.016136189
0.387	0.02626221
0.388	0.041261913
0.389	0.05912921
0.39	0.076042318
0.391	0.089252158
0.392	0.098199075
0.393	0.104265519
0.394	0.108439098
0.395	0.111794808
0.396	0.116547293
0.397	0.125324839
0.398	0.138862816
0.399	0.156649971
0.4	0.176803967
0.401	0.196075801
0.402	0.213531631
0.403	0.22929039
0.404	0.244846371
0.405	0.26097742
0.406	0.277677519
0.407	0.296036447
0.408	0.316892304
0.409	0.340576463
0.41	0.365059975
0.411	0.388706983
0.412	0.410561015
0.413	0.431169859
0.414	0.452289173
0.415	0.474298757
0.416	0.496923897
0.417	0.520526009
0.418	0.542481435
0.419	0.563187031
0.42	0.582517929
0.421	0.6022168
0.422	0.623011384
0.423	0.644438107
0.424	0.664575785
0.425	0.682664545
0.426	0.698019072
0.427	0.712158277
0.428	0.727790725
0.429	0.745946191
0.43	0.765564337
0.431	0.78394144
0.432	0.797184566
0.433	0.807878933
0.434	0.820588988
0.435	0.838540264
0.436	0.858521655
0.437	0.876339489
0.438	0.888410554
0.439	0.898399275
0.44	0.909918777
0.441	0.922052053
0.442	0.931901888
0.443	0.935004793
0.444	0.926587853
0.445	0.907124108
0.446	0.883709787
0.447	0.86994833
0.448	0.876319763
0.449	0.902438342
0.45	0.941831069
0.451	0.979875705
0.452	1
0.453	0.98573797
0.454	0.924028319
0.455	0.817951392
0.456	0.686989994
0.457	0.553046995
0.458	0.427209725
0.459	0.313293542
0.46	0.216677802
0.461	0.143179363
0.462	0.094311922
0.463	0.065187308
0.464	0.048238528
0.465	0.037405932
0.466	0.029336611
0.467	0.022589381
0.468	0.01681638
0.469	0.012120264
0.47	0.008621079
0.471	0.006024606
0.472	0.004103733
0.473	0.002957334
0.474	0.002395228
0.475	0.002097103
0.476	0.001912655
0.477	0.001756264
0.478	0.001547511
0.479	0.001263809
0.48	0.000952708
0.481	0.000680579
0.482	0.000482124
0.483	0.000359247
0.484	0.000294846
0.485	0.000271231
0.486	0.000273491
0.487	0.000292398
0.488	0.000316595
0.489	0.000329968
0.49	0.00032487
0.491	0.000299478
0.492	0.000261293
0.493	0.000220087
0.494	0.000185454
0.495	0.00016115
0.496	0.000144288
0.497	0.000137667
0.498	0.000142035
0.499	0.000155369
0.5	0.000180097
0.501	0.000216864
0.502	0.000257403
0.503	0.000284382
0.504	0.000279558
0.505	0.000242324
0.506	0.000189762
0.507	0.000141434
0.508	0.000112655
0.509	0.000103349
0.51	0.000113705
0.511	0.000138532
0.512	0.000169202
0.513	0.000192352
0.514	0.000194847
0.515	0.000176355
0.516	0.000145923
0.517	0.000115291
0.518	9.12454E-05
0.519	7.35626E-05
0.52	6.07567E-05
0.521	5.07459E-05
0.522	4.20526E-05
0.523	3.87384E-05
0.524	3.86457E-05
0.525	4.4988E-05
0.526	5.74192E-05
0.527	7.45803E-05
0.528	9.71932E-05
0.529	0.000115464
0.53	0.000121815
0.531	0.00011423
0.532	9.31509E-05
0.533	6.87595E-05
0.534	5.17798E-05
0.535	4.11978E-05
0.536	4.11932E-05
0.537	4.78629E-05
0.538	5.89907E-05
0.539	8.00489E-05
0.54	0.000105651
0.541	0.000138313
0.542	0.000188051
0.543	0.000250473
0.544	0.000325034
0.545	0.000428843
0.546	0.000560483
0.547	0.000676201
0.548	0.000722455
0.549	0.000682767
0.55	0.000592359
0.551	0.00049137
0.552	0.000486745
0.553	0.000656087
0.554	0.000968928
0.555	0.001510072
0.556	0.002514073
0.557	0.003808604
0.558	0.004719395
0.559	0.004919968
0.56	0.004556503
0.561	0.003711234
0.562	0.00264884
0.563	0.001789204
0.564	0.001285459
0.565	0.000964672
0.566	0.000774304
0.567	0.000836337
0.568	0.00108669
0.569	0.001323305
0.57	0.001818238
0.571	0.00320777
0.572	0.004982252
0.573	0.005710286
0.574	0.0055853
0.575	0.005308527
0.576	0.004166309
0.577	0.002248031
0.578	0.000722788
0.579	0.00014011
0.58	3.02991E-05
0.581	1.8044E-05
0.582	2.04316E-05
0.583	6.66732E-05
0.584	0.00022782
0.585	0.00049309
0.586	0.000775284
0.587	0.001175171
0.588	0.001890669
0.589	0.002582727
0.59	0.002778583
0.591	0.002650069
0.592	0.002641248
0.593	0.002731879
0.594	0.002650525
0.595	0.00232151
0.596	0.001888926
0.597	0.001360236
0.598	0.000769852
0.599	0.000327822
0.6	0.00012468
0.601	6.78742E-05
0.602	7.41772E-05
0.603	0.000111791
0.604	0.000159668
0.605	0.000220344
0.606	0.000322104
0.607	0.00045205
0.608	0.000523066
0.609	0.000500928
0.61	0.000442144
0.611	0.000374841
0.612	0.000288846
0.613	0.000215301
0.614	0.000185948
0.615	0.000195339
0.616	0.000231509
0.617	0.000305718
0.618	0.000409823
0.619	0.000472652
0.62	0.000469445
0.621	0.000438728
0.622	0.000400699
0.623	0.000335747
0.624	0.000240761
0.625	0.000156703
0.626	0.000114009
0.627	0.000105256
0.628	0.000118112
0.629	0.000134883
0.63	0.000143521
0.631	0.000147945
0.632	0.000141586
0.633	0.000124542
0.634	0.000109634
0.635	0.000100468
0.636	0.000107409
0.637	0.000125645
0.638	0.000145199
0.639	0.000164762
0.64	0.000199012
0.641	0.000270442
0.642	0.00035603
0.643	0.000397029
0.644	0.000379183
0.645	0.000355518
0.646	0.000352159
0.647	0.000328426
0.648	0.000244197
0.649	0.00014296
0.65	7.2443E-05
0.651	4.67951E-05
0.652	5.7754E-05
0.653	8.30277E-05
0.654	0.000111263
0.655	0.000140948
0.656	0.000174381
0.657	0.000231612
0.658	0.000298473
0.659	0.000336767
0.66	0.000340712
0.661	0.000338609
0.662	0.000349029
0.663	0.000358293
0.664	0.000344056
0.665	0.000318453
0.666	0.000309316
0.667	0.000325709
0.668	0.000352718
0.669	0.000365084
0.67	0.000356821
0.671	0.000341925
0.672	0.000325164
0.673	0.000307759
0.674	0.000273263
0.675	0.000222954
0.676	0.000172947
0.677	0.000126732
0.678	9.46998E-05
0.679	7.2775E-05
0.68	5.24486E-05
0.681	3.81757E-05
0.682	2.3792E-05
0.683	1.14653E-05
0.684	5.46865E-06
0.685	1.68113E-06
0.686	1.54339E-07
0.687	8.72447E-08
0.688	2.22109E-07
0.689	2.08782E-07
0.69	8.24901E-08
0.691	1.39247E-08
0.692	1.19282E-08
0.693	9.93287E-08
0.694	1.66577E-07
0.695	1.25242E-07
0.696	4.39407E-07
0.697	2.92602E-07
0.698	1.81112E-08
0.699	0
0.7	0
0.701	4.29116E-09
0.702	1.35346E-07
0.703	3.46943E-07
0.704	2.13146E-07
0.705	1.84237E-07
0.706	4.52868E-08
0.707	2.38644E-07
0.708	4.98077E-07
0.709	3.75234E-07
0.71	1.89724E-07
0.711	1.66449E-08
0.712	7.12823E-08
0.713	1.61906E-07
0.714	1.1295E-07
0.715	1.32304E-07
0.716	5.91349E-08
0.717	1.68066E-08
0.718	9.39022E-08
0.719	1.05414E-06
0.72	4.81906E-06
0.721	1.05643E-05
0.722	1.45611E-05
0.723	1.72068E-05
0.724	1.93911E-05
0.725	2.46159E-05
0.726	3.66772E-05
0.727	5.00625E-05
0.728	6.20749E-05
0.729	6.67157E-05
0.73	6.87774E-05
0.731	6.69494E-05
0.732	6.38929E-05
0.733	6.7316E-05
0.734	7.70885E-05
0.735	8.86689E-05
0.736	8.41448E-05
0.737	6.53262E-05
0.738	4.77916E-05
0.739	3.17844E-05
0.74	1.83544E-05
0.741	1.36206E-05
0.742	1.08721E-05
0.743	8.0395E-06
0.744	5.22291E-06
0.745	3.55531E-06
0.746	3.53983E-06
0.747	2.44666E-06
0.748	2.73188E-06
0.749	3.87167E-06
0.75	3.73186E-06
0.751	3.39208E-06
0.752	3.53688E-06
0.753	5.00932E-06
0.754	6.5148E-06
0.755	6.95986E-06
0.756	7.45108E-06
0.757	7.08555E-06
0.758	9.17755E-06
0.759	1.20739E-05
0.76	1.39666E-05
0.761	1.4101E-05
0.762	1.38772E-05
0.763	1.50281E-05
0.764	1.54089E-05
0.765	1.69392E-05
0.766	1.99217E-05
0.767	2.02288E-05
0.768	1.97998E-05
0.769	1.96269E-05
0.77	1.89907E-05
0.771	1.6119E-05
0.772	1.39699E-05
0.773	1.24301E-05
0.774	1.18803E-05
0.775	1.13109E-05
0.776	9.42109E-06
0.777	8.9409E-06
0.778	1.00006E-05
0.779	1.12611E-05
0.78	1.34153E-05
0.781	1.52478E-05
0.782	1.56269E-05
0.783	2.03217E-05
0.784	2.48593E-05
0.785	2.55448E-05
0.786	2.89584E-05
0.787	3.31377E-05
0.788	3.62188E-05
0.789	4.03108E-05
0.79	4.26318E-05
0.791	4.64905E-05
0.792	6.51675E-05
0.793	8.26588E-05
0.794	8.81424E-05
0.795	0.000104348
0.796	0.000137663
0.797	0.000184632
0.798	0.000243022
0.799	0.000289256
0.8	0.000320557
0.801	0.00032493
0.802	0.000338682
0.803	0.000365132
0.804	0.000379534
0.805	0.000380697
0.806	0.000402166
0.807	0.000444166
0.808	0.000470046
0.809	0.00048516
0.81	0.000535506
0.811	0.000596024
0.812	0.000607821
0.813	0.000600013
0.814	0.000597851
0.815	0.000593573
0.816	0.000583791
0.817	0.000584578
0.818	0.000580576
0.819	0.000578785
0.82	0.000586108
0.821	0.000576417
0.822	0.000573129
0.823	0.000578621
0.824	0.000570717
0.825	0.000562053
0.826	0.000555845
0.827	0.00055729
0.828	0.000564987
0.829	0.000560265
0.83	0.000544649
0.831	0.000544515
0.832	0.000552181
0.833	0.00054436
0.834	0.000538719
0.835	0.000541735
0.836	0.000542163
0.837	0.000529183
0.838	0.000526856
0.839	0.000529529
0.84	0.000529177
0.841	0.000519438
0.842	0.000513572
0.843	0.000519767
0.844	0.000524362
0.845	0.000526347
0.846	0.000519351
0.847	0.000514
0.848	0.000511626
0.849	0.000517386
0.85	0.000517088
0.851	0.000512922
0.852	0.000511899
0.853	0.000508682
0.854	0.000506488
0.855	0.000510136
0.856	0.000506763
0.857	0.000506423
0.858	0.000503536
0.859	0.000498392
0.86	0.000500258
0.861	0.000505687
0.862	0.000503094
0.863	0.000493256
0.864	0.000489745
0.865	0.000495763
0.866	0.000493085
0.867	0.000491955
0.868	0.000490197
0.869	0.000487498
0.87	0.000477441
0.871	0.00046111
0.872	0.000464313
0.873	0.000471954
0.874	0.000460081
0.875	0.000451847
0.876	0.000457052
0.877	0.000463036
0.878	0.000461232
0.879	0.000446523
0.88	0.00044251
0.881	0.000448081
0.882	0.000445453
0.883	0.000432422
0.884	0.000426727
0.885	0.000434345
0.886	0.000431072
0.887	0.000422666
0.888	0.00042328
0.889	0.000423137
0.89	0.000422066
0.891	0.000416531
0.892	0.000410945
0.893	0.000407078
0.894	0.000405118
0.895	0.000400939
0.896	0.000396148
0.897	0.000392825
0.898	0.000394428
0.899	0.000391776
0.9	0.00038961
0.901	0.000390402
0.902	0.000384315
0.903	0.000378723
0.904	0.000377309
0.905	0.000377903
0.906	0.000377135
0.907	0.000367136
0.908	0.000357651
0.909	0.0003574
0.91	0.000356983
0.911	0.000354831
0.912	0.000348543
0.913	0.000345824
0.914	0.000348073
0.915	0.000345313
0.916	0.00033804
0.917	0.000332884
0.918	0.000330739
0.919	0.000329504
0.92	0.000325757
0.921	0.000321786
0.922	0.000317986
0.923	0.000316824
0.924	0.000313373
0.925	0.000310259
0.926	0.000308098
0.927	0.000301483
0.928	0.000298704
0.929	0.000295296
0.93	0.000294648
0.931	0.000294349
0.932	0.000290395
0.933	0.000283638
0.934	0.000282643
0.935	0.000281527
0.936	0.000279309
0.937	0.000274866
0.938	0.000271083
0.939	0.00027075
0.94	0.000271417
0.941	0.000269203
0.942	0.000263501
0.943	0.000259731
0.944	0.000262019
0.945	0.000259605
0.946	0.0002537
0.947	0.000251128
0.948	0.000254064
0.949	0.000255775
0.95	0.00025282
0.951	0.000249862
0.952	0.000246568
0.953	0.000244145
0.954	0.000245278
0.955	0.000242062
0.956	0.000234296
0.957	0.000230364
0.958	0.000229201
0.959	0.000228169
0.96	0.000230448
0.961	0.000230799
0.962	0.000227756
0.963	0.000224854
0.964	0.000222776
0.965	0.000221848
0.966	0.000220791
0.967	0.000219437
0.968	0.00021668
0.969	0.000214417
0.97	0.000213894
0.971	0.000211329
0.972	0.000212361
0.973	0.000212307
0.974	0.000209182
0.975	0.000206555
0.976	0.000209196
0.977	0.000211779
0.978	0.000209933
0.979	0.000208799
0.98	0.000209812
0.981	0.00021322
0.982	0.000218373
0.983	0.000233395
0.984	0.000258225
0.985	0.00028161
0.986	0.000299879
0.987	0.000310259
0.988	0.000318324
0.989	0.000321218
0.99	0.000321273
0.991	0.000322037
0.992	0.000328853
0.993	0.000359163
0.994	0.000429645
0.995	0.000523276
0.996	0.000600656
0.997	0.000632172
0.998	0.000595472
0.999	0.000520958
1	0.000465431
1.001	0.000456352
1.002	0.00049256
1.003	0.000539509
1.004	0.000566366
1.005	0.000560312
1.006	0.000529583
1.007	0.000488696
1.008	0.000443976
1.009	0.000407577
1.01	0.000384451
1.011	0.000376875
1.012	0.000387445
1.013	0.000410675
1.014	0.000447133
1.015	0.000494058
1.016	0.000544672
1.017	0.000600215
1.018	0.000656987
1.019	0.000713969
1.02	0.000770555
1.021	0.000826649
1.022	0.000881815
1.023	0.0009513
1.024	0.001044446
1.025	0.00115959
1.026	0.001291971
1.027	0.001433805
1.028	0.001560546
1.029	0.001647277
1.03	0.001675782
1.031	0.001661094
1.032	0.001633434
1.033	0.001620208
1.034	0.001628851
1.035	0.001642922
1.036	0.001648024
1.037	0.00162787
1.038	0.001578878
1.039	0.001502805
1.04	0.001414434
1.041	0.001322001
1.042	0.001236236
1.043	0.001162084
1.044	0.001110548
1.045	0.001086215
1.046	0.001078173
1.047	0.001091714
1.048	0.00112692
1.049	0.001185329
1.05	0.001270726
1.051	0.00138655
1.052	0.00153806
1.053	0.001723684
1.054	0.00193602
1.055	0.002173218
1.056	0.002426268
1.057	0.002683129
1.058	0.002938725
1.059	0.003192652
1.06	0.003459115
1.061	0.003745981
1.062	0.00406247
1.063	0.00443475
1.064	0.004871812
1.065	0.00536825
1.066	0.005883777
1.067	0.006369413
1.068	0.006759917
1.069	0.007005426
1.07	0.007106786
1.071	0.007113548
1.072	0.007091837
1.073	0.007089814
1.074	0.007116559
1.075	0.00713527
1.076	0.007120027
1.077	0.007030744
1.078	0.006852163
1.079	0.006598224
1.08	0.006284489
1.081	0.005959123
1.082	0.005642189
1.083	0.005333452
1.084	0.00509325
1.085	0.004940957
1.086	0.004760913
1.087	0.004392253
1.088	0.004277758
1.089	0.004257786
1.09	0.004185983
1.091	0.003997833
1.092	0.003600029
1.093	0.003532095
1.094	0.003507072
1.095	0.003425868
1.096	0.003207976
1.097	0.002851741
1.098	0.002365988
1.099	0.002261053
1.1	0.002313548
#  Pléiades Neo PNEO4 Band 2 Blue
#
#  Wavelength
#   (microns)	Relative response
#  __________	___________
0.35	9.03888E-06
0.351	1.25016E-05
0.352	1.5515E-05
0.353	1.72045E-05
0.354	1.78502E-05
0.355	1.85247E-05
0.356	1.89073E-05
0.357	1.89284E-05
0.358	1.93442E-05
0.359	1.95333E-05
0.36	1.98099E-05
0.361	2.01358E-05
0.362	2.02122E-05
0.363	2.05882E-05
0.364	2.13173E-05
0.365	2.15584E-05
0.366	2.12865E-05
0.367	2.08552E-05
0.368	2.03393E-05
0.369	2.02201E-05
0.37	2.00691E-05
0.371	2.00168E-05
0.372	1.97383E-05
0.373	1.9778E-05
0.374	2.02931E-05
0.375	2.06288E-05
0.376	2.07205E-05
0.377	2.07903E-05
0.378	2.09174E-05
0.379	2.09409E-05
0.38	2.13239E-05
0.381	2.13241E-05
0.382	2.13314E-05
0.383	2.14556E-05
0.384	2.17061E-05
0.385	2.20252E-05
0.386	2.25025E-05
0.387	2.3294E-05
0.388	2.41191E-05
0.389	2.50086E-05
0.39	2.60876E-05
0.391	2.73472E-05
0.392	2.84746E-05
0.393	2.9946E-05
0.394	3.19346E-05
0.395	3.40097E-05
0.396	3.64752E-05
0.397	3.92621E-05
0.398	4.22258E-05
0.399	4.53294E-05
0.4	4.84254E-05
0.401	5.17876E-05
0.402	5.572E-05
0.403	5.98253E-05
0.404	6.42821E-05
0.405	6.90107E-05
0.406	7.36645E-05
0.407	7.87483E-05
0.408	8.35578E-05
0.409	8.89856E-05
0.41	9.59347E-05
0.411	0.000103277
0.412	0.000110446
0.413	0.000118256
0.414	0.000127234
0.415	0.000136991
0.416	0.000144598
0.417	0.000148386
0.418	0.00015038
0.419	0.000155972
0.42	0.000170374
0.421	0.000198406
0.422	0.000239319
0.423	0.000282216
0.424	0.000315007
0.425	0.000339981
0.426	0.000361634
0.427	0.000375029
0.428	0.000375619
0.429	0.000366701
0.43	0.000362185
0.431	0.000380866
0.432	0.000440547
0.433	0.000627697
0.434	0.001172401
0.435	0.002510192
0.436	0.005357169
0.437	0.010944381
0.438	0.021770245
0.439	0.040466448
0.44	0.068746249
0.441	0.108291006
0.442	0.162542946
0.443	0.23523955
0.444	0.323794135
0.445	0.41715189
0.446	0.501329206
0.447	0.568280634
0.448	0.615982739
0.449	0.643508713
0.45	0.653496871
0.451	0.651945957
0.452	0.647499242
0.453	0.647653091
0.454	0.655729602
0.455	0.671494095
0.456	0.693360196
0.457	0.71756917
0.458	0.738349286
0.459	0.751892456
0.46	0.759323369
0.461	0.762221635
0.462	0.763610716
0.463	0.765308215
0.464	0.770130662
0.465	0.779625157
0.466	0.79275791
0.467	0.8053884
0.468	0.814037608
0.469	0.818217746
0.47	0.820501379
0.471	0.824382827
0.472	0.831548158
0.473	0.840615085
0.474	0.847930525
0.475	0.851701424
0.476	0.853343119
0.477	0.857723615
0.478	0.865928881
0.479	0.87663318
0.48	0.885573867
0.481	0.890736593
0.482	0.894540981
0.483	0.900585604
0.484	0.909801915
0.485	0.920274674
0.486	0.92837739
0.487	0.93270719
0.488	0.933429168
0.489	0.93352552
0.49	0.936493849
0.491	0.943504874
0.492	0.953388856
0.493	0.960842366
0.494	0.963005576
0.495	0.960071809
0.496	0.957783171
0.497	0.961454918
0.498	0.970726823
0.499	0.979764899
0.5	0.983452672
0.501	0.982540248
0.502	0.983692132
0.503	0.990606921
0.504	0.998799265
0.505	1
0.506	0.991293332
0.507	0.979147654
0.508	0.970601713
0.509	0.967422539
0.51	0.963640679
0.511	0.952444876
0.512	0.93790195
0.513	0.931795297
0.514	0.939426842
0.515	0.950791902
0.516	0.945892019
0.517	0.903570051
0.518	0.816181953
0.519	0.691677591
0.52	0.547568107
0.521	0.406619729
0.522	0.288532085
0.523	0.203051852
0.524	0.148608563
0.525	0.115131211
0.526	0.092067022
0.527	0.072709001
0.528	0.054852287
0.529	0.039253513
0.53	0.027303881
0.531	0.01987383
0.532	0.015838333
0.533	0.013604885
0.534	0.012012119
0.535	0.010672877
0.536	0.009072798
0.537	0.007260402
0.538	0.005522034
0.539	0.004093762
0.54	0.003071175
0.541	0.002404194
0.542	0.001988365
0.543	0.001715616
0.544	0.001509775
0.545	0.001330935
0.546	0.001171733
0.547	0.001038997
0.548	0.000940742
0.549	0.000883515
0.55	0.00086072
0.551	0.000860209
0.552	0.000862784
0.553	0.000839624
0.554	0.000788914
0.555	0.000720149
0.556	0.000650493
0.557	0.000600109
0.558	0.00057901
0.559	0.000584363
0.56	0.000613182
0.561	0.000653097
0.562	0.000676689
0.563	0.000666737
0.564	0.000628324
0.565	0.000578433
0.566	0.000531947
0.567	0.000500036
0.568	0.000481823
0.569	0.000468351
0.57	0.00045426
0.571	0.000434751
0.572	0.000414242
0.573	0.000395347
0.574	0.000379584
0.575	0.000374839
0.576	0.000378764
0.577	0.000390044
0.578	0.000405123
0.579	0.000413511
0.58	0.000407141
0.581	0.000388999
0.582	0.000366639
0.583	0.000346784
0.584	0.000332714
0.585	0.000326429
0.586	0.000325631
0.587	0.000329605
0.588	0.000341115
0.589	0.000358482
0.59	0.000378865
0.591	0.000395329
0.592	0.000405208
0.593	0.000410854
0.594	0.000417424
0.595	0.000435826
0.596	0.000469089
0.597	0.000504735
0.598	0.000520326
0.599	0.000504398
0.6	0.000466284
0.601	0.000421997
0.602	0.000384233
0.603	0.000365842
0.604	0.000372744
0.605	0.00042733
0.606	0.000562068
0.607	0.000731684
0.608	0.000819978
0.609	0.000784443
0.61	0.000670003
0.611	0.000543885
0.612	0.000442116
0.613	0.00039301
0.614	0.0003887
0.615	0.000399369
0.616	0.000402338
0.617	0.000388546
0.618	0.000362249
0.619	0.000332031
0.62	0.000307044
0.621	0.000295813
0.622	0.000327013
0.623	0.000519536
0.624	0.000936756
0.625	0.001275283
0.626	0.001245835
0.627	0.001000168
0.628	0.000740498
0.629	0.00048643
0.63	0.000324628
0.631	0.0002608
0.632	0.000245595
0.633	0.00024313
0.634	0.000241753
0.635	0.000240382
0.636	0.000239169
0.637	0.000239049
0.638	0.00024509
0.639	0.000316281
0.64	0.000668757
0.641	0.00139541
0.642	0.001975959
0.643	0.001944822
0.644	0.001555282
0.645	0.00114381
0.646	0.000710817
0.647	0.000402119
0.648	0.000269974
0.649	0.00023605
0.65	0.000235642
0.651	0.000256216
0.652	0.000347166
0.653	0.000587654
0.654	0.000924583
0.655	0.00115694
0.656	0.001190858
0.657	0.001094182
0.658	0.00094259
0.659	0.000784169
0.66	0.000659214
0.661	0.000561418
0.662	0.000472247
0.663	0.00038426
0.664	0.000304798
0.665	0.000249967
0.666	0.000219597
0.667	0.000206301
0.668	0.000199867
0.669	0.000196213
0.67	0.000195417
0.671	0.000197245
0.672	0.000206506
0.673	0.000249459
0.674	0.00037535
0.675	0.000559004
0.676	0.000671912
0.677	0.000647191
0.678	0.000553378
0.679	0.000443811
0.68	0.000335076
0.681	0.000251383
0.682	0.000206537
0.683	0.000188866
0.684	0.000184891
0.685	0.000185919
0.686	0.000190015
0.687	0.000199025
0.688	0.000211048
0.689	0.000223985
0.69	0.000232576
0.691	0.000233933
0.692	0.000229693
0.693	0.000221575
0.694	0.000213985
0.695	0.000211461
0.696	0.000216736
0.697	0.00024152
0.698	0.000285916
0.699	0.000332152
0.7	0.000353079
0.701	0.000340694
0.702	0.000310202
0.703	0.000271605
0.704	0.000230429
0.705	0.000193438
0.706	0.000171457
0.707	0.000160837
0.708	0.000155381
0.709	0.000151005
0.71	0.00014949
0.711	0.000151477
0.712	0.000164349
0.713	0.000193972
0.714	0.00024574
0.715	0.000303014
0.716	0.000334537
0.717	0.00032991
0.718	0.000301705
0.719	0.000264359
0.72	0.00022186
0.721	0.000184038
0.722	0.000161443
0.723	0.000148203
0.724	0.000140894
0.725	0.000140799
0.726	0.000147657
0.727	0.000163388
0.728	0.000195094
0.729	0.000242888
0.73	0.000288571
0.731	0.000313263
0.732	0.000308069
0.733	0.000285508
0.734	0.000254734
0.735	0.000221155
0.736	0.000192269
0.737	0.000172151
0.738	0.000162216
0.739	0.000164955
0.74	0.000178253
0.741	0.000200902
0.742	0.000227829
0.743	0.000256858
0.744	0.000283286
0.745	0.000307441
0.746	0.000329937
0.747	0.000352467
0.748	0.000388478
0.749	0.000423041
0.75	0.000432201
0.751	0.000399499
0.752	0.000341789
0.753	0.000276975
0.754	0.000216603
0.755	0.000164004
0.756	0.000124691
0.757	9.90141E-05
0.758	8.19074E-05
0.759	7.1038E-05
0.76	6.56043E-05
0.761	6.25601E-05
0.762	6.1146E-05
0.763	6.05493E-05
0.764	5.62779E-05
0.765	5.27943E-05
0.766	5.09374E-05
0.767	4.95639E-05
0.768	4.69308E-05
0.769	4.44706E-05
0.77	4.45177E-05
0.771	4.24083E-05
0.772	3.94845E-05
0.773	3.56559E-05
0.774	3.56235E-05
0.775	3.42982E-05
0.776	3.35636E-05
0.777	3.27906E-05
0.778	3.16186E-05
0.779	3.27664E-05
0.78	3.51348E-05
0.781	3.56079E-05
0.782	3.69985E-05
0.783	3.8539E-05
0.784	4.0575E-05
0.785	3.95472E-05
0.786	3.70646E-05
0.787	3.60493E-05
0.788	3.67804E-05
0.789	3.72474E-05
0.79	3.41704E-05
0.791	3.31158E-05
0.792	3.70016E-05
0.793	6.21814E-05
0.794	0.000108416
0.795	0.000174678
0.796	0.000247782
0.797	0.000321161
0.798	0.00036696
0.799	0.000419392
0.8	0.000475518
0.801	0.000510575
0.802	0.000531056
0.803	0.000540018
0.804	0.000526592
0.805	0.000530161
0.806	0.000522333
0.807	0.00052117
0.808	0.000517971
0.809	0.000507151
0.81	0.000502455
0.811	0.000509384
0.812	0.000506121
0.813	0.00049721
0.814	0.000477545
0.815	0.000458581
0.816	0.000457238
0.817	0.000459677
0.818	0.00046111
0.819	0.000457341
0.82	0.000442943
0.821	0.00041484
0.822	0.000390305
0.823	0.000392197
0.824	0.000403249
0.825	0.000394412
0.826	0.000371558
0.827	0.000369336
0.828	0.000357283
0.829	0.000348933
0.83	0.000336884
0.831	0.0003249
0.832	0.000308834
0.833	0.000285553
0.834	0.00027939
0.835	0.000275161
0.836	0.000261804
0.837	0.000239343
0.838	0.000223884
0.839	0.000213627
0.84	0.000211734
0.841	0.000201928
0.842	0.000183951
0.843	0.000167875
0.844	0.000150142
0.845	0.000136804
0.846	0.000129167
0.847	0.000126601
0.848	0.000120768
0.849	0.000107251
0.85	9.70307E-05
0.851	9.07822E-05
0.852	8.12784E-05
0.853	7.6728E-05
0.854	6.5387E-05
0.855	5.62815E-05
0.856	5.40834E-05
0.857	5.42093E-05
0.858	5.026E-05
0.859	4.39309E-05
0.86	4.10583E-05
0.861	3.87969E-05
0.862	3.95429E-05
0.863	4.29651E-05
0.864	4.09326E-05
0.865	3.5857E-05
0.866	4.14002E-05
0.867	4.9281E-05
0.868	5.14181E-05
0.869	5.46244E-05
0.87	6.1065E-05
0.871	6.65004E-05
0.872	7.23235E-05
0.873	7.86408E-05
0.874	8.44942E-05
0.875	9.34875E-05
0.876	0.000102362
0.877	0.000111054
0.878	0.00012168
0.879	0.000128282
0.88	0.000132485
0.881	0.000137894
0.882	0.000145872
0.883	0.000151945
0.884	0.000157656
0.885	0.000161058
0.886	0.000162261
0.887	0.000164819
0.888	0.000167191
0.889	0.00016771
0.89	0.000165595
0.891	0.000162711
0.892	0.000162581
0.893	0.000162397
0.894	0.000162462
0.895	0.000158671
0.896	0.000151107
0.897	0.000146791
0.898	0.00014744
0.899	0.000148896
0.9	0.000149575
0.901	0.000147522
0.902	0.000143047
0.903	0.000139026
0.904	0.000140827
0.905	0.000146584
0.906	0.000151231
0.907	0.000154788
0.908	0.000160887
0.909	0.000169443
0.91	0.000181956
0.911	0.000200725
0.912	0.000224381
0.913	0.000255845
0.914	0.00029768
0.915	0.000350112
0.916	0.000418187
0.917	0.000505248
0.918	0.000611818
0.919	0.000740078
0.92	0.000887406
0.921	0.001054779
0.922	0.001239682
0.923	0.001438805
0.924	0.001649
0.925	0.001865146
0.926	0.002083954
0.927	0.002302392
0.928	0.002516236
0.929	0.002729062
0.93	0.002938258
0.931	0.003143111
0.932	0.003341073
0.933	0.00353186
0.934	0.003711552
0.935	0.003871368
0.936	0.004019032
0.937	0.004150258
0.938	0.004250555
0.939	0.004334538
0.94	0.004373231
0.941	0.00438573
0.942	0.00435405
0.943	0.004278696
0.944	0.004132056
0.945	0.003944413
0.946	0.00373165
0.947	0.003498404
0.948	0.0032138
0.949	0.00296187
0.95	0.002700162
0.951	0.002364117
0.952	0.002075605
0.953	0.001778791
0.954	0.001519234
0.955	0.001313843
0.956	0.001147533
0.957	0.000996056
0.958	0.000834063
0.959	0.000679987
0.96	0.000568983
0.961	0.000480986
0.962	0.00040546
0.963	0.000341263
0.964	0.000288149
0.965	0.000242941
0.966	0.00020558
0.967	0.000174772
0.968	0.000148456
0.969	0.000127258
0.97	0.000109259
0.971	9.38484E-05
0.972	8.1234E-05
0.973	7.03727E-05
0.974	6.14517E-05
0.975	5.35413E-05
0.976	4.64462E-05
0.977	4.07682E-05
0.978	3.55267E-05
0.979	3.0979E-05
0.98	2.7046E-05
0.981	2.3713E-05
0.982	2.1085E-05
0.983	1.90127E-05
0.984	1.69705E-05
0.985	1.54213E-05
0.986	1.38221E-05
0.987	1.21157E-05
0.988	1.15577E-05
0.989	1.108E-05
0.99	1.02376E-05
0.991	9.62943E-06
0.992	8.97295E-06
0.993	8.51303E-06
0.994	8.2432E-06
0.995	8.33197E-06
0.996	8.54023E-06
0.997	7.95776E-06
0.998	7.66597E-06
0.999	7.85304E-06
1	8.11966E-06
1.001	8.03076E-06
1.002	7.99569E-06
1.003	8.17015E-06
1.004	8.06389E-06
1.005	8.08125E-06
1.006	8.14223E-06
1.007	8.45272E-06
1.008	8.61116E-06
1.009	8.44724E-06
1.01	8.45426E-06
1.011	8.99759E-06
1.012	8.89547E-06
1.013	8.88393E-06
1.014	8.93079E-06
1.015	8.77192E-06
1.016	8.88122E-06
1.017	9.32386E-06
1.018	9.34387E-06
1.019	9.48492E-06
1.02	9.81339E-06
1.021	9.43929E-06
1.022	9.29E-06
1.023	9.56028E-06
1.024	9.15983E-06
1.025	9.54245E-06
1.026	1.06079E-05
1.027	1.03834E-05
1.028	1.00076E-05
1.029	1.01022E-05
1.03	9.83523E-06
1.031	9.87734E-06
1.032	1.01025E-05
1.033	1.06471E-05
1.034	1.12751E-05
1.035	1.0731E-05
1.036	1.0254E-05
1.037	1.10039E-05
1.038	1.15094E-05
1.039	1.11988E-05
1.04	1.10382E-05
1.041	1.0973E-05
1.042	1.13979E-05
1.043	1.17887E-05
1.044	1.15162E-05
1.045	1.11727E-05
1.046	1.12832E-05
1.047	1.11854E-05
1.048	1.07265E-05
1.049	1.07187E-05
1.05	1.07888E-05
1.051	1.0524E-05
1.052	1.06151E-05
1.053	1.06321E-05
1.054	1.0287E-05
1.055	9.81108E-06
1.056	1.01539E-05
1.057	1.03474E-05
1.058	9.5729E-06
1.059	9.13308E-06
1.06	9.1799E-06
1.061	9.5134E-06
1.062	9.46114E-06
1.063	9.47875E-06
1.064	9.08947E-06
1.065	8.98395E-06
1.066	9.22254E-06
1.067	8.80015E-06
1.068	8.3231E-06
1.069	8.56242E-06
1.07	8.58678E-06
1.071	8.4867E-06
1.072	8.4925E-06
1.073	8.4927E-06
1.074	8.36217E-06
1.075	7.90758E-06
1.076	7.93648E-06
1.077	8.27811E-06
1.078	7.73573E-06
1.079	7.21725E-06
1.08	7.16437E-06
1.081	6.96082E-06
1.082	7.09438E-06
1.083	7.30294E-06
1.084	6.06578E-06
1.085	5.2609E-06
1.086	5.73956E-06
1.087	6.14899E-06
1.088	5.747E-06
1.089	5.4301E-06
1.09	5.27284E-06
1.091	5.27784E-06
1.092	4.97546E-06
1.093	4.35581E-06
1.094	3.86322E-06
1.095	3.35688E-06
1.096	2.43446E-06
1.097	2.08299E-06
1.098	2.27512E-06
1.099	1.92606E-06
1.1	1.45842E-06
#  Pléiades Neo PNEO4 Band 3 Green
#
#  Wavelength
#   (microns)	Relative response
#  __________	___________
0.35	1.49642E-06
0.351	2.22138E-06
0.352	2.65856E-06
0.353	2.72733E-06
0.354	2.79763E-06
0.355	2.71683E-06
0.356	2.52074E-06
0.357	2.52014E-06
0.358	2.63382E-06
0.359	2.71992E-06
0.36	2.81119E-06
0.361	2.8323E-06
0.362	3.03113E-06
0.363	3.00756E-06
0.364	3.02768E-06
0.365	3.05357E-06
0.366	3.11316E-06
0.367	3.03904E-06
0.368	3.03186E-06
0.369	3.06136E-06
0.37	2.94185E-06
0.371	2.91398E-06
0.372	2.99579E-06
0.373	3.11316E-06
0.374	3.09669E-06
0.375	3.04256E-06
0.376	3.07699E-06
0.377	2.96712E-06
0.378	2.90772E-06
0.379	2.98804E-06
0.38	3.10638E-06
0.381	3.1426E-06
0.382	3.12714E-06
0.383	3.27764E-06
0.384	3.33516E-06
0.385	3.47835E-06
0.386	3.76122E-06
0.387	4.00819E-06
0.388	4.24484E-06
0.389	4.32757E-06
0.39	4.49989E-06
0.391	4.78987E-06
0.392	4.96606E-06
0.393	5.3025E-06
0.394	5.4363E-06
0.395	5.76486E-06
0.396	6.15394E-06
0.397	6.9256E-06
0.398	7.53988E-06
0.399	8.42021E-06
0.4	1.00969E-05
0.401	1.24997E-05
0.402	1.49635E-05
0.403	1.84804E-05
0.404	2.39129E-05
0.405	3.71642E-05
0.406	6.41785E-05
0.407	0.00010173
0.408	0.000141053
0.409	0.00018079
0.41	0.000256681
0.411	0.000479328
0.412	0.001118525
0.413	0.002772652
0.414	0.006311901
0.415	0.01138676
0.416	0.014833764
0.417	0.013313674
0.418	0.007943912
0.419	0.003016355
0.42	0.000701528
0.421	0.000118804
0.422	3.53379E-05
0.423	2.49587E-05
0.424	2.39918E-05
0.425	2.45814E-05
0.426	2.56096E-05
0.427	2.67371E-05
0.428	2.68918E-05
0.429	2.80853E-05
0.43	2.81254E-05
0.431	2.81778E-05
0.432	2.85835E-05
0.433	2.8664E-05
0.434	2.82284E-05
0.435	2.87276E-05
0.436	2.98744E-05
0.437	3.04836E-05
0.438	3.12525E-05
0.439	3.25531E-05
0.44	3.29221E-05
0.441	3.43705E-05
0.442	3.51407E-05
0.443	3.51075E-05
0.444	3.64958E-05
0.445	3.54221E-05
0.446	3.50227E-05
0.447	3.69682E-05
0.448	3.72695E-05
0.449	3.78783E-05
0.45	3.76738E-05
0.451	3.72049E-05
0.452	3.83335E-05
0.453	3.92377E-05
0.454	4.0341E-05
0.455	3.98817E-05
0.456	3.8221E-05
0.457	3.89759E-05
0.458	4.04615E-05
0.459	4.05235E-05
0.46	4.1841E-05
0.461	4.27738E-05
0.462	4.42692E-05
0.463	4.4822E-05
0.464	4.28924E-05
0.465	4.30529E-05
0.466	4.38359E-05
0.467	4.40233E-05
0.468	4.37844E-05
0.469	4.30579E-05
0.47	4.28458E-05
0.471	4.39888E-05
0.472	4.64082E-05
0.473	4.39839E-05
0.474	4.43563E-05
0.475	4.70186E-05
0.476	4.80191E-05
0.477	4.7059E-05
0.478	4.49355E-05
0.479	4.31461E-05
0.48	4.22823E-05
0.481	4.22343E-05
0.482	4.35071E-05
0.483	4.57091E-05
0.484	4.51775E-05
0.485	4.43233E-05
0.486	4.39676E-05
0.487	4.68132E-05
0.488	4.697E-05
0.489	4.8295E-05
0.49	5.06486E-05
0.491	5.06475E-05
0.492	5.39924E-05
0.493	5.45199E-05
0.494	5.35571E-05
0.495	5.36488E-05
0.496	5.39707E-05
0.497	5.20848E-05
0.498	5.337E-05
0.499	5.37847E-05
0.5	5.18261E-05
0.501	5.4099E-05
0.502	5.56685E-05
0.503	5.81701E-05
0.504	6.63659E-05
0.505	7.59368E-05
0.506	9.24302E-05
0.507	0.0001115
0.508	0.000125688
0.509	0.000136429
0.51	0.000146062
0.511	0.000156387
0.512	0.000169465
0.513	0.000192092
0.514	0.000223176
0.515	0.00026519
0.516	0.000323179
0.517	0.000402994
0.518	0.000531165
0.519	0.000785766
0.52	0.001303871
0.521	0.00235167
0.522	0.004643459
0.523	0.008400659
0.524	0.013573712
0.525	0.019925184
0.526	0.027061461
0.527	0.035637171
0.528	0.04836545
0.529	0.071175545
0.53	0.114142367
0.531	0.189090754
0.532	0.302026389
0.533	0.442550698
0.534	0.583553604
0.535	0.697702931
0.536	0.77283897
0.537	0.815550768
0.538	0.838966448
0.539	0.852719955
0.54	0.860887118
0.541	0.864921532
0.542	0.867912226
0.543	0.872647769
0.544	0.878571944
0.545	0.883924633
0.546	0.887149367
0.547	0.887881794
0.548	0.888757786
0.549	0.892255605
0.55	0.898099384
0.551	0.903018068
0.552	0.904871873
0.553	0.903748836
0.554	0.902458273
0.555	0.903554229
0.556	0.906943033
0.557	0.910248834
0.558	0.911116775
0.559	0.910688176
0.56	0.9124972
0.561	0.918950803
0.562	0.930834795
0.563	0.945745519
0.564	0.960432443
0.565	0.972492997
0.566	0.98029467
0.567	0.983638905
0.568	0.983729509
0.569	0.981358528
0.57	0.979361095
0.571	0.978916971
0.572	0.9791419
0.573	0.976919241
0.574	0.970215546
0.575	0.960367603
0.576	0.953629638
0.577	0.955580217
0.578	0.968072988
0.579	0.985502445
0.58	0.998009927
0.581	1
0.582	0.99355917
0.583	0.985080564
0.584	0.976934077
0.585	0.965842108
0.586	0.944433577
0.587	0.905331443
0.588	0.841029968
0.589	0.7416477
0.59	0.604502715
0.591	0.445525588
0.592	0.295599288
0.593	0.180711315
0.594	0.107260835
0.595	0.065234099
0.596	0.041592672
0.597	0.027425829
0.598	0.018586976
0.599	0.012829075
0.6	0.009058235
0.601	0.006840557
0.602	0.005439396
0.603	0.004698534
0.604	0.004199384
0.605	0.003900578
0.606	0.003771978
0.607	0.003573991
0.608	0.003135527
0.609	0.002489349
0.61	0.001802955
0.611	0.00124004
0.612	0.000861104
0.613	0.000638475
0.614	0.0005109
0.615	0.00042727
0.616	0.000368183
0.617	0.000311043
0.618	0.000235275
0.619	0.000148842
0.62	8.81403E-05
0.621	4.66045E-05
0.622	3.44255E-05
0.623	4.64927E-05
0.624	5.78272E-05
0.625	6.62302E-05
0.626	6.97748E-05
0.627	7.23102E-05
0.628	7.55193E-05
0.629	7.68437E-05
0.63	7.56283E-05
0.631	7.62798E-05
0.632	7.61476E-05
0.633	7.32686E-05
0.634	6.94114E-05
0.635	6.74507E-05
0.636	6.28739E-05
0.637	5.50369E-05
0.638	4.89804E-05
0.639	4.76615E-05
0.64	5.13174E-05
0.641	6.12718E-05
0.642	7.21728E-05
0.643	8.03472E-05
0.644	8.52913E-05
0.645	8.70188E-05
0.646	8.44907E-05
0.647	7.83029E-05
0.648	7.31753E-05
0.649	7.16087E-05
0.65	7.66351E-05
0.651	8.75941E-05
0.652	9.90392E-05
0.653	0.000106676
0.654	0.000107153
0.655	0.000109408
0.656	0.000113282
0.657	0.000113354
0.658	0.000112969
0.659	0.000114186
0.66	0.00011239
0.661	0.000113047
0.662	0.000114338
0.663	0.000110605
0.664	0.000110438
0.665	0.000112353
0.666	0.00011422
0.667	0.000114677
0.668	0.000113804
0.669	0.000114788
0.67	0.000113754
0.671	0.000106809
0.672	9.9625E-05
0.673	9.99115E-05
0.674	0.000104599
0.675	0.000108986
0.676	0.000113862
0.677	0.000117641
0.678	0.000115966
0.679	0.000115917
0.68	0.000118742
0.681	0.000117609
0.682	0.000116762
0.683	0.000108513
0.684	8.59659E-05
0.685	6.72655E-05
0.686	6.83443E-05
0.687	8.45507E-05
0.688	0.000104921
0.689	0.000118507
0.69	0.000122934
0.691	0.000124716
0.692	0.00012513
0.693	0.000127178
0.694	0.000128854
0.695	0.000128928
0.696	0.000129006
0.697	0.000129333
0.698	0.000129453
0.699	0.000130263
0.7	0.000131273
0.701	0.000131269
0.702	0.000126895
0.703	0.000118647
0.704	0.000114641
0.705	0.000119365
0.706	0.000125375
0.707	0.000128486
0.708	0.000130259
0.709	0.000131595
0.71	0.000130627
0.711	0.00013009
0.712	0.000129476
0.713	0.000129493
0.714	0.000130313
0.715	0.000130754
0.716	0.000133118
0.717	0.000137064
0.718	0.000139712
0.719	0.000140183
0.72	0.000138165
0.721	0.000136399
0.722	0.000129577
0.723	0.000101004
0.724	7.09836E-05
0.725	6.07458E-05
0.726	5.64225E-05
0.727	8.2001E-05
0.728	0.000108372
0.729	0.000121326
0.73	0.000134025
0.731	0.000138464
0.732	0.000136574
0.733	0.000137337
0.734	0.000139594
0.735	0.000134137
0.736	0.000125541
0.737	0.000182378
0.738	0.000304514
0.739	0.000322701
0.74	0.000236752
0.741	0.000182947
0.742	0.000149746
0.743	0.000129258
0.744	0.000134465
0.745	0.000137683
0.746	0.000138119
0.747	0.00013617
0.748	0.000135992
0.749	0.000135357
0.75	0.000132582
0.751	0.000127793
0.752	0.000117213
0.753	9.44032E-05
0.754	8.43927E-05
0.755	0.000111907
0.756	0.000124526
0.757	0.000109494
0.758	0.000110432
0.759	0.000193181
0.76	0.000515273
0.761	0.001092214
0.762	0.001540358
0.763	0.001467734
0.764	0.001001813
0.765	0.000570924
0.766	0.000300698
0.767	0.000149638
0.768	0.000113006
0.769	0.000119435
0.77	0.000122211
0.771	0.000115678
0.772	0.000111152
0.773	0.000176889
0.774	0.000380231
0.775	0.000602355
0.776	0.000640561
0.777	0.000487231
0.778	0.000318002
0.779	0.000211512
0.78	0.000141828
0.781	0.000116893
0.782	0.000116056
0.783	0.000117105
0.784	0.000116989
0.785	0.000113619
0.786	0.000108666
0.787	0.000107008
0.788	0.000110944
0.789	0.000115533
0.79	0.000120847
0.791	0.000129418
0.792	0.000137516
0.793	0.000144373
0.794	0.000180331
0.795	0.000209792
0.796	0.000206163
0.797	0.000211252
0.798	0.000264211
0.799	0.000337009
0.8	0.000327581
0.801	0.000285244
0.802	0.00030115
0.803	0.000313995
0.804	0.000290489
0.805	0.000264834
0.806	0.000249983
0.807	0.000227219
0.808	0.000227898
0.809	0.00023316
0.81	0.000209457
0.811	0.000212487
0.812	0.000234247
0.813	0.000238418
0.814	0.000219856
0.815	0.000241064
0.816	0.00022868
0.817	0.000211202
0.818	0.000216055
0.819	0.000236862
0.82	0.000243594
0.821	0.000253582
0.822	0.000252781
0.823	0.000232353
0.824	0.000235964
0.825	0.000266919
0.826	0.000281456
0.827	0.000242303
0.828	0.000228255
0.829	0.000227804
0.83	0.000230178
0.831	0.000217036
0.832	0.000185412
0.833	0.00019016
0.834	0.000225965
0.835	0.000222595
0.836	0.000204327
0.837	0.000214298
0.838	0.000231668
0.839	0.000217981
0.84	0.000192431
0.841	0.000189641
0.842	0.000200908
0.843	0.000199763
0.844	0.000211066
0.845	0.000206129
0.846	0.000193657
0.847	0.000191658
0.848	0.000191473
0.849	0.000200372
0.85	0.000203656
0.851	0.00020894
0.852	0.000207576
0.853	0.000194585
0.854	0.000196894
0.855	0.000205004
0.856	0.000211854
0.857	0.000218243
0.858	0.000224258
0.859	0.000233497
0.86	0.000249767
0.861	0.000266898
0.862	0.000285307
0.863	0.000285649
0.864	0.000281357
0.865	0.000302064
0.866	0.000338342
0.867	0.000375875
0.868	0.000396709
0.869	0.000387066
0.87	0.000390206
0.871	0.000393643
0.872	0.000377718
0.873	0.000375528
0.874	0.000361966
0.875	0.00034514
0.876	0.000331925
0.877	0.000308599
0.878	0.000273584
0.879	0.000248418
0.88	0.00024446
0.881	0.000230334
0.882	0.000222443
0.883	0.000207958
0.884	0.000204128
0.885	0.000213364
0.886	0.000215227
0.887	0.000219189
0.888	0.000220065
0.889	0.000202699
0.89	0.000199338
0.891	0.000203728
0.892	0.000208953
0.893	0.000201056
0.894	0.000183878
0.895	0.000179043
0.896	0.000187501
0.897	0.000188896
0.898	0.00018428
0.899	0.000174895
0.9	0.000175929
0.901	0.000188482
0.902	0.000191046
0.903	0.000176295
0.904	0.000170424
0.905	0.000180694
0.906	0.000194673
0.907	0.000213765
0.908	0.000209256
0.909	0.000211799
0.91	0.000228742
0.911	0.000250338
0.912	0.000288425
0.913	0.000316766
0.914	0.000372238
0.915	0.000446949
0.916	0.000531374
0.917	0.000654683
0.918	0.000793855
0.919	0.0009684
0.92	0.001172579
0.921	0.001402667
0.922	0.00163893
0.923	0.001865747
0.924	0.00208134
0.925	0.002285729
0.926	0.002493764
0.927	0.002668359
0.928	0.002799563
0.929	0.002866298
0.93	0.002852503
0.931	0.002775676
0.932	0.002643291
0.933	0.002472586
0.934	0.002268102
0.935	0.002049586
0.936	0.001842753
0.937	0.001647049
0.938	0.001487605
0.939	0.001376757
0.94	0.001291087
0.941	0.001223674
0.942	0.001174646
0.943	0.001156886
0.944	0.001161427
0.945	0.001170384
0.946	0.001185055
0.947	0.001204132
0.948	0.001227079
0.949	0.001255634
0.95	0.001275736
0.951	0.001284877
0.952	0.001282914
0.953	0.001261189
0.954	0.001218123
0.955	0.001166747
0.956	0.001106062
0.957	0.001020042
0.958	0.000930449
0.959	0.000838491
0.96	0.00074971
0.961	0.000672933
0.962	0.000596555
0.963	0.00052165
0.964	0.000456268
0.965	0.000415163
0.966	0.000382985
0.967	0.000340224
0.968	0.000296995
0.969	0.000264348
0.97	0.000237156
0.971	0.000212174
0.972	0.000198822
0.973	0.00017614
0.974	0.000155057
0.975	0.000148673
0.976	0.000138308
0.977	0.000138265
0.978	0.000132367
0.979	0.000124672
0.98	0.000116516
0.981	0.000110437
0.982	0.000105653
0.983	0.000103049
0.984	9.99656E-05
0.985	9.82387E-05
0.986	9.048E-05
0.987	8.76317E-05
0.988	8.85044E-05
0.989	8.16051E-05
0.99	8.06404E-05
0.991	8.87566E-05
0.992	8.15364E-05
0.993	7.83652E-05
0.994	8.16489E-05
0.995	9.25656E-05
0.996	0.000101044
0.997	9.74119E-05
0.998	9.01288E-05
0.999	8.42408E-05
1	8.43128E-05
1.001	8.50834E-05
1.002	8.22535E-05
1.003	8.65487E-05
1.004	8.65297E-05
1.005	7.40346E-05
1.006	7.68877E-05
1.007	8.12662E-05
1.008	7.77641E-05
1.009	6.77916E-05
1.01	6.68878E-05
1.011	7.55892E-05
1.012	7.96128E-05
1.013	8.27238E-05
1.014	8.27997E-05
1.015	7.55319E-05
1.016	7.38108E-05
1.017	7.56457E-05
1.018	7.45481E-05
1.019	7.45381E-05
1.02	7.43507E-05
1.021	7.53866E-05
1.022	8.33253E-05
1.023	8.4076E-05
1.024	7.66315E-05
1.025	7.69236E-05
1.026	7.62451E-05
1.027	8.10348E-05
1.028	8.05353E-05
1.029	7.62261E-05
1.03	7.04345E-05
1.031	6.43928E-05
1.032	6.75824E-05
1.033	7.47597E-05
1.034	8.35878E-05
1.035	8.41414E-05
1.036	7.34263E-05
1.037	7.56198E-05
1.038	7.51888E-05
1.039	7.94494E-05
1.04	8.5012E-05
1.041	8.86874E-05
1.042	9.0392E-05
1.043	8.69284E-05
1.044	7.98471E-05
1.045	8.001E-05
1.046	7.78357E-05
1.047	7.46416E-05
1.048	7.43314E-05
1.049	7.33307E-05
1.05	7.51664E-05
1.051	7.73443E-05
1.052	6.9144E-05
1.053	5.89542E-05
1.054	6.6156E-05
1.055	7.13335E-05
1.056	7.59984E-05
1.057	7.37122E-05
1.058	6.81924E-05
1.059	6.97878E-05
1.06	8.13921E-05
1.061	7.62383E-05
1.062	7.57002E-05
1.063	7.46821E-05
1.064	7.56939E-05
1.065	7.78108E-05
1.066	7.67344E-05
1.067	7.48165E-05
1.068	6.54114E-05
1.069	7.21505E-05
1.07	7.74826E-05
1.071	7.62144E-05
1.072	8.07663E-05
1.073	7.59026E-05
1.074	7.35709E-05
1.075	6.8729E-05
1.076	6.50524E-05
1.077	7.42726E-05
1.078	8.74114E-05
1.079	8.40502E-05
1.08	7.35995E-05
1.081	6.3437E-05
1.082	6.7892E-05
1.083	7.37447E-05
1.084	7.26276E-05
1.085	7.49117E-05
1.086	7.34804E-05
1.087	6.97866E-05
1.088	6.52506E-05
1.089	6.37004E-05
1.09	5.95131E-05
1.091	5.64999E-05
1.092	5.89425E-05
1.093	5.56533E-05
1.094	4.83948E-05
1.095	4.08402E-05
1.096	3.13039E-05
1.097	2.18895E-05
1.098	1.55011E-05
1.099	1.27631E-05
1.1	7.07747E-06
#  Pléiades Neo PNEO4 Band 4 Red
#
#  Wavelength
#   (microns)	Relative response
#  __________	___________
0.35	2.96805E-08
0.351	6.69309E-08
0.352	2.01179E-07
0.353	3.47792E-07
0.354	4.11903E-07
0.355	5.57181E-07
0.356	5.42749E-07
0.357	4.92747E-07
0.358	3.97193E-07
0.359	3.02579E-07
0.36	3.82664E-07
0.361	3.41262E-07
0.362	2.2661E-07
0.363	1.37711E-07
0.364	1.36688E-07
0.365	1.39084E-07
0.366	8.93383E-08
0.367	1.45737E-07
0.368	2.07367E-07
0.369	2.35981E-07
0.37	3.23513E-07
0.371	4.22398E-07
0.372	2.92497E-07
0.373	1.98565E-07
0.374	1.97248E-07
0.375	2.14735E-07
0.376	1.88405E-07
0.377	1.83973E-07
0.378	1.56863E-07
0.379	1.37785E-07
0.38	1.62689E-07
0.381	1.75823E-07
0.382	1.22169E-07
0.383	1.08742E-07
0.384	1.72976E-07
0.385	2.98555E-07
0.386	2.79722E-07
0.387	3.28856E-07
0.388	4.80547E-07
0.389	4.58995E-07
0.39	5.30807E-07
0.391	6.20149E-07
0.392	5.13251E-07
0.393	5.23461E-07
0.394	7.66127E-07
0.395	1.1404E-06
0.396	1.45337E-06
0.397	1.66979E-06
0.398	2.07621E-06
0.399	3.66282E-06
0.4	8.43784E-06
0.401	1.68608E-05
0.402	2.34E-05
0.403	2.30177E-05
0.404	1.77831E-05
0.405	1.32841E-05
0.406	9.66166E-06
0.407	6.79794E-06
0.408	6.14725E-06
0.409	6.18434E-06
0.41	5.55893E-06
0.411	5.11187E-06
0.412	8.55211E-06
0.413	2.02504E-05
0.414	4.04812E-05
0.415	6.45411E-05
0.416	9.01299E-05
0.417	0.000129006
0.418	0.000221176
0.419	0.000401374
0.42	0.000630026
0.421	0.000797548
0.422	0.000785093
0.423	0.000555048
0.424	0.000253699
0.425	6.56269E-05
0.426	1.03293E-05
0.427	3.13491E-06
0.428	2.99396E-06
0.429	2.99083E-06
0.43	2.59769E-06
0.431	4.22535E-06
0.432	1.14847E-05
0.433	2.42504E-05
0.434	3.87026E-05
0.435	5.18258E-05
0.436	6.13678E-05
0.437	5.75588E-05
0.438	4.54224E-05
0.439	3.54455E-05
0.44	3.03933E-05
0.441	2.55826E-05
0.442	2.27303E-05
0.443	2.03892E-05
0.444	1.53549E-05
0.445	7.71247E-06
0.446	3.00261E-06
0.447	1.53946E-06
0.448	1.29386E-06
0.449	1.35514E-06
0.45	9.15451E-07
0.451	7.99637E-07
0.452	9.74007E-07
0.453	1.13914E-06
0.454	1.84461E-06
0.455	4.74659E-06
0.456	8.94058E-06
0.457	1.72226E-05
0.458	3.02089E-05
0.459	3.68972E-05
0.46	3.23213E-05
0.461	2.58783E-05
0.462	2.34657E-05
0.463	2.35545E-05
0.464	2.65186E-05
0.465	2.80293E-05
0.466	2.45619E-05
0.467	1.78097E-05
0.468	1.29421E-05
0.469	9.76973E-06
0.47	6.93577E-06
0.471	4.6376E-06
0.472	3.47311E-06
0.473	3.24919E-06
0.474	6.84229E-06
0.475	1.67711E-05
0.476	3.97394E-05
0.477	8.41194E-05
0.478	0.000141208
0.479	0.000180616
0.48	0.000171196
0.481	0.000121525
0.482	6.50553E-05
0.483	2.76188E-05
0.484	1.01091E-05
0.485	5.37069E-06
0.486	5.49938E-06
0.487	7.09223E-06
0.488	6.97701E-06
0.489	4.78583E-06
0.49	6.11223E-06
0.491	2.0172E-05
0.492	5.12236E-05
0.493	8.81347E-05
0.494	9.7144E-05
0.495	7.23723E-05
0.496	5.03574E-05
0.497	3.81354E-05
0.498	2.10313E-05
0.499	6.7785E-06
0.5	1.93885E-06
0.501	9.14624E-07
0.502	6.49932E-07
0.503	4.63108E-07
0.504	6.10174E-07
0.505	1.24439E-06
0.506	4.69398E-06
0.507	1.5229E-05
0.508	2.94182E-05
0.509	3.73844E-05
0.51	3.20159E-05
0.511	2.00225E-05
0.512	1.03779E-05
0.513	4.20319E-06
0.514	1.91162E-06
0.515	1.43249E-06
0.516	1.7853E-06
0.517	1.46321E-06
0.518	3.55796E-06
0.519	8.4984E-06
0.52	1.71111E-05
0.521	3.10946E-05
0.522	5.35835E-05
0.523	7.39672E-05
0.524	6.95819E-05
0.525	4.15558E-05
0.526	1.47049E-05
0.527	3.77276E-06
0.528	2.07958E-06
0.529	1.78802E-06
0.53	1.77848E-06
0.531	9.78612E-06
0.532	4.03587E-05
0.533	0.000109167
0.534	0.000202222
0.535	0.00023597
0.536	0.000177814
0.537	0.000109705
0.538	8.91258E-05
0.539	7.28492E-05
0.54	3.48861E-05
0.541	1.26476E-05
0.542	6.98383E-06
0.543	4.67966E-06
0.544	3.30286E-06
0.545	2.85295E-06
0.546	3.29627E-06
0.547	3.61756E-06
0.548	4.50737E-06
0.549	6.81853E-06
0.55	1.30481E-05
0.551	1.98242E-05
0.552	2.60904E-05
0.553	2.61194E-05
0.554	2.18361E-05
0.555	2.23291E-05
0.556	2.45564E-05
0.557	2.36435E-05
0.558	1.85212E-05
0.559	1.14484E-05
0.56	8.15945E-06
0.561	6.0344E-06
0.562	3.53532E-06
0.563	3.07408E-06
0.564	3.27983E-06
0.565	6.22735E-06
0.566	1.1562E-05
0.567	1.70723E-05
0.568	2.21625E-05
0.569	2.30313E-05
0.57	2.10733E-05
0.571	2.62058E-05
0.572	4.00525E-05
0.573	5.28871E-05
0.574	5.49492E-05
0.575	4.67848E-05
0.576	3.57613E-05
0.577	2.96475E-05
0.578	2.98124E-05
0.579	4.28799E-05
0.58	7.89882E-05
0.581	0.000154242
0.582	0.000260976
0.583	0.000356208
0.584	0.000393562
0.585	0.000358948
0.586	0.000309319
0.587	0.000291295
0.588	0.000288867
0.589	0.000266108
0.59	0.000232207
0.591	0.000206675
0.592	0.000190874
0.593	0.000179376
0.594	0.000184685
0.595	0.00022331
0.596	0.000308094
0.597	0.000459353
0.598	0.000676655
0.599	0.000943288
0.6	0.001246749
0.601	0.001594728
0.602	0.002058867
0.603	0.002763968
0.604	0.003845067
0.605	0.005500724
0.606	0.007795143
0.607	0.011211883
0.608	0.0168561
0.609	0.02464186
0.61	0.034292833
0.611	0.046852543
0.612	0.062714497
0.613	0.081906902
0.614	0.104814922
0.615	0.133347504
0.616	0.1721809
0.617	0.229434417
0.618	0.316595691
0.619	0.442078487
0.62	0.598584544
0.621	0.755007319
0.622	0.868256923
0.623	0.912669195
0.624	0.900717535
0.625	0.862920212
0.626	0.82893057
0.627	0.814278515
0.628	0.817964259
0.629	0.834792445
0.63	0.8582513
0.631	0.882709747
0.632	0.905229459
0.633	0.925297793
0.634	0.943383591
0.635	0.959274283
0.636	0.972353992
0.637	0.981803619
0.638	0.986635808
0.639	0.986556149
0.64	0.983258754
0.641	0.978584836
0.642	0.974242405
0.643	0.971160521
0.644	0.968544391
0.645	0.965421738
0.646	0.960762327
0.647	0.954418921
0.648	0.948548622
0.649	0.945890443
0.65	0.947931832
0.651	0.954557683
0.652	0.964322915
0.653	0.973308853
0.654	0.976569356
0.655	0.971462286
0.656	0.958905152
0.657	0.941964503
0.658	0.926336547
0.659	0.917694062
0.66	0.919443446
0.661	0.930683351
0.662	0.948522057
0.663	0.967292407
0.664	0.981548268
0.665	0.987416945
0.666	0.985617465
0.667	0.979471256
0.668	0.974420109
0.669	0.974485848
0.67	0.981051641
0.671	0.991576365
0.672	1
0.673	0.999991287
0.674	0.987691023
0.675	0.962724226
0.676	0.928955352
0.677	0.892898781
0.678	0.860526592
0.679	0.835657827
0.68	0.821201159
0.681	0.818141737
0.682	0.827589875
0.683	0.851207853
0.684	0.887740973
0.685	0.927200651
0.686	0.943966161
0.687	0.908561308
0.688	0.796924355
0.689	0.622829206
0.69	0.433853436
0.691	0.274852294
0.692	0.164869652
0.693	0.098078544
0.694	0.059628694
0.695	0.037602334
0.696	0.024752997
0.697	0.016977658
0.698	0.012081606
0.699	0.008899175
0.7	0.006798214
0.701	0.00538362
0.702	0.004393355
0.703	0.003808719
0.704	0.003680143
0.705	0.003390227
0.706	0.003313291
0.707	0.003648803
0.708	0.003528909
0.709	0.00331405
0.71	0.003227952
0.711	0.003264722
0.712	0.003418727
0.713	0.003677355
0.714	0.004000089
0.715	0.004312423
0.716	0.0045424
0.717	0.00463081
0.718	0.004511783
0.719	0.004180124
0.72	0.003684903
0.721	0.003108723
0.722	0.002516133
0.723	0.001948927
0.724	0.001458724
0.725	0.001067798
0.726	0.00077855
0.727	0.000578915
0.728	0.000442549
0.729	0.000346927
0.73	0.000272097
0.731	0.000212253
0.732	0.000171093
0.733	0.000138848
0.734	0.000110694
0.735	8.97554E-05
0.736	7.08745E-05
0.737	5.79954E-05
0.738	4.87821E-05
0.739	3.93286E-05
0.74	3.0774E-05
0.741	2.49429E-05
0.742	2.13614E-05
0.743	1.83688E-05
0.744	1.73052E-05
0.745	1.47925E-05
0.746	1.21736E-05
0.747	1.1687E-05
0.748	1.06842E-05
0.749	1.30482E-05
0.75	1.52121E-05
0.751	1.81817E-05
0.752	2.27723E-05
0.753	2.42444E-05
0.754	3.11898E-05
0.755	4.19295E-05
0.756	5.06949E-05
0.757	5.75215E-05
0.758	6.35749E-05
0.759	7.01814E-05
0.76	7.27777E-05
0.761	7.1346E-05
0.762	6.88196E-05
0.763	6.54916E-05
0.764	6.67644E-05
0.765	6.80238E-05
0.766	7.25017E-05
0.767	8.25139E-05
0.768	9.91552E-05
0.769	0.000129013
0.77	0.000162664
0.771	0.000192627
0.772	0.000230084
0.773	0.000277434
0.774	0.00031375
0.775	0.000318412
0.776	0.0002857
0.777	0.000242114
0.778	0.000199888
0.779	0.000155731
0.78	0.000112664
0.781	7.91493E-05
0.782	5.87701E-05
0.783	4.97885E-05
0.784	4.94123E-05
0.785	5.71836E-05
0.786	6.82099E-05
0.787	7.71939E-05
0.788	8.61162E-05
0.789	8.92707E-05
0.79	8.86535E-05
0.791	7.98711E-05
0.792	6.17633E-05
0.793	5.30228E-05
0.794	6.65828E-05
0.795	7.97113E-05
0.796	0.000114756
0.797	0.000184506
0.798	0.000188391
0.799	0.00020461
0.8	0.000282799
0.801	0.000367412
0.802	0.000406066
0.803	0.000386961
0.804	0.000378997
0.805	0.000403789
0.806	0.000390625
0.807	0.000394001
0.808	0.000408124
0.809	0.000407285
0.81	0.000404684
0.811	0.000393483
0.812	0.000398811
0.813	0.000424095
0.814	0.000431316
0.815	0.000433581
0.816	0.000459472
0.817	0.000502648
0.818	0.000535088
0.819	0.000589087
0.82	0.000662335
0.821	0.000737876
0.822	0.000821295
0.823	0.000901839
0.824	0.000981118
0.825	0.001048531
0.826	0.001109056
0.827	0.001183734
0.828	0.001244319
0.829	0.001273732
0.83	0.001258788
0.831	0.001217117
0.832	0.001212426
0.833	0.001184062
0.834	0.001106428
0.835	0.001044829
0.836	0.000984008
0.837	0.000881696
0.838	0.000758699
0.839	0.000680183
0.84	0.000634633
0.841	0.000567567
0.842	0.000485096
0.843	0.000448148
0.844	0.000420756
0.845	0.000369006
0.846	0.000352663
0.847	0.000359684
0.848	0.000330695
0.849	0.000325556
0.85	0.000325121
0.851	0.0003188
0.852	0.000326683
0.853	0.00033153
0.854	0.000324984
0.855	0.000311509
0.856	0.000291127
0.857	0.000292786
0.858	0.000321297
0.859	0.000313962
0.86	0.000301011
0.861	0.000333114
0.862	0.000347281
0.863	0.000344608
0.864	0.000398992
0.865	0.000493296
0.866	0.000601767
0.867	0.000761722
0.868	0.000955017
0.869	0.001172991
0.87	0.001429436
0.871	0.001719686
0.872	0.001966679
0.873	0.002141208
0.874	0.002317814
0.875	0.002545636
0.876	0.002747914
0.877	0.002814934
0.878	0.002801242
0.879	0.002773014
0.88	0.002700676
0.881	0.002604537
0.882	0.002449368
0.883	0.002209878
0.884	0.001928141
0.885	0.001673525
0.886	0.001431116
0.887	0.001186047
0.888	0.000987801
0.889	0.000850819
0.89	0.000774654
0.891	0.000739725
0.892	0.000724813
0.893	0.000722597
0.894	0.000728118
0.895	0.000740578
0.896	0.000755612
0.897	0.00075428
0.898	0.000739505
0.899	0.000742029
0.9	0.000719329
0.901	0.000685657
0.902	0.000649772
0.903	0.000596574
0.904	0.000530726
0.905	0.000459995
0.906	0.000427717
0.907	0.000405981
0.908	0.000374791
0.909	0.000347838
0.91	0.000354754
0.911	0.000368419
0.912	0.000363602
0.913	0.000364291
0.914	0.000376967
0.915	0.000401702
0.916	0.000457444
0.917	0.000535455
0.918	0.000647503
0.919	0.000825003
0.92	0.001084247
0.921	0.00141324
0.922	0.001804228
0.923	0.002211218
0.924	0.002622629
0.925	0.003051497
0.926	0.003549377
0.927	0.004102497
0.928	0.004708267
0.929	0.005348569
0.93	0.005904656
0.931	0.006316364
0.932	0.006608474
0.933	0.006858762
0.934	0.00716463
0.935	0.007564268
0.936	0.007950189
0.937	0.008188285
0.938	0.008204666
0.939	0.007987626
0.94	0.007586766
0.941	0.00708007
0.942	0.006551749
0.943	0.006070201
0.944	0.005603301
0.945	0.005139727
0.946	0.004665316
0.947	0.004170089
0.948	0.003653591
0.949	0.003124912
0.95	0.002617715
0.951	0.002157929
0.952	0.001762059
0.953	0.001435371
0.954	0.001160762
0.955	0.000930945
0.956	0.000743229
0.957	0.000614251
0.958	0.000507028
0.959	0.000420701
0.96	0.000352117
0.961	0.000305535
0.962	0.000267898
0.963	0.000235056
0.964	0.000219364
0.965	0.000206719
0.966	0.000189393
0.967	0.000177299
0.968	0.000177617
0.969	0.000176792
0.97	0.000163633
0.971	0.000165492
0.972	0.00016752
0.973	0.000165056
0.974	0.00016286
0.975	0.000156067
0.976	0.000148624
0.977	0.000140745
0.978	0.000139708
0.979	0.00014284
0.98	0.000145243
0.981	0.000142891
0.982	0.000132579
0.983	0.000135916
0.984	0.000142601
0.985	0.000151837
0.986	0.000149136
0.987	0.000120719
0.988	0.00011371
0.989	0.000129359
0.99	0.000150518
0.991	0.000152687
0.992	0.00013277
0.993	0.000120323
0.994	0.000129655
0.995	0.000148286
0.996	0.000151949
0.997	0.000133639
0.998	0.000120258
0.999	0.000134327
1	0.000147061
1.001	0.000141673
1.002	0.000137447
1.003	0.000142435
1.004	0.000148112
1.005	0.000156201
1.006	0.000157574
1.007	0.000135372
1.008	0.000129206
1.009	0.000132388
1.01	0.000134985
1.011	0.000137258
1.012	0.000137087
1.013	0.000138676
1.014	0.00012909
1.015	0.000125423
1.016	0.000139256
1.017	0.000148018
1.018	0.00015025
1.019	0.000132073
1.02	0.000117887
1.021	0.00011869
1.022	0.000137842
1.023	0.000139257
1.024	0.000139167
1.025	0.000129064
1.026	0.000130591
1.027	0.000138587
1.028	0.000148092
1.029	0.000144586
1.03	0.000130442
1.031	0.000129834
1.032	0.000140106
1.033	0.000145171
1.034	0.000148338
1.035	0.000148427
1.036	0.000132078
1.037	0.000129634
1.038	0.000133199
1.039	0.000143994
1.04	0.000147003
1.041	0.000138476
1.042	0.000133018
1.043	0.000141868
1.044	0.000149271
1.045	0.000143075
1.046	0.000132264
1.047	0.000142468
1.048	0.000141716
1.049	0.000135886
1.05	0.000134502
1.051	0.00013627
1.052	0.000134037
1.053	0.000135098
1.054	0.000133998
1.055	0.000139672
1.056	0.000145149
1.057	0.000145097
1.058	0.000144454
1.059	0.000148164
1.06	0.000142413
1.061	0.000134827
1.062	0.000139587
1.063	0.000143637
1.064	0.000151526
1.065	0.000135828
1.066	0.000123292
1.067	0.000127805
1.068	0.000148928
1.069	0.000162619
1.07	0.000147026
1.071	0.000132662
1.072	0.000121569
1.073	0.000140289
1.074	0.00016245
1.075	0.000154267
1.076	0.000140747
1.077	0.000133484
1.078	0.000143445
1.079	0.000154931
1.08	0.000158171
1.081	0.000157594
1.082	0.000134127
1.083	0.000117795
1.084	0.000123528
1.085	0.000133482
1.086	0.000130469
1.087	0.000108603
1.088	9.82027E-05
1.089	9.86505E-05
1.09	8.82493E-05
1.091	7.18711E-05
1.092	5.82508E-05
1.093	5.13187E-05
1.094	4.54649E-05
1.095	3.52561E-05
1.096	3.20936E-05
1.097	2.71105E-05
1.098	2.61169E-05
1.099	2.60918E-05
1.1	2.62251E-05
#  Pléiades Neo PNEO4 Band 5 RedEdge
#
#  Wavelength
#   (microns)	Relative response
#  __________	___________
0.35	7.22223E-08
0.351	7.34621E-08
0.352	8.73052E-08
0.353	8.88013E-08
0.354	7.55624E-08
0.355	7.15827E-08
0.356	7.32386E-08
0.357	8.22465E-08
0.358	8.68315E-08
0.359	8.34176E-08
0.36	1.04097E-07
0.361	1.55633E-07
0.362	2.51446E-07
0.363	3.83094E-07
0.364	7.45836E-07
0.365	1.96602E-06
0.366	4.4636E-06
0.367	7.51992E-06
0.368	1.11356E-05
0.369	1.8795E-05
0.37	3.55841E-05
0.371	6.64232E-05
0.372	0.000113848
0.373	0.00017288
0.374	0.000232268
0.375	0.000294761
0.376	0.000356846
0.377	0.000380942
0.378	0.000359338
0.379	0.000328764
0.38	0.000326509
0.381	0.000323262
0.382	0.000294632
0.383	0.000255473
0.384	0.000222879
0.385	0.000204207
0.386	0.000194317
0.387	0.000194996
0.388	0.000222936
0.389	0.000278269
0.39	0.000325188
0.391	0.00035072
0.392	0.00036072
0.393	0.000360469
0.394	0.000355171
0.395	0.000349355
0.396	0.0003272
0.397	0.000278331
0.398	0.000207113
0.399	0.000133807
0.4	8.45164E-05
0.401	6.2637E-05
0.402	5.51851E-05
0.403	5.37725E-05
0.404	5.8529E-05
0.405	6.97688E-05
0.406	9.0092E-05
0.407	0.000124906
0.408	0.000172545
0.409	0.000209945
0.41	0.000218818
0.411	0.000229711
0.412	0.00027073
0.413	0.000322642
0.414	0.000343491
0.415	0.000315845
0.416	0.000243787
0.417	0.000165523
0.418	0.000117201
0.419	0.000101319
0.42	9.40231E-05
0.421	8.15251E-05
0.422	6.38722E-05
0.423	5.51967E-05
0.424	7.71438E-05
0.425	0.00014313
0.426	0.000239176
0.427	0.000327276
0.428	0.000382125
0.429	0.000427786
0.43	0.000487796
0.431	0.000544917
0.432	0.000551249
0.433	0.000484404
0.434	0.000368511
0.435	0.000255495
0.436	0.000181573
0.437	0.000140575
0.438	0.000110069
0.439	8.07922E-05
0.44	6.07888E-05
0.441	6.63024E-05
0.442	0.000111967
0.443	0.00019703
0.444	0.00029869
0.445	0.000372533
0.446	0.000413369
0.447	0.000457597
0.448	0.00051614
0.449	0.000524817
0.45	0.000438884
0.451	0.000299525
0.452	0.000176153
0.453	0.000105844
0.454	7.54854E-05
0.455	5.852E-05
0.456	4.3221E-05
0.457	2.88984E-05
0.458	1.92815E-05
0.459	1.55857E-05
0.46	1.41354E-05
0.461	1.1938E-05
0.462	9.10254E-06
0.463	7.31878E-06
0.464	7.3685E-06
0.465	8.86194E-06
0.466	9.98205E-06
0.467	1.21299E-05
0.468	2.21494E-05
0.469	6.96092E-05
0.47	0.000218463
0.471	0.000554328
0.472	0.001075583
0.473	0.001650384
0.474	0.002123557
0.475	0.002485508
0.476	0.002711278
0.477	0.002719761
0.478	0.002334848
0.479	0.001598914
0.48	0.000818432
0.481	0.000304363
0.482	8.96578E-05
0.483	3.36688E-05
0.484	2.45801E-05
0.485	2.17428E-05
0.486	1.85246E-05
0.487	1.62128E-05
0.488	2.25166E-05
0.489	5.51077E-05
0.49	0.000131648
0.491	0.00024597
0.492	0.000359369
0.493	0.00044935
0.494	0.000546623
0.495	0.000634388
0.496	0.000628826
0.497	0.000532216
0.498	0.000420693
0.499	0.000361183
0.5	0.000348239
0.501	0.00034305
0.502	0.000309151
0.503	0.000244493
0.504	0.000173759
0.505	0.000126493
0.506	0.000134415
0.507	0.000226942
0.508	0.000399719
0.509	0.000602151
0.51	0.000776198
0.511	0.000929138
0.512	0.000996893
0.513	0.000871891
0.514	0.000588705
0.515	0.000320036
0.516	0.000169757
0.517	0.000111227
0.518	9.0194E-05
0.519	8.26998E-05
0.52	9.35343E-05
0.521	0.000139694
0.522	0.000224405
0.523	0.000321999
0.524	0.000401075
0.525	0.000462829
0.526	0.00047657
0.527	0.000402094
0.528	0.00026147
0.529	0.000138326
0.53	7.43901E-05
0.531	5.44208E-05
0.532	5.19813E-05
0.533	5.27125E-05
0.534	5.51821E-05
0.535	5.80538E-05
0.536	6.43985E-05
0.537	8.36092E-05
0.538	0.000139151
0.539	0.000258948
0.54	0.000434924
0.541	0.000625259
0.542	0.000784741
0.543	0.000839436
0.544	0.000711383
0.545	0.000437876
0.546	0.000196043
0.547	7.12906E-05
0.548	2.84479E-05
0.549	1.73738E-05
0.55	1.33151E-05
0.551	1.05549E-05
0.552	8.1275E-06
0.553	6.27412E-06
0.554	5.57545E-06
0.555	5.29618E-06
0.556	4.82581E-06
0.557	4.56988E-06
0.558	4.50699E-06
0.559	4.0167E-06
0.56	3.6181E-06
0.561	2.61462E-06
0.562	2.82184E-06
0.563	3.49698E-06
0.564	3.96977E-06
0.565	4.3043E-06
0.566	4.75529E-06
0.567	4.61755E-06
0.568	3.79563E-06
0.569	3.40509E-06
0.57	3.27343E-06
0.571	2.88767E-06
0.572	3.28439E-06
0.573	3.48426E-06
0.574	2.56751E-06
0.575	1.6837E-06
0.576	1.50831E-06
0.577	1.15873E-06
0.578	1.37868E-06
0.579	1.15284E-06
0.58	1.45708E-06
0.581	2.19274E-06
0.582	2.69154E-06
0.583	3.51122E-06
0.584	4.76619E-06
0.585	8.90926E-06
0.586	1.88377E-05
0.587	3.69381E-05
0.588	6.4928E-05
0.589	0.000100274
0.59	0.000136027
0.591	0.000166445
0.592	0.00017671
0.593	0.000153906
0.594	0.000108762
0.595	6.45501E-05
0.596	3.52622E-05
0.597	2.03814E-05
0.598	1.25974E-05
0.599	9.18369E-06
0.6	8.04258E-06
0.601	6.59584E-06
0.602	6.80162E-06
0.603	8.73356E-06
0.604	1.08375E-05
0.605	1.18926E-05
0.606	1.40363E-05
0.607	1.54465E-05
0.608	1.49281E-05
0.609	1.54029E-05
0.61	1.63611E-05
0.611	1.541E-05
0.612	1.43539E-05
0.613	1.25699E-05
0.614	1.08027E-05
0.615	9.76923E-06
0.616	9.25988E-06
0.617	9.07008E-06
0.618	9.47326E-06
0.619	1.11421E-05
0.62	1.5245E-05
0.621	2.23213E-05
0.622	3.5926E-05
0.623	6.24613E-05
0.624	0.000104707
0.625	0.000166507
0.626	0.000244344
0.627	0.000322104
0.628	0.000379961
0.629	0.000392776
0.63	0.000357464
0.631	0.000294193
0.632	0.000222366
0.633	0.000161009
0.634	0.000115274
0.635	8.29374E-05
0.636	6.16655E-05
0.637	4.59075E-05
0.638	3.52452E-05
0.639	3.00594E-05
0.64	2.69613E-05
0.641	2.48767E-05
0.642	2.43324E-05
0.643	2.50418E-05
0.644	2.81006E-05
0.645	3.39233E-05
0.646	4.09992E-05
0.647	4.87759E-05
0.648	6.22813E-05
0.649	8.37164E-05
0.65	0.000109627
0.651	0.00014521
0.652	0.000194967
0.653	0.000262012
0.654	0.000349009
0.655	0.000459049
0.656	0.000597124
0.657	0.000761909
0.658	0.000946319
0.659	0.001144095
0.66	0.001345391
0.661	0.001538293
0.662	0.00170934
0.663	0.001849507
0.664	0.001956948
0.665	0.002036893
0.666	0.00209977
0.667	0.002157975
0.668	0.002227363
0.669	0.002323502
0.67	0.002459365
0.671	0.002646056
0.672	0.002903868
0.673	0.00325316
0.674	0.003674105
0.675	0.004200682
0.676	0.004975833
0.677	0.005928393
0.678	0.006909327
0.679	0.00807439
0.68	0.009557188
0.681	0.011327946
0.682	0.013295454
0.683	0.015571405
0.684	0.018266892
0.685	0.021501706
0.686	0.025478927
0.687	0.030497333
0.688	0.036984315
0.689	0.045655218
0.69	0.05762245
0.691	0.074548529
0.692	0.099115652
0.693	0.13553135
0.694	0.189809304
0.695	0.268677731
0.696	0.376121844
0.697	0.508151622
0.698	0.648074116
0.699	0.769935258
0.7	0.853445954
0.701	0.89485901
0.702	0.907046515
0.703	0.909152316
0.704	0.914525051
0.705	0.929001922
0.706	0.950760079
0.707	0.974113037
0.708	0.992194233
0.709	1
0.71	0.997412154
0.711	0.986231078
0.712	0.970866023
0.713	0.956903679
0.714	0.947652162
0.715	0.943971119
0.716	0.944473823
0.717	0.948201773
0.718	0.952452597
0.719	0.954517397
0.72	0.954306311
0.721	0.951683451
0.722	0.948161776
0.723	0.945655169
0.724	0.945047568
0.725	0.946261273
0.726	0.949073475
0.727	0.951763975
0.728	0.953845096
0.729	0.954775705
0.73	0.954769251
0.731	0.955487651
0.732	0.958307299
0.733	0.964224925
0.734	0.972467036
0.735	0.981442891
0.736	0.987113121
0.737	0.987040806
0.738	0.979963242
0.739	0.967301733
0.74	0.953327229
0.741	0.943643983
0.742	0.942376905
0.743	0.950601834
0.744	0.960623552
0.745	0.957085563
0.746	0.920237653
0.747	0.837387726
0.748	0.714165608
0.749	0.573563682
0.75	0.441754226
0.751	0.334600377
0.752	0.255451263
0.753	0.200029946
0.754	0.161418634
0.755	0.133650632
0.756	0.112235138
0.757	0.094179712
0.758	0.077756415
0.759	0.062486757
0.76	0.048601136
0.761	0.03662591
0.762	0.026849153
0.763	0.019710685
0.764	0.015257195
0.765	0.011390299
0.766	0.008416509
0.767	0.006747921
0.768	0.005571909
0.769	0.004249221
0.77	0.003218982
0.771	0.00246976
0.772	0.00191771
0.773	0.00152239
0.774	0.001215502
0.775	0.0009497
0.776	0.000737018
0.777	0.000573124
0.778	0.000446978
0.779	0.000351053
0.78	0.000279697
0.781	0.000225108
0.782	0.000181985
0.783	0.000150408
0.784	0.000127066
0.785	0.000109268
0.786	9.44696E-05
0.787	8.30893E-05
0.788	7.52273E-05
0.789	6.74319E-05
0.79	6.10581E-05
0.791	5.70558E-05
0.792	5.78028E-05
0.793	6.37386E-05
0.794	6.7538E-05
0.795	6.54437E-05
0.796	6.4162E-05
0.797	6.2285E-05
0.798	5.86438E-05
0.799	5.37883E-05
0.8	5.33328E-05
0.801	5.20803E-05
0.802	4.8247E-05
0.803	4.33575E-05
0.804	3.98195E-05
0.805	3.91427E-05
0.806	3.956E-05
0.807	3.98169E-05
0.808	4.19471E-05
0.809	3.91944E-05
0.81	3.85838E-05
0.811	3.96927E-05
0.812	3.63196E-05
0.813	3.39713E-05
0.814	3.63493E-05
0.815	3.68232E-05
0.816	3.50878E-05
0.817	3.78244E-05
0.818	3.95299E-05
0.819	3.70444E-05
0.82	3.52702E-05
0.821	3.45481E-05
0.822	3.5235E-05
0.823	3.33932E-05
0.824	3.20508E-05
0.825	3.52428E-05
0.826	3.40138E-05
0.827	2.99723E-05
0.828	3.10286E-05
0.829	3.21463E-05
0.83	3.13973E-05
0.831	3.09596E-05
0.832	3.05075E-05
0.833	3.04378E-05
0.834	3.20924E-05
0.835	3.26093E-05
0.836	3.10802E-05
0.837	3.03062E-05
0.838	3.15965E-05
0.839	3.50644E-05
0.84	3.5854E-05
0.841	3.40063E-05
0.842	3.21433E-05
0.843	3.29391E-05
0.844	3.39076E-05
0.845	3.48092E-05
0.846	3.61003E-05
0.847	3.57863E-05
0.848	3.61842E-05
0.849	3.48454E-05
0.85	3.27169E-05
0.851	3.2768E-05
0.852	3.2204E-05
0.853	3.21027E-05
0.854	3.17086E-05
0.855	3.09102E-05
0.856	2.99208E-05
0.857	3.07383E-05
0.858	3.364E-05
0.859	3.42043E-05
0.86	3.33641E-05
0.861	3.28017E-05
0.862	3.21356E-05
0.863	3.24624E-05
0.864	3.09688E-05
0.865	2.80439E-05
0.866	2.95616E-05
0.867	3.23189E-05
0.868	3.11001E-05
0.869	2.96572E-05
0.87	3.02772E-05
0.871	3.0502E-05
0.872	3.00548E-05
0.873	2.98461E-05
0.874	2.97672E-05
0.875	2.88902E-05
0.876	2.83728E-05
0.877	2.79043E-05
0.878	2.76916E-05
0.879	2.73391E-05
0.88	2.78925E-05
0.881	2.8091E-05
0.882	2.60755E-05
0.883	2.64024E-05
0.884	2.76579E-05
0.885	2.67309E-05
0.886	2.73977E-05
0.887	2.88211E-05
0.888	2.82178E-05
0.889	2.61603E-05
0.89	2.52604E-05
0.891	2.49664E-05
0.892	2.36765E-05
0.893	2.41369E-05
0.894	2.60857E-05
0.895	2.61067E-05
0.896	2.44213E-05
0.897	2.29532E-05
0.898	2.36199E-05
0.899	2.41583E-05
0.9	2.40589E-05
0.901	2.47278E-05
0.902	2.57551E-05
0.903	2.464E-05
0.904	2.32916E-05
0.905	2.25942E-05
0.906	2.31238E-05
0.907	2.34135E-05
0.908	2.29911E-05
0.909	2.14943E-05
0.91	2.09424E-05
0.911	2.00831E-05
0.912	2.12216E-05
0.913	2.12357E-05
0.914	1.99635E-05
0.915	1.90589E-05
0.916	1.86377E-05
0.917	1.72698E-05
0.918	1.69255E-05
0.919	1.81984E-05
0.92	1.96523E-05
0.921	1.91704E-05
0.922	1.92065E-05
0.923	1.85531E-05
0.924	1.87192E-05
0.925	1.99182E-05
0.926	1.95452E-05
0.927	1.83206E-05
0.928	1.79534E-05
0.929	1.81889E-05
0.93	1.82581E-05
0.931	1.90428E-05
0.932	1.91945E-05
0.933	1.84175E-05
0.934	1.77398E-05
0.935	1.6687E-05
0.936	1.47151E-05
0.937	1.48505E-05
0.938	1.66159E-05
0.939	1.54598E-05
0.94	1.46371E-05
0.941	1.60505E-05
0.942	1.69915E-05
0.943	1.72224E-05
0.944	1.64841E-05
0.945	1.59626E-05
0.946	1.62001E-05
0.947	1.62406E-05
0.948	1.61994E-05
0.949	1.64178E-05
0.95	1.60854E-05
0.951	1.53318E-05
0.952	1.55652E-05
0.953	1.46841E-05
0.954	1.35523E-05
0.955	1.342E-05
0.956	1.39062E-05
0.957	1.33475E-05
0.958	1.31694E-05
0.959	1.40919E-05
0.96	1.40036E-05
0.961	1.35299E-05
0.962	1.28021E-05
0.963	1.28566E-05
0.964	1.26468E-05
0.965	1.27389E-05
0.966	1.24726E-05
0.967	1.24434E-05
0.968	1.34093E-05
0.969	1.33364E-05
0.97	1.29959E-05
0.971	1.3151E-05
0.972	1.32153E-05
0.973	1.25434E-05
0.974	1.26063E-05
0.975	1.25431E-05
0.976	1.37489E-05
0.977	1.37305E-05
0.978	1.35035E-05
0.979	1.34602E-05
0.98	1.46563E-05
0.981	1.61683E-05
0.982	2.00002E-05
0.983	2.70336E-05
0.984	3.98657E-05
0.985	5.7778E-05
0.986	7.58229E-05
0.987	8.94462E-05
0.988	9.2407E-05
0.989	8.64696E-05
0.99	7.45466E-05
0.991	6.50146E-05
0.992	6.69251E-05
0.993	8.63435E-05
0.994	0.00012618
0.995	0.00017643
0.996	0.000214473
0.997	0.000225093
0.998	0.000209361
0.999	0.000183203
1	0.000161562
1.001	0.000145625
1.002	0.000132231
1.003	0.000115494
1.004	9.69594E-05
1.005	8.3113E-05
1.006	7.33969E-05
1.007	6.69088E-05
1.008	6.60806E-05
1.009	7.0919E-05
1.01	8.04232E-05
1.011	9.46695E-05
1.012	0.000114916
1.013	0.00014113
1.014	0.000173809
1.015	0.000211137
1.016	0.000246022
1.017	0.000277261
1.018	0.000300617
1.019	0.000315279
1.02	0.000327786
1.021	0.000343813
1.022	0.00037275
1.023	0.000416256
1.024	0.00047506
1.025	0.000542749
1.026	0.000610449
1.027	0.000665787
1.028	0.00069659
1.029	0.000702773
1.03	0.00069201
1.031	0.000668934
1.032	0.000639473
1.033	0.00060552
1.034	0.000564241
1.035	0.000516947
1.036	0.000469383
1.037	0.000425592
1.038	0.00038756
1.039	0.000355195
1.04	0.000330545
1.041	0.00031541
1.042	0.000306879
1.043	0.000304996
1.044	0.000309699
1.045	0.000320602
1.046	0.000339513
1.047	0.000366739
1.048	0.000401719
1.049	0.000449161
1.05	0.000510376
1.051	0.000587758
1.052	0.000684551
1.053	0.000793741
1.054	0.00091209
1.055	0.001033448
1.056	0.001147985
1.057	0.001248536
1.058	0.001333117
1.059	0.00140993
1.06	0.001492189
1.061	0.001590664
1.062	0.00171685
1.063	0.001880071
1.064	0.002071586
1.065	0.002280244
1.066	0.002480975
1.067	0.002645438
1.068	0.002755583
1.069	0.002804273
1.07	0.002798852
1.071	0.002751958
1.072	0.00267297
1.073	0.002564154
1.074	0.002434336
1.075	0.002289767
1.076	0.002138919
1.077	0.001990851
1.078	0.001849678
1.079	0.001728408
1.08	0.00162912
1.081	0.001554821
1.082	0.001504558
1.083	0.001471857
1.084	0.00142933
1.085	0.001394813
1.086	0.00137657
1.087	0.001340417
1.088	0.00128494
1.089	0.00124631
1.09	0.001267733
1.091	0.001283457
1.092	0.001200881
1.093	0.001121096
1.094	0.001001484
1.095	0.000930972
1.096	0.000840803
1.097	0.000757879
1.098	0.000671259
1.099	0.000515319
1.1	0.000359203
#  Pléiades Neo PNEO4 Band 6 NIR
#
#  Wavelength
#   (microns)	Relative response
#  __________	___________
0.35	1.57547E-07
0.351	1.93022E-07
0.352	1.95379E-07
0.353	2.32167E-07
0.354	2.63463E-07
0.355	2.40493E-07
0.356	1.99545E-07
0.357	2.01398E-07
0.358	3.13972E-07
0.359	3.91087E-07
0.36	3.2498E-07
0.361	1.8086E-07
0.362	1.01956E-07
0.363	1.06942E-07
0.364	2.13432E-07
0.365	3.14737E-07
0.366	3.08909E-07
0.367	2.2569E-07
0.368	2.31673E-07
0.369	3.75857E-07
0.37	4.47283E-07
0.371	3.47106E-07
0.372	2.46513E-07
0.373	2.11429E-07
0.374	1.97701E-07
0.375	1.80909E-07
0.376	1.80579E-07
0.377	2.03022E-07
0.378	2.23706E-07
0.379	2.57155E-07
0.38	2.58699E-07
0.381	2.19433E-07
0.382	2.0602E-07
0.383	2.4917E-07
0.384	3.0846E-07
0.385	3.45462E-07
0.386	3.13904E-07
0.387	3.42815E-07
0.388	4.53935E-07
0.389	5.81587E-07
0.39	7.45993E-07
0.391	9.01844E-07
0.392	9.13611E-07
0.393	8.66769E-07
0.394	9.11768E-07
0.395	9.20919E-07
0.396	1.06485E-06
0.397	1.37136E-06
0.398	1.78313E-06
0.399	2.4273E-06
0.4	3.31575E-06
0.401	4.35655E-06
0.402	5.71363E-06
0.403	8.03228E-06
0.404	1.23675E-05
0.405	2.00969E-05
0.406	3.03845E-05
0.407	4.2049E-05
0.408	5.81253E-05
0.409	8.68487E-05
0.41	0.000129318
0.411	0.000181562
0.412	0.000250094
0.413	0.000320042
0.414	0.000340409
0.415	0.000316373
0.416	0.000334712
0.417	0.000411524
0.418	0.000459299
0.419	0.000453042
0.42	0.000423898
0.421	0.000364633
0.422	0.000271404
0.423	0.000196681
0.424	0.000183057
0.425	0.000225735
0.426	0.000274181
0.427	0.000304425
0.428	0.000318442
0.429	0.000314934
0.43	0.000288593
0.431	0.000284092
0.432	0.000364323
0.433	0.000514198
0.434	0.00062265
0.435	0.000630434
0.436	0.000560729
0.437	0.000453897
0.438	0.000353204
0.439	0.000305011
0.44	0.000316476
0.441	0.000333044
0.442	0.000308668
0.443	0.000256312
0.444	0.000212803
0.445	0.000181336
0.446	0.000156817
0.447	0.000152764
0.448	0.000196438
0.449	0.000296332
0.45	0.000397686
0.451	0.000446062
0.452	0.000472768
0.453	0.000531151
0.454	0.000603018
0.455	0.000679931
0.456	0.000824323
0.457	0.001006208
0.458	0.001026388
0.459	0.000835358
0.46	0.000629929
0.461	0.000529191
0.462	0.00051616
0.463	0.000562709
0.464	0.000626166
0.465	0.000591314
0.466	0.000423902
0.467	0.000238536
0.468	0.000110811
0.469	4.15373E-05
0.47	1.69295E-05
0.471	2.04542E-05
0.472	2.92174E-05
0.473	3.08616E-05
0.474	2.34068E-05
0.475	1.4353E-05
0.476	8.56563E-06
0.477	6.10429E-06
0.478	7.28882E-06
0.479	9.69195E-06
0.48	8.72469E-06
0.481	6.36224E-06
0.482	4.81568E-06
0.483	3.17893E-06
0.484	2.49899E-06
0.485	3.19251E-06
0.486	4.06931E-06
0.487	4.64674E-06
0.488	5.00684E-06
0.489	4.96779E-06
0.49	4.03522E-06
0.491	2.83896E-06
0.492	2.49625E-06
0.493	2.40147E-06
0.494	2.90647E-06
0.495	3.88329E-06
0.496	4.85895E-06
0.497	5.23555E-06
0.498	5.0399E-06
0.499	4.42948E-06
0.5	3.60804E-06
0.501	3.69822E-06
0.502	4.76369E-06
0.503	5.6622E-06
0.504	6.11931E-06
0.505	6.01814E-06
0.506	5.26798E-06
0.507	4.3044E-06
0.508	3.38533E-06
0.509	2.7773E-06
0.51	2.88741E-06
0.511	3.21467E-06
0.512	3.63536E-06
0.513	1.05315E-05
0.514	4.39472E-05
0.515	0.000132297
0.516	0.000262197
0.517	0.000347511
0.518	0.000305855
0.519	0.000185671
0.52	9.07073E-05
0.521	4.92251E-05
0.522	5.29951E-05
0.523	0.000105754
0.524	0.000206799
0.525	0.000293003
0.526	0.00030055
0.527	0.000250386
0.528	0.00025307
0.529	0.000393951
0.53	0.000616253
0.531	0.000712461
0.532	0.000588293
0.533	0.000360378
0.534	0.000205064
0.535	0.000147658
0.536	0.000133952
0.537	0.000113924
0.538	8.13663E-05
0.539	5.09074E-05
0.54	3.38855E-05
0.541	3.49808E-05
0.542	6.30796E-05
0.543	0.000146988
0.544	0.000306231
0.545	0.000489408
0.546	0.00059231
0.547	0.000584841
0.548	0.000538304
0.549	0.000532905
0.55	0.000545825
0.551	0.00050953
0.552	0.000411434
0.553	0.000300537
0.554	0.000220372
0.555	0.000182574
0.556	0.000176636
0.557	0.000196967
0.558	0.00024741
0.559	0.000338562
0.56	0.000468867
0.561	0.000590004
0.562	0.000632371
0.563	0.000575086
0.564	0.000460963
0.565	0.000357114
0.566	0.000283158
0.567	0.000220864
0.568	0.00016005
0.569	0.000103687
0.57	6.23225E-05
0.571	3.84661E-05
0.572	2.56546E-05
0.573	1.99373E-05
0.574	1.93197E-05
0.575	2.16182E-05
0.576	2.78086E-05
0.577	3.81101E-05
0.578	5.22611E-05
0.579	6.94355E-05
0.58	8.47588E-05
0.581	9.31106E-05
0.582	9.72081E-05
0.583	0.000103444
0.584	0.000112062
0.585	0.000115989
0.586	0.000110235
0.587	9.44882E-05
0.588	7.36207E-05
0.589	5.42294E-05
0.59	4.15372E-05
0.591	3.74257E-05
0.592	3.84466E-05
0.593	4.81131E-05
0.594	7.37327E-05
0.595	0.000128904
0.596	0.000230911
0.597	0.000387303
0.598	0.000581751
0.599	0.00078583
0.6	0.000975334
0.601	0.00110759
0.602	0.001094748
0.603	0.000886529
0.604	0.00056698
0.605	0.000290504
0.606	0.000128722
0.607	5.78997E-05
0.608	2.8812E-05
0.609	1.53163E-05
0.61	1.01636E-05
0.611	8.89957E-06
0.612	7.4817E-06
0.613	5.65213E-06
0.614	4.62684E-06
0.615	4.14739E-06
0.616	2.8796E-06
0.617	2.23124E-06
0.618	3.18612E-06
0.619	3.26446E-06
0.62	3.71597E-06
0.621	4.06856E-06
0.622	3.86824E-06
0.623	3.31173E-06
0.624	3.12356E-06
0.625	3.15078E-06
0.626	3.90662E-06
0.627	4.23051E-06
0.628	4.63774E-06
0.629	4.13303E-06
0.63	4.05517E-06
0.631	3.23461E-06
0.632	3.32695E-06
0.633	4.24271E-06
0.634	3.91117E-06
0.635	3.40136E-06
0.636	2.5899E-06
0.637	1.96726E-06
0.638	2.83977E-06
0.639	3.10996E-06
0.64	3.23873E-06
0.641	3.77359E-06
0.642	4.64952E-06
0.643	4.80609E-06
0.644	3.81191E-06
0.645	3.72021E-06
0.646	3.98714E-06
0.647	4.37396E-06
0.648	4.95458E-06
0.649	5.68903E-06
0.65	6.02932E-06
0.651	6.28238E-06
0.652	6.75055E-06
0.653	6.98913E-06
0.654	6.06709E-06
0.655	6.97835E-06
0.656	7.46257E-06
0.657	5.95983E-06
0.658	4.81598E-06
0.659	4.91204E-06
0.66	5.89885E-06
0.661	5.40746E-06
0.662	5.33571E-06
0.663	6.76691E-06
0.664	6.82257E-06
0.665	5.68441E-06
0.666	5.75533E-06
0.667	5.68513E-06
0.668	5.0276E-06
0.669	5.17419E-06
0.67	5.21176E-06
0.671	4.86875E-06
0.672	4.55204E-06
0.673	4.1948E-06
0.674	4.00797E-06
0.675	4.3474E-06
0.676	4.80734E-06
0.677	4.58502E-06
0.678	4.36119E-06
0.679	4.29009E-06
0.68	3.56332E-06
0.681	3.53984E-06
0.682	3.39754E-06
0.683	4.02285E-06
0.684	4.17915E-06
0.685	3.88715E-06
0.686	4.265E-06
0.687	4.51192E-06
0.688	4.43874E-06
0.689	4.52419E-06
0.69	4.80822E-06
0.691	4.63078E-06
0.692	5.11514E-06
0.693	5.98204E-06
0.694	6.40309E-06
0.695	6.88137E-06
0.696	8.16459E-06
0.697	1.01624E-05
0.698	1.18036E-05
0.699	1.30701E-05
0.7	1.50628E-05
0.701	1.68471E-05
0.702	1.75917E-05
0.703	1.75566E-05
0.704	1.7584E-05
0.705	1.73344E-05
0.706	1.67851E-05
0.707	1.52776E-05
0.708	1.3563E-05
0.709	1.20614E-05
0.71	1.12493E-05
0.711	1.18658E-05
0.712	1.1712E-05
0.713	1.12631E-05
0.714	1.13754E-05
0.715	1.18257E-05
0.716	1.139E-05
0.717	1.17247E-05
0.718	1.34084E-05
0.719	1.52023E-05
0.72	1.71554E-05
0.721	2.1782E-05
0.722	2.85422E-05
0.723	3.78822E-05
0.724	5.11196E-05
0.725	6.97361E-05
0.726	9.3256E-05
0.727	0.000124519
0.728	0.000164244
0.729	0.000210318
0.73	0.00026018
0.731	0.000310141
0.732	0.000354019
0.733	0.000388014
0.734	0.000410605
0.735	0.000421976
0.736	0.00042695
0.737	0.000429708
0.738	0.000434397
0.739	0.000442864
0.74	0.000458424
0.741	0.000488029
0.742	0.00053846
0.743	0.000595963
0.744	0.000681191
0.745	0.000821607
0.746	0.001042124
0.747	0.001388227
0.748	0.00190561
0.749	0.002671345
0.75	0.003813151
0.751	0.005581036
0.752	0.008317468
0.753	0.012589325
0.754	0.019144786
0.755	0.028920875
0.756	0.042813584
0.757	0.061355154
0.758	0.084393701
0.759	0.110906692
0.76	0.139258313
0.761	0.167960579
0.762	0.196593194
0.763	0.226128862
0.764	0.258937537
0.765	0.298848379
0.766	0.35089517
0.767	0.420668431
0.768	0.511985053
0.769	0.62262995
0.77	0.737793899
0.771	0.832298798
0.772	0.877327306
0.773	0.867453243
0.774	0.811530342
0.775	0.734031108
0.776	0.660532672
0.777	0.604683004
0.778	0.571238481
0.779	0.560304752
0.78	0.569515768
0.781	0.597518266
0.782	0.642725739
0.783	0.70223791
0.784	0.770853495
0.785	0.841482564
0.786	0.905311482
0.787	0.955278973
0.788	0.986247699
0.789	0.99939232
0.79	1
0.791	0.993620882
0.792	0.986132157
0.793	0.981292615
0.794	0.980523982
0.795	0.983368804
0.796	0.98764312
0.797	0.990928418
0.798	0.991417026
0.799	0.987609632
0.8	0.982347972
0.801	0.974773317
0.802	0.966094647
0.803	0.95955327
0.804	0.954959862
0.805	0.953217304
0.806	0.953659358
0.807	0.955373758
0.808	0.958075614
0.809	0.959121749
0.81	0.957073052
0.811	0.952235091
0.812	0.944101829
0.813	0.933416726
0.814	0.921452845
0.815	0.909919629
0.816	0.899735476
0.817	0.892215482
0.818	0.887606053
0.819	0.885849387
0.82	0.887037815
0.821	0.889671122
0.822	0.892638658
0.823	0.895143083
0.824	0.895972765
0.825	0.895513901
0.826	0.893437968
0.827	0.889347882
0.828	0.884626673
0.829	0.879463787
0.83	0.875230057
0.831	0.871954731
0.832	0.869966773
0.833	0.869026923
0.834	0.869328456
0.835	0.869500514
0.836	0.869358427
0.837	0.868378298
0.838	0.865753353
0.839	0.861313163
0.84	0.855520976
0.841	0.848252394
0.842	0.840495128
0.843	0.83268042
0.844	0.825037155
0.845	0.818263636
0.846	0.812972774
0.847	0.809342905
0.848	0.806752751
0.849	0.804334505
0.85	0.804195855
0.851	0.803248744
0.852	0.802820527
0.853	0.80213428
0.854	0.801656197
0.855	0.800050737
0.856	0.797782286
0.857	0.794868277
0.858	0.791129843
0.859	0.786529182
0.86	0.780827165
0.861	0.77459655
0.862	0.767900213
0.863	0.761143845
0.864	0.754451532
0.865	0.748336841
0.866	0.743071269
0.867	0.739296162
0.868	0.736167013
0.869	0.73359666
0.87	0.731925213
0.871	0.729342361
0.872	0.725994073
0.873	0.720665851
0.874	0.711816937
0.875	0.700402324
0.876	0.685513632
0.877	0.669265722
0.878	0.651520273
0.879	0.634610291
0.88	0.619113842
0.881	0.606499565
0.882	0.596769769
0.883	0.589312731
0.884	0.582598874
0.885	0.572687329
0.886	0.555561946
0.887	0.526769629
0.888	0.484422707
0.889	0.429532516
0.89	0.366731097
0.891	0.302466802
0.892	0.242296518
0.893	0.190614795
0.894	0.14882092
0.895	0.116341594
0.896	0.091610624
0.897	0.073109836
0.898	0.059231979
0.899	0.048720819
0.9	0.040779509
0.901	0.034689283
0.902	0.029969981
0.903	0.026253439
0.904	0.023275241
0.905	0.020839379
0.906	0.018786959
0.907	0.016998319
0.908	0.015378673
0.909	0.013853742
0.91	0.012374755
0.911	0.010927666
0.912	0.009526729
0.913	0.008188472
0.914	0.006928649
0.915	0.005796959
0.916	0.004784257
0.917	0.003899223
0.918	0.003218478
0.919	0.002673419
0.92	0.002245813
0.921	0.00191247
0.922	0.00163151
0.923	0.001385701
0.924	0.00117187
0.925	0.000999126
0.926	0.000859159
0.927	0.000744338
0.928	0.000648012
0.929	0.000567274
0.93	0.000501697
0.931	0.000445653
0.932	0.00039348
0.933	0.000350255
0.934	0.000312303
0.935	0.00027773
0.936	0.00024822
0.937	0.000220544
0.938	0.000197238
0.939	0.000177666
0.94	0.000160305
0.941	0.000145377
0.942	0.00012974
0.943	0.000118205
0.944	0.000109325
0.945	0.000102044
0.946	9.55157E-05
0.947	9.03703E-05
0.948	8.46627E-05
0.949	8.05701E-05
0.95	7.82487E-05
0.951	7.5476E-05
0.952	7.33666E-05
0.953	7.17378E-05
0.954	7.01128E-05
0.955	6.91865E-05
0.956	6.88697E-05
0.957	6.72022E-05
0.958	6.63122E-05
0.959	6.5995E-05
0.96	6.53683E-05
0.961	6.28866E-05
0.962	6.36015E-05
0.963	6.40543E-05
0.964	6.251E-05
0.965	6.28343E-05
0.966	6.26441E-05
0.967	6.13619E-05
0.968	6.12073E-05
0.969	6.0467E-05
0.97	5.83155E-05
0.971	5.84349E-05
0.972	5.71928E-05
0.973	5.6736E-05
0.974	5.69868E-05
0.975	5.63058E-05
0.976	5.43623E-05
0.977	5.39789E-05
0.978	5.42521E-05
0.979	5.45415E-05
0.98	5.5365E-05
0.981	5.6365E-05
0.982	5.62056E-05
0.983	5.59251E-05
0.984	5.46199E-05
0.985	5.41913E-05
0.986	5.56984E-05
0.987	5.43643E-05
0.988	5.40658E-05
0.989	5.39254E-05
0.99	5.44214E-05
0.991	5.3934E-05
0.992	5.41577E-05
0.993	5.54593E-05
0.994	5.50245E-05
0.995	5.46977E-05
0.996	5.51606E-05
0.997	5.43187E-05
0.998	5.3848E-05
0.999	5.45938E-05
1	5.37991E-05
1.001	5.43768E-05
1.002	5.40264E-05
1.003	5.32426E-05
1.004	5.39386E-05
1.005	5.50071E-05
1.006	5.43479E-05
1.007	5.49292E-05
1.008	5.44806E-05
1.009	5.44634E-05
1.01	5.49309E-05
1.011	5.47933E-05
1.012	5.39597E-05
1.013	5.37215E-05
1.014	5.32472E-05
1.015	5.42151E-05
1.016	5.46514E-05
1.017	5.5053E-05
1.018	5.6322E-05
1.019	5.59343E-05
1.02	5.52716E-05
1.021	5.54907E-05
1.022	5.60808E-05
1.023	5.71302E-05
1.024	5.73054E-05
1.025	5.71882E-05
1.026	5.78579E-05
1.027	5.72538E-05
1.028	5.69565E-05
1.029	5.76696E-05
1.03	5.55802E-05
1.031	5.53873E-05
1.032	5.81133E-05
1.033	5.71697E-05
1.034	5.73508E-05
1.035	5.83323E-05
1.036	5.87054E-05
1.037	5.78096E-05
1.038	5.76237E-05
1.039	5.75253E-05
1.04	5.72239E-05
1.041	5.82474E-05
1.042	5.85443E-05
1.043	5.91548E-05
1.044	5.90979E-05
1.045	5.92681E-05
1.046	5.881E-05
1.047	5.8014E-05
1.048	5.81456E-05
1.049	5.72721E-05
1.05	5.84141E-05
1.051	5.79311E-05
1.052	5.69821E-05
1.053	5.91643E-05
1.054	6.0639E-05
1.055	5.87773E-05
1.056	5.84109E-05
1.057	6.05403E-05
1.058	6.04055E-05
1.059	6.05454E-05
1.06	6.15671E-05
1.061	6.01011E-05
1.062	5.93371E-05
1.063	6.13286E-05
1.064	6.03183E-05
1.065	5.71581E-05
1.066	5.92885E-05
1.067	5.95276E-05
1.068	5.65801E-05
1.069	5.79583E-05
1.07	5.802E-05
1.071	5.82969E-05
1.072	5.93552E-05
1.073	5.91781E-05
1.074	5.92862E-05
1.075	5.89613E-05
1.076	5.87557E-05
1.077	5.95728E-05
1.078	6.02392E-05
1.079	6.03938E-05
1.08	6.08549E-05
1.081	6.18852E-05
1.082	6.234E-05
1.083	6.25882E-05
1.084	6.42126E-05
1.085	6.4989E-05
1.086	6.25782E-05
1.087	6.12111E-05
1.088	5.86906E-05
1.089	5.34146E-05
1.09	4.97265E-05
1.091	4.7488E-05
1.092	4.34646E-05
1.093	3.77975E-05
1.094	3.35939E-05
1.095	2.69041E-05
1.096	1.94697E-05
1.097	1.4106E-05
1.098	9.92922E-06
1.099	6.80171E-06
1.1	4.52893E-06
#  Pléiades Neo PNEO4 Band 7 PAN
#
#  Wavelength
#   (microns)	Relative response
#  __________	___________
0.35	3.94106E-06
0.351	6.63899E-06
0.352	8.72284E-06
0.353	9.58839E-06
0.354	1.12516E-05
0.355	1.26219E-05
0.356	1.04138E-05
0.357	8.73739E-06
0.358	8.34961E-06
0.359	1.02064E-05
0.36	7.19003E-06
0.361	9.88544E-06
0.362	1.71501E-05
0.363	1.67288E-05
0.364	1.36954E-05
0.365	9.42957E-06
0.366	4.93836E-06
0.367	5.09804E-06
0.368	6.64523E-06
0.369	5.56406E-06
0.37	6.73202E-06
0.371	9.89866E-06
0.372	9.79073E-06
0.373	8.15481E-06
0.374	8.54644E-06
0.375	9.87589E-06
0.376	8.25092E-06
0.377	9.62749E-06
0.378	8.2006E-06
0.379	6.66033E-06
0.38	7.54617E-06
0.381	7.6234E-06
0.382	6.15165E-06
0.383	6.22382E-06
0.384	7.10331E-06
0.385	7.13902E-06
0.386	7.20229E-06
0.387	6.43803E-06
0.388	5.59425E-06
0.389	5.4375E-06
0.39	4.38809E-06
0.391	4.01741E-06
0.392	3.78916E-06
0.393	5.58289E-06
0.394	7.02008E-06
0.395	5.11214E-06
0.396	4.65848E-06
0.397	3.95904E-06
0.398	4.39787E-06
0.399	6.62116E-06
0.4	8.98316E-06
0.401	8.55022E-06
0.402	9.48924E-06
0.403	1.35297E-05
0.404	1.7287E-05
0.405	1.74339E-05
0.406	1.40947E-05
0.407	1.42989E-05
0.408	2.22717E-05
0.409	3.82704E-05
0.41	6.61853E-05
0.411	0.000111412
0.412	0.000145854
0.413	0.000172389
0.414	0.000192491
0.415	0.000199705
0.416	0.000214181
0.417	0.00025896
0.418	0.000333864
0.419	0.000480469
0.42	0.000768925
0.421	0.001273986
0.422	0.001985679
0.423	0.002833466
0.424	0.003711299
0.425	0.004514764
0.426	0.005339493
0.427	0.006566625
0.428	0.008929594
0.429	0.013774239
0.43	0.023424478
0.431	0.041036945
0.432	0.068830062
0.433	0.105874792
0.434	0.147805189
0.435	0.190052743
0.436	0.231102215
0.437	0.272471022
0.438	0.313133915
0.439	0.348598111
0.44	0.373035075
0.441	0.384439048
0.442	0.387300651
0.443	0.388866448
0.444	0.394584367
0.445	0.406155248
0.446	0.42110867
0.447	0.4356234
0.448	0.447106649
0.449	0.454724629
0.45	0.460072514
0.451	0.464389538
0.452	0.468340742
0.453	0.471472564
0.454	0.47381681
0.455	0.475271409
0.456	0.476833059
0.457	0.480319436
0.458	0.486286291
0.459	0.494129701
0.46	0.502734601
0.461	0.510311717
0.462	0.516398103
0.463	0.520103215
0.464	0.522103259
0.465	0.523555224
0.466	0.525448209
0.467	0.528219617
0.468	0.532014385
0.469	0.536452798
0.47	0.540878541
0.471	0.544199885
0.472	0.546177367
0.473	0.547739216
0.474	0.550202657
0.475	0.554563095
0.476	0.561093629
0.477	0.56982546
0.478	0.57910363
0.479	0.587574684
0.48	0.593571211
0.481	0.596066852
0.482	0.595371027
0.483	0.592282109
0.484	0.587938393
0.485	0.583933789
0.486	0.581855239
0.487	0.583324285
0.488	0.588578084
0.489	0.59753329
0.49	0.608944693
0.491	0.620600703
0.492	0.631134007
0.493	0.638958368
0.494	0.64427763
0.495	0.647590576
0.496	0.650012657
0.497	0.652485883
0.498	0.655723021
0.499	0.659625276
0.5	0.664117858
0.501	0.668790113
0.502	0.673608635
0.503	0.678263406
0.504	0.682138375
0.505	0.684452638
0.506	0.685182653
0.507	0.685061467
0.508	0.683681379
0.509	0.682302751
0.51	0.682066898
0.511	0.682742699
0.512	0.684417381
0.513	0.686613554
0.514	0.68877707
0.515	0.690406952
0.516	0.692002915
0.517	0.694076412
0.518	0.697821856
0.519	0.703620732
0.52	0.711371455
0.521	0.720141941
0.522	0.728111468
0.523	0.733409609
0.524	0.735159822
0.525	0.733098014
0.526	0.728057317
0.527	0.721543214
0.528	0.715067784
0.529	0.709778977
0.53	0.706841243
0.531	0.705960418
0.532	0.707491583
0.533	0.711200721
0.534	0.716724122
0.535	0.724979451
0.536	0.735705361
0.537	0.748703582
0.538	0.762791422
0.539	0.776621168
0.54	0.788158311
0.541	0.795160749
0.542	0.797519843
0.543	0.795956176
0.544	0.79078915
0.545	0.784549105
0.546	0.780104848
0.547	0.778938481
0.548	0.781782086
0.549	0.788417495
0.55	0.798071505
0.551	0.808958661
0.552	0.819728933
0.553	0.828918655
0.554	0.835519579
0.555	0.839422256
0.556	0.841331627
0.557	0.841960733
0.558	0.841683174
0.559	0.841415843
0.56	0.841825936
0.561	0.842684096
0.562	0.844271391
0.563	0.846699925
0.564	0.850051213
0.565	0.85443436
0.566	0.859305672
0.567	0.864339833
0.568	0.869583232
0.569	0.873890478
0.57	0.877289393
0.571	0.879203591
0.572	0.87965148
0.573	0.878914014
0.574	0.877791979
0.575	0.876596639
0.576	0.875886472
0.577	0.876032635
0.578	0.877606172
0.579	0.880380916
0.58	0.884120832
0.581	0.888198376
0.582	0.892487244
0.583	0.896762929
0.584	0.90027638
0.585	0.903401843
0.586	0.90597004
0.587	0.907693107
0.588	0.909052839
0.589	0.909902864
0.59	0.910625087
0.591	0.911173709
0.592	0.911792735
0.593	0.912524607
0.594	0.913686903
0.595	0.914991747
0.596	0.916612703
0.597	0.918895673
0.598	0.92145172
0.599	0.923696785
0.6	0.92556519
0.601	0.926843825
0.602	0.927427532
0.603	0.927268887
0.604	0.926464062
0.605	0.925399626
0.606	0.924409194
0.607	0.923948579
0.608	0.924420289
0.609	0.925813559
0.61	0.928355054
0.611	0.932036036
0.612	0.936377175
0.613	0.941133949
0.614	0.945820163
0.615	0.949934205
0.616	0.95339455
0.617	0.9554697
0.618	0.956586872
0.619	0.956921186
0.62	0.95625755
0.621	0.954936677
0.622	0.953587613
0.623	0.952299122
0.624	0.950973782
0.625	0.950174902
0.626	0.949891362
0.627	0.950348773
0.628	0.951376022
0.629	0.952804979
0.63	0.954768255
0.631	0.957177758
0.632	0.959887574
0.633	0.962871843
0.634	0.966196733
0.635	0.969287998
0.636	0.971901989
0.637	0.973956861
0.638	0.975277482
0.639	0.975662753
0.64	0.975243267
0.641	0.974305435
0.642	0.973072669
0.643	0.971742025
0.644	0.970500319
0.645	0.969876546
0.646	0.970176952
0.647	0.970968827
0.648	0.972866678
0.649	0.97590749
0.65	0.979225626
0.651	0.982597519
0.652	0.985903618
0.653	0.988846044
0.654	0.99118016
0.655	0.992471987
0.656	0.992981452
0.657	0.992607667
0.658	0.991249762
0.659	0.989361203
0.66	0.987171105
0.661	0.984584536
0.662	0.981931542
0.663	0.979511218
0.664	0.977843449
0.665	0.976764213
0.666	0.976225828
0.667	0.976267926
0.668	0.976901501
0.669	0.978316492
0.67	0.980455319
0.671	0.983020415
0.672	0.985924966
0.673	0.988785679
0.674	0.991580049
0.675	0.994522273
0.676	0.996952793
0.677	0.998825445
0.678	1
0.679	0.999995773
0.68	0.999195888
0.681	0.997616527
0.682	0.995318885
0.683	0.992156005
0.684	0.98892593
0.685	0.985866587
0.686	0.98314216
0.687	0.981014899
0.688	0.979715683
0.689	0.979290578
0.69	0.979982104
0.691	0.981339225
0.692	0.983373422
0.693	0.986072736
0.694	0.989149882
0.695	0.992227479
0.696	0.994947936
0.697	0.996971503
0.698	0.998311219
0.699	0.998440462
0.7	0.99781288
0.701	0.996275403
0.702	0.993668563
0.703	0.99030373
0.704	0.98654518
0.705	0.982505594
0.706	0.978249902
0.707	0.974353027
0.708	0.970892058
0.709	0.967796765
0.71	0.965521904
0.711	0.963740323
0.712	0.962402353
0.713	0.962082309
0.714	0.962590557
0.715	0.963707158
0.716	0.965040935
0.717	0.967335656
0.718	0.970251788
0.719	0.972962077
0.72	0.975914362
0.721	0.978379766
0.722	0.980327124
0.723	0.982026335
0.724	0.983169956
0.725	0.98332125
0.726	0.982819624
0.727	0.981133848
0.728	0.978831505
0.729	0.975942478
0.73	0.972204755
0.731	0.968079329
0.732	0.963787468
0.733	0.959842514
0.734	0.956113866
0.735	0.953195625
0.736	0.950553494
0.737	0.948655291
0.738	0.947717275
0.739	0.948063533
0.74	0.949401893
0.741	0.951111618
0.742	0.953032424
0.743	0.955475682
0.744	0.957812612
0.745	0.960056017
0.746	0.961697702
0.747	0.96307567
0.748	0.963313564
0.749	0.962664942
0.75	0.961233697
0.751	0.958900874
0.752	0.955393283
0.753	0.951154097
0.754	0.946562583
0.755	0.941754236
0.756	0.936735821
0.757	0.932205214
0.758	0.928025505
0.759	0.924546102
0.76	0.921751273
0.761	0.919395065
0.762	0.917963055
0.763	0.917441403
0.764	0.917674654
0.765	0.918311606
0.766	0.91935039
0.767	0.920669713
0.768	0.921754191
0.769	0.923015037
0.77	0.923323632
0.771	0.923214522
0.772	0.921756133
0.773	0.920200954
0.774	0.917457764
0.775	0.913973756
0.776	0.909931693
0.777	0.90520373
0.778	0.899850761
0.779	0.89472878
0.78	0.890455928
0.781	0.885803288
0.782	0.881707303
0.783	0.878729306
0.784	0.876451854
0.785	0.87536491
0.786	0.875232543
0.787	0.876526688
0.788	0.878050934
0.789	0.88006458
0.79	0.882466231
0.791	0.884272029
0.792	0.885462336
0.793	0.885266336
0.794	0.88394578
0.795	0.881166843
0.796	0.876382993
0.797	0.869717112
0.798	0.861536576
0.799	0.851344762
0.8	0.841175051
0.801	0.830646535
0.802	0.820471934
0.803	0.812396777
0.804	0.80588965
0.805	0.802332548
0.806	0.801972472
0.807	0.804729094
0.808	0.810875539
0.809	0.818491699
0.81	0.825580563
0.811	0.829813064
0.812	0.827369612
0.813	0.814163938
0.814	0.785973416
0.815	0.740996614
0.816	0.679475051
0.817	0.605349126
0.818	0.524096766
0.819	0.442192162
0.82	0.365679018
0.821	0.297790859
0.822	0.24003574
0.823	0.192700964
0.824	0.154710676
0.825	0.124639717
0.826	0.100942628
0.827	0.082274077
0.828	0.067588289
0.829	0.055920746
0.83	0.046677232
0.831	0.039263621
0.832	0.033263592
0.833	0.028398962
0.834	0.024431123
0.835	0.02114243
0.836	0.018423676
0.837	0.016165435
0.838	0.01426838
0.839	0.012662906
0.84	0.011298132
0.841	0.010127406
0.842	0.00912448
0.843	0.008253914
0.844	0.007498549
0.845	0.006837148
0.846	0.006257982
0.847	0.005747677
0.848	0.005290836
0.849	0.00488422
0.85	0.004525869
0.851	0.004192618
0.852	0.00389551
0.853	0.003621611
0.854	0.003374026
0.855	0.003144077
0.856	0.002928914
0.857	0.002730722
0.858	0.002547318
0.859	0.002372004
0.86	0.002206982
0.861	0.002052952
0.862	0.001906351
0.863	0.001770122
0.864	0.001636916
0.865	0.001509844
0.866	0.001395254
0.867	0.001288777
0.868	0.001186976
0.869	0.001089414
0.87	0.001001596
0.871	0.000919513
0.872	0.000843903
0.873	0.000774189
0.874	0.000709029
0.875	0.000648131
0.876	0.00059187
0.877	0.000543438
0.878	0.000498235
0.879	0.000456746
0.88	0.000419467
0.881	0.000385564
0.882	0.000356135
0.883	0.000327826
0.884	0.000301533
0.885	0.000277856
0.886	0.000258224
0.887	0.000239582
0.888	0.000221438
0.889	0.00020632
0.89	0.000192375
0.891	0.0001803
0.892	0.000170209
0.893	0.000160009
0.894	0.000149623
0.895	0.00013986
0.896	0.000131691
0.897	0.000124506
0.898	0.000117676
0.899	0.000111423
0.9	0.00010611
0.901	0.000101037
0.902	9.61539E-05
0.903	9.22253E-05
0.904	8.81916E-05
0.905	8.41063E-05
0.906	8.04182E-05
0.907	7.73039E-05
0.908	7.47767E-05
0.909	7.23069E-05
0.91	6.98186E-05
0.911	6.79994E-05
0.912	6.64755E-05
0.913	6.49394E-05
0.914	6.32748E-05
0.915	6.18981E-05
0.916	6.06733E-05
0.917	5.93302E-05
0.918	5.81151E-05
0.919	5.67288E-05
0.92	5.57413E-05
0.921	5.47954E-05
0.922	5.39151E-05
0.923	5.30162E-05
0.924	5.19674E-05
0.925	5.01125E-05
0.926	4.84549E-05
0.927	4.67804E-05
0.928	4.42941E-05
0.929	4.16038E-05
0.93	3.90888E-05
0.931	3.63101E-05
0.932	3.31442E-05
0.933	2.97774E-05
0.934	2.6651E-05
0.935	2.40321E-05
0.936	2.14919E-05
0.937	1.90733E-05
0.938	1.67226E-05
0.939	1.47149E-05
0.94	1.29141E-05
0.941	1.10697E-05
0.942	9.40694E-06
0.943	8.33403E-06
0.944	7.48773E-06
0.945	6.5802E-06
0.946	5.85479E-06
0.947	5.14683E-06
0.948	4.57539E-06
0.949	4.11534E-06
0.95	3.64069E-06
0.951	3.25463E-06
0.952	3.12972E-06
0.953	2.94246E-06
0.954	2.72634E-06
0.955	2.72271E-06
0.956	2.69897E-06
0.957	2.56852E-06
0.958	2.44584E-06
0.959	2.33403E-06
0.96	2.23342E-06
0.961	2.19612E-06
0.962	2.16135E-06
0.963	2.15814E-06
0.964	2.13418E-06
0.965	2.10945E-06
0.966	2.08699E-06
0.967	2.06191E-06
0.968	2.01658E-06
0.969	1.93746E-06
0.97	1.926E-06
0.971	1.94172E-06
0.972	1.94107E-06
0.973	1.92377E-06
0.974	1.91063E-06
0.975	1.94967E-06
0.976	1.97549E-06
0.977	2.02011E-06
0.978	2.01878E-06
0.979	1.93987E-06
0.98	1.90612E-06
0.981	1.95184E-06
0.982	1.98103E-06
0.983	1.96045E-06
0.984	1.91278E-06
0.985	1.86325E-06
0.986	1.89671E-06
0.987	1.92661E-06
0.988	1.93044E-06
0.989	1.98893E-06
0.99	1.97555E-06
0.991	1.94206E-06
0.992	1.99429E-06
0.993	2.04577E-06
0.994	2.05616E-06
0.995	2.08143E-06
0.996	2.03673E-06
0.997	2.106E-06
0.998	2.16059E-06
0.999	2.21078E-06
1	2.21551E-06
1.001	2.17933E-06
1.002	2.18959E-06
1.003	2.2554E-06
1.004	2.28663E-06
1.005	2.25394E-06
1.006	2.3315E-06
1.007	2.45409E-06
1.008	2.47684E-06
1.009	2.47197E-06
1.01	2.48734E-06
1.011	2.52072E-06
1.012	2.56506E-06
1.013	2.6194E-06
1.014	2.67678E-06
1.015	2.69787E-06
1.016	2.73477E-06
1.017	2.82459E-06
1.018	2.82041E-06
1.019	2.891E-06
1.02	2.93086E-06
1.021	2.9545E-06
1.022	3.00043E-06
1.023	3.04522E-06
1.024	3.00778E-06
1.025	2.98891E-06
1.026	2.96461E-06
1.027	2.8969E-06
1.028	2.75868E-06
1.029	2.62033E-06
1.03	2.48898E-06
1.031	2.32767E-06
1.032	2.16659E-06
1.033	2.07299E-06
1.034	2.02727E-06
1.035	1.9379E-06
1.036	1.93914E-06
1.037	1.99893E-06
1.038	1.93688E-06
1.039	1.92706E-06
1.04	1.94074E-06
1.041	1.93638E-06
1.042	1.9075E-06
1.043	1.90593E-06
1.044	1.95734E-06
1.045	1.96402E-06
1.046	1.87675E-06
1.047	1.80745E-06
1.048	1.90355E-06
1.049	1.97021E-06
1.05	1.8043E-06
1.051	1.43424E-06
1.052	7.72007E-07
1.053	5.46565E-07
1.054	6.81937E-07
1.055	6.92768E-07
1.056	5.77077E-07
1.057	5.86124E-07
1.058	4.52271E-07
1.059	3.96548E-07
1.06	3.53552E-07
1.061	3.17532E-07
1.062	1.95035E-07
1.063	9.20039E-08
1.064	2.32901E-07
1.065	3.45056E-07
1.066	1.50434E-07
1.067	9.31982E-08
1.068	1.44941E-07
1.069	1.16528E-07
1.07	1.19507E-07
1.071	2.13837E-07
1.072	1.98165E-07
1.073	3.27131E-07
1.074	3.59218E-07
1.075	2.75799E-07
1.076	3.94663E-07
1.077	3.70803E-07
1.078	3.74683E-07
1.079	2.94301E-07
1.08	3.34541E-07
1.081	2.51615E-07
1.082	2.13711E-07
1.083	2.73344E-07
1.084	3.54644E-07
1.085	5.18342E-07
1.086	5.46488E-07
1.087	4.8987E-07
1.088	6.17041E-07
1.089	6.90326E-07
1.09	5.66322E-07
1.091	3.81741E-07
1.092	2.55102E-07
1.093	2.62546E-07
1.094	4.29493E-07
1.095	3.58393E-07
1.096	3.14062E-07
1.097	4.04578E-07
1.098	4.28386E-07
1.099	2.36147E-07
1.1	1.5605E-07