# QV 2018-03-13 from BlackBridge PDF file
#
# https://resa.blackbridge.com/files/2014-06/Spectral_Response_Curves.pdf
#
# RapidEye Band 1 Blue
#
#  Wavelength
#   (microns)	Relative response
#  __________	___________
0.42	0.002
0.421	0.0
0.422	0.0
0.423	0.0
0.424	0.0
0.425	0.0
0.426	0.0
0.427	0.0
0.428	0.003
0.429	0.002
0.43	0.0
0.431	0.0
0.432	0.0
0.433	0.0
0.434	0.0
0.435	0.001
0.436	0.002
0.437	0.004
0.438	0.015
0.439	0.065
0.44	0.321
0.441	0.687
0.442	0.719
0.443	0.731
0.444	0.74
0.445	0.74
0.446	0.746
0.447	0.756
0.448	0.762
0.449	0.765
0.45	0.77
0.451	0.775
0.452	0.78
0.453	0.782
0.454	0.783
0.455	0.784
0.456	0.788
0.457	0.792
0.458	0.795
0.459	0.796
0.46	0.796
0.461	0.797
0.462	0.799
0.463	0.802
0.464	0.805
0.465	0.806
0.466	0.806
0.467	0.804
0.468	0.804
0.469	0.805
0.47	0.807
0.471	0.812
0.472	0.816
0.473	0.818
0.474	0.82
0.475	0.82
0.476	0.822
0.477	0.825
0.478	0.83
0.479	0.835
0.48	0.84
0.481	0.843
0.482	0.845
0.483	0.849
0.484	0.855
0.485	0.862
0.486	0.869
0.487	0.875
0.488	0.878
0.489	0.881
0.49	0.886
0.491	0.894
0.492	0.905
0.493	0.916
0.494	0.924
0.495	0.928
0.496	0.931
0.497	0.936
0.498	0.947
0.499	0.96
0.5	0.969
0.501	0.97
0.502	0.967
0.503	0.97
0.504	0.984
0.505	1.0
0.506	0.995
0.507	0.976
0.508	0.999
0.509	0.959
0.51	0.437
0.511	0.109
0.512	0.029
0.513	0.009
0.514	0.003
0.515	0.001
0.516	0.001
0.517	0.0
0.518	0.0
0.519	0.0
0.52	0.0
0.521	0.0
0.522	0.0
0.523	0.0
0.524	0.0
0.525	0.0
0.526	0.0
0.527	0.0
0.528	0.0
0.529	0.0
0.53	0.0
0.531	0.0
0.532	0.0
0.533	0.0
0.534	0.0
0.535	0.0
0.536	0.0
0.537	0.0
0.538	0.0
0.539	0.0
0.54	0.0
0.541	0.0
0.542	0.0
0.543	0.0
0.544	0.001
0.545	0.0
0.546	0.0
0.547	0.0
0.548	0.0
0.549	0.0
0.55	0.0
0.551	0.0
0.552	0.0
0.553	0.0
0.554	0.0
0.555	0.0
0.556	0.0
0.557	0.0
0.558	0.0
0.559	0.0
0.56	0.0
0.561	0.0
0.562	0.0
0.563	0.0
0.564	0.0
0.565	0.0
0.566	0.0
0.567	0.0
0.568	0.0
0.569	0.0
0.57	0.0
0.571	0.0
0.572	0.0
0.573	0.0
0.574	0.0
0.575	0.0
0.576	0.0
0.577	0.0
0.578	0.0
0.579	0.0
0.58	0.0
0.581	0.0
0.582	0.0
0.583	0.0
0.584	0.0
0.585	0.0
0.586	0.0
0.587	0.0
0.588	0.0
0.589	0.0
0.59	0.0
0.591	0.0
0.592	0.0
0.593	0.0
0.594	0.0
0.595	0.0
0.596	0.0
0.597	0.0
0.598	0.0
0.599	0.0
0.6	0.0
0.601	0.0
0.602	0.0
0.603	0.0
0.604	0.0
0.605	0.0
0.606	0.0
0.607	0.0
0.608	0.0
0.609	0.0
0.61	0.0
0.611	0.0
0.612	0.0
0.613	0.0
0.614	0.0
0.615	0.0
0.616	0.0
0.617	0.0
0.618	0.0
0.619	0.0
0.62	0.0
0.621	0.0
0.622	0.0
0.623	0.0
0.624	0.0
0.625	0.0
0.626	0.0
0.627	0.0
0.628	0.0
0.629	0.0
0.63	0.0
0.631	0.0
0.632	0.0
0.633	0.0
0.634	0.0
0.635	0.0
0.636	0.0
0.637	0.0
0.638	0.0
0.639	0.0
0.64	0.0
0.641	0.0
0.642	0.0
0.643	0.0
0.644	0.0
0.645	0.0
0.646	0.0
0.647	0.0
0.648	0.0
0.649	0.0
0.65	0.0
0.651	0.0
0.652	0.0
0.653	0.0
0.654	0.0
0.655	0.0
0.656	0.0
0.657	0.0
0.658	0.0
0.659	0.0
0.66	0.0
0.661	0.0
0.662	0.0
0.663	0.0
0.664	0.0
0.665	0.0
0.666	0.0
0.667	0.0
0.668	0.0
0.669	0.0
0.67	0.0
0.671	0.0
0.672	0.0
0.673	0.0
0.674	0.001
0.675	0.0
0.676	0.0
0.677	0.0
0.678	0.0
0.679	0.0
0.68	0.0
0.681	0.0
0.682	0.0
0.683	0.0
0.684	0.0
0.685	0.0
0.686	0.0
0.687	0.0
0.688	0.0
0.689	0.0
0.69	0.0
0.691	0.0
0.692	0.0
0.693	0.0
0.694	0.0
0.695	0.0
0.696	0.0
0.697	0.0
0.698	0.0
0.699	0.0
0.7	0.0
0.701	0.0
0.702	0.0
0.703	0.0
0.704	0.0
0.705	0.0
0.706	0.0
0.707	0.0
0.708	0.0
0.709	0.0
0.71	0.0
0.711	0.0
0.712	0.0
0.713	0.0
0.714	0.0
0.715	0.0
0.716	0.0
0.717	0.0
0.718	0.0
0.719	0.0
0.72	0.0
0.721	0.0
0.722	0.0
0.723	0.0
0.724	0.0
0.725	0.0
0.726	0.0
0.727	0.0
0.728	0.0
0.729	0.0
0.73	0.0
0.731	0.0
0.732	0.0
0.733	0.0
0.734	0.0
0.735	0.0
0.736	0.0
0.737	0.0
0.738	0.001
0.739	0.001
0.74	0.0
0.741	0.0
0.742	0.0
0.743	0.0
0.744	0.0
0.745	0.0
0.746	0.0
0.747	0.0
0.748	0.0
0.749	0.0
0.75	0.0
0.751	0.0
0.752	0.0
0.753	0.0
0.754	0.0
0.755	0.0
0.756	0.0
0.757	0.0
0.758	0.0
0.759	0.0
0.76	0.0
0.761	0.0
0.762	0.0
0.763	0.0
0.764	0.0
0.765	0.0
0.766	0.0
0.767	0.0
0.768	0.0
0.769	0.0
0.77	0.0
0.771	0.0
0.772	0.0
0.773	0.0
0.774	0.0
0.775	0.0
0.776	0.0
0.777	0.0
0.778	0.0
0.779	0.0
0.78	0.0
0.781	0.0
0.782	0.0
0.783	0.0
0.784	0.0
0.785	0.0
0.786	0.0
0.787	0.0
0.788	0.0
0.789	0.0
0.79	0.0
0.791	0.0
0.792	0.0
0.793	0.0
0.794	0.0
0.795	0.0
0.796	0.0
0.797	0.0
0.798	0.0
0.799	0.0
0.8	0.0
0.801	0.0
0.802	0.0
0.803	0.0
0.804	0.0
0.805	0.0
0.806	0.0
0.807	0.0
0.808	0.0
0.809	0.0
0.81	0.0
0.811	0.0
0.812	0.0
0.813	0.0
0.814	0.0
0.815	0.0
0.816	0.0
0.817	0.0
0.818	0.0
0.819	0.0
0.82	0.0
0.821	0.0
0.822	0.0
0.823	0.0
0.824	0.0
0.825	0.0
0.826	0.0
0.827	0.0
0.828	0.0
0.829	0.0
0.83	0.0
0.831	0.0
0.832	0.0
0.833	0.0
0.834	0.0
0.835	0.0
0.836	0.0
0.837	0.0
0.838	0.0
0.839	0.0
0.84	0.0
0.841	0.0
0.842	0.0
0.843	0.0
0.844	0.0
0.845	0.0
0.846	0.0
0.847	0.0
0.848	0.0
0.849	0.0
0.85	0.0
0.851	0.0
0.852	0.0
0.853	0.0
0.854	0.0
0.855	0.0
0.856	0.0
0.857	0.0
0.858	0.0
0.859	0.0
0.86	0.0
0.861	0.0
0.862	0.0
0.863	0.0
0.864	0.0
0.865	0.0
0.866	0.0
0.867	0.0
0.868	0.0
0.869	0.0
0.87	0.0
0.871	0.0
0.872	0.0
0.873	0.0
0.874	0.0
0.875	0.0
0.876	0.0
0.877	0.0
0.878	0.0
0.879	0.0
0.88	0.0
0.881	0.0
0.882	0.0
0.883	0.0
0.884	0.0
0.885	0.0
0.886	0.0
0.887	0.0
0.888	0.0
0.889	0.0
0.89	0.0
0.891	0.0
0.892	0.0
0.893	0.0
0.894	0.0
0.895	0.0
0.896	0.0
0.897	0.0
0.898	0.0
0.899	0.0
0.9	0.0
# RapidEye Band 2 Green
#
#  Wavelength
#   (microns)	Relative response
#  __________	___________
0.42	0.0
0.421	0.0
0.422	0.0
0.423	0.0
0.424	0.001
0.425	0.0
0.426	0.0
0.427	0.0
0.428	0.0
0.429	0.0
0.43	0.0
0.431	0.0
0.432	0.0
0.433	0.0
0.434	0.0
0.435	0.0
0.436	0.0
0.437	0.0
0.438	0.0
0.439	0.0
0.44	0.0
0.441	0.0
0.442	0.0
0.443	0.0
0.444	0.0
0.445	0.0
0.446	0.0
0.447	0.0
0.448	0.0
0.449	0.0
0.45	0.0
0.451	0.0
0.452	0.0
0.453	0.0
0.454	0.0
0.455	0.0
0.456	0.0
0.457	0.0
0.458	0.0
0.459	0.0
0.46	0.0
0.461	0.001
0.462	0.002
0.463	0.005
0.464	0.003
0.465	0.002
0.466	0.001
0.467	0.002
0.468	0.004
0.469	0.034
0.47	0.008
0.471	0.001
0.472	0.0
0.473	0.0
0.474	0.0
0.475	0.0
0.476	0.0
0.477	0.0
0.478	0.0
0.479	0.0
0.48	0.0
0.481	0.0
0.482	0.0
0.483	0.0
0.484	0.0
0.485	0.0
0.486	0.0
0.487	0.0
0.488	0.001
0.489	0.027
0.49	0.002
0.491	0.0
0.492	0.0
0.493	0.0
0.494	0.0
0.495	0.0
0.496	0.0
0.497	0.0
0.498	0.0
0.499	0.0
0.5	0.0
0.501	0.0
0.502	0.0
0.503	0.0
0.504	0.0
0.505	0.0
0.506	0.0
0.507	0.0
0.508	0.0
0.509	0.001
0.51	0.001
0.511	0.002
0.512	0.002
0.513	0.004
0.514	0.007
0.515	0.013
0.516	0.026
0.517	0.054
0.518	0.121
0.519	0.272
0.52	0.539
0.521	0.784
0.522	0.868
0.523	0.87
0.524	0.864
0.525	0.868
0.526	0.873
0.527	0.877
0.528	0.876
0.529	0.873
0.53	0.871
0.531	0.872
0.532	0.874
0.533	0.877
0.534	0.881
0.535	0.882
0.536	0.883
0.537	0.882
0.538	0.881
0.539	0.88
0.54	0.881
0.541	0.883
0.542	0.886
0.543	0.891
0.544	0.894
0.545	0.897
0.546	0.898
0.547	0.899
0.548	0.898
0.549	0.898
0.55	0.901
0.551	0.905
0.552	0.91
0.553	0.915
0.554	0.92
0.555	0.924
0.556	0.927
0.557	0.928
0.558	0.93
0.559	0.933
0.56	0.936
0.561	0.942
0.562	0.946
0.563	0.949
0.564	0.952
0.565	0.953
0.566	0.955
0.567	0.96
0.568	0.965
0.569	0.97
0.57	0.974
0.571	0.977
0.572	0.976
0.573	0.975
0.574	0.974
0.575	0.976
0.576	0.982
0.577	0.989
0.578	0.993
0.579	0.993
0.58	0.988
0.581	0.982
0.582	0.984
0.583	0.992
0.584	1.0
0.585	0.994
0.586	0.976
0.587	0.97
0.588	0.999
0.589	0.89
0.59	0.417
0.591	0.126
0.592	0.039
0.593	0.014
0.594	0.006
0.595	0.002
0.596	0.001
0.597	0.001
0.598	0.0
0.599	0.0
0.6	0.0
0.601	0.0
0.602	0.0
0.603	0.0
0.604	0.0
0.605	0.0
0.606	0.0
0.607	0.0
0.608	0.0
0.609	0.0
0.61	0.0
0.611	0.0
0.612	0.0
0.613	0.0
0.614	0.0
0.615	0.0
0.616	0.0
0.617	0.0
0.618	0.0
0.619	0.0
0.62	0.0
0.621	0.0
0.622	0.0
0.623	0.0
0.624	0.0
0.625	0.0
0.626	0.0
0.627	0.0
0.628	0.0
0.629	0.0
0.63	0.0
0.631	0.0
0.632	0.0
0.633	0.0
0.634	0.0
0.635	0.0
0.636	0.0
0.637	0.0
0.638	0.0
0.639	0.0
0.64	0.0
0.641	0.0
0.642	0.0
0.643	0.0
0.644	0.0
0.645	0.0
0.646	0.0
0.647	0.0
0.648	0.0
0.649	0.0
0.65	0.0
0.651	0.0
0.652	0.0
0.653	0.0
0.654	0.0
0.655	0.0
0.656	0.0
0.657	0.0
0.658	0.0
0.659	0.0
0.66	0.0
0.661	0.0
0.662	0.0
0.663	0.0
0.664	0.0
0.665	0.0
0.666	0.0
0.667	0.0
0.668	0.0
0.669	0.0
0.67	0.0
0.671	0.0
0.672	0.0
0.673	0.0
0.674	0.0
0.675	0.0
0.676	0.0
0.677	0.0
0.678	0.0
0.679	0.0
0.68	0.0
0.681	0.0
0.682	0.0
0.683	0.0
0.684	0.0
0.685	0.0
0.686	0.0
0.687	0.0
0.688	0.0
0.689	0.0
0.69	0.0
0.691	0.0
0.692	0.0
0.693	0.0
0.694	0.0
0.695	0.0
0.696	0.0
0.697	0.0
0.698	0.0
0.699	0.0
0.7	0.0
0.701	0.0
0.702	0.0
0.703	0.0
0.704	0.0
0.705	0.0
0.706	0.0
0.707	0.0
0.708	0.0
0.709	0.0
0.71	0.0
0.711	0.0
0.712	0.0
0.713	0.0
0.714	0.0
0.715	0.0
0.716	0.0
0.717	0.0
0.718	0.0
0.719	0.0
0.72	0.0
0.721	0.0
0.722	0.0
0.723	0.0
0.724	0.0
0.725	0.0
0.726	0.0
0.727	0.0
0.728	0.0
0.729	0.0
0.73	0.0
0.731	0.0
0.732	0.0
0.733	0.0
0.734	0.0
0.735	0.0
0.736	0.0
0.737	0.0
0.738	0.0
0.739	0.0
0.74	0.0
0.741	0.0
0.742	0.0
0.743	0.0
0.744	0.0
0.745	0.0
0.746	0.0
0.747	0.0
0.748	0.0
0.749	0.0
0.75	0.0
0.751	0.0
0.752	0.0
0.753	0.0
0.754	0.0
0.755	0.0
0.756	0.0
0.757	0.0
0.758	0.0
0.759	0.0
0.76	0.0
0.761	0.0
0.762	0.0
0.763	0.0
0.764	0.001
0.765	0.001
0.766	0.001
0.767	0.001
0.768	0.001
0.769	0.001
0.77	0.001
0.771	0.001
0.772	0.001
0.773	0.0
0.774	0.0
0.775	0.0
0.776	0.0
0.777	0.0
0.778	0.0
0.779	0.0
0.78	0.0
0.781	0.0
0.782	0.0
0.783	0.0
0.784	0.0
0.785	0.0
0.786	0.0
0.787	0.0
0.788	0.0
0.789	0.0
0.79	0.0
0.791	0.0
0.792	0.0
0.793	0.0
0.794	0.0
0.795	0.0
0.796	0.0
0.797	0.0
0.798	0.0
0.799	0.0
0.8	0.0
0.801	0.0
0.802	0.0
0.803	0.0
0.804	0.0
0.805	0.0
0.806	0.0
0.807	0.0
0.808	0.0
0.809	0.0
0.81	0.0
0.811	0.0
0.812	0.0
0.813	0.0
0.814	0.0
0.815	0.0
0.816	0.0
0.817	0.0
0.818	0.0
0.819	0.0
0.82	0.0
0.821	0.0
0.822	0.0
0.823	0.0
0.824	0.0
0.825	0.0
0.826	0.0
0.827	0.0
0.828	0.0
0.829	0.0
0.83	0.0
0.831	0.0
0.832	0.0
0.833	0.0
0.834	0.0
0.835	0.0
0.836	0.0
0.837	0.0
0.838	0.0
0.839	0.0
0.84	0.0
0.841	0.0
0.842	0.0
0.843	0.0
0.844	0.0
0.845	0.0
0.846	0.0
0.847	0.0
0.848	0.0
0.849	0.0
0.85	0.0
0.851	0.0
0.852	0.0
0.853	0.0
0.854	0.0
0.855	0.0
0.856	0.0
0.857	0.0
0.858	0.0
0.859	0.0
0.86	0.0
0.861	0.0
0.862	0.0
0.863	0.0
0.864	0.0
0.865	0.0
0.866	0.0
0.867	0.0
0.868	0.0
0.869	0.0
0.87	0.0
0.871	0.0
0.872	0.0
0.873	0.0
0.874	0.0
0.875	0.001
0.876	0.001
0.877	0.0
0.878	0.0
0.879	0.0
0.88	0.0
0.881	0.0
0.882	0.0
0.883	0.0
0.884	0.0
0.885	0.0
0.886	0.0
0.887	0.0
0.888	0.0
0.889	0.0
0.89	0.0
0.891	0.0
0.892	0.0
0.893	0.0
0.894	0.0
0.895	0.0
0.896	0.0
0.897	0.0
0.898	0.0
0.899	0.0
0.9	0.0
# RapidEye Band 3 Red
#
#  Wavelength
#   (microns)	Relative response
#  __________	___________
0.42	0.0
0.421	0.0
0.422	0.0
0.423	0.0
0.424	0.0
0.425	0.0
0.426	0.0
0.427	0.0
0.428	0.0
0.429	0.0
0.43	0.0
0.431	0.0
0.432	0.0
0.433	0.0
0.434	0.0
0.435	0.0
0.436	0.0
0.437	0.0
0.438	0.0
0.439	0.0
0.44	0.0
0.441	0.0
0.442	0.0
0.443	0.0
0.444	0.0
0.445	0.0
0.446	0.0
0.447	0.0
0.448	0.0
0.449	0.0
0.45	0.0
0.451	0.0
0.452	0.0
0.453	0.0
0.454	0.0
0.455	0.0
0.456	0.0
0.457	0.0
0.458	0.0
0.459	0.0
0.46	0.001
0.461	0.0
0.462	0.0
0.463	0.0
0.464	0.0
0.465	0.0
0.466	0.0
0.467	0.0
0.468	0.0
0.469	0.0
0.47	0.0
0.471	0.0
0.472	0.0
0.473	0.0
0.474	0.0
0.475	0.0
0.476	0.0
0.477	0.0
0.478	0.0
0.479	0.0
0.48	0.0
0.481	0.0
0.482	0.0
0.483	0.0
0.484	0.0
0.485	0.0
0.486	0.002
0.487	0.0
0.488	0.0
0.489	0.0
0.49	0.0
0.491	0.0
0.492	0.0
0.493	0.0
0.494	0.0
0.495	0.0
0.496	0.0
0.497	0.0
0.498	0.0
0.499	0.0
0.5	0.0
0.501	0.001
0.502	0.001
0.503	0.001
0.504	0.0
0.505	0.0
0.506	0.0
0.507	0.0
0.508	0.0
0.509	0.0
0.51	0.0
0.511	0.0
0.512	0.0
0.513	0.0
0.514	0.0
0.515	0.0
0.516	0.0
0.517	0.0
0.518	0.0
0.519	0.0
0.52	0.0
0.521	0.0
0.522	0.0
0.523	0.0
0.524	0.0
0.525	0.0
0.526	0.0
0.527	0.0
0.528	0.0
0.529	0.0
0.53	0.0
0.531	0.0
0.532	0.0
0.533	0.0
0.534	0.0
0.535	0.0
0.536	0.0
0.537	0.0
0.538	0.0
0.539	0.0
0.54	0.0
0.541	0.0
0.542	0.0
0.543	0.001
0.544	0.0
0.545	0.0
0.546	0.0
0.547	0.0
0.548	0.0
0.549	0.0
0.55	0.0
0.551	0.0
0.552	0.0
0.553	0.0
0.554	0.0
0.555	0.0
0.556	0.0
0.557	0.0
0.558	0.0
0.559	0.0
0.56	0.0
0.561	0.0
0.562	0.0
0.563	0.0
0.564	0.0
0.565	0.0
0.566	0.0
0.567	0.0
0.568	0.0
0.569	0.0
0.57	0.0
0.571	0.0
0.572	0.0
0.573	0.0
0.574	0.0
0.575	0.0
0.576	0.0
0.577	0.001
0.578	0.0
0.579	0.0
0.58	0.0
0.581	0.0
0.582	0.0
0.583	0.0
0.584	0.0
0.585	0.0
0.586	0.0
0.587	0.0
0.588	0.0
0.589	0.001
0.59	0.002
0.591	0.0
0.592	0.0
0.593	0.0
0.594	0.0
0.595	0.0
0.596	0.0
0.597	0.0
0.598	0.0
0.599	0.0
0.6	0.0
0.601	0.0
0.602	0.0
0.603	0.0
0.604	0.0
0.605	0.0
0.606	0.0
0.607	0.0
0.608	0.0
0.609	0.0
0.61	0.0
0.611	0.0
0.612	0.0
0.613	0.0
0.614	0.0
0.615	0.0
0.616	0.0
0.617	0.0
0.618	0.0
0.619	0.0
0.62	0.001
0.621	0.001
0.622	0.002
0.623	0.003
0.624	0.005
0.625	0.009
0.626	0.018
0.627	0.038
0.628	0.086
0.629	0.2
0.63	0.437
0.631	0.723
0.632	0.856
0.633	0.863
0.634	0.852
0.635	0.854
0.636	0.865
0.637	0.876
0.638	0.881
0.639	0.882
0.64	0.881
0.641	0.882
0.642	0.885
0.643	0.89
0.644	0.896
0.645	0.902
0.646	0.907
0.647	0.909
0.648	0.912
0.649	0.913
0.65	0.915
0.651	0.918
0.652	0.923
0.653	0.928
0.654	0.934
0.655	0.939
0.656	0.944
0.657	0.947
0.658	0.951
0.659	0.954
0.66	0.958
0.661	0.961
0.662	0.963
0.663	0.966
0.664	0.968
0.665	0.97
0.666	0.973
0.667	0.976
0.668	0.981
0.669	0.985
0.67	0.989
0.671	0.991
0.672	0.991
0.673	0.989
0.674	0.985
0.675	0.985
0.676	0.989
0.677	0.994
0.678	1.0
0.679	0.998
0.68	0.989
0.681	0.981
0.682	0.989
0.683	0.999
0.684	0.858
0.685	0.463
0.686	0.174
0.687	0.062
0.688	0.024
0.689	0.01
0.69	0.005
0.691	0.002
0.692	0.001
0.693	0.001
0.694	0.0
0.695	0.0
0.696	0.0
0.697	0.0
0.698	0.0
0.699	0.0
0.7	0.0
0.701	0.0
0.702	0.0
0.703	0.0
0.704	0.0
0.705	0.0
0.706	0.0
0.707	0.0
0.708	0.0
0.709	0.0
0.71	0.0
0.711	0.0
0.712	0.0
0.713	0.0
0.714	0.0
0.715	0.0
0.716	0.0
0.717	0.0
0.718	0.0
0.719	0.0
0.72	0.0
0.721	0.0
0.722	0.0
0.723	0.0
0.724	0.0
0.725	0.0
0.726	0.0
0.727	0.0
0.728	0.0
0.729	0.0
0.73	0.0
0.731	0.0
0.732	0.0
0.733	0.0
0.734	0.0
0.735	0.0
0.736	0.0
0.737	0.0
0.738	0.0
0.739	0.0
0.74	0.0
0.741	0.0
0.742	0.0
0.743	0.0
0.744	0.0
0.745	0.0
0.746	0.0
0.747	0.0
0.748	0.0
0.749	0.0
0.75	0.0
0.751	0.0
0.752	0.0
0.753	0.0
0.754	0.0
0.755	0.0
0.756	0.0
0.757	0.0
0.758	0.0
0.759	0.0
0.76	0.0
0.761	0.0
0.762	0.0
0.763	0.0
0.764	0.0
0.765	0.0
0.766	0.0
0.767	0.0
0.768	0.0
0.769	0.0
0.77	0.0
0.771	0.0
0.772	0.0
0.773	0.0
0.774	0.0
0.775	0.0
0.776	0.0
0.777	0.0
0.778	0.0
0.779	0.0
0.78	0.0
0.781	0.0
0.782	0.0
0.783	0.0
0.784	0.0
0.785	0.0
0.786	0.0
0.787	0.0
0.788	0.0
0.789	0.0
0.79	0.0
0.791	0.0
0.792	0.0
0.793	0.0
0.794	0.0
0.795	0.0
0.796	0.0
0.797	0.0
0.798	0.0
0.799	0.0
0.8	0.0
0.801	0.0
0.802	0.0
0.803	0.0
0.804	0.0
0.805	0.0
0.806	0.0
0.807	0.0
0.808	0.0
0.809	0.0
0.81	0.0
0.811	0.0
0.812	0.0
0.813	0.0
0.814	0.0
0.815	0.0
0.816	0.0
0.817	0.0
0.818	0.0
0.819	0.0
0.82	0.0
0.821	0.0
0.822	0.0
0.823	0.0
0.824	0.0
0.825	0.0
0.826	0.0
0.827	0.0
0.828	0.0
0.829	0.0
0.83	0.0
0.831	0.0
0.832	0.0
0.833	0.0
0.834	0.0
0.835	0.0
0.836	0.0
0.837	0.0
0.838	0.0
0.839	0.0
0.84	0.0
0.841	0.0
0.842	0.0
0.843	0.0
0.844	0.0
0.845	0.0
0.846	0.0
0.847	0.0
0.848	0.0
0.849	0.0
0.85	0.0
0.851	0.0
0.852	0.0
0.853	0.0
0.854	0.0
0.855	0.0
0.856	0.0
0.857	0.0
0.858	0.0
0.859	0.0
0.86	0.0
0.861	0.0
0.862	0.0
0.863	0.0
0.864	0.0
0.865	0.0
0.866	0.0
0.867	0.0
0.868	0.0
0.869	0.0
0.87	0.0
0.871	0.0
0.872	0.0
0.873	0.0
0.874	0.0
0.875	0.0
0.876	0.0
0.877	0.0
0.878	0.0
0.879	0.0
0.88	0.0
0.881	0.0
0.882	0.0
0.883	0.0
0.884	0.0
0.885	0.0
0.886	0.0
0.887	0.0
0.888	0.0
0.889	0.0
0.89	0.0
0.891	0.0
0.892	0.0
0.893	0.0
0.894	0.0
0.895	0.0
0.896	0.0
0.897	0.0
0.898	0.0
0.899	0.0
0.9	0.0
# RapidEye Band 4 RedEdge
#
#  Wavelength
#   (microns)	Relative response
#  __________	___________
0.42	0.0
0.421	0.0
0.422	0.0
0.423	0.0
0.424	0.0
0.425	0.0
0.426	0.0
0.427	0.0
0.428	0.0
0.429	0.0
0.43	0.0
0.431	0.0
0.432	0.0
0.433	0.0
0.434	0.0
0.435	0.0
0.436	0.0
0.437	0.0
0.438	0.0
0.439	0.0
0.44	0.0
0.441	0.0
0.442	0.0
0.443	0.0
0.444	0.0
0.445	0.0
0.446	0.0
0.447	0.0
0.448	0.0
0.449	0.0
0.45	0.0
0.451	0.0
0.452	0.0
0.453	0.0
0.454	0.0
0.455	0.0
0.456	0.0
0.457	0.0
0.458	0.0
0.459	0.0
0.46	0.0
0.461	0.0
0.462	0.0
0.463	0.0
0.464	0.0
0.465	0.0
0.466	0.0
0.467	0.0
0.468	0.0
0.469	0.0
0.47	0.0
0.471	0.0
0.472	0.0
0.473	0.0
0.474	0.0
0.475	0.0
0.476	0.0
0.477	0.0
0.478	0.0
0.479	0.0
0.48	0.0
0.481	0.0
0.482	0.0
0.483	0.0
0.484	0.0
0.485	0.0
0.486	0.0
0.487	0.0
0.488	0.0
0.489	0.0
0.49	0.0
0.491	0.0
0.492	0.0
0.493	0.0
0.494	0.0
0.495	0.0
0.496	0.0
0.497	0.0
0.498	0.0
0.499	0.0
0.5	0.027
0.501	0.0
0.502	0.0
0.503	0.0
0.504	0.0
0.505	0.0
0.506	0.0
0.507	0.0
0.508	0.0
0.509	0.0
0.51	0.0
0.511	0.0
0.512	0.0
0.513	0.0
0.514	0.0
0.515	0.0
0.516	0.0
0.517	0.0
0.518	0.0
0.519	0.0
0.52	0.0
0.521	0.0
0.522	0.0
0.523	0.0
0.524	0.0
0.525	0.0
0.526	0.0
0.527	0.0
0.528	0.001
0.529	0.0
0.53	0.0
0.531	0.0
0.532	0.0
0.533	0.001
0.534	0.007
0.535	0.001
0.536	0.0
0.537	0.0
0.538	0.0
0.539	0.0
0.54	0.0
0.541	0.0
0.542	0.0
0.543	0.0
0.544	0.001
0.545	0.0
0.546	0.0
0.547	0.0
0.548	0.001
0.549	0.0
0.55	0.0
0.551	0.0
0.552	0.0
0.553	0.0
0.554	0.0
0.555	0.0
0.556	0.0
0.557	0.0
0.558	0.0
0.559	0.0
0.56	0.0
0.561	0.0
0.562	0.0
0.563	0.0
0.564	0.0
0.565	0.0
0.566	0.0
0.567	0.0
0.568	0.0
0.569	0.0
0.57	0.0
0.571	0.0
0.572	0.0
0.573	0.0
0.574	0.0
0.575	0.0
0.576	0.0
0.577	0.0
0.578	0.0
0.579	0.0
0.58	0.0
0.581	0.0
0.582	0.0
0.583	0.0
0.584	0.0
0.585	0.0
0.586	0.0
0.587	0.0
0.588	0.0
0.589	0.0
0.59	0.0
0.591	0.0
0.592	0.0
0.593	0.0
0.594	0.0
0.595	0.0
0.596	0.0
0.597	0.0
0.598	0.0
0.599	0.0
0.6	0.0
0.601	0.0
0.602	0.0
0.603	0.0
0.604	0.0
0.605	0.0
0.606	0.0
0.607	0.0
0.608	0.0
0.609	0.0
0.61	0.022
0.611	0.0
0.612	0.0
0.613	0.0
0.614	0.0
0.615	0.0
0.616	0.0
0.617	0.0
0.618	0.0
0.619	0.0
0.62	0.0
0.621	0.0
0.622	0.0
0.623	0.0
0.624	0.0
0.625	0.0
0.626	0.0
0.627	0.0
0.628	0.0
0.629	0.0
0.63	0.0
0.631	0.001
0.632	0.001
0.633	0.0
0.634	0.0
0.635	0.0
0.636	0.0
0.637	0.0
0.638	0.0
0.639	0.0
0.64	0.0
0.641	0.0
0.642	0.0
0.643	0.0
0.644	0.016
0.645	0.001
0.646	0.0
0.647	0.0
0.648	0.0
0.649	0.0
0.65	0.0
0.651	0.0
0.652	0.0
0.653	0.0
0.654	0.0
0.655	0.0
0.656	0.0
0.657	0.0
0.658	0.0
0.659	0.0
0.66	0.0
0.661	0.0
0.662	0.0
0.663	0.0
0.664	0.0
0.665	0.0
0.666	0.0
0.667	0.0
0.668	0.0
0.669	0.0
0.67	0.0
0.671	0.0
0.672	0.0
0.673	0.0
0.674	0.0
0.675	0.0
0.676	0.0
0.677	0.001
0.678	0.001
0.679	0.001
0.68	0.002
0.681	0.003
0.682	0.004
0.683	0.007
0.684	0.012
0.685	0.021
0.686	0.039
0.687	0.074
0.688	0.143
0.689	0.275
0.69	0.491
0.691	0.74
0.692	0.914
0.693	0.984
0.694	0.999
0.695	0.998
0.696	0.997
0.697	0.999
0.698	1.0
0.699	1.0
0.7	0.998
0.701	0.995
0.702	0.993
0.703	0.99
0.704	0.988
0.705	0.987
0.706	0.987
0.707	0.986
0.708	0.985
0.709	0.984
0.71	0.982
0.711	0.979
0.712	0.976
0.713	0.972
0.714	0.969
0.715	0.966
0.716	0.965
0.717	0.964
0.718	0.964
0.719	0.963
0.72	0.961
0.721	0.956
0.722	0.949
0.723	0.942
0.724	0.938
0.725	0.939
0.726	0.946
0.727	0.936
0.728	0.86
0.729	0.671
0.73	0.425
0.731	0.234
0.732	0.123
0.733	0.065
0.734	0.035
0.735	0.02
0.736	0.012
0.737	0.007
0.738	0.004
0.739	0.003
0.74	0.002
0.741	0.001
0.742	0.001
0.743	0.001
0.744	0.0
0.745	0.0
0.746	0.0
0.747	0.0
0.748	0.0
0.749	0.0
0.75	0.0
0.751	0.0
0.752	0.0
0.753	0.0
0.754	0.0
0.755	0.0
0.756	0.0
0.757	0.0
0.758	0.0
0.759	0.0
0.76	0.0
0.761	0.0
0.762	0.0
0.763	0.0
0.764	0.0
0.765	0.0
0.766	0.0
0.767	0.0
0.768	0.0
0.769	0.0
0.77	0.0
0.771	0.0
0.772	0.0
0.773	0.0
0.774	0.0
0.775	0.0
0.776	0.0
0.777	0.0
0.778	0.0
0.779	0.0
0.78	0.0
0.781	0.0
0.782	0.0
0.783	0.0
0.784	0.0
0.785	0.0
0.786	0.0
0.787	0.0
0.788	0.0
0.789	0.0
0.79	0.0
0.791	0.0
0.792	0.0
0.793	0.0
0.794	0.0
0.795	0.0
0.796	0.0
0.797	0.0
0.798	0.0
0.799	0.0
0.8	0.0
0.801	0.0
0.802	0.0
0.803	0.0
0.804	0.0
0.805	0.0
0.806	0.0
0.807	0.0
0.808	0.0
0.809	0.0
0.81	0.0
0.811	0.0
0.812	0.0
0.813	0.0
0.814	0.0
0.815	0.0
0.816	0.0
0.817	0.0
0.818	0.0
0.819	0.0
0.82	0.0
0.821	0.0
0.822	0.0
0.823	0.0
0.824	0.0
0.825	0.0
0.826	0.0
0.827	0.0
0.828	0.0
0.829	0.0
0.83	0.0
0.831	0.0
0.832	0.0
0.833	0.0
0.834	0.0
0.835	0.0
0.836	0.0
0.837	0.0
0.838	0.0
0.839	0.0
0.84	0.0
0.841	0.0
0.842	0.0
0.843	0.0
0.844	0.0
0.845	0.0
0.846	0.0
0.847	0.0
0.848	0.0
0.849	0.0
0.85	0.0
0.851	0.0
0.852	0.0
0.853	0.0
0.854	0.0
0.855	0.0
0.856	0.0
0.857	0.0
0.858	0.0
0.859	0.0
0.86	0.0
0.861	0.0
0.862	0.0
0.863	0.0
0.864	0.0
0.865	0.0
0.866	0.0
0.867	0.0
0.868	0.0
0.869	0.0
0.87	0.0
0.871	0.0
0.872	0.0
0.873	0.0
0.874	0.0
0.875	0.0
0.876	0.0
0.877	0.0
0.878	0.0
0.879	0.0
0.88	0.0
0.881	0.0
0.882	0.0
0.883	0.0
0.884	0.0
0.885	0.0
0.886	0.0
0.887	0.0
0.888	0.0
0.889	0.0
0.89	0.0
0.891	0.0
0.892	0.0
0.893	0.0
0.894	0.0
0.895	0.0
0.896	0.0
0.897	0.0
0.898	0.0
0.899	0.0
0.9	0.0
# RapidEye Band 5 NIR
#
#  Wavelength
#   (microns)	Relative response
#  __________	___________
0.42	0.0
0.421	0.0
0.422	0.0
0.423	0.0
0.424	0.0
0.425	0.0
0.426	0.0
0.427	0.0
0.428	0.0
0.429	0.0
0.43	0.0
0.431	0.0
0.432	0.0
0.433	0.0
0.434	0.0
0.435	0.0
0.436	0.0
0.437	0.0
0.438	0.0
0.439	0.0
0.44	0.0
0.441	0.0
0.442	0.0
0.443	0.0
0.444	0.0
0.445	0.0
0.446	0.0
0.447	0.0
0.448	0.0
0.449	0.0
0.45	0.0
0.451	0.0
0.452	0.0
0.453	0.0
0.454	0.0
0.455	0.0
0.456	0.0
0.457	0.0
0.458	0.0
0.459	0.0
0.46	0.0
0.461	0.0
0.462	0.0
0.463	0.0
0.464	0.0
0.465	0.0
0.466	0.0
0.467	0.0
0.468	0.0
0.469	0.0
0.47	0.001
0.471	0.0
0.472	0.0
0.473	0.0
0.474	0.0
0.475	0.0
0.476	0.0
0.477	0.0
0.478	0.0
0.479	0.0
0.48	0.0
0.481	0.0
0.482	0.0
0.483	0.0
0.484	0.0
0.485	0.0
0.486	0.0
0.487	0.0
0.488	0.0
0.489	0.0
0.49	0.0
0.491	0.0
0.492	0.0
0.493	0.0
0.494	0.0
0.495	0.0
0.496	0.0
0.497	0.0
0.498	0.0
0.499	0.0
0.5	0.0
0.501	0.0
0.502	0.0
0.503	0.0
0.504	0.001
0.505	0.001
0.506	0.0
0.507	0.0
0.508	0.0
0.509	0.0
0.51	0.0
0.511	0.0
0.512	0.0
0.513	0.0
0.514	0.0
0.515	0.0
0.516	0.0
0.517	0.0
0.518	0.0
0.519	0.002
0.52	0.011
0.521	0.001
0.522	0.0
0.523	0.0
0.524	0.0
0.525	0.0
0.526	0.0
0.527	0.0
0.528	0.0
0.529	0.0
0.53	0.0
0.531	0.0
0.532	0.0
0.533	0.0
0.534	0.0
0.535	0.0
0.536	0.001
0.537	0.001
0.538	0.001
0.539	0.0
0.54	0.0
0.541	0.0
0.542	0.0
0.543	0.0
0.544	0.0
0.545	0.0
0.546	0.002
0.547	0.002
0.548	0.0
0.549	0.0
0.55	0.0
0.551	0.0
0.552	0.0
0.553	0.0
0.554	0.0
0.555	0.0
0.556	0.0
0.557	0.0
0.558	0.0
0.559	0.0
0.56	0.0
0.561	0.0
0.562	0.0
0.563	0.0
0.564	0.0
0.565	0.0
0.566	0.0
0.567	0.0
0.568	0.0
0.569	0.0
0.57	0.0
0.571	0.0
0.572	0.0
0.573	0.001
0.574	0.001
0.575	0.0
0.576	0.0
0.577	0.0
0.578	0.0
0.579	0.0
0.58	0.0
0.581	0.0
0.582	0.0
0.583	0.0
0.584	0.0
0.585	0.0
0.586	0.0
0.587	0.0
0.588	0.0
0.589	0.0
0.59	0.0
0.591	0.0
0.592	0.0
0.593	0.0
0.594	0.0
0.595	0.0
0.596	0.0
0.597	0.0
0.598	0.0
0.599	0.0
0.6	0.0
0.601	0.0
0.602	0.0
0.603	0.002
0.604	0.004
0.605	0.001
0.606	0.0
0.607	0.0
0.608	0.0
0.609	0.0
0.61	0.0
0.611	0.0
0.612	0.0
0.613	0.0
0.614	0.0
0.615	0.0
0.616	0.0
0.617	0.0
0.618	0.0
0.619	0.0
0.62	0.0
0.621	0.0
0.622	0.0
0.623	0.001
0.624	0.001
0.625	0.003
0.626	0.003
0.627	0.001
0.628	0.001
0.629	0.0
0.63	0.0
0.631	0.0
0.632	0.0
0.633	0.0
0.634	0.0
0.635	0.0
0.636	0.0
0.637	0.0
0.638	0.0
0.639	0.0
0.64	0.0
0.641	0.001
0.642	0.001
0.643	0.001
0.644	0.002
0.645	0.002
0.646	0.001
0.647	0.0
0.648	0.0
0.649	0.0
0.65	0.0
0.651	0.0
0.652	0.0
0.653	0.0
0.654	0.0
0.655	0.0
0.656	0.0
0.657	0.0
0.658	0.0
0.659	0.0
0.66	0.0
0.661	0.0
0.662	0.0
0.663	0.0
0.664	0.0
0.665	0.0
0.666	0.0
0.667	0.0
0.668	0.0
0.669	0.0
0.67	0.0
0.671	0.0
0.672	0.001
0.673	0.002
0.674	0.022
0.675	0.003
0.676	0.001
0.677	0.0
0.678	0.0
0.679	0.0
0.68	0.0
0.681	0.0
0.682	0.0
0.683	0.0
0.684	0.0
0.685	0.0
0.686	0.0
0.687	0.0
0.688	0.0
0.689	0.0
0.69	0.0
0.691	0.0
0.692	0.0
0.693	0.0
0.694	0.0
0.695	0.0
0.696	0.0
0.697	0.0
0.698	0.0
0.699	0.0
0.7	0.0
0.701	0.0
0.702	0.0
0.703	0.0
0.704	0.0
0.705	0.0
0.706	0.0
0.707	0.0
0.708	0.0
0.709	0.0
0.71	0.0
0.711	0.0
0.712	0.0
0.713	0.0
0.714	0.0
0.715	0.0
0.716	0.0
0.717	0.0
0.718	0.0
0.719	0.0
0.72	0.0
0.721	0.0
0.722	0.0
0.723	0.0
0.724	0.0
0.725	0.0
0.726	0.0
0.727	0.0
0.728	0.0
0.729	0.0
0.73	0.0
0.731	0.0
0.732	0.0
0.733	0.0
0.734	0.0
0.735	0.0
0.736	0.0
0.737	0.0
0.738	0.001
0.739	0.001
0.74	0.001
0.741	0.001
0.742	0.001
0.743	0.002
0.744	0.002
0.745	0.003
0.746	0.004
0.747	0.005
0.748	0.006
0.749	0.009
0.75	0.012
0.751	0.016
0.752	0.023
0.753	0.032
0.754	0.046
0.755	0.068
0.756	0.102
0.757	0.153
0.758	0.231
0.759	0.345
0.76	0.497
0.761	0.67
0.762	0.828
0.763	0.937
0.764	0.988
0.765	1.0
0.766	0.994
0.767	0.982
0.768	0.973
0.769	0.969
0.77	0.967
0.771	0.969
0.772	0.974
0.773	0.978
0.774	0.981
0.775	0.983
0.776	0.983
0.777	0.981
0.778	0.978
0.779	0.974
0.78	0.97
0.781	0.967
0.782	0.963
0.783	0.961
0.784	0.96
0.785	0.958
0.786	0.958
0.787	0.957
0.788	0.958
0.789	0.959
0.79	0.958
0.791	0.959
0.792	0.959
0.793	0.958
0.794	0.957
0.795	0.956
0.796	0.955
0.797	0.954
0.798	0.953
0.799	0.95
0.8	0.948
0.801	0.946
0.802	0.944
0.803	0.941
0.804	0.939
0.805	0.937
0.806	0.935
0.807	0.933
0.808	0.931
0.809	0.929
0.81	0.928
0.811	0.927
0.812	0.927
0.813	0.927
0.814	0.926
0.815	0.926
0.816	0.926
0.817	0.926
0.818	0.925
0.819	0.925
0.82	0.923
0.821	0.921
0.822	0.918
0.823	0.915
0.824	0.911
0.825	0.906
0.826	0.902
0.827	0.898
0.828	0.895
0.829	0.891
0.83	0.889
0.831	0.886
0.832	0.885
0.833	0.884
0.834	0.883
0.835	0.882
0.836	0.88
0.837	0.876
0.838	0.871
0.839	0.865
0.84	0.857
0.841	0.849
0.842	0.842
0.843	0.838
0.844	0.838
0.845	0.84
0.846	0.842
0.847	0.832
0.848	0.795
0.849	0.712
0.85	0.582
0.851	0.431
0.852	0.295
0.853	0.193
0.854	0.124
0.855	0.08
0.856	0.052
0.857	0.034
0.858	0.023
0.859	0.016
0.86	0.011
0.861	0.008
0.862	0.006
0.863	0.004
0.864	0.003
0.865	0.002
0.866	0.002
0.867	0.001
0.868	0.001
0.869	0.001
0.87	0.001
0.871	0.0
0.872	0.0
0.873	0.0
0.874	0.0
0.875	0.0
0.876	0.0
0.877	0.0
0.878	0.0
0.879	0.0
0.88	0.0
0.881	0.0
0.882	0.0
0.883	0.0
0.884	0.0
0.885	0.0
0.886	0.0
0.887	0.0
0.888	0.0
0.889	0.0
0.89	0.0
0.891	0.0
0.892	0.0
0.893	0.0
0.894	0.0
0.895	0.0
0.896	0.0
0.897	0.0
0.898	0.0
0.899	0.0
0.9	0.0
