;; S2A/MSI RSR
;;
;; new RSR October 2023, tabulated QV 2023-10-24
;;
;; source: https://sentinels.copernicus.eu/documents/d/sentinel/s2-srf_cope-gseg-eopg-tn-15-0007_3-2
;; file name: S2-SRF_COPE-GSEG-EOPG-TN-15-0007_3.2.xlsx
;;         
;;
;; datasets: wavelength, RSR
;;
;; BAND 1
412	0.001775742
413	0.004073061
414	0.003626143
415	0.003515199
416	0.005729163
417	0.003780292
418	0.002636732
419	0.001262113
420	0.001987583
421	0.001368913
422	0.001250444
423	0.000463454
424	0.000814293
425	0.001376431
426	0.001485086
427	0.001823735
428	0.001626817
429	0.004392062
430	0.029008099
431	0.118745933
432	0.323875058
433	0.572819207
434	0.714727494
435	0.761967778
436	0.789297016
437	0.808623866
438	0.810893815
439	0.824198756
440	0.854158107
441	0.870790877
442	0.887310969
443	0.926199242
444	0.982281495
445	1.000000000
446	0.975238202
447	0.935963380
448	0.889971481
449	0.850210477
450	0.825694526
451	0.783902388
452	0.614174215
453	0.330071087
454	0.124108313
455	0.043656940
456	0.014749595
;; BAND 2
456	0.04255531
457	0.07229830
458	0.15374322
459	0.32799225
460	0.55336788
461	0.71011166
462	0.75285179
463	0.75232691
464	0.75668081
465	0.76326948
466	0.76239425
467	0.78525150
468	0.81546669
469	0.86179176
470	0.89282599
471	0.91952210
472	0.91900649
473	0.91315754
474	0.90035366
475	0.88989693
476	0.88232460
477	0.87606118
478	0.88429987
479	0.90695544
480	0.93232085
481	0.93947252
482	0.94383543
483	0.92204086
484	0.88602310
485	0.84743609
486	0.81251687
487	0.78239710
488	0.77310870
489	0.77209054
490	0.78742652
491	0.81217177
492	0.84605052
493	0.88767996
494	0.92793997
495	0.95069235
496	0.96573311
497	0.96938253
498	0.96570294
499	0.95832003
500	0.95405064
501	0.95178268
502	0.95699722
503	0.96556515
504	0.97705140
505	0.97709574
506	0.97436606
507	0.95903183
508	0.93506318
509	0.90190134
510	0.87165792
511	0.84402444
512	0.82280852
513	0.81536043
514	0.82057639
515	0.83951490
516	0.86992171
517	0.91526205
518	0.96067028
519	0.99163699
520	1.00000000
521	0.98356097
522	0.91130763
523	0.74018256
524	0.50395858
525	0.30501550
526	0.18004605
527	0.10738342
528	0.06593592
529	0.04207746
530	0.02662129
531	0.01433960
532	0.00265779
533	0.00081822
;; BAND 3
538	0.01448181
539	0.03422251
540	0.07346335
541	0.15444843
542	0.31661425
543	0.55322279
544	0.74859406
545	0.84890306
546	0.89772216
547	0.92153680
548	0.92572845
549	0.91122688
550	0.88818924
551	0.86523756
552	0.84718187
553	0.83875720
554	0.84459081
555	0.86219653
556	0.88838714
557	0.92443236
558	0.96017974
559	0.98685516
560	1.00000000
561	0.99860080
562	0.98076472
563	0.94522089
564	0.89817780
565	0.85580323
566	0.81841734
567	0.78862048
568	0.76460653
569	0.74963745
570	0.75055111
571	0.76137888
572	0.78244479
573	0.79890086
574	0.81016957
575	0.81408886
576	0.77358596
577	0.62881065
578	0.40397555
579	0.21542098
580	0.10715281
581	0.04792877
582	0.01848693
583	0.00108588
;; BAND 4
646	0.00141521
647	0.02590238
648	0.11651178
649	0.39088616
650	0.74959342
651	0.94485805
652	0.98011173
653	0.99406309
654	1.00000000
655	0.99545475
656	0.99052772
657	0.97733476
658	0.94055988
659	0.87894956
660	0.81629384
661	0.77345952
662	0.75448766
663	0.75991531
664	0.78263430
665	0.81016890
666	0.83612975
667	0.86125424
668	0.88609106
669	0.91138767
670	0.93405146
671	0.95042063
672	0.95925730
673	0.96039555
674	0.95913395
675	0.95809013
676	0.95527459
677	0.94376465
678	0.89490799
679	0.74426308
680	0.47677700
681	0.22960399
682	0.08009118
683	0.02617076
684	0.00415242
;; BAND 5
695	0.02835786
696	0.12369337
697	0.39378774
698	0.76113071
699	0.97108502
700	0.99889523
701	1.00000000
702	0.99412258
703	0.98321789
704	0.96704093
705	0.94847389
706	0.92714833
707	0.90372458
708	0.88614713
709	0.86723745
710	0.79075319
711	0.58840332
712	0.26334833
713	0.05675422
714	0.00618833
;; BAND 6
731	0.00171088
732	0.05467153
733	0.25806676
734	0.64722098
735	0.89218999
736	0.90232877
737	0.91508768
738	0.94115846
739	0.96299993
740	0.97510481
741	0.97702170
742	0.98736251
743	1.00000000
744	0.98880277
745	0.97179916
746	0.90126739
747	0.60672391
748	0.20520227
749	0.02675690
;; BAND 7
769	0.00045899
770	0.01172010
771	0.05219715
772	0.16561733
773	0.36903355
774	0.63685453
775	0.86119638
776	0.97002897
777	0.99119602
778	0.99897921
779	1.00000000
780	0.97725155
781	0.92572385
782	0.86605804
783	0.81969611
784	0.79407674
785	0.79111029
786	0.80431552
787	0.81902721
788	0.82571292
789	0.82011829
790	0.79222195
791	0.72054559
792	0.58767794
793	0.41430355
794	0.23088817
795	0.09850282
796	0.02736551
797	0.00516235
;; BAND 8
760	0.00067259
761	0.00388856
762	0.00000000
763	0.00000000
764	0.00000000
765	0.00000000
766	0.00000000
767	0.00000000
768	0.00000000
769	0.00000000
770	0.00000000
771	0.00000000
772	0.00000000
773	0.00028956
774	0.00702964
775	0.01752391
776	0.03231111
777	0.05328661
778	0.08299885
779	0.12748502
780	0.19591065
781	0.30246323
782	0.43553954
783	0.57141637
784	0.69766701
785	0.80303852
786	0.89115744
787	0.95284584
788	0.98894161
789	1.00000000
790	0.98840653
791	0.96389216
792	0.94207967
793	0.93694643
794	0.94227343
795	0.95395718
796	0.96828896
797	0.97966549
798	0.98544440
799	0.98592681
800	0.98391181
801	0.97793903
802	0.97722771
803	0.97810609
804	0.98144486
805	0.98764558
806	0.98857708
807	0.98624220
808	0.98070921
809	0.97078624
810	0.95721089
811	0.93865821
812	0.91672388
813	0.89620759
814	0.87288800
815	0.85160331
816	0.82463940
817	0.80078117
818	0.78233860
819	0.76360274
820	0.74962771
821	0.73872210
822	0.73079407
823	0.72271237
824	0.72507708
825	0.72563856
826	0.72304217
827	0.72229211
828	0.71616364
829	0.71159446
830	0.70826954
831	0.70157205
832	0.69924532
833	0.70093762
834	0.70692733
835	0.71824001
836	0.73124634
837	0.74840610
838	0.76818541
839	0.78394807
840	0.79683810
841	0.80260206
842	0.80451940
843	0.80240918
844	0.79699072
845	0.78920304
846	0.77691621
847	0.76518406
848	0.75119717
849	0.73700357
850	0.72262399
851	0.70412578
852	0.68410805
853	0.66474528
854	0.64736891
855	0.63005125
856	0.61564222
857	0.60249557
858	0.58988992
859	0.57993399
860	0.57136506
861	0.56094242
862	0.55235105
863	0.54568236
864	0.53958052
865	0.53510215
866	0.53093675
867	0.53016508
868	0.52984662
869	0.53036682
870	0.53211463
871	0.53271918
872	0.53246806
873	0.53331158
874	0.53192780
875	0.53051055
876	0.52951499
877	0.52996848
878	0.53253373
879	0.53705085
880	0.54235344
881	0.54912497
882	0.55523055
883	0.56011135
884	0.55767999
885	0.54821984
886	0.53144613
887	0.50763528
888	0.47811224
889	0.45092793
890	0.42798466
891	0.41051405
892	0.40039139
893	0.40087302
894	0.40829375
895	0.42086556
896	0.43007022
897	0.42456692
898	0.39136817
899	0.33009008
900	0.25720509
901	0.18189031
902	0.11650668
903	0.07031579
904	0.04275381
905	0.02593154
906	0.01574394
907	0.00394326
;; BAND 8A
837	0.00030097
838	0.00000000
839	0.00000000
840	0.00000000
841	0.00000000
842	0.00000000
843	0.00000000
844	0.00000000
845	0.00000000
846	0.00000000
847	0.00157217
848	0.00249886
849	0.01332037
850	0.02614866
851	0.05260479
852	0.10779709
853	0.22160755
854	0.39721628
855	0.60986885
856	0.81658883
857	0.93224450
858	0.97210033
859	0.97545482
860	0.97538048
861	0.97328205
862	0.97607828
863	0.98034955
864	0.98690928
865	0.99087465
866	0.99741818
867	0.99984673
868	0.99939141
869	0.99587928
870	0.99541228
871	1.00000000
872	0.99640762
873	0.92359433
874	0.74137684
875	0.48965971
876	0.25020643
877	0.11221246
878	0.04755984
879	0.02297815
880	0.01061438
881	0.00108149
;; BAND 9
932	0.01662953
933	0.06111857
934	0.17407094
935	0.38946454
936	0.66459150
937	0.87454114
938	0.93695988
939	0.96751014
940	0.98933910
941	0.99512690
942	1.00000000
943	0.97845762
944	0.98069118
945	0.99223350
946	0.98798379
947	0.99428313
948	0.98348041
949	0.97820013
950	0.95023367
951	0.95299604
952	0.92240308
953	0.85573828
954	0.70970227
955	0.46429542
956	0.21538427
957	0.06534121
958	0.01625596
;; BAND 10
1337	0.00024052
1338	0.00005404
1339	0.00003052
1340	0.00002872
1341	0.00007632
1342	0.00010949
1343	0.00008804
1344	0.00012356
1345	0.00017424
1346	0.00033170
1347	0.00036891
1348	0.00044670
1349	0.00065919
1350	0.00109130
1351	0.00196903
1352	0.00373668
1353	0.00801754
1354	0.01884719
1355	0.04466732
1356	0.10165546
1357	0.20111776
1358	0.34284841
1359	0.50710992
1360	0.66320680
1361	0.78377143
1362	0.86153862
1363	0.91000261
1364	0.94193255
1365	0.96182259
1366	0.97365119
1367	0.98169786
1368	0.98795826
1369	0.99283342
1370	0.99649788
1371	0.99906011
1372	1.00000000
1373	0.99907734
1374	0.99601604
1375	0.99090830
1376	0.98479854
1377	0.97802142
1378	0.97030114
1379	0.96080954
1380	0.94849765
1381	0.93314108
1382	0.91482336
1383	0.89379970
1384	0.86825426
1385	0.83023193
1386	0.76384193
1387	0.65440009
1388	0.50671604
1389	0.35014737
1390	0.21799972
1391	0.12643091
1392	0.06768988
1393	0.03227090
1394	0.01354400
1395	0.00544557
1396	0.00237642
1397	0.00111267
1398	0.00053796
1399	0.00034570
1400	0.00017488
1401	0.00021619
1402	0.00019479
1403	0.00010421
1404	0.00005919
1405	0.00005109
1406	0.00006115
1407	0.00005527
1408	0.00003856
1409	0.00003147
1410	0.00012289
1411	0.00010890
1412	0.00002502
;; BAND 11
1539	0.00000679
1540	0.00000666
1541	0.00000800
1542	0.00002734
1543	0.00003685
1544	0.00008851
1545	0.00014522
1546	0.00024812
1547	0.00047627
1548	0.00056335
1549	0.00065326
1550	0.00089835
1551	0.00114664
1552	0.00165604
1553	0.00241611
1554	0.00350246
1555	0.00524274
1556	0.00815380
1557	0.01237062
1558	0.01860970
1559	0.02721853
1560	0.03879155
1561	0.05379167
1562	0.07353187
1563	0.09932758
1564	0.13341780
1565	0.18029249
1566	0.24484994
1567	0.32834511
1568	0.42749961
1569	0.53576798
1570	0.64570396
1571	0.74245998
1572	0.81447017
1573	0.85866596
1574	0.87924777
1575	0.88665266
1576	0.88872700
1577	0.89105732
1578	0.89725046
1579	0.90632982
1580	0.91627527
1581	0.92637510
1582	0.93515828
1583	0.94226446
1584	0.94739906
1585	0.95131987
1586	0.95416808
1587	0.95635128
1588	0.95813297
1589	0.96062738
1590	0.96344083
1591	0.96577764
1592	0.96818134
1593	0.97104025
1594	0.97343195
1595	0.97597444
1596	0.97865413
1597	0.97994672
1598	0.98064126
1599	0.98094979
1600	0.98143338
1601	0.98123856
1602	0.98068083
1603	0.98033995
1604	0.98101894
1605	0.98268503
1606	0.98507875
1607	0.98777658
1608	0.99036080
1609	0.99202087
1610	0.99330690
1611	0.99256744
1612	0.99044883
1613	0.98717314
1614	0.98353656
1615	0.98004320
1616	0.97617287
1617	0.97253451
1618	0.96977033
1619	0.96762556
1620	0.96626260
1621	0.96572411
1622	0.96592079
1623	0.96729798
1624	0.96975438
1625	0.97337748
1626	0.97862858
1627	0.98345358
1628	0.98765317
1629	0.99192380
1630	0.99554959
1631	0.99767411
1632	0.99866451
1633	0.99941783
1634	0.99930984
1635	0.99885298
1636	0.99913515
1637	0.99973164
1638	0.99973592
1639	1.00000000
1640	0.99984380
1641	0.99676390
1642	0.99175576
1643	0.98592060
1644	0.97887302
1645	0.97029262
1646	0.96135891
1647	0.95379752
1648	0.94709017
1649	0.94228614
1650	0.93919512
1651	0.93616637
1652	0.92889205
1653	0.91299210
1654	0.88158383
1655	0.82602164
1656	0.74412949
1657	0.64281662
1658	0.53483955
1659	0.42772166
1660	0.32439525
1661	0.23488131
1662	0.16445229
1663	0.11056237
1664	0.07271886
1665	0.04634859
1666	0.02949618
1667	0.01941871
1668	0.01334870
1669	0.00934594
1670	0.00654231
1671	0.00487921
1672	0.00341903
1673	0.00249864
1674	0.00196431
1675	0.00142754
1676	0.00105878
1677	0.00049978
1678	0.00022833
1679	0.00015999
1680	0.00003415
1681	0.00004517
1682	0.00001313
;; BAND 12
2078	0.00063835
2079	0.00102286
2080	0.00288712
2081	0.00399879
2082	0.00658916
2083	0.00765458
2084	0.00799918
2085	0.00853524
2086	0.00929493
2087	0.00999614
2088	0.01096645
2089	0.01208363
2090	0.01335837
2091	0.01501119
2092	0.01711931
2093	0.01977307
2094	0.02332743
2095	0.02765779
2096	0.03320435
2097	0.04020464
2098	0.04886709
2099	0.05962380
2100	0.07315348
2101	0.09050885
2102	0.11143964
2103	0.13686671
2104	0.16776886
2105	0.20341457
2106	0.24281992
2107	0.28484195
2108	0.32711894
2109	0.36834301
2110	0.40794043
2111	0.44471450
2112	0.47647207
2113	0.50303896
2114	0.52524762
2115	0.54328057
2116	0.55717994
2117	0.56856190
2118	0.57895708
2119	0.58860881
2120	0.59881758
2121	0.60990899
2122	0.62128986
2123	0.63421311
2124	0.64847648
2125	0.66363778
2126	0.67997936
2127	0.69609688
2128	0.71189957
2129	0.72694990
2130	0.74124079
2131	0.75734734
2132	0.77201504
2133	0.78552587
2134	0.79818641
2135	0.80962939
2136	0.81965718
2137	0.82855741
2138	0.83668178
2139	0.84440292
2140	0.85106862
2141	0.85321701
2142	0.85471321
2143	0.85614280
2144	0.85778963
2145	0.85949890
2146	0.86142876
2147	0.86322831
2148	0.86511218
2149	0.86729320
2150	0.86967076
2151	0.87427502
2152	0.87856212
2153	0.88241466
2154	0.88590611
2155	0.88945160
2156	0.89320419
2157	0.89667380
2158	0.89987484
2159	0.90257636
2160	0.90481219
2161	0.90550545
2162	0.90564491
2163	0.90548208
2164	0.90513822
2165	0.90476379
2166	0.90406427
2167	0.90332978
2168	0.90274309
2169	0.90235795
2170	0.90196488
2171	0.90340528
2172	0.90429478
2173	0.90529761
2174	0.90642862
2175	0.90807348
2176	0.91010493
2177	0.91293181
2178	0.91556686
2179	0.91842631
2180	0.92128288
2181	0.92431702
2182	0.92719913
2183	0.92972159
2184	0.93190455
2185	0.93412538
2186	0.93588954
2187	0.93707083
2188	0.93762594
2189	0.93828534
2190	0.93763643
2191	0.94042634
2192	0.94250397
2193	0.94324531
2194	0.94301861
2195	0.94210283
2196	0.94061808
2197	0.93841726
2198	0.93665003
2199	0.93524569
2200	0.93301102
2201	0.92686708
2202	0.92104485
2203	0.91547175
2204	0.91100989
2205	0.90828339
2206	0.90727330
2207	0.90817907
2208	0.91115631
2209	0.91617845
2210	0.92284525
2211	0.92059829
2212	0.91947472
2213	0.91947973
2214	0.92126575
2215	0.92451632
2216	0.92772589
2217	0.93196884
2218	0.93676408
2219	0.94147739
2220	0.94679545
2221	0.95119533
2222	0.95443018
2223	0.95704142
2224	0.95972628
2225	0.96253720
2226	0.96485326
2227	0.96603599
2228	0.96664138
2229	0.96630455
2230	0.96545713
2231	0.96484036
2232	0.96365512
2233	0.96169531
2234	0.95944859
2235	0.95732078
2236	0.95513625
2237	0.95355574
2238	0.95273072
2239	0.95217795
2240	0.95172542
2241	0.95214030
2242	0.95263595
2243	0.95405248
2244	0.95707559
2245	0.96063594
2246	0.96421772
2247	0.96830187
2248	0.97268597
2249	0.97741944
2250	0.98289489
2251	0.98714290
2252	0.99073348
2253	0.99398244
2254	0.99678431
2255	0.99875181
2256	1.00000000
2257	0.99992840
2258	0.99915230
2259	0.99712951
2260	0.99388228
2261	0.98968273
2262	0.98373274
2263	0.97621057
2264	0.96780985
2265	0.95833495
2266	0.94842856
2267	0.93818752
2268	0.92770780
2269	0.91702104
2270	0.90597951
2271	0.89384371
2272	0.88165575
2273	0.86861704
2274	0.85460324
2275	0.84058628
2276	0.82598123
2277	0.80948042
2278	0.79182917
2279	0.77240520
2280	0.74907137
2281	0.72031195
2282	0.68815487
2283	0.65125598
2284	0.61002440
2285	0.56600904
2286	0.52095058
2287	0.47464344
2288	0.42924778
2289	0.38584718
2290	0.34208462
2291	0.30067509
2292	0.26317221
2293	0.22770037
2294	0.19571781
2295	0.16808736
2296	0.14467686
2297	0.12482737
2298	0.10823403
2299	0.09439655
2300	0.08235799
2301	0.07149445
2302	0.06268550
2303	0.05498009
2304	0.04818852
2305	0.04285814
2306	0.03859244
2307	0.03494044
2308	0.03199172
2309	0.02958044
2310	0.02741084
2311	0.02556884
2312	0.02395058
2313	0.02166741
2314	0.01914570
2315	0.01632139
2316	0.01098370
2317	0.00736032
2318	0.00649061
2319	0.00469736
2320	0.00205874