;; S2B/MSI RSR
;;
;; new RSR October 2023, tabulated QV 2023-10-24
;;
;; source: https://sentinels.copernicus.eu/documents/d/sentinel/s2-srf_cope-gseg-eopg-tn-15-0007_3-2
;; file name: S2-SRF_COPE-GSEG-EOPG-TN-15-0007_3.2.xlsx
;;         
;;
;; datasets: wavelength, RSR
;;
;; BAND 1
411	0.00624110
412	0.01024045
413	0.00402983
414	0.00642179
415	0.00552753
416	0.00655250
417	0.00409887
418	0.00629700
419	0.00436742
420	0.00233356
421	0.00058162
422	0.00202276
423	0.00294328
424	0.00485362
425	0.00317041
426	0.00237657
427	0.00234612
428	0.00440152
429	0.01292397
430	0.05001678
431	0.18650104
432	0.45441623
433	0.72307877
434	0.83999211
435	0.86456334
436	0.87472096
437	0.89215296
438	0.91090814
439	0.92588017
440	0.93924094
441	0.94491826
442	0.95078529
443	0.96803023
444	0.99939195
445	1.00000000
446	0.97548364
447	0.96148351
448	0.94986211
449	0.91841452
450	0.87989802
451	0.80383677
452	0.59752075
453	0.30474132
454	0.10798014
455	0.03044650
456	0.00885119
;; BAND 2
456	0.05529541
457	0.12005068
458	0.25199051
459	0.46236170
460	0.65162379
461	0.77642171
462	0.82319091
463	0.83083116
464	0.83382106
465	0.83752600
466	0.86304286
467	0.88226141
468	0.90486326
469	0.92043837
470	0.93602675
471	0.93053300
472	0.92714067
473	0.91614790
474	0.90551724
475	0.89745515
476	0.90266694
477	0.90854264
478	0.92047913
479	0.92417935
480	0.91845025
481	0.90743244
482	0.89733983
483	0.88646415
484	0.87189983
485	0.85643973
486	0.84473414
487	0.84190734
488	0.85644111
489	0.87782724
490	0.90261174
491	0.91840544
492	0.94585847
493	0.96887192
494	0.99336135
495	0.99927899
496	1.00000000
497	0.99520325
498	0.98412711
499	0.97947473
500	0.97808297
501	0.97213439
502	0.96277794
503	0.95342234
504	0.93802376
505	0.92460144
506	0.90932642
507	0.90192251
508	0.89184298
509	0.88963556
510	0.89146958
511	0.89877911
512	0.91056869
513	0.92427362
514	0.93823555
515	0.95311791
516	0.97150808
517	0.98737003
518	0.99658514
519	0.99367959
520	0.98144714
521	0.95874415
522	0.89291635
523	0.73566218
524	0.52060373
525	0.33228040
526	0.19492197
527	0.11732617
528	0.07507304
529	0.05094154
530	0.03213016
531	0.01510217
532	0.00447984
;; BAND 3
536	0.00188039
537	0.01545903
538	0.03660414
539	0.08100583
540	0.16917887
541	0.33278274
542	0.58622794
543	0.80916412
544	0.91305100
545	0.94472284
546	0.94898813
547	0.94369132
548	0.92845674
549	0.91256938
550	0.90078036
551	0.89958598
552	0.90547138
553	0.92045355
554	0.94065665
555	0.96199681
556	0.98186744
557	0.99858410
558	1.00000000
559	0.99279888
560	0.97801325
561	0.95301174
562	0.92663330
563	0.89359131
564	0.86941793
565	0.84827000
566	0.83908301
567	0.83206209
568	0.82917870
569	0.83305844
570	0.84630939
571	0.86396307
572	0.87268076
573	0.86818339
574	0.85549470
575	0.80839054
576	0.67650876
577	0.45584205
578	0.24737576
579	0.12765465
580	0.05890160
581	0.02564742
582	0.00515905
;; BAND 4
646	0.00499358
647	0.02642563
648	0.11905127
649	0.33320400
650	0.59813448
651	0.80612041
652	0.91152955
653	0.92179127
654	0.91677167
655	0.90751672
656	0.89867522
657	0.89413622
658	0.89685141
659	0.89933396
660	0.90191681
661	0.90710817
662	0.91646220
663	0.92908702
664	0.94266820
665	0.95591935
666	0.96854537
667	0.98264967
668	0.99231022
669	1.00000000
670	0.99904114
671	0.99257339
672	0.97943242
673	0.96553214
674	0.95377013
675	0.94146127
676	0.92151286
677	0.89308475
678	0.83539461
679	0.69759082
680	0.49483622
681	0.27886075
682	0.10892715
683	0.03028701
684	0.00747382
685	0.00087148
;; BAND 5
694	0.01042619
695	0.05713826
696	0.21461286
697	0.54715702
698	0.87088164
699	0.96808183
700	0.99104427
701	1.00000000
702	0.99512875
703	0.98751456
704	0.97910038
705	0.97035979
706	0.95875454
707	0.94130694
708	0.92531149
709	0.89283152
710	0.76531084
711	0.50228771
712	0.17957688
713	0.03379480
714	0.00240526
;; BAND 6
730	0.01739744
731	0.10565746
732	0.38571484
733	0.78168196
734	0.90518378
735	0.91562509
736	0.92258804
737	0.93134141
738	0.94696040
739	0.96535098
740	0.97817455
741	0.99107716
742	0.99990615
743	1.00000000
744	0.97144118
745	0.81937503
746	0.46748011
747	0.09409351
748	0.00983236
;; BAND 7
766	0.01037290
767	0.03754921
768	0.11240409
769	0.25890105
770	0.48035521
771	0.73155954
772	0.91293607
773	0.97124929
774	0.96391197
775	0.95529249
776	0.96483100
777	0.98628988
778	1.00000000
779	0.99782157
780	0.98343012
781	0.96489467
782	0.94619093
783	0.92560158
784	0.90788186
785	0.88471259
786	0.85693094
787	0.82513165
788	0.77340460
789	0.66767522
790	0.47756609
791	0.23225321
792	0.06764032
793	0.01301456
794	0.00117425
;; BAND 8
774	0.00037316
775	0.00296451
776	0.01663315
777	0.02818619
778	0.05000442
779	0.08575595
780	0.14871265
781	0.25701156
782	0.42307501
783	0.62943997
784	0.80112571
785	0.90352196
786	0.93855197
787	0.94406104
788	0.94748920
789	0.96325767
790	0.97948137
791	0.99144397
792	0.99630748
793	1.00000000
794	0.99827121
795	0.99843182
796	0.98914342
797	0.98264167
798	0.96769944
799	0.95752283
800	0.95074919
801	0.94581250
802	0.94267916
803	0.94659580
804	0.94450012
805	0.93992861
806	0.92759688
807	0.91226544
808	0.89079677
809	0.87061020
810	0.85021777
811	0.83416655
812	0.82214927
813	0.81240780
814	0.80920229
815	0.80220847
816	0.79081499
817	0.78239761
818	0.76731527
819	0.75394962
820	0.74226922
821	0.72750987
822	0.71976209
823	0.71456726
824	0.71982866
825	0.72746214
826	0.73945306
827	0.75138424
828	0.76310661
829	0.77122498
830	0.78298312
831	0.78494127
832	0.78409222
833	0.78344980
834	0.78216032
835	0.78062401
836	0.78132572
837	0.78132720
838	0.78100810
839	0.77897938
840	0.77614450
841	0.76910534
842	0.76254940
843	0.75157186
844	0.74086146
845	0.73121299
846	0.71988688
847	0.71025573
848	0.69679744
849	0.68602501
850	0.67163906
851	0.65532408
852	0.64173681
853	0.62683353
854	0.61241074
855	0.60185411
856	0.59380689
857	0.58714687
858	0.58444579
859	0.58231388
860	0.58111599
861	0.57996902
862	0.57480451
863	0.57684802
864	0.57273034
865	0.57144461
866	0.56985127
867	0.57167225
868	0.57154913
869	0.57292235
870	0.57617796
871	0.57849080
872	0.58023702
873	0.57982619
874	0.57868642
875	0.57587451
876	0.56976789
877	0.56173136
878	0.55644176
879	0.54881732
880	0.54508423
881	0.54153848
882	0.54069902
883	0.53850959
884	0.53655263
885	0.53040400
886	0.52068821
887	0.50399678
888	0.48651300
889	0.46813829
890	0.45468861
891	0.44447936
892	0.44177056
893	0.44425396
894	0.44633078
895	0.43914074
896	0.41748156
897	0.36902770
898	0.30165803
899	0.23504284
900	0.17434599
901	0.12247894
902	0.08354059
903	0.05624109
904	0.03804368
905	0.02427229
906	0.01490577
907	0.00615862
;; BAND 8A
848	0.00167523
849	0.01602231
850	0.03225867
851	0.07345268
852	0.16892430
853	0.34543042
854	0.56923369
855	0.79611745
856	0.93749188
857	0.98102805
858	0.98742384
859	0.99457226
860	0.99912415
861	0.99993652
862	1.00000000
863	0.99437257
864	0.98756135
865	0.98263615
866	0.97903230
867	0.97397518
868	0.97130259
869	0.96453380
870	0.95610202
871	0.93941552
872	0.89155652
873	0.77601041
874	0.59518860
875	0.37588812
876	0.18394037
877	0.07870072
878	0.03326860
879	0.01575167
880	0.00159818
;; BAND 9
930	0.01213360
931	0.04608767
932	0.15156613
933	0.35888361
934	0.60704101
935	0.83836043
936	0.93474094
937	0.94270146
938	0.95838078
939	0.99064712
940	0.99789825
941	1.00000000
942	0.98593726
943	0.97333604
944	0.95776631
945	0.97222600
946	0.94856942
947	0.94367414
948	0.90771555
949	0.88460732
950	0.85258329
951	0.83375172
952	0.71599386
953	0.52202762
954	0.26922852
955	0.09477806
956	0.02640828
957	0.00346547
;; BAND 10
1339	0.00002472
1340	0.00013691
1341	0.00012558
1342	0.00008901
1343	0.00012425
1344	0.00009941
1345	0.00013952
1346	0.00015816
1347	0.00019272
1348	0.00025959
1349	0.00032221
1350	0.00034719
1351	0.00036990
1352	0.00054874
1353	0.00105434
1354	0.00218813
1355	0.00480743
1356	0.01135252
1357	0.02671185
1358	0.05776022
1359	0.11176337
1360	0.19587518
1361	0.31418191
1362	0.46188068
1363	0.62292578
1364	0.77098510
1365	0.88086652
1366	0.94489410
1367	0.97405066
1368	0.98616696
1369	0.99306955
1370	0.99775441
1371	1.00000000
1372	0.99942348
1373	0.99616891
1374	0.99082045
1375	0.98421310
1376	0.97708513
1377	0.97013647
1378	0.96374366
1379	0.95755001
1380	0.95127438
1381	0.94546638
1382	0.94069659
1383	0.93759595
1384	0.93624612
1385	0.93510206
1386	0.93054472
1387	0.91630845
1388	0.88530334
1389	0.83129653
1390	0.74856466
1391	0.63524397
1392	0.49733159
1393	0.34907723
1394	0.21259735
1395	0.10971453
1396	0.04789269
1397	0.01853013
1398	0.00716776
1399	0.00315330
1400	0.00157017
1401	0.00084901
1402	0.00053006
1403	0.00033171
1404	0.00019447
1405	0.00022104
1406	0.00022646
1407	0.00018156
1408	0.00016063
1409	0.00015475
1410	0.00014734
1411	0.00014776
1412	0.00017405
1413	0.00023619
1414	0.00012007
1415	0.00004337
;; BAND 11
1538	0.00001154
1539	0.00002707
1540	0.00008129
1541	0.00017010
1542	0.00027422
1543	0.00034456
1544	0.00046028
1545	0.00065214
1546	0.00082283
1547	0.00107791
1548	0.00143060
1549	0.00196134
1550	0.00266427
1551	0.00368682
1552	0.00522456
1553	0.00758401
1554	0.01126335
1555	0.01715812
1556	0.02674581
1557	0.04145595
1558	0.06300627
1559	0.09464207
1560	0.13995799
1561	0.20105412
1562	0.28189591
1563	0.38134665
1564	0.49073450
1565	0.60674263
1566	0.71505301
1567	0.80391496
1568	0.87015099
1569	0.91645643
1570	0.94668952
1571	0.96391534
1572	0.97305962
1573	0.97704089
1574	0.97777566
1575	0.97686717
1576	0.97531356
1577	0.97336816
1578	0.97145630
1579	0.96971570
1580	0.96907419
1581	0.96968255
1582	0.97051178
1583	0.97272986
1584	0.97613656
1585	0.97894419
1586	0.98100830
1587	0.98350836
1588	0.98482920
1589	0.98438948
1590	0.98389859
1591	0.98334634
1592	0.98143010
1593	0.97936035
1594	0.97802641
1595	0.97623515
1596	0.97537114
1597	0.97569131
1598	0.97679261
1599	0.97898052
1600	0.98199689
1601	0.98520852
1602	0.98866135
1603	0.99233425
1604	0.99480248
1605	0.99589079
1606	0.99589110
1607	0.99475534
1608	0.99207775
1609	0.98856394
1610	0.98487690
1611	0.98106836
1612	0.97677436
1613	0.97351815
1614	0.97192459
1615	0.97052192
1616	0.97043004
1617	0.97238350
1618	0.97525347
1619	0.97856769
1620	0.98298866
1621	0.98810437
1622	0.99268138
1623	0.99645012
1624	0.99906860
1625	1.00000000
1626	0.99902738
1627	0.99662493
1628	0.99326995
1629	0.98964700
1630	0.98577051
1631	0.98212932
1632	0.97979728
1633	0.97946062
1634	0.98026200
1635	0.98247241
1636	0.98601349
1637	0.98957829
1638	0.99173488
1639	0.99219848
1640	0.98937107
1641	0.98205611
1642	0.97007817
1643	0.95307506
1644	0.93223131
1645	0.90784439
1646	0.88392149
1647	0.86411672
1648	0.85075738
1649	0.84410342
1650	0.84337963
1651	0.84698191
1652	0.84866039
1653	0.84046041
1654	0.81336359
1655	0.75654857
1656	0.66994259
1657	0.56517119
1658	0.45690882
1659	0.35310835
1660	0.25633426
1661	0.17582806
1662	0.11552613
1663	0.07331010
1664	0.04640345
1665	0.02898639
1666	0.01853597
1667	0.01243537
1668	0.00877131
1669	0.00630418
1670	0.00457459
1671	0.00335323
1672	0.00245906
1673	0.00198800
1674	0.00149989
1675	0.00112208
1676	0.00078208
1677	0.00054086
1678	0.00028019
1679	0.00013260
;; BAND 12
2065	0.00022389
2066	0.00073676
2067	0.00164703
2068	0.00301151
2069	0.00458328
2070	0.00592584
2071	0.00752876
2072	0.00874103
2073	0.01025764
2074	0.01222618
2075	0.01458055
2076	0.01744267
2077	0.02104287
2078	0.02540339
2079	0.03057901
2080	0.03719619
2081	0.04572365
2082	0.05630242
2083	0.06994211
2084	0.08791078
2085	0.11057655
2086	0.13873936
2087	0.17311239
2088	0.21416774
2089	0.26175285
2090	0.31696031
2091	0.38057337
2092	0.44916129
2093	0.52246923
2094	0.59858476
2095	0.67183039
2096	0.73762307
2097	0.79267856
2098	0.83543144
2099	0.86612544
2100	0.88613168
2101	0.89739036
2102	0.90131058
2103	0.90056883
2104	0.89688046
2105	0.89211284
2106	0.88771935
2107	0.88417799
2108	0.88183136
2109	0.88142338
2110	0.88242075
2111	0.88687585
2112	0.89245189
2113	0.89861914
2114	0.90533051
2115	0.91254666
2116	0.91988456
2117	0.92662076
2118	0.93280462
2119	0.93814790
2120	0.94308713
2121	0.94528987
2122	0.94711578
2123	0.94827846
2124	0.94854335
2125	0.94782599
2126	0.94683272
2127	0.94584552
2128	0.94458923
2129	0.94320642
2130	0.94161778
2131	0.94216937
2132	0.94300085
2133	0.94396863
2134	0.94500784
2135	0.94593652
2136	0.94680905
2137	0.94766521
2138	0.94866638
2139	0.94960932
2140	0.95040536
2141	0.95078607
2142	0.95126357
2143	0.95205865
2144	0.95245480
2145	0.95228734
2146	0.95215614
2147	0.95239704
2148	0.95270563
2149	0.95306455
2150	0.95352620
2151	0.95404061
2152	0.95459030
2153	0.95529443
2154	0.95650666
2155	0.95774374
2156	0.95899449
2157	0.96021128
2158	0.96117558
2159	0.96241242
2160	0.96389292
2161	0.96338170
2162	0.96287807
2163	0.96252982
2164	0.96163134
2165	0.96051578
2166	0.95934879
2167	0.95816596
2168	0.95676127
2169	0.95491383
2170	0.95287555
2171	0.95386662
2172	0.95498503
2173	0.95552390
2174	0.95548083
2175	0.95516740
2176	0.95442758
2177	0.95327341
2178	0.95194429
2179	0.95041866
2180	0.94841810
2181	0.94839027
2182	0.94838056
2183	0.94813039
2184	0.94753901
2185	0.94645196
2186	0.94504703
2187	0.94331440
2188	0.94197531
2189	0.94049427
2190	0.93875727
2191	0.94132922
2192	0.94361290
2193	0.94558364
2194	0.94711284
2195	0.94831802
2196	0.94945878
2197	0.95060227
2198	0.95182631
2199	0.95345901
2200	0.95510105
2201	0.95225316
2202	0.95033203
2203	0.94956701
2204	0.94895037
2205	0.94955832
2206	0.95152282
2207	0.95486528
2208	0.95963437
2209	0.96607045
2210	0.97375116
2211	0.97078626
2212	0.96900558
2213	0.96819786
2214	0.96750837
2215	0.96743550
2216	0.96792378
2217	0.96839035
2218	0.96883692
2219	0.96939020
2220	0.96985301
2221	0.96898817
2222	0.96814874
2223	0.96743874
2224	0.96638941
2225	0.96534457
2226	0.96425351
2227	0.96281969
2228	0.96155971
2229	0.96053251
2230	0.95926107
2231	0.95959913
2232	0.96025143
2233	0.96154033
2234	0.96262988
2235	0.96359875
2236	0.96467154
2237	0.96541140
2238	0.96625109
2239	0.96744643
2240	0.96878244
2241	0.97046916
2242	0.97234778
2243	0.97422228
2244	0.97593260
2245	0.97713045
2246	0.97892333
2247	0.98039008
2248	0.98147316
2249	0.98248415
2250	0.98328850
2251	0.98458694
2252	0.98669850
2253	0.98911057
2254	0.99119702
2255	0.99315819
2256	0.99524701
2257	0.99668121
2258	0.99826512
2259	0.99959594
2260	1.00000000
2261	0.99866374
2262	0.99576531
2263	0.99062502
2264	0.98155399
2265	0.96876193
2266	0.95174168
2267	0.92942389
2268	0.90240499
2269	0.87055540
2270	0.83207693
2271	0.78626172
2272	0.73649625
2273	0.68202115
2274	0.62329799
2275	0.56418429
2276	0.50680538
2277	0.45152090
2278	0.40062320
2279	0.35430248
2280	0.30995212
2281	0.26941268
2282	0.23418861
2283	0.20232924
2284	0.17373524
2285	0.14941215
2286	0.12900620
2287	0.11157271
2288	0.09693492
2289	0.08490613
2290	0.07409041
2291	0.06449244
2292	0.05634300
2293	0.04939990
2294	0.04321207
2295	0.03800099
2296	0.03348242
2297	0.02900748
2298	0.02510130
2299	0.02003645
2300	0.01384563
2301	0.00850471
2302	0.00443484
2303	0.00085324