;; S2B/MSI RSR
;;
;; Quinten Vanhellemont 2017-07-12
;;
;; source: https://earth.esa.int/documents/247904/685211/Sentinel-2+MSI+Spectral+Responses/
;;         
;;
;; datasets: wavelength, RSR
;;
;; BAND 1
411	0.006797798
412	0.01099643
413	0.004208363
414	0.006568034
415	0.005883123
416	0.00713011
417	0.004333651
418	0.006263537
419	0.004393687
420	0.00253157
421	0.000621707
422	0.002117729
423	0.003175796
424	0.005213085
425	0.003387375
426	0.00258671
427	0.002384167
428	0.004595227
429	0.012990945
430	0.050622293
431	0.18872241
432	0.459106539
433	0.730160597
434	0.847259495
435	0.871235903
436	0.881448354
437	0.899392736
438	0.918669431
439	0.933420754
440	0.94596319
441	0.95041031
442	0.953972339
443	0.96903168
444	0.999546173
445	1
446	0.976368067
447	0.96404957
448	0.95417544
449	0.923744832
450	0.88548879
451	0.809016274
452	0.601561144
453	0.306766029
454	0.108527711
455	0.030542088
456	0.008935131
;; BAND 2
438	0.001893306
439	0.019440751
440	0.020059028
441	0.014109631
442	0.015612858
443	0.015448868
444	0.017034152
445	0.013311359
446	0.014462036
447	0.009592091
448	0.014500694
449	0.011159264
450	0.013332524
451	0.01355731
452	0.01426
453	0.014717634
454	0.015989541
455	0.030654247
456	0.055432753
457	0.120228972
458	0.252260953
459	0.462862499
460	0.65241169
461	0.77750832
462	0.824333103
463	0.832077099
464	0.835037767
465	0.838761115
466	0.864126031
467	0.883293587
468	0.90569382
469	0.921186621
470	0.936616967
471	0.931024626
472	0.927547539
473	0.916622744
474	0.9060165
475	0.897870416
476	0.903146598
477	0.908994286
478	0.920859439
479	0.924523699
480	0.918843658
481	0.907981319
482	0.898032665
483	0.88735796
484	0.873065866
485	0.857761622
486	0.846132814
487	0.843382711
488	0.857924772
489	0.879320632
490	0.903975503
491	0.919580552
492	0.946712663
493	0.969406608
494	0.993636046
495	0.999320649
496	1
497	0.995107621
498	0.984163047
499	0.979509527
500	0.978185449
501	0.972278886
502	0.96293492
503	0.95355824
504	0.938134944
505	0.924777929
506	0.909590075
507	0.902313691
508	0.892251397
509	0.890060534
510	0.891851681
511	0.899164865
512	0.910901434
513	0.924636296
514	0.938626228
515	0.953526854
516	0.971831245
517	0.987690608
518	0.996791216
519	0.993851876
520	0.9816383
521	0.958970396
522	0.893259218
523	0.736063596
524	0.52101528
525	0.332578748
526	0.195080476
527	0.117429222
528	0.075138809
529	0.050991983
530	0.032154822
531	0.015134166
532	0.004477169
;; BAND 3
536	0.001849077
537	0.015481298
538	0.036661939
539	0.081181302
540	0.169521526
541	0.333499478
542	0.587551283
543	0.810898276
544	0.914486774
545	0.945520385
546	0.949175317
547	0.943501504
548	0.928333429
549	0.912819616
550	0.901482543
551	0.900858652
552	0.907289434
553	0.922649114
554	0.942932043
555	0.964024785
556	0.983470408
557	0.999446482
558	1
559	0.991955712
560	0.976582923
561	0.951151834
562	0.924621468
563	0.891851701
564	0.868157818
565	0.847608394
566	0.83920859
567	0.832980675
568	0.830820549
569	0.835211024
570	0.84875691
571	0.866563551
572	0.875196149
573	0.87037822
574	0.857256926
575	0.809749622
576	0.677463956
577	0.456507841
578	0.247691784
579	0.127866254
580	0.059016809
581	0.025724357
582	0.005219158
;; BAND 4
646	0.005090312
647	0.026897029
648	0.12087986
649	0.33742273
650	0.603624689
651	0.810967523
652	0.91573833
653	0.92605288
654	0.92083242
655	0.911237119
656	0.902005739
657	0.897081513
658	0.899066029
659	0.900672338
660	0.902488081
661	0.906886173
662	0.915610562
663	0.927756371
664	0.941055569
665	0.954196504
666	0.966908428
667	0.981390028
668	0.991619278
669	1
670	0.999754078
671	0.994046577
672	0.981792818
673	0.968692612
674	0.957607907
675	0.945644641
676	0.92580977
677	0.897152993
678	0.838534201
679	0.698446797
680	0.493502787
681	0.276900547
682	0.107781358
683	0.029913795
684	0.007336673
685	0.000838123
;; BAND 5
694	0.010471827
695	0.057252544
696	0.214724996
697	0.547189415
698	0.871043978
699	0.968446586
700	0.99124182
701	1
702	0.99509331
703	0.987602081
704	0.979408704
705	0.970910946
706	0.959528083
707	0.94236861
708	0.926720132
709	0.894557475
710	0.767248071
711	0.504134435
712	0.180610636
713	0.034019737
714	0.002436944
;; BAND 6
730	0.017433807
731	0.105812957
732	0.386050533
733	0.782313159
734	0.905953099
735	0.916416606
736	0.92333441
737	0.932013378
738	0.947550036
739	0.965839591
740	0.978552758
741	0.991319723
742	1
743	0.999955845
744	0.971267313
745	0.81917496
746	0.467395748
747	0.094120897
748	0.009834009
;; BAND 7
766	0.010282026
767	0.037427714
768	0.112026989
769	0.257953812
770	0.478980823
771	0.730216783
772	0.912510408
773	0.971721033
774	0.964616097
775	0.955734525
776	0.964925586
777	0.986223289
778	1
779	0.998046627
780	0.98393444
781	0.96569621
782	0.947277433
783	0.927083998
784	0.90976539
785	0.886948914
786	0.859517187
787	0.827959173
788	0.776383783
789	0.671173028
790	0.481809979
791	0.236251944
792	0.069538392
793	0.013431956
794	0.001257675
;; BAND 8
774	0.000386696
775	0.003018401
776	0.01669158
777	0.028340486
778	0.0502885
779	0.08626388
780	0.149596686
781	0.258428566
782	0.425108406
783	0.631697563
784	0.803109115
785	0.904984654
786	0.939674653
787	0.944958731
788	0.948238826
789	0.963880684
790	0.979861632
791	0.991635585
792	0.996362309
793	1
794	0.998257939
795	0.998488834
796	0.989253171
797	0.98294089
798	0.968189827
799	0.958222106
800	0.951650369
801	0.947054991
802	0.944166995
803	0.948383123
804	0.946461415
805	0.942132884
806	0.929937199
807	0.914683918
808	0.893248878
809	0.873037871
810	0.852648452
811	0.836447483
812	0.824300756
813	0.814333379
814	0.810955964
815	0.803715941
816	0.791980175
817	0.783270185
818	0.767838865
819	0.754167357
820	0.742309406
821	0.727235815
822	0.719323269
823	0.713866399
824	0.718941021
825	0.726527917
826	0.738324031
827	0.750210769
828	0.761800392
829	0.769900245
830	0.781725199
831	0.78381047
832	0.783069959
833	0.782718588
834	0.781644143
835	0.780380397
836	0.781443024
837	0.781701218
838	0.78177353
839	0.780064535
840	0.777591823
841	0.770831803
842	0.764574958
843	0.753876586
844	0.743324604
845	0.733775698
846	0.722497914
847	0.712900724
848	0.699439134
849	0.688575227
850	0.674039061
851	0.657552716
852	0.643729834
853	0.62865391
854	0.614005803
855	0.603233252
856	0.594982815
857	0.588091928
858	0.585186507
859	0.582889219
860	0.581493721
861	0.580137218
862	0.574804624
863	0.576654614
864	0.572399696
865	0.570992768
866	0.569291451
867	0.571025201
868	0.570861066
869	0.572213154
870	0.575418141
871	0.577804028
872	0.579603586
873	0.579294979
874	0.578302049
875	0.57565598
876	0.569721665
877	0.561891364
878	0.556830745
879	0.549385012
880	0.545858439
881	0.542536249
882	0.541895109
883	0.539852497
884	0.537997281
885	0.53195493
886	0.522275927
887	0.505572421
888	0.48804203
889	0.469610434
890	0.456107021
891	0.445848869
892	0.443119818
893	0.445581498
894	0.447532506
895	0.440183411
896	0.418240241
897	0.369455837
898	0.301788007
899	0.235014942
900	0.174244972
901	0.122382945
902	0.083462794
903	0.056162189
904	0.038006008
905	0.024240249
906	0.014845963
907	0.006132899
;; BAND 8A
848	0.001661751
849	0.01602581
850	0.032253895
851	0.073411273
852	0.168937582
853	0.345506138
854	0.569417239
855	0.79634996
856	0.937581155
857	0.980942645
858	0.987241334
859	0.994409463
860	0.998963959
861	0.999788107
862	1
863	0.994482469
864	0.987807181
865	0.983157165
866	0.979826684
867	0.975089851
868	0.972818786
869	0.966320275
870	0.958195153
871	0.941870745
872	0.894185366
873	0.778588669
874	0.597362542
875	0.377361257
876	0.184667876
877	0.079045495
878	0.033393337
879	0.015808546
880	0.00162404
;; BAND 9
930	0.012121122
931	0.046022418
932	0.151408217
933	0.358642184
934	0.606574394
935	0.837342317
936	0.933378313
937	0.941428569
938	0.95729331
939	0.989803625
940	0.997444519
941	1
942	0.9863781
943	0.974191899
944	0.958968621
945	0.973776634
946	0.950411873
947	0.94578786
948	0.909973936
949	0.887002674
950	0.855135879
951	0.836537904
952	0.718536234
953	0.52369103
954	0.269748749
955	0.09480081
956	0.026387561
957	0.003433415
;; BAND 10
1339	0.000024519
1340	0.000136201
1341	0.000124629
1342	0.000088936
1343	0.000124168
1344	0.000099355
1345	0.000139099
1346	0.000157557
1347	0.000192392
1348	0.00025967
1349	0.000322212
1350	0.00034665
1351	0.000368979
1352	0.000547142
1353	0.001050938
1354	0.00218105
1355	0.004790717
1356	0.011310302
1357	0.026613248
1358	0.057559739
1359	0.111412066
1360	0.19534134
1361	0.313481067
1362	0.461097437
1363	0.6221953
1364	0.770430827
1365	0.880535922
1366	0.944739275
1367	0.97397875
1368	0.98611756
1369	0.993032255
1370	0.997734947
1371	1
1372	0.999440391
1373	0.996198129
1374	0.990856204
1375	0.984248642
1376	0.977116358
1377	0.970164279
1378	0.963770069
1379	0.957577366
1380	0.951303557
1381	0.945493586
1382	0.940718335
1383	0.937614311
1384	0.936274454
1385	0.935168115
1386	0.930686598
1387	0.916569659
1388	0.885721386
1389	0.831894981
1390	0.749343254
1391	0.636158996
1392	0.498288066
1393	0.349944188
1394	0.21325372
1395	0.110112562
1396	0.048081597
1397	0.018603066
1398	0.007193874
1399	0.003163765
1400	0.001575442
1401	0.000851825
1402	0.000531218
1403	0.00033209
1404	0.000194334
1405	0.000220804
1406	0.000226309
1407	0.000181374
1408	0.000160139
1409	0.000154509
1410	0.000147455
1411	0.000147793
1412	0.000174384
1413	0.000234351
1414	0.000119559
1415	0.000043811
;; BAND 11
1538	0.0000115
1539	0.000026996
1540	0.000081157
1541	0.000169507
1542	0.000273428
1543	0.000343776
1544	0.000459515
1545	0.000651677
1546	0.0008223
1547	0.001076746
1548	0.001428776
1549	0.001958681
1550	0.002660821
1551	0.003682001
1552	0.005217308
1553	0.007572684
1554	0.011246256
1555	0.01713141
1556	0.026703068
1557	0.041388968
1558	0.062904714
1559	0.094492263
1560	0.139743066
1561	0.200760503
1562	0.281513117
1563	0.380879812
1564	0.490209915
1565	0.606204368
1566	0.714558374
1567	0.80351452
1568	0.86986655
1569	0.916284448
1570	0.946609049
1571	0.963892644
1572	0.973065345
1573	0.977057349
1574	0.977796293
1575	0.976890332
1576	0.975338048
1577	0.973392995
1578	0.971480798
1579	0.969740168
1580	0.969095034
1581	0.96969742
1582	0.970522078
1583	0.972736269
1584	0.976138953
1585	0.978944681
1586	0.981010782
1587	0.983513536
1588	0.984837133
1589	0.984404132
1590	0.983920166
1591	0.983372624
1592	0.981458796
1593	0.979391949
1594	0.978058392
1595	0.976263051
1596	0.975392679
1597	0.9757089
1598	0.976805245
1599	0.978986183
1600	0.981998545
1601	0.98520893
1602	0.988659162
1603	0.992331977
1604	0.994804634
1605	0.99589809
1606	0.995903119
1607	0.994773417
1608	0.992101664
1609	0.988591774
1610	0.984908418
1611	0.981101728
1612	0.976805235
1613	0.97354566
1614	0.971948013
1615	0.97053597
1616	0.970436371
1617	0.972382602
1618	0.975244492
1619	0.978552743
1620	0.982971465
1621	0.98808508
1622	0.992662671
1623	0.996435703
1624	0.99906056
1625	1
1626	0.999036445
1627	0.996642174
1628	0.993293536
1629	0.989674029
1630	0.98579838
1631	0.982153372
1632	0.979817194
1633	0.979473331
1634	0.980262857
1635	0.982464858
1636	0.986000509
1637	0.989562258
1638	0.991723341
1639	0.992201372
1640	0.98939229
1641	0.982102331
1642	0.970157085
1643	0.953186779
1644	0.932369062
1645	0.908001591
1646	0.884086561
1647	0.864271526
1648	0.850889881
1649	0.844206087
1650	0.843448232
1651	0.847024828
1652	0.848701823
1653	0.840540222
1654	0.81352592
1655	0.756843245
1656	0.670393147
1657	0.565754809
1658	0.457566037
1659	0.353763564
1660	0.256912748
1661	0.176281
1662	0.115842988
1663	0.073512768
1664	0.046527708
1665	0.02905985
1666	0.018579999
1667	0.012463091
1668	0.00878944
1669	0.006316358
1670	0.004582867
1671	0.003359394
1672	0.002462997
1673	0.001990739
1674	0.001501488
1675	0.001123371
1676	0.00078272
1677	0.000541322
1678	0.000281204
1679	0.00013347
;; BAND 12
2065	0.000227567
2066	0.000739283
2067	0.001656775
2068	0.003019587
2069	0.004589377
2070	0.005924935
2071	0.007534774
2072	0.008748008
2073	0.010265481
2074	0.012236179
2075	0.014593479
2076	0.017458937
2077	0.021063245
2078	0.025428056
2079	0.03060944
2080	0.037234457
2081	0.045771325
2082	0.056362502
2083	0.070016996
2084	0.088004988
2085	0.110694417
2086	0.138884174
2087	0.173287791
2088	0.214374591
2089	0.261990789
2090	0.317227795
2091	0.380865706
2092	0.449470316
2093	0.522785467
2094	0.598898522
2095	0.672128213
2096	0.737899139
2097	0.792930708
2098	0.835658783
2099	0.866335142
2100	0.886329697
2101	0.897588245
2102	0.901517855
2103	0.900790721
2104	0.897113531
2105	0.892352598
2106	0.88796428
2107	0.884432193
2108	0.882095059
2109	0.881695748
2110	0.88269782
2111	0.887154405
2112	0.892732955
2113	0.898903582
2114	0.905619271
2115	0.912841006
2116	0.920179789
2117	0.926912882
2118	0.933094888
2119	0.938438355
2120	0.943377038
2121	0.945579227
2122	0.947407512
2123	0.948568289
2124	0.94882972
2125	0.948111791
2126	0.947115734
2127	0.946126982
2128	0.944870644
2129	0.943485039
2130	0.941894052
2131	0.942445527
2132	0.943274219
2133	0.944243794
2134	0.94528606
2135	0.946212496
2136	0.947084905
2137	0.947941677
2138	0.948940117
2139	0.949880321
2140	0.950676414
2141	0.951054332
2142	0.951531833
2143	0.952326952
2144	0.952721089
2145	0.952552047
2146	0.952417855
2147	0.952654092
2148	0.95296197
2149	0.95331832
2150	0.953779111
2151	0.954291677
2152	0.954837035
2153	0.955539257
2154	0.956750259
2155	0.957986198
2156	0.959237259
2157	0.960451396
2158	0.96141302
2159	0.96264388
2160	0.964122014
2161	0.963609737
2162	0.963104517
2163	0.962753979
2164	0.961850624
2165	0.960730243
2166	0.959560745
2167	0.958377188
2168	0.956972347
2169	0.955119849
2170	0.953076144
2171	0.95406055
2172	0.955176712
2173	0.955719159
2174	0.955674616
2175	0.955356546
2176	0.954611539
2177	0.953453566
2178	0.952124922
2179	0.950597985
2180	0.948594073
2181	0.948562399
2182	0.948548442
2183	0.94829598
2184	0.947706109
2185	0.946620434
2186	0.94521576
2187	0.943480979
2188	0.942137936
2189	0.940654943
2190	0.938918576
2191	0.941493007
2192	0.943778866
2193	0.945751584
2194	0.947277308
2195	0.948481875
2196	0.949621704
2197	0.950767479
2198	0.951991493
2199	0.953624457
2200	0.955262594
2201	0.952413026
2202	0.950488752
2203	0.949721652
2204	0.949105026
2205	0.949712169
2206	0.95167296
2207	0.955012323
2208	0.959777857
2209	0.966208245
2210	0.973886163
2211	0.970920044
2212	0.969139883
2213	0.968329935
2214	0.967635904
2215	0.967555279
2216	0.968040602
2217	0.968508397
2218	0.968956722
2219	0.969510275
2220	0.969967732
2221	0.969097684
2222	0.968258197
2223	0.967549788
2224	0.96650394
2225	0.965459532
2226	0.964366923
2227	0.962929804
2228	0.961665594
2229	0.96063821
2230	0.959368085
2231	0.959707097
2232	0.960359643
2233	0.9616448
2234	0.962729828
2235	0.96370081
2236	0.964773629
2237	0.965512685
2238	0.96634935
2239	0.96753842
2240	0.96886815
2241	0.970549249
2242	0.972426171
2243	0.974301395
2244	0.976012041
2245	0.977203216
2246	0.978986062
2247	0.980446263
2248	0.981524356
2249	0.982531672
2250	0.983336508
2251	0.98463147
2252	0.986737985
2253	0.989144288
2254	0.991223348
2255	0.99318448
2256	0.995273324
2257	0.996704667
2258	0.998282418
2259	0.999605161
2260	1
2261	0.998654554
2262	0.995753158
2263	0.990605371
2264	0.981520886
2265	0.968715091
2266	0.951679125
2267	0.929343556
2268	0.902305299
2269	0.87044084
2270	0.831947776
2271	0.786119345
2272	0.736343248
2273	0.681862245
2274	0.623137717
2275	0.564024643
2276	0.506650261
2277	0.451376118
2278	0.400487569
2279	0.354176773
2280	0.309839746
2281	0.269312679
2282	0.234102225
2283	0.20225298
2284	0.173669677
2285	0.149356419
2286	0.128957364
2287	0.111530972
2288	0.09689948
2289	0.084874763
2290	0.074063524
2291	0.064469344
2292	0.056321561
2293	0.049381236
2294	0.043196026
2295	0.037986086
2296	0.033468826
2297	0.028983375
2298	0.025085752
2299	0.020007676
2300	0.013837921
2301	0.008464001
2302	0.004443102
2303	0.000848571
