# Sentinel-2C / MSI RSR
# QV 2024-10-11 from COPE-GSEG-EOPG-TN-15-0007 - Sentinel-2 Spectral Response Functions 2024 - 4.0.xlsx
# 
#
# S2C_MSI Band 1
# -------------------
414.0 0.00182758
415.0 0.00176219
416.0 0.00174835
417.0 0.00177315
418.0 0.00174166
419.0 0.00175671
420.0 0.00171909
421.0 0.00172996
422.0 0.00170544
423.0 0.00163243
424.0 0.00156834
425.0 0.00156899
426.0 0.00149403
427.0 0.00151818
428.0 0.00155589
429.0 0.00159342
430.0 0.0017176
431.0 0.00239482
432.0 0.01343324
433.0 0.16074943
434.0 0.56856624
435.0 0.79337977
436.0 0.83889418
437.0 0.8692385
438.0 0.88238687
439.0 0.90595802
440.0 0.92322662
441.0 0.91765842
442.0 0.90681059
443.0 0.89970444
444.0 0.90902188
445.0 0.91999798
446.0 0.93381186
447.0 0.95270212
448.0 0.97465774
449.0 0.99129065
450.0 0.99845487
451.0 1.0
452.0 0.99495166
453.0 0.92790092
454.0 0.56505458
455.0 0.13733275
456.0 0.01648048
457.0 0.00322288
458.0 0.00144285
459.0 0.00103454
460.0 0.00087598
461.0 0.00080781
462.0 0.00077929
463.0 0.00076341
464.0 0.00071158
465.0 0.00066263
466.0 0.0006252
467.0 0.00062659
468.0 0.00063913
469.0 0.00063866
470.0 0.00062919
471.0 0.00060569
472.0 0.00055758
473.0 0.00050213
474.0 0.00044574
# -------------------
# S2C_MSI Band 2
# -------------------
436.0 0.00581209
437.0 0.00561675
438.0 0.00557424
439.0 0.00534563
440.0 0.00519343
441.0 0.00505473
442.0 0.00494236
443.0 0.00497923
444.0 0.00477391
445.0 0.00455943
446.0 0.00434264
447.0 0.00425329
448.0 0.0041826
449.0 0.00414258
450.0 0.00416513
451.0 0.00431354
452.0 0.0051269
453.0 0.00924195
454.0 0.02788481
455.0 0.12563559
456.0 0.44773988
457.0 0.81587119
458.0 0.89685156
459.0 0.90598715
460.0 0.90248328
461.0 0.89398889
462.0 0.88482345
463.0 0.8807448
464.0 0.88621601
465.0 0.89958606
466.0 0.91520517
467.0 0.92750376
468.0 0.92882805
469.0 0.91691092
470.0 0.89617199
471.0 0.8731742
472.0 0.85491326
473.0 0.84697194
474.0 0.84924476
475.0 0.86172881
476.0 0.88542704
477.0 0.9176229
478.0 0.94690435
479.0 0.95926429
480.0 0.95391007
481.0 0.92337864
482.0 0.88171045
483.0 0.83866134
484.0 0.80524535
485.0 0.78493715
486.0 0.77924536
487.0 0.78802067
488.0 0.80572753
489.0 0.82344844
490.0 0.84001474
491.0 0.85656042
492.0 0.87375239
493.0 0.88755812
494.0 0.89387302
495.0 0.89424699
496.0 0.89155333
497.0 0.88904227
498.0 0.88976249
499.0 0.89547922
500.0 0.90888393
501.0 0.92653229
502.0 0.95068581
503.0 0.97270844
504.0 0.98090065
505.0 0.97426096
506.0 0.95520256
507.0 0.92673844
508.0 0.89490381
509.0 0.86749989
510.0 0.84860984
511.0 0.84236722
512.0 0.85160705
513.0 0.87296896
514.0 0.89834144
515.0 0.92553162
516.0 0.95565785
517.0 0.98479042
518.0 1.0
519.0 0.98624175
520.0 0.89786701
521.0 0.64665561
522.0 0.30800822
523.0 0.10709013
524.0 0.04095369
525.0 0.01825677
526.0 0.00928002
527.0 0.00529101
528.0 0.00348964
529.0 0.00263867
530.0 0.00215686
531.0 0.00187862
532.0 0.00167292
533.0 0.00156915
534.0 0.001526
535.0 0.00151066
536.0 0.00150558
537.0 0.00151593
538.0 0.00150779
539.0 0.00146935
540.0 0.00143544
541.0 0.00138739
542.0 0.00136549
543.0 0.00072317
# -------------------
# S2C_MSI Band 3
# -------------------
522.0 8.157e-05
523.0 0.00066641
524.0 0.00071897
525.0 0.00083377
526.0 0.00101311
527.0 0.00107066
528.0 0.00103226
529.0 0.00105055
530.0 0.00110685
531.0 0.00120911
532.0 0.00126081
533.0 0.00124884
534.0 0.00124923
535.0 0.00130342
536.0 0.00146974
537.0 0.00188155
538.0 0.00291822
539.0 0.00539007
540.0 0.01271456
541.0 0.04176891
542.0 0.17729071
543.0 0.54945111
544.0 0.87793087
545.0 0.96104149
546.0 0.96873939
547.0 0.97152826
548.0 0.96152463
549.0 0.94825272
550.0 0.9364271
551.0 0.92689953
552.0 0.92262444
553.0 0.92673684
554.0 0.93589684
555.0 0.94794307
556.0 0.96104407
557.0 0.97392542
558.0 0.98488012
559.0 0.9932096
560.0 0.99919513
561.0 1.0
562.0 0.99001053
563.0 0.9716939
564.0 0.95486684
565.0 0.94319039
566.0 0.93486017
567.0 0.92703673
568.0 0.92220085
569.0 0.9251953
570.0 0.93557013
571.0 0.94883248
572.0 0.95940323
573.0 0.96790723
574.0 0.9748133
575.0 0.98014832
576.0 0.97775192
577.0 0.90095623
578.0 0.60308291
579.0 0.25252034
580.0 0.08152405
581.0 0.02743601
582.0 0.01047672
583.0 0.00478877
584.0 0.00278504
585.0 0.00191717
586.0 0.00145442
587.0 0.00120403
588.0 0.00106692
589.0 0.00102939
590.0 0.00106386
591.0 0.00114343
592.0 0.00120346
593.0 0.00115606
594.0 0.00098209
595.0 0.00078714
596.0 0.00064697
597.0 0.00056156
598.0 0.00051292
599.0 0.00051254
# -------------------
# S2C_MSI Band 4
# -------------------
630.0 0.00072495
631.0 0.00067953
632.0 0.00055633
633.0 0.00044453
634.0 0.00038798
635.0 0.00036298
636.0 0.00036151
637.0 0.0003695
638.0 0.00039185
639.0 0.00043727
640.0 0.00049592
641.0 0.00059393
642.0 0.00076071
643.0 0.00104977
644.0 0.00157623
645.0 0.00248616
646.0 0.00447622
647.0 0.00954832
648.0 0.02403303
649.0 0.06759162
650.0 0.17739783
651.0 0.41429503
652.0 0.73522461
653.0 0.92808255
654.0 0.96462147
655.0 0.96480885
656.0 0.96204362
657.0 0.95539632
658.0 0.94765049
659.0 0.94241519
660.0 0.93945425
661.0 0.93887659
662.0 0.94088614
663.0 0.9446717
664.0 0.95148654
665.0 0.95881145
666.0 0.96570839
667.0 0.97126869
668.0 0.97615516
669.0 0.98197906
670.0 0.98850481
671.0 0.99518579
672.0 0.99956988
673.0 1.0
674.0 0.99759436
675.0 0.99338082
676.0 0.98592818
677.0 0.97236683
678.0 0.9529575
679.0 0.92344847
680.0 0.85543935
681.0 0.68821494
682.0 0.4182541
683.0 0.18824224
684.0 0.07465708
685.0 0.03282836
686.0 0.01528275
687.0 0.00761471
688.0 0.00415471
689.0 0.00250253
690.0 0.00167378
691.0 0.00117426
692.0 0.00085817
693.0 0.00066068
694.0 0.00053252
695.0 0.00045262
696.0 0.00039405
697.0 0.00034974
698.0 0.00031701
699.0 0.00029853
700.0 0.0002817
701.0 0.00027444
702.0 0.00027251
703.0 0.00027435
# -------------------
# S2C_MSI Band 5
# -------------------
678.0 4.101e-05
679.0 0.00014092
680.0 0.0001436
681.0 0.0001467
682.0 0.00015586
683.0 0.00016587
684.0 0.0001676
685.0 0.00017598
686.0 0.00018772
687.0 0.00019774
688.0 0.00020914
689.0 0.00023599
690.0 0.0002707
691.0 0.0003207
692.0 0.00041638
693.0 0.00061835
694.0 0.00113162
695.0 0.00251702
696.0 0.00729115
697.0 0.02885108
698.0 0.11981149
699.0 0.36581671
700.0 0.70196487
701.0 0.92166979
702.0 0.95458504
703.0 0.96276758
704.0 0.97394389
705.0 0.98106252
706.0 0.9850639
707.0 0.98687623
708.0 0.9882295
709.0 0.9913515
710.0 0.996315
711.0 1.0
712.0 0.99347856
713.0 0.92826859
714.0 0.71421131
715.0 0.39354093
716.0 0.13011195
717.0 0.03416611
718.0 0.00997587
719.0 0.0037773
720.0 0.00178667
721.0 0.00095926
722.0 0.00058113
723.0 0.0004055
724.0 0.00031656
725.0 0.00026095
726.0 0.00022554
727.0 0.00020309
728.0 0.00018919
729.0 0.00018133
730.0 0.00016916
731.0 0.00016484
732.0 0.00015776
733.0 0.00015189
734.0 0.00015145
735.0 0.00015232
736.0 6.407e-05
# -------------------
# S2C_MSI Band 6
# -------------------
712.0 0.00022058
713.0 0.00024707
714.0 0.00023011
715.0 0.00021634
716.0 0.00021348
717.0 0.00021271
718.0 0.00021565
719.0 0.00022855
720.0 0.00024439
721.0 0.00027521
722.0 0.00031313
723.0 0.00038369
724.0 0.00047346
725.0 0.00062306
726.0 0.00089975
727.0 0.00146109
728.0 0.00270142
729.0 0.00569305
730.0 0.01347978
731.0 0.03971335
732.0 0.1309495
733.0 0.37500526
734.0 0.6938932
735.0 0.91536384
736.0 0.96992613
737.0 0.97077671
738.0 0.97853869
739.0 0.98573872
740.0 0.9906843
741.0 0.99529959
742.0 0.99820299
743.0 0.99979525
744.0 1.0
745.0 0.99699651
746.0 0.98233102
747.0 0.91133153
748.0 0.70439314
749.0 0.39898195
750.0 0.16095298
751.0 0.05482391
752.0 0.01952492
753.0 0.00789131
754.0 0.0039041
755.0 0.00222423
756.0 0.00135738
757.0 0.00090122
758.0 0.00064029
759.0 0.00050039
760.0 0.00041252
761.0 0.0003488
762.0 0.00030239
763.0 0.0002798
764.0 0.00026266
765.0 0.00026084
766.0 0.00025279
767.0 0.00025902
768.0 0.00028015
769.0 0.0003056
770.0 0.00033711
# -------------------
# S2C_MSI Band 7
# -------------------
753.0 7.271e-05
754.0 0.00011542
755.0 0.00011986
756.0 0.00012656
757.0 0.0001343
758.0 0.00014465
759.0 0.00015352
760.0 0.00016701
761.0 0.00018719
762.0 0.0002152
763.0 0.0002526
764.0 0.00031053
765.0 0.00040091
766.0 0.00055487
767.0 0.00086045
768.0 0.00150414
769.0 0.00289146
770.0 0.00614148
771.0 0.01554386
772.0 0.04522845
773.0 0.13593039
774.0 0.32272011
775.0 0.5961228
776.0 0.86401951
777.0 0.9845145
778.0 1.0
779.0 0.99494539
780.0 0.9894194
781.0 0.98314144
782.0 0.97735208
783.0 0.97239496
784.0 0.96827805
785.0 0.96417498
786.0 0.95944212
787.0 0.95459688
788.0 0.94991561
789.0 0.94576626
790.0 0.94129427
791.0 0.93533718
792.0 0.92162748
793.0 0.86449009
794.0 0.71753314
795.0 0.48026872
796.0 0.23076159
797.0 0.08372818
798.0 0.02880142
799.0 0.01221512
800.0 0.00580146
801.0 0.00292678
802.0 0.001608
803.0 0.00096909
804.0 0.0006549
805.0 0.00047519
806.0 0.00036438
807.0 0.00029496
808.0 0.00024486
809.0 0.0002132
810.0 0.00018814
811.0 0.0001697
812.0 0.00015813
813.0 0.00014978
814.0 0.00014039
815.0 0.00013908
816.0 0.00013326
# -------------------
# S2C_MSI Band 8
# -------------------
761.0 8.338e-05
762.0 0.00077201
763.0 0.00107223
764.0 0.00114625
765.0 0.00124869
766.0 0.00139741
767.0 0.00158938
768.0 0.00187594
769.0 0.00220534
770.0 0.00262755
771.0 0.00323778
772.0 0.00406459
773.0 0.00525545
774.0 0.00680024
775.0 0.00894715
776.0 0.01220517
777.0 0.01704448
778.0 0.02459718
779.0 0.03562558
780.0 0.05251241
781.0 0.07984929
782.0 0.12295599
783.0 0.19027948
784.0 0.28071076
785.0 0.39922714
786.0 0.54181699
787.0 0.68895984
788.0 0.81635215
789.0 0.90139435
790.0 0.95313465
791.0 0.98153491
792.0 0.99496088
793.0 0.99928448
794.0 1.0
795.0 0.99800973
796.0 0.99396461
797.0 0.98962272
798.0 0.98303502
799.0 0.97755707
800.0 0.97092148
801.0 0.96101093
802.0 0.9505081
803.0 0.93879663
804.0 0.92748218
805.0 0.9152587
806.0 0.90309662
807.0 0.88941031
808.0 0.87676968
809.0 0.86487559
810.0 0.85277293
811.0 0.84133344
812.0 0.82876979
813.0 0.8168757
814.0 0.80611667
815.0 0.79445317
816.0 0.78354542
817.0 0.77240388
818.0 0.76251356
819.0 0.75349768
820.0 0.7455909
821.0 0.73659854
822.0 0.72816061
823.0 0.72088799
824.0 0.71630894
825.0 0.7119152
826.0 0.70810537
827.0 0.70491489
828.0 0.70188847
829.0 0.69973709
830.0 0.69760989
831.0 0.69593998
832.0 0.69430508
833.0 0.6932621
834.0 0.69319507
835.0 0.69301887
836.0 0.69419051
837.0 0.69601049
838.0 0.6980607
839.0 0.70060048
840.0 0.70311963
841.0 0.70296416
842.0 0.70307637
843.0 0.7015046
844.0 0.69857793
845.0 0.69473726
846.0 0.68921048
847.0 0.68287824
848.0 0.67538836
849.0 0.66811464
850.0 0.66069953
851.0 0.65288987
852.0 0.64633605
853.0 0.63925263
854.0 0.63414952
855.0 0.62887946
856.0 0.62366835
857.0 0.6193564
858.0 0.61390223
859.0 0.60928001
860.0 0.603645
861.0 0.59704178
862.0 0.59026599
863.0 0.58248911
864.0 0.5756726
865.0 0.56844931
866.0 0.56138222
867.0 0.55524414
868.0 0.54920369
869.0 0.54467674
870.0 0.54031352
871.0 0.53669054
872.0 0.53344616
873.0 0.53028999
874.0 0.52752822
875.0 0.52429785
876.0 0.52134072
877.0 0.51718626
878.0 0.51407011
879.0 0.50981659
880.0 0.50594674
881.0 0.50227966
882.0 0.49751059
883.0 0.49387689
884.0 0.4887999
885.0 0.48399474
886.0 0.47792815
887.0 0.47055638
888.0 0.46328494
889.0 0.45524392
890.0 0.44768769
891.0 0.44028313
892.0 0.43373732
893.0 0.42888174
894.0 0.42506552
895.0 0.41926121
896.0 0.40863167
897.0 0.38666811
898.0 0.34851253
899.0 0.30038685
900.0 0.24199315
901.0 0.18192754
902.0 0.12824652
903.0 0.08729955
904.0 0.06080955
905.0 0.04215443
906.0 0.02919419
907.0 0.02015859
908.0 0.0143241
909.0 0.01066705
910.0 0.00801799
911.0 0.00607097
912.0 0.00460358
913.0 0.00357797
914.0 0.00288335
915.0 0.00234352
916.0 0.00191144
917.0 0.0015565
918.0 0.0012932
919.0 0.00109601
920.0 0.00094644
921.0 0.00083153
922.0 0.00073356
923.0 0.00023968
# -------------------
# S2C_MSI Band 8A
# -------------------
834.0 0.00014085
835.0 0.00016582
836.0 0.00016957
837.0 0.00017988
838.0 0.00019164
839.0 0.00019982
840.0 0.00021346
841.0 0.00022982
842.0 0.00025674
843.0 0.00030072
844.0 0.00034792
845.0 0.00043092
846.0 0.00057059
847.0 0.00082223
848.0 0.00130914
849.0 0.00218761
850.0 0.00410007
851.0 0.00881513
852.0 0.02184811
853.0 0.0583682
854.0 0.14177373
855.0 0.31471883
856.0 0.58066995
857.0 0.84201617
858.0 0.97572244
859.0 1.0
860.0 0.99747077
861.0 0.98871937
862.0 0.97735675
863.0 0.96789894
864.0 0.96399519
865.0 0.96422724
866.0 0.96502892
867.0 0.96279973
868.0 0.956284
869.0 0.94721366
870.0 0.93631743
871.0 0.9232905
872.0 0.90552703
873.0 0.87056653
874.0 0.79724028
875.0 0.65304349
876.0 0.43759252
877.0 0.22648789
878.0 0.09601967
879.0 0.04211745
880.0 0.01903928
881.0 0.00894849
882.0 0.00451148
883.0 0.00246106
884.0 0.00152558
885.0 0.00100305
886.0 0.00068716
887.0 0.00049304
888.0 0.00037519
889.0 0.00030481
890.0 0.00025922
891.0 0.000223
892.0 0.00019761
893.0 0.00017715
894.0 0.0001619
895.0 0.00015389
896.0 0.00014009
897.0 0.00013804
898.0 4.678e-05
# -------------------
# S2C_MSI Band 9
# -------------------
916.0 0.00013875
917.0 0.0001435
918.0 0.00014714
919.0 0.00015371
920.0 0.00015933
921.0 0.00016487
922.0 0.00017127
923.0 0.00018156
924.0 0.00019004
925.0 0.0002038
926.0 0.00022179
927.0 0.00025206
928.0 0.00030405
929.0 0.00041011
930.0 0.00065361
931.0 0.00128327
932.0 0.00315857
933.0 0.00867841
934.0 0.0240532
935.0 0.06732782
936.0 0.17344766
937.0 0.3814013
938.0 0.65570918
939.0 0.88470434
940.0 0.98771233
941.0 1.0
942.0 0.98791293
943.0 0.9773829
944.0 0.9665888
945.0 0.96331198
946.0 0.9478647
947.0 0.93778865
948.0 0.92011679
949.0 0.90912735
950.0 0.89506135
951.0 0.89101283
952.0 0.87789603
953.0 0.87233042
954.0 0.8596733
955.0 0.83798189
956.0 0.7727829
957.0 0.61416142
958.0 0.37777752
959.0 0.16169268
960.0 0.04808435
961.0 0.01234207
962.0 0.00356937
963.0 0.00131164
964.0 0.00064081
965.0 0.00039056
966.0 0.00027663
967.0 0.00022265
968.0 0.00019437
969.0 0.00017733
970.0 0.00016271
971.0 0.00015605
972.0 0.00014887
973.0 0.00014264
974.0 0.00013849
975.0 0.00013511
976.0 0.00013252
977.0 0.00012741
978.0 0.00012387
979.0 3.442e-05
# -------------------
# S2C_MSI Band 10
# -------------------
1332.0 0.00026044
1333.0 0.0003252
1334.0 0.00048756
1335.0 0.00067875
1336.0 0.00071417
1337.0 0.00075984
1338.0 0.00081968
1339.0 0.00089769
1340.0 0.00099754
1341.0 0.00113314
1342.0 0.00132908
1343.0 0.0016257
1344.0 0.0020886
1345.0 0.00283361
1346.0 0.00409002
1347.0 0.00627613
1348.0 0.01010195
1349.0 0.01666871
1350.0 0.02804925
1351.0 0.0483606
1352.0 0.08471358
1353.0 0.14744077
1354.0 0.24615548
1355.0 0.38400753
1356.0 0.5506481
1357.0 0.71650756
1358.0 0.84687174
1359.0 0.92563782
1360.0 0.96144356
1361.0 0.97431229
1362.0 0.9794882
1363.0 0.98373267
1364.0 0.98843476
1365.0 0.99279174
1366.0 0.99607391
1367.0 0.99821126
1368.0 0.99945001
1369.0 1.0
1370.0 0.99977872
1371.0 0.99857314
1372.0 0.99598798
1373.0 0.9918287
1374.0 0.98633299
1375.0 0.98014278
1376.0 0.97397991
1377.0 0.96843387
1378.0 0.96371994
1379.0 0.95964967
1380.0 0.95584476
1381.0 0.95183209
1382.0 0.94665225
1383.0 0.93823959
1384.0 0.92216388
1385.0 0.89032938
1386.0 0.83147486
1387.0 0.7372553
1388.0 0.61016429
1389.0 0.46717708
1390.0 0.33203097
1391.0 0.22098001
1392.0 0.13914288
1393.0 0.08423919
1394.0 0.05009349
1395.0 0.03005526
1396.0 0.01853395
1397.0 0.01182084
1398.0 0.00787375
1399.0 0.0054932
1400.0 0.00400834
1401.0 0.00304197
1402.0 0.00237922
1403.0 0.00190616
1404.0 0.00155911
1405.0 0.00130475
1406.0 0.00111814
1407.0 0.00098079
1408.0 0.00087894
1409.0 0.00080126
1410.0 0.00074234
1411.0 0.00041571
1412.0 0.00035204
1413.0 9.017e-05
# -------------------
# S2C_MSI Band 11
# -------------------
1540.0 0.00063023
1541.0 0.00100463
1542.0 0.00196525
1543.0 0.00240298
1544.0 0.00272575
1545.0 0.00312943
1546.0 0.00364321
1547.0 0.0042998
1548.0 0.00508372
1549.0 0.00609957
1550.0 0.00739694
1551.0 0.0090523
1552.0 0.0112893
1553.0 0.01432361
1554.0 0.01836514
1555.0 0.02391328
1556.0 0.03166973
1557.0 0.04211646
1558.0 0.05579418
1559.0 0.07389411
1560.0 0.0984327
1561.0 0.13052134
1562.0 0.17317717
1563.0 0.22901102
1564.0 0.29772846
1565.0 0.38018302
1566.0 0.47455504
1567.0 0.57153183
1568.0 0.66205574
1569.0 0.74154084
1570.0 0.80883048
1571.0 0.85950395
1572.0 0.89593221
1573.0 0.91975281
1574.0 0.93339197
1575.0 0.94042305
1576.0 0.94342982
1577.0 0.94455544
1578.0 0.94510009
1579.0 0.94559295
1580.0 0.9463153
1581.0 0.94741498
1582.0 0.94864592
1583.0 0.95008023
1584.0 0.95167219
1585.0 0.95313838
1586.0 0.95458878
1587.0 0.95600061
1588.0 0.95726335
1589.0 0.95850909
1590.0 0.959815
1591.0 0.9609206
1592.0 0.9620089
1593.0 0.9632344
1594.0 0.96443113
1595.0 0.96558961
1596.0 0.96683864
1597.0 0.96812496
1598.0 0.96931959
1599.0 0.97058298
1600.0 0.97182957
1601.0 0.97216666
1602.0 0.97242459
1603.0 0.97269081
1604.0 0.9729551
1605.0 0.97314226
1606.0 0.97326264
1607.0 0.97348637
1608.0 0.97383918
1609.0 0.97426578
1610.0 0.97468167
1611.0 0.9752499
1612.0 0.97590825
1613.0 0.97652778
1614.0 0.97717115
1615.0 0.9779596
1616.0 0.97862598
1617.0 0.97925254
1618.0 0.97997171
1619.0 0.98053468
1620.0 0.98066686
1621.0 0.98052406
1622.0 0.98014773
1623.0 0.97943843
1624.0 0.97860264
1625.0 0.97785102
1626.0 0.9771945
1627.0 0.97670457
1628.0 0.97665412
1629.0 0.97692083
1630.0 0.97748322
1631.0 0.97840401
1632.0 0.97968147
1633.0 0.98116691
1634.0 0.98269371
1635.0 0.98417096
1636.0 0.98534215
1637.0 0.98614892
1638.0 0.98653946
1639.0 0.98645353
1640.0 0.98599481
1641.0 0.9854034
1642.0 0.98487999
1643.0 0.98482401
1644.0 0.98586304
1645.0 0.98838709
1646.0 0.99233892
1647.0 0.99686144
1648.0 1.0
1649.0 0.99890651
1650.0 0.98939942
1651.0 0.96699115
1652.0 0.92592491
1653.0 0.86278449
1654.0 0.7798051
1655.0 0.67578927
1656.0 0.56128129
1657.0 0.45199074
1658.0 0.35755707
1659.0 0.27945258
1660.0 0.21417639
1661.0 0.16264243
1662.0 0.12500942
1663.0 0.09793582
1664.0 0.07944887
1665.0 0.06638356
1666.0 0.05752259
1667.0 0.05161343
1668.0 0.04723131
1669.0 0.0434974
1670.0 0.0396652
1671.0 0.03561429
1672.0 0.03151361
1673.0 0.02764066
1674.0 0.02426149
1675.0 0.02131578
1676.0 0.01895421
1677.0 0.01154581
1678.0 0.00920892
1679.0 0.00162424
# -------------------
# S2C_MSI Band 12
# -------------------
2066.0 0.00491468
2067.0 0.0049287
2068.0 0.02284368
2069.0 0.02287139
2070.0 0.04618013
2071.0 0.05020485
2072.0 0.05041886
2073.0 0.05065907
2074.0 0.05107736
2075.0 0.05166332
2076.0 0.05235439
2077.0 0.05331439
2078.0 0.05452316
2079.0 0.05587971
2080.0 0.05753624
2081.0 0.05963994
2082.0 0.06211299
2083.0 0.06507669
2084.0 0.06882476
2085.0 0.07330369
2086.0 0.07858385
2087.0 0.08498035
2088.0 0.09257479
2089.0 0.10155231
2090.0 0.11246838
2091.0 0.12622196
2092.0 0.14305696
2093.0 0.1639553
2094.0 0.1902652
2095.0 0.22224105
2096.0 0.26011569
2097.0 0.30418004
2098.0 0.35387323
2099.0 0.40828658
2100.0 0.46718282
2101.0 0.53102556
2102.0 0.59646538
2103.0 0.66149967
2104.0 0.72440634
2105.0 0.7805559
2106.0 0.8278946
2107.0 0.86594077
2108.0 0.89485059
2109.0 0.91587813
2110.0 0.93074947
2111.0 0.94125515
2112.0 0.94834667
2113.0 0.95279337
2114.0 0.95563448
2115.0 0.9573843
2116.0 0.95831147
2117.0 0.95888903
2118.0 0.95913621
2119.0 0.95910279
2120.0 0.95900464
2121.0 0.95869021
2122.0 0.9582207
2123.0 0.95765399
2124.0 0.9568598
2125.0 0.95611222
2126.0 0.95540176
2127.0 0.95470068
2128.0 0.95420658
2129.0 0.95381414
2130.0 0.95366864
2131.0 0.95391137
2132.0 0.95447601
2133.0 0.9555397
2134.0 0.95713459
2135.0 0.95915586
2136.0 0.9618524
2137.0 0.96503607
2138.0 0.96848853
2139.0 0.97220787
2140.0 0.97576852
2141.0 0.97917798
2142.0 0.98206554
2143.0 0.98396807
2144.0 0.9847819
2145.0 0.98440105
2146.0 0.98274956
2147.0 0.98028877
2148.0 0.97732548
2149.0 0.97416229
2150.0 0.9713524
2151.0 0.96933207
2152.0 0.96775723
2153.0 0.9670078
2154.0 0.96701721
2155.0 0.96828442
2156.0 0.97106594
2157.0 0.97515555
2158.0 0.98049808
2159.0 0.98661173
2160.0 0.99259589
2161.0 0.9976565
2162.0 1.0
2163.0 0.99750092
2164.0 0.98834845
2165.0 0.9725469
2166.0 0.95300687
2167.0 0.93424616
2168.0 0.91942468
2169.0 0.90913875
2170.0 0.902309
2171.0 0.89747559
2172.0 0.89417419
2173.0 0.89197277
2174.0 0.89018189
2175.0 0.88881285
2176.0 0.88780323
2177.0 0.88685497
2178.0 0.88611521
2179.0 0.8855185
2180.0 0.88487419
2181.0 0.88448655
2182.0 0.8839273
2183.0 0.88302094
2184.0 0.88178036
2185.0 0.88014279
2186.0 0.87817468
2187.0 0.87586099
2188.0 0.87308745
2189.0 0.869823
2190.0 0.86629526
2191.0 0.86322131
2192.0 0.85942917
2193.0 0.85490733
2194.0 0.84920106
2195.0 0.84270676
2196.0 0.83574059
2197.0 0.82825194
2198.0 0.82064911
2199.0 0.81318464
2200.0 0.80627161
2201.0 0.80277895
2202.0 0.79973187
2203.0 0.79712164
2204.0 0.7951416
2205.0 0.79435213
2206.0 0.79493809
2207.0 0.7971203
2208.0 0.80082713
2209.0 0.80596112
2210.0 0.81215075
2211.0 0.81781806
2212.0 0.82463822
2213.0 0.83281039
2214.0 0.84209158
2215.0 0.85227493
2216.0 0.86343742
2217.0 0.87536026
2218.0 0.88782312
2219.0 0.90093475
2220.0 0.91280586
2221.0 0.91656651
2222.0 0.92027848
2223.0 0.92394493
2224.0 0.92753146
2225.0 0.93103578
2226.0 0.93428831
2227.0 0.93718544
2228.0 0.93989844
2229.0 0.9422766
2230.0 0.94413556
2231.0 0.94462547
2232.0 0.9448792
2233.0 0.94491001
2234.0 0.944852
2235.0 0.94455846
2236.0 0.94400291
2237.0 0.94345767
2238.0 0.94274594
2239.0 0.94188922
2240.0 0.94145363
2241.0 0.94254033
2242.0 0.94353239
2243.0 0.94462287
2244.0 0.94556575
2245.0 0.94634069
2246.0 0.94721489
2247.0 0.94795525
2248.0 0.94850745
2249.0 0.94912423
2250.0 0.94951523
2251.0 0.94915923
2252.0 0.94894153
2253.0 0.94869317
2254.0 0.9483172
2255.0 0.94812241
2256.0 0.94812309
2257.0 0.94810193
2258.0 0.94847496
2259.0 0.94929163
2260.0 0.95017044
2261.0 0.95091393
2262.0 0.95237952
2263.0 0.95442068
2264.0 0.95722704
2265.0 0.96081936
2266.0 0.96469411
2267.0 0.96884393
2268.0 0.97303847
2269.0 0.97652527
2270.0 0.97903122
2271.0 0.97999097
2272.0 0.97802453
2273.0 0.9717036
2274.0 0.95972007
2275.0 0.94091133
2276.0 0.9147252
2277.0 0.88087509
2278.0 0.84003481
2279.0 0.79312287
2280.0 0.73848393
2281.0 0.6764585
2282.0 0.61189674
2283.0 0.54519835
2284.0 0.47846739
2285.0 0.41595172
2286.0 0.35952602
2287.0 0.3091425
2288.0 0.2655469
2289.0 0.22833152
2290.0 0.19521884
2291.0 0.16613364
2292.0 0.14161268
2293.0 0.12045777
2294.0 0.10231525
2295.0 0.08732284
2296.0 0.07506207
2297.0 0.06489148
2298.0 0.0564927
2299.0 0.04954752
2300.0 0.04346293
2301.0 0.03814457
2302.0 0.03364145
2303.0 0.02971716
2304.0 0.02632442
2305.0 0.02347993
2306.0 0.02110982
2307.0 0.01908479
2308.0 0.01739904
2309.0 0.01436833
2310.0 0.01324747
2311.0 0.00950016
2312.0 0.0016886
# -------------------
