# S3A_SLSTR RSR
# QV 2024-12-04 from SLSTR_FM02_spectral_responses
# resampled to 0.25 nm resolution
#
# S3A_SLSTR Band S1
# -------------------
0.515 0.0014230704378291566
0.51525 0.0025001114579043357
0.5155 0.001296709506065268
0.51575 0.0003755371823399807
0.516 0.0024838366926981355
0.51625 0.0026242631286032166
0.5165 0.0026798356223357144
0.51675 0.0013690585591909564
0.517 -0.0003056945669079209
0.51725 0.0005972505663521936
0.5175 0.0006503503151090918
0.51775 0.00220341255024708
0.518 0.0030149769062974225
0.51825 0.0012282234966407106
0.5185 0.00020427016325939233
0.51875 0.00107761888741628
0.519 0.0016962072545134725
0.51925 0.001297771108402149
0.5195 0.0008252609520765588
0.51975 0.0027426336896938554
0.52 0.0028978757642198275
0.52025 0.0010330859501693462
0.5205 0.0012656996928517136
0.52075 0.002082156678458515
0.521 0.0008895869013281442
0.52125 0.0019431634651234009
0.5215 0.0030924005801876175
0.52175 0.002774413691164315
0.522 0.002457560499670323
0.52225 0.000577539610115894
0.5225 0.0004142329235887152
0.52275 0.0012642993363428323
0.523 0.0020281649814109667
0.52325 0.0017920392743999635
0.5235 0.0003936686171853113
0.52375 0.0004975618200011354
0.524 0.0005395516732753964
0.52425 0.0009476792571048672
0.5245 0.0004977487193565618
0.52475 0.00019374650673355267
0.525 0.0010108733256568938
0.52525 0.0013510434095553097
0.5255 0.0009217031563029206
0.52575 -2.585262117124987e-05
0.526 0.0003519498662881559
0.52625 0.002407099170769923
0.5265 0.0030695595202431545
0.52675 0.0018521012432648222
0.527 0.0010177392487829282
0.52725 0.0012289211858178004
0.5275 0.001460883755963541
0.52775 0.0014458173019175871
0.528 0.0019826912940859695
0.52825 0.000759454823421228
0.5285 0.0008203927414753208
0.52875 0.0010363937584893903
0.529 0.000970500227433467
0.52925 0.0016806986842318598
0.5295 0.00209231486512897
0.52975 0.002302441401298993
0.53 0.001844634978975805
0.53025 0.001674624267206718
0.5305 0.002408015344730844
0.53075 0.0017355599268626836
0.531 0.0018962507076675668
0.53125 0.0025751479013824655
0.5315 0.001656846573587415
0.53175 0.000772789195436993
0.532 0.0017875190787911717
0.53225 0.0016483844993050564
0.5325 0.001394450786136696
0.53275 0.0019454365045195594
0.533 0.002482035777219076
0.53325 0.002248521322770482
0.5335 0.0026900817659888713
0.53375 0.0026172422450184245
0.534 0.002265560702224418
0.53425 0.001464173346845972
0.5345 0.001666252033724884
0.53475 0.001813866938804989
0.535 0.0015506524070423755
0.53525 0.0015865066103668713
0.5355 0.0017783354681434455
0.53575 0.00232151986910627
0.536 0.001818790740424472
0.53625 0.001399411935740854
0.5365 0.0013734100999001776
0.53675 0.0019573725718086536
0.537 0.001902124186995191
0.53725 0.0016400598909398652
0.5375 0.0017720442494096118
0.53775 0.0017952540011175213
0.538 0.002762509445481962
0.53825 0.003700729064470164
0.5385 0.004125945627009102
0.53875 0.004774682591149328
0.539 0.006142850225386305
0.53925 0.007917300444531677
0.5395 0.009589929144253358
0.53975 0.012120644827565974
0.54 0.014633958687406488
0.54025 0.018180761429011358
0.5405 0.02320189333955819
0.54075 0.02980830873201176
0.541 0.038512070717027634
0.54125 0.048689557569038686
0.5415 0.06047896788414401
0.54175 0.07469126956476564
0.542 0.0924498064369684
0.54225 0.11475154601797066
0.5425 0.14031405601697516
0.54275 0.1695150184088596
0.543 0.20288985540660925
0.54325 0.24017929605143565
0.5435 0.2798157727784555
0.54375 0.32261636993368276
0.544 0.36897755214220784
0.54425 0.4182566562994745
0.5445 0.4699194613505977
0.54475 0.523771929698102
0.545 0.5794116034252873
0.54525 0.6353072241030219
0.5455 0.6897389982206301
0.54575 0.7424095320745834
0.546 0.7911626013991935
0.54625 0.8342217830900309
0.5465 0.8702453069291665
0.54675 0.8998681870332249
0.547 0.9230693225709231
0.54725 0.9401854044610328
0.5475 0.9538262671685712
0.54775 0.9648742382029013
0.548 0.9729223359812166
0.54825 0.9793494113919469
0.5485 0.984200277627424
0.54875 0.9877527145311986
0.549 0.9913589981858422
0.54925 0.9945356838627694
0.5495 0.9973848802413298
0.54975 0.9986374694819484
0.55 0.9992651651436265
0.55025 0.9994645632046271
0.5505 0.9999294822426453
0.55075 0.9995469189206807
0.551 0.9975023325769561
0.55125 0.995352950429915
0.5515 0.992714496908449
0.55175 0.9900864423667368
0.552 0.9881720807245467
0.55225 0.9856456065481487
0.5525 0.9836135209624165
0.55275 0.9814124113181287
0.553 0.9795240875321832
0.55325 0.9780496234219416
0.5535 0.9772628509301303
0.55375 0.9772152437001316
0.554 0.9774597224201492
0.55425 0.9779796067481129
0.5545 0.9783172954416001
0.55475 0.979005580706317
0.555 0.9806517003647154
0.55525 0.9830524615526339
0.5555 0.9846612238217665
0.55575 0.9856853109051049
0.556 0.9874997859665839
0.55625 0.9893664568470137
0.5565 0.9903159901792026
0.55675 0.9910848117585125
0.557 0.9916394176143145
0.55725 0.99225517619752
0.5575 0.9922396374664219
0.55775 0.9902726054656371
0.558 0.9857786191296922
0.55825 0.9785223901560095
0.5585 0.9674176051484752
0.55875 0.9514820377053236
0.559 0.9314872224768888
0.55925 0.9107869927846941
0.5595 0.8925718926004281
0.55975 0.8772416757087464
0.56 0.8635579808612985
0.56025 0.8502243675819872
0.5605 0.8375648972790628
0.56075 0.8270726512173656
0.561 0.8205967090917421
0.56125 0.8171119223039309
0.5615 0.8122038520746412
0.56175 0.8033309249235566
0.562 0.7893621858651237
0.56225 0.7697698375374148
0.5625 0.743710015697098
0.56275 0.7113410000913137
0.563 0.6733586668564141
0.56325 0.6301939468959626
0.5635 0.5827114489132658
0.56375 0.5322613345195675
0.564 0.478980783211524
0.56425 0.4232035402112775
0.5645 0.36599385415963004
0.56475 0.30980912876225863
0.565 0.2580583272033057
0.56525 0.21366760915195973
0.5655 0.17739268573371914
0.56575 0.14940906819752311
0.566 0.1286016588265674
0.56625 0.1125571164978105
0.5665 0.09843525185537831
0.56675 0.08527914323197965
0.567 0.07303452867456153
0.56725 0.06169487938482495
0.5675 0.051620221375632935
0.56775 0.04293831883035383
0.568 0.03562637281865096
0.56825 0.029734825604159545
0.5685 0.024856117060986636
0.56875 0.020638850305083813
0.569 0.017355422494938075
0.56925 0.014584536475491572
0.5695 0.012332825584327627
0.56975 0.010604415259019088
0.57 0.009062688692211739
0.57025 0.007620693874729954
0.5705 0.006335750959027282
0.57075 0.005408312308195653
0.571 0.004521149726264224
0.57125 0.003881619864135754
0.5715 0.0037011762635880186
0.57175 0.003284805317688241
0.572 0.00270305943121235
0.57225 0.002280788600265919
0.5725 0.002092758236380166
0.57275 0.0018510959181239506
0.573 0.001565288049142797
0.57325 0.0012314854133022755
0.5735 0.0012023625626991158
0.57375 0.0014074773623121621
0.574 0.0013331508054284214
0.57425 0.001060964942908939
0.5745 0.0008382862167265889
0.57475 0.0007157163672027128
0.575 0.0006864636837840967
0.57525 0.0007372440379345541
0.5755 0.0007290559009735891
0.57575 0.0007266118183367278
0.576 0.0005933819904352444
0.57625 0.00044310163123886906
0.5765 0.0004972447063425063
0.57675 0.0005920098478719116
0.577 0.0005870409698702781
0.57725 0.0006894554085850986
0.5775 0.0006997286494740527
0.57775 0.0005776549137054845
0.578 0.0005980426101307573
0.57825 0.0006055416039034541
0.5785 0.0005299806020557826
0.57875 0.0005176254812513204
0.579 0.0006777357908992025
0.57925 0.0007572330422213171
0.5795 0.0007913804979077822
0.57975 0.0007308176901975303
0.58 0.0006086868435045038
0.58025 0.0005266799538459733
0.5805 0.0004904692330566739
0.58075 0.0005212457011877593
0.581 0.0005661356400389477
0.58125 0.0005873806222778789
0.5815 0.0006058941240571781
0.58175 0.000539617719492962
0.582 0.00048490377720427654
0.58225 0.0004617498243028267
0.5825 0.0005598459193131213
0.58275 0.0005792653200430312
0.583 0.00039192405653219216
0.58325 0.0002351359333928734
0.5835 0.000264072641349361
0.58375 0.00037305286786369857
0.584 0.00033971873976935935
0.58425 0.0004369442326143184
0.5845 0.0005369595652087437
0.58475 0.0005125573299511201
0.585 0.0005493682734767804
0.58525 0.0005784687733690162
0.5855 0.0004775946151219072
0.58575 0.0003770571981123873
0.586 0.0003104326366285618
0.58625 0.0002606419999336498
0.5865 0.0002012213629944263
0.58675 4.8999846821548305e-05
0.587 -1.7013995421551174e-05
0.58725 0.0001495109612422417
0.5875 0.0002007376737756748
0.58775 8.053706154088921e-05
0.588 9.853780616434296e-05
0.58825 0.00019258611361846006
0.5885 0.00014680667164604976
0.58875 0.00012258278222530315
0.589 0.0002875718924130523
0.58925 0.0004236442178176734
0.5895 0.00034940362489785
0.58975 0.00015297684935952627
0.59 1.3241795243315034e-05
0.59025 -2.8235977428904676e-05
0.5905 3.19586173193486e-05
0.59075 0.0001688203197577446
0.591 0.00013694684729075935
0.59125 9.483995562389796e-05
0.5915 0.00012180103735116031
0.59175 0.00014123175310053193
0.592 0.000248815798802079
0.59225 0.0002133264054199501
0.5925 0.00010205993515265309
0.59275 -5.243557161677516e-07
0.593 -3.7867179724735732e-06
0.59325 4.7733312729605584e-05
0.5935 9.285710817575675e-05
0.59375 0.00014175030208851713
0.594 0.00015431095845497956
0.59425 8.232821045838095e-05
0.5945 8.506166873482658e-05
0.59475 0.00019305587489669185
# -------------------
# S3A_SLSTR Band S2
# -------------------
0.619 0.0005894857811339595
0.61925 0.0005632201905512886
0.6195 0.0006901542667865673
0.61975 0.0011106438060344745
0.62 0.0011256119927685025
0.62025 0.0008319700574680113
0.6205 0.0006015640682735667
0.62075 0.000483402805699011
0.621 0.00028637305789204
0.62125 6.649461964233609e-05
0.6215 0.0004128527631512651
0.62175 0.0009701808664695203
0.622 0.0010149651858709949
0.62225 0.0009321161557276869
0.6225 0.0010967610622462794
0.62275 0.00112869257494802
0.623 0.000987222064380389
0.62325 0.0008409485065886272
0.6235 0.0008482729472265794
0.62375 0.001024089514379844
0.624 0.0008373656896534877
0.62425 0.00060233440251243
0.6245 0.0009801224237295054
0.62475 0.0013395205781911387
0.625 0.0009231023336418781
0.62525 0.00029650733431014375
0.6255 0.00021736814291378477
0.62575 0.00041265667005692473
0.626 0.00046624240874244924
0.62625 0.0005018464432043842
0.6265 0.0005313937881014225
0.62675 0.0006039030694084507
0.627 0.0008226947120228469
0.62725 0.000734597303336326
0.6275 0.00045536912130123393
0.62775 0.0005408502503112266
0.628 0.000959430015764179
0.62825 0.0010858324220268673
0.6285 0.0006635357215519613
0.62875 0.00038955464567177854
0.629 0.0004391458892913701
0.62925 0.00044770447091892315
0.6295 0.00046253426931819336
0.62975 0.0007017325634882352
0.63 0.0008933453477700825
0.63025 0.000949132806298566
0.6305 0.0009840257528670384
0.63075 0.0008963108017660216
0.631 0.0007005181850113177
0.63125 0.00076073376270962
0.6315 0.0008268221971323458
0.63175 0.0006561777550625873
0.632 0.00041101385809968696
0.63225 0.0002806299330021937
0.6325 0.00034230805847143103
0.63275 0.0004280262764206203
0.633 0.000417763207016546
0.63325 0.0004195906850633215
0.6335 0.00038886178645973756
0.63375 0.0005157695573385182
0.634 0.0008250523687697023
0.63425 0.0009232875520314266
0.6345 0.0008674559715481352
0.63475 0.0007541464038122826
0.635 0.0006355557910065649
0.63525 0.000634238545489289
0.6355 0.0006012585800437377
0.63575 0.0006993993461709467
0.636 0.0009803390525094315
0.63625 0.0010300566779441187
0.6365 0.0007538526385946353
0.63675 0.0006583676396424808
0.637 0.0009302247563569904
0.63725 0.0010043342600745814
0.6375 0.0008802739513682932
0.63775 0.0008574529030515463
0.638 0.0008458471097913775
0.63825 0.0006454150403390128
0.6385 0.0005585006341845784
0.63875 0.0006594549462900862
0.639 0.0006663860550294071
0.63925 0.0005587361995053317
0.6395 0.0004904609365759059
0.63975 0.0005564241459745703
0.64 0.0005977289734093215
0.64025 0.000678254137042835
0.6405 0.0006582797102163745
0.64075 0.0003350054536156931
0.641 0.0003557783831835157
0.64125 0.0007874655623662353
0.6415 0.000946389847883745
0.64175 0.0007141449271941821
0.642 0.00045481393625176
0.64225 0.0004086935874216565
0.6425 0.0007096996543058807
0.64275 0.0009966825643850658
0.643 0.0012630549373740603
0.64325 0.001773854209811152
0.6435 0.002188577648076108
0.64375 0.002560357064597084
0.644 0.0032398226109116423
0.64425 0.004199226833558745
0.6445 0.00532101283381875
0.64475 0.006702498079531197
0.645 0.008681453112689547
0.64525 0.011234036683027214
0.6455 0.014291451758427892
0.64575 0.018478876175258598
0.646 0.024132487380614714
0.64625 0.03101098889996006
0.6465 0.03943015518780457
0.64675 0.050102808257179714
0.647 0.06355548867260913
0.64725 0.08024003878892656
0.6475 0.10051021671799014
0.64775 0.1246866495062664
0.648 0.15308139546968008
0.64825 0.18601182838665264
0.6485 0.22359740708848416
0.64875 0.26581339119282427
0.649 0.31293225327995794
0.64925 0.364856121415108
0.6495 0.42067476574101037
0.64975 0.47982905218250854
0.65 0.5416593988520332
0.65025 0.6048945607474217
0.6505 0.668041055732376
0.65075 0.7291255509734845
0.651 0.7855001033050815
0.65125 0.8344549988027689
0.6515 0.8742489433751939
0.65175 0.9045342623037675
0.652 0.9257117692415004
0.65225 0.9389499868560022
0.6525 0.9463804295759579
0.65275 0.9500378905123137
0.653 0.9518051434811814
0.65325 0.9532159916789447
0.6535 0.9550005510079116
0.65375 0.9572676508767319
0.654 0.9603915066300518
0.65425 0.9647199341961671
0.6545 0.9697297019147598
0.65475 0.9748270754699804
0.655 0.9795248612428087
0.65525 0.9836344853813119
0.6555 0.9873321878799424
0.65575 0.9908919343132883
0.656 0.9939682947730619
0.65625 0.9962008929936201
0.6565 0.997780541212376
0.65675 0.9989545528316427
0.657 0.9997781067850999
0.65725 0.999983905555743
0.6575 0.9996968712982424
0.65775 0.9993065333769742
0.658 0.998799075060783
0.65825 0.9981513893599513
0.6585 0.9975074777936841
0.65875 0.9965919299310529
0.659 0.9953182135438292
0.65925 0.9960607593537248
0.6595 0.9963650621675708
0.65975 0.9962444693130951
0.66 0.9959274434410518
0.66025 0.9931402904376894
0.6605 0.9902555637883439
0.66075 0.9876802559950028
0.661 0.9854760464404303
0.66125 0.983611004948342
0.6615 0.9820596128240983
0.66175 0.9810026581421851
0.662 0.9806773610694838
0.66225 0.9808304469799066
0.6625 0.9810837730305682
0.66275 0.9813819602131792
0.663 0.9819485733358181
0.66325 0.9829494774610404
0.6635 0.9842091575352276
0.66375 0.9852159506716925
0.664 0.9858271867805782
0.66425 0.9861552420387365
0.6645 0.9860255927607218
0.66475 0.9849458526061419
0.665 0.9824882813621862
0.66525 0.9785388292119628
0.6655 0.9727661120782259
0.66575 0.9646599287007617
0.666 0.9536973471478087
0.66625 0.9394062894891212
0.6665 0.9217601292039205
0.66675 0.9006416182191413
0.667 0.8754613290182919
0.66725 0.8458606804379293
0.6675 0.8119135803731753
0.66775 0.7737449526158718
0.668 0.731210383485468
0.66825 0.6842471225322834
0.6685 0.6331165383317736
0.66875 0.5780185555132099
0.669 0.5195891409045186
0.66925 0.4592590230599987
0.6695 0.3989803933766709
0.66975 0.34066025453469145
0.67 0.2859608541238923
0.67025 0.23648065508437585
0.6705 0.1932450313311263
0.67075 0.15657754457415968
0.671 0.12618140358244867
0.67125 0.10131826924915187
0.6715 0.08117245523173838
0.67175 0.06501231664681115
0.672 0.05217485820584786
0.67225 0.042115930152366296
0.6725 0.034218018982531254
0.67275 0.027843424628931104
0.673 0.022845347757427803
0.67325 0.019037758271147294
0.6735 0.01591156184426147
0.67375 0.013167484904018265
0.674 0.010774759111757378
0.67425 0.008856507956361448
0.6745 0.007486233229423582
0.67475 0.006424978068917209
0.675 0.005571228850195882
0.67525 0.004878496232428767
0.6755 0.004147540682821839
0.67575 0.0034394397724170815
0.676 0.0028958540706766358
0.67625 0.002372537274403365
0.6765 0.0018704333053905996
0.67675 0.001627979511868913
0.677 0.001665687563319303
0.67725 0.0016843033302978787
0.6775 0.0015238225794414505
0.67775 0.0013170968685254005
0.678 0.0010447922819322723
0.67825 0.0007397417159652399
0.6785 0.0007027840256051705
0.67875 0.0008060422260456412
0.679 0.0006971769451002258
0.67925 0.00047291387863675975
0.6795 0.0003290877143915876
0.67975 0.0002629281473616067
0.68 0.00026933965803485865
0.68025 0.000299234656492554
0.6805 0.00022544358218089242
0.68075 0.0001826551933303784
0.681 0.00029901951027567705
0.68125 0.0003991434697058168
0.6815 0.0004203085367096012
0.68175 0.00040826254068796413
0.682 0.00036440843194147194
0.68225 0.00040413177966776406
0.6825 0.00047723431275748147
0.68275 0.000477782771521969
0.683 0.0004225379718332253
0.68325 0.0002898123452897187
0.6835 9.670304066787625e-05
0.68375 -4.502811977349651e-05
0.684 4.0361055036459875e-05
0.68425 0.0003337610934091539
0.6845 0.0005848738721019241
0.68475 0.0006886515235838384
0.685 0.0007310060545848472
0.68525 0.000729900878413939
0.6855 0.0007349077954425224
0.68575 0.0007568674901184008
0.686 0.0007005869893127676
0.68625 0.000624488167303434
0.6865 0.0005194778470958234
0.68675 0.00030747068286349373
0.687 0.0002125567758599327
0.68725 0.0003809732278532009
0.6875 0.0006375772339131736
0.68775 0.0008045901954363593
0.688 0.0008437634468864121
0.68825 0.0007238923462128521
0.6885 0.0004832998579394546
0.68875 0.00030970944365839135
0.689 0.00029012559053308214
0.68925 0.00036215358679992185
0.6895 0.00037512927118859397
0.68975 0.00020786796296686893
0.69 -1.3279612726274774e-05
0.69025 -0.00010230329560890869
0.6905 -6.51466751110062e-05
0.69075 1.905230504280499e-05
0.691 9.848548514714085e-05
0.69125 0.00020826764746245007
0.6915 0.0003489905436879807
0.69175 0.00035264233039892503
0.692 0.00020731702891920876
0.69225 0.00012707550322047946
0.6925 0.00020145593889367671
0.69275 0.0003321470294091969
0.693 0.00035789987963019384
0.69325 0.000314881659817392
0.6935 0.0003342183619786548
0.69375 0.00037172220761484145
0.694 0.0003997008366305696
0.69425 0.00037902754674432455
0.6945 0.0003238648950311731
0.69475 0.00033719244311848444
0.695 0.00037496229982907303
0.69525 0.00038473889508072734
0.6955 0.0004270021968401403
0.69575 0.0005316719998280301
0.696 0.0006222319521421545
0.69625 0.0006372083207418205
0.6965 0.0005750056378722285
0.69675 0.00045294223434274585
0.697 0.0003633961410330155
0.69725 0.0003728509988779213
0.6975 0.00047554877422231534
0.69775 0.0006745036554620514
0.698 0.0007691080562014094
0.69825 0.0006380772342283848
0.6985 0.0005472496982498566
0.69875 0.0005594120879199548
# -------------------
# S3A_SLSTR Band S3
# -------------------
0.8250000000000001 0.002493645620778469
0.8252500000000002 0.0026403268514810997
0.8255000000000001 0.002639211026185262
0.8257500000000001 0.0024854167868992236
0.8260000000000001 0.0022504351100792286
0.8262500000000002 0.0020177633277817567
0.8265000000000001 0.0018624094890296885
0.8267500000000001 0.0017950261831312254
0.8270000000000001 0.0017526730862326703
0.8272500000000002 0.0017192085554339784
0.8275000000000001 0.0017369610836806954
0.8277500000000001 0.0018198935664848763
0.8280000000000001 0.0018955599728340366
0.8282500000000002 0.0018911860212870069
0.8285000000000001 0.0018220940252254118
0.8287500000000001 0.0017438780573407748
0.8290000000000001 0.0016854297139745852
0.8292500000000002 0.0016203952176026526
0.8295000000000001 0.001513928746106861
0.8297500000000001 0.0013913804146609135
0.8300000000000001 0.0013298020261066615
0.8302500000000002 0.0013452086780872056
0.8305000000000001 0.001335473287318767
0.8307500000000001 0.0012111556723405185
0.8310000000000001 0.001019282344427025
0.8312500000000002 0.0008437095768076248
0.8315000000000001 0.0007061035970595062
0.8317500000000001 0.0006056905080822374
0.8320000000000001 0.0005547804711324285
0.8322500000000002 0.0005664631058567324
0.8325000000000001 0.000626633328205987
0.8327500000000001 0.0007060725948340618
0.8330000000000001 0.0007520683490588186
0.8332500000000002 0.0007347357901360042
0.8335000000000001 0.0006927812467140219
0.8337500000000001 0.0006913369180616968
0.8340000000000001 0.000759168631311936
0.8342500000000002 0.0008719323595819312
0.8345000000000001 0.0009758954617364162
0.8347500000000001 0.0010441803493679862
0.8350000000000001 0.001058717076985761
0.8352500000000002 0.0009655717523494577
0.8355000000000001 0.0007666548595236921
0.8357500000000001 0.0005507610823971246
0.8360000000000001 0.00043114319880739523
0.8362500000000002 0.00044249465302255826
0.8365000000000001 0.0005011149577903705
0.8367500000000001 0.0005048425417989834
0.8370000000000001 0.0004268924207643111
0.8372500000000002 0.00033308638103264236
0.8375000000000001 0.0003111921075591931
0.8377500000000001 0.00036868924962917893
0.8380000000000001 0.0004312368221409718
0.8382500000000002 0.00046644678606018263
0.8385000000000001 0.000508992825887517
0.8387500000000001 0.0005741923987366811
0.8390000000000001 0.0006237433089075763
0.8392500000000002 0.0006424342660805926
0.8395000000000001 0.0006773469497975324
0.8397500000000001 0.0007546730066907307
0.8400000000000001 0.0008218964081704976
0.8402500000000002 0.0008205660352187993
0.8405000000000001 0.0007670451800632091
0.8407500000000001 0.0007008611262805681
0.8410000000000001 0.0006341433756642347
0.8412500000000002 0.0005597182027347655
0.8415000000000001 0.00048271677114813624
0.8417500000000001 0.00041429889291757214
0.8420000000000001 0.00036943287558552324
0.8422500000000002 0.0003814002974213714
0.8425000000000001 0.00047408784761658444
0.8427500000000001 0.000646789813747271
0.8430000000000001 0.0008259407958097373
0.8432500000000002 0.0009101319639675077
0.8435000000000001 0.000881427711482639
0.8437500000000001 0.0008130295938110212
0.8440000000000001 0.0007904754741100967
0.8442500000000002 0.0008278538139909028
0.8445000000000001 0.0008945887075625989
0.8447500000000001 0.0009828287267309474
0.8450000000000001 0.0010784714629341915
0.8452500000000002 0.0011458904193521566
0.8455000000000001 0.0011731403802172627
0.8457500000000001 0.001180457973640713
0.8460000000000001 0.001177199327547843
0.8462500000000002 0.0011373061194420863
0.8465000000000001 0.0010643677122727424
0.8467500000000001 0.0010188637370051501
0.8470000000000001 0.0010692440602461382
0.8472500000000001 0.0012387883318030121
0.8475000000000001 0.0014592231181738777
0.8477500000000001 0.0016335963096681086
0.8480000000000001 0.0016910253526210442
0.8482500000000001 0.0016089593506816396
0.8485000000000001 0.0014716152837180964
0.8487500000000001 0.0014027645675972337
0.8490000000000001 0.0014664526042594535
0.8492500000000001 0.0016588732323904593
0.8495000000000001 0.0019199862864005821
0.8497500000000001 0.002203995930911173
0.8500000000000001 0.002484855435670242
0.8502500000000001 0.002792913896113849
0.8505000000000001 0.0032147064802695983
0.8507500000000001 0.0038603683752340195
0.8510000000000001 0.004726203288240194
0.8512500000000001 0.005764278618664667
0.8515000000000001 0.00692955593727478
0.8517500000000001 0.008296061763816977
0.8520000000000001 0.009952682763444555
0.8522500000000001 0.012027617930658428
0.8525000000000001 0.014574440123079938
0.8527500000000001 0.017741543566336095
0.8530000000000001 0.021601337802271605
0.8532500000000001 0.026355976217909353
0.8535000000000001 0.03208415345579947
0.8537500000000001 0.039048121919710285
0.8540000000000001 0.04733986296693059
0.8542500000000001 0.057313016761596856
0.8545000000000001 0.06912322834592931
0.8547500000000001 0.08326183744859561
0.8550000000000001 0.09982423612372297
0.8552500000000001 0.11927449833174268
0.8555000000000001 0.14166867948466424
0.8557500000000001 0.1676012464664206
0.8560000000000001 0.19708870920379554
0.8562500000000001 0.2306539257462482
0.8565000000000002 0.2681300936069236
0.8567500000000001 0.30993887368104694
0.8570000000000001 0.3557336327193105
0.8572500000000001 0.4056587439855154
0.8575000000000002 0.45901384947351465
0.8577500000000001 0.5154148515753442
0.8580000000000001 0.5737766094838456
0.8582500000000001 0.6330633714961091
0.8585000000000002 0.6918011885761126
0.8587500000000001 0.7481705091127608
0.8590000000000001 0.8006785080340003
0.8592500000000001 0.8474585761949447
0.8595000000000002 0.8879260273113272
0.8597500000000001 0.9210078868080223
0.8600000000000001 0.9472529422728603
0.8602500000000001 0.9666451660929098
0.8605000000000002 0.9805163939356629
0.8607500000000001 0.9895435759408239
0.8610000000000001 0.9951638846307578
0.8612500000000001 0.9981662203653573
0.8615000000000002 0.999586714920013
0.8617500000000001 0.9999813343870708
0.8620000000000001 0.9998387047646937
0.8622500000000001 0.9993903692807751
0.8625000000000002 0.9988226186484678
0.8627500000000001 0.9982529972534571
0.8630000000000001 0.9977356576251655
0.8632500000000001 0.9973052667659665
0.8635000000000002 0.996969963799158
0.8637500000000001 0.9967459325536456
0.8640000000000001 0.9965767739686434
0.8642500000000001 0.9963936129338669
0.8645000000000002 0.9961398306444211
0.8647500000000001 0.9957854093914975
0.8650000000000001 0.9953127493485857
0.8652500000000001 0.9946705682921114
0.8655000000000002 0.9938739591698323
0.8657500000000001 0.9928926965343224
0.8660000000000001 0.9917146678319165
0.8662500000000001 0.9903143989676109
0.8665000000000002 0.9886883611373228
0.8667500000000001 0.9867627851570702
0.8670000000000001 0.9844433158763902
0.8672500000000001 0.9815114503307587
0.8675000000000002 0.9777940672236705
0.8677500000000001 0.9729532143696499
0.8680000000000001 0.9668857051443316
0.8682500000000001 0.9593793026616025
0.8685000000000002 0.9506116407908758
0.8687500000000001 0.9407526388606391
0.8690000000000001 0.930343432230009
0.8692500000000001 0.9200166166446391
0.8695000000000002 0.9103966206846317
0.8697500000000001 0.9020572706441924
0.8700000000000001 0.895139251426256
0.8702500000000001 0.8898025637661862
0.8705000000000002 0.8859867793283297
0.8707500000000001 0.8839147450670255
0.8710000000000001 0.8836046526985952
0.8712500000000001 0.8853670552702819
0.8715000000000002 0.889057930563378
0.8717500000000001 0.8945427336614366
0.8720000000000001 0.9011697880108204
0.8722500000000001 0.9083508349072245
0.8725000000000002 0.9154553811534024
0.8727500000000001 0.9220070615672565
0.8730000000000001 0.927763351567963
0.8732500000000001 0.9324909112900046
0.8735000000000002 0.9361635853040037
0.8737500000000001 0.9385863032191045
0.8740000000000001 0.9397343382427334
0.8742500000000001 0.9393239258615876
0.8745000000000002 0.9373123757367694
0.8747500000000001 0.9333882193797147
0.8750000000000001 0.9275108208345441
0.8752500000000001 0.919242922344397
0.8755000000000002 0.9084234514439843
0.8757500000000001 0.894403603484576
0.8760000000000001 0.8769894072796837
0.8762500000000001 0.8554138164955413
0.8765000000000002 0.8295895485192172
0.8767500000000001 0.7988087834637584
0.8770000000000001 0.7632541395238345
0.8772500000000001 0.7224803541058212
0.8775000000000002 0.6770187956724627
0.8777500000000001 0.6269273662531286
0.8780000000000001 0.5733437025482611
0.8782500000000001 0.5172665791083624
0.8785000000000001 0.46035330340815644
0.8787500000000001 0.40420656835557683
0.8790000000000001 0.3502316840131345
0.8792500000000001 0.2999668731330001
0.8795000000000001 0.2540669981435055
0.8797500000000001 0.2134781356038282
0.8800000000000001 0.1779442126249857
0.8802500000000001 0.14770001080355316
0.8805000000000001 0.12197294208886555
0.8807500000000001 0.10062118633875484
0.8810000000000001 0.08278873286530046
0.8812500000000001 0.0682096917195281
0.8815000000000001 0.05615255339337879
0.8817500000000001 0.046375498767193234
0.8820000000000001 0.03835481491203441
0.8822500000000001 0.03191365076725035
0.8825000000000001 0.0266520807976252
0.8827500000000001 0.02239287161603228
0.8830000000000001 0.018857575985912787
0.8832500000000001 0.01596071436838606
0.8835000000000001 0.013552171864050501
0.8837500000000001 0.011568519663311369
0.8840000000000001 0.009893728870260621
0.8842500000000001 0.008499213086570364
0.8845000000000001 0.007331647380780258
0.8847500000000001 0.006361278645837327
0.8850000000000001 0.00551648214668852
0.8852500000000001 0.004769135661234775
0.8855000000000001 0.004104816825490977
0.8857500000000001 0.0035259473954220343
0.8860000000000001 0.0030084272521127046
0.8862500000000001 0.0025435930193275615
0.8865000000000001 0.0021410237953245924
0.8867500000000001 0.001839837473913145
0.8870000000000001 0.001647534223632906
0.8872500000000001 0.0015512457950929857
0.8875000000000001 0.0015040475108115939
0.8877500000000002 0.0014750520338226842
0.8880000000000001 0.001448505151530083
0.8882500000000001 0.0014198030689508458
0.8885000000000001 0.0013827509486919356
0.8887500000000002 0.0013281407621764173
0.8890000000000001 0.0012527914216477144
0.8892500000000001 0.0011497316941339601
0.8895000000000001 0.0010165692166521317
0.8897500000000002 0.000865906845753906
0.8900000000000001 0.0007372921409875598
0.8902500000000001 0.0006679960222260401
0.8905000000000001 0.000646443169184215
0.8907500000000002 0.0006310943267644396
0.8910000000000001 0.0005871408675804789
0.8912500000000001 0.0005163250135841529
0.8915000000000001 0.0004496474919839553
0.8917500000000002 0.0004136800277127023
0.8920000000000001 0.00041298822329771456
0.8922500000000001 0.00044527349599835506
0.8925000000000001 0.0004971431805107
0.8927500000000002 0.0005518773791308226
0.8930000000000001 0.0005908936070245163
0.8932500000000001 0.0005996485605529434
0.8935000000000001 0.0005762471474805526
0.8937500000000002 0.0005228075625969528
0.8940000000000001 0.0004579243477552549
0.8942500000000001 0.000407899648678354
0.8945000000000001 0.00038747520531300865
0.8947500000000002 0.0003890241544907571
0.8950000000000001 0.0003866560045745881
0.8952500000000001 0.0003674179934490447
0.8955000000000001 0.00034662726364496986
0.8957500000000002 0.0003466928773914127
0.8960000000000001 0.00036339705546561886
0.8962500000000001 0.0003670506524393326
0.8965000000000001 0.0003334376817597386
0.8967500000000002 0.0002612073616441471
0.8970000000000001 0.00017566376797534605
0.8972500000000001 0.00010433116154282197
0.8975000000000001 6.562228548973777e-05
0.8977500000000002 6.973231615583956e-05
0.8980000000000001 0.00010701987981095497
0.8982500000000001 0.00016345698240483725
0.8985000000000001 0.00021969217230610486
0.8987500000000002 0.00025965215439106225
0.8990000000000001 0.00027762270530924584
0.8992500000000001 0.00027269015565214484
0.8995000000000001 0.00024811826989414655
0.8997500000000002 0.00020322651584647218
0.9000000000000001 0.00014861126946833102
0.9002500000000001 0.00010676704786284958
0.9005000000000001 9.80431849559658e-05
0.9007500000000002 0.0001285131860984593
0.9010000000000001 0.00017544448440523662
0.9012500000000001 0.00020584589141878364
0.9015000000000001 0.00019762881063123899
0.9017500000000002 0.000148883696409245
0.9020000000000001 8.676634480039794e-05
0.9022500000000001 4.10871486515784e-05
0.9025000000000001 2.1052793909522488e-05
0.9027500000000002 1.6806216412169172e-05
0.9030000000000001 1.5783159030063523e-05
0.9032500000000001 2.2125924629258673e-05
0.9035000000000001 4.24784978001074e-05
0.9037500000000002 7.253480500046313e-05
0.9040000000000001 9.975059822080126e-05
0.9042500000000001 0.00012007915694599853
0.9045000000000001 0.00013947500716131827
0.9047500000000002 0.0001606326383555858
# -------------------
# S3A_SLSTR Band S4
# -------------------
1.345 -0.00018210724597480363
1.34525 -0.00015158970520506181
1.3455 -9.717472957315336e-05
1.34575 -4.813393318854488e-05
1.346 -2.4414514180879762e-05
1.34625 -1.9313472710956285e-05
1.3465 6.5527661875010865e-06
1.34675 8.806170555172135e-05
1.347 0.0002445632266946735
1.34725 0.000482218741224762
1.3475 0.0007588946060203441
1.34775 0.0010312544888817377
1.348 0.0012507126211000806
1.34825 0.0013619187473893363
1.3485 0.0013768712588404963
1.34875 0.0013265180473973645
1.349 0.0012567974187085618
1.34925 0.0012168911223753838
1.3495 0.001223104803272998
1.34975 0.0012708406435039492
1.35 0.0013436474468011658
1.35025 0.0014223863908018122
1.3505 0.0014939128045614188
1.35075 0.0015566691018711189
1.351 0.0016174492837928733
1.35125 0.001694745103870871
1.3515 0.0018034295411053945
1.35175 0.0019516517764338692
1.352 0.00213842714064797
1.35225 0.002358662233064853
1.3525 0.0025913271421656964
1.35275 0.0028152163857708625
1.353 0.0030024990727822404
1.35325 0.0031098169374391355
1.3535 0.0031306823493067615
1.35375 0.0030700065211063175
1.354 0.0029477916366342626
1.35425 0.0027822167238930893
1.3545 0.0025861741014853064
1.35475 0.002344176526774191
1.355 0.0020315449646120896
1.35525 0.0016175290230874247
1.3555 0.0011264478721522057
1.35575 0.0005839379575603257
1.356 1.4449336167444826e-05
1.35625 -0.0005731424287561057
1.3565 -0.0011764717093211904
1.35675 -0.0017881143771042189
1.357 -0.002380620380600683
1.35725 -0.0028925988459508087
1.3575 -0.0032925050536950972
1.35775 -0.003565797381129289
1.358 -0.003714751627156079
1.35825 -0.0037192569680986887
1.3585 -0.003581372676373566
1.35875 -0.003270931148832052
1.359 -0.002758813505817071
1.35925 -0.0019859664047076186
1.3595 -0.0009685775696279758
1.35975 0.0003322642495530274
1.36 0.001985615587146027
1.36025 0.004176314128861288
1.3605 0.006948094990112771
1.36075 0.010418857175984567
1.361 0.014739516025025611
1.36125 0.020345067878088718
1.3615 0.027406004087796122
1.36175 0.03632945801300037
1.362 0.04761146656529632
1.36225 0.062451827338504476
1.3625 0.08116900882815853
1.36275 0.1046011870816817
1.363 0.13365640237341753
1.36325 0.17048848429899294
1.3635 0.2148890150721153
1.36375 0.2673568830890709
1.364 0.32795277177599325
1.36425 0.397177345344957
1.3645 0.47209900832310936
1.36475 0.550388946773852
1.365 0.6291614805548603
1.36525 0.7043252323642791
1.3655 0.7730427478668566
1.36575 0.832975171574595
1.366 0.8825749299067851
1.36625 0.9194147921519333
1.3665 0.9458250523605225
1.36675 0.9630428131638346
1.367 0.9727654890197475
1.36725 0.976275241884062
1.3675 0.9765150452277268
1.36775 0.9749371215392797
1.368 0.9725709827426914
1.36825 0.9700773388236149
1.3685 0.9678425401008892
1.36875 0.9660856684484643
1.369 0.9649777574312636
1.36925 0.9647397960952966
1.3695 0.9652096626667963
1.36975 0.9662697081448287
1.37 0.9677897533194671
1.37025 0.9696990372476084
1.3705 0.9718459412515404
1.37075 0.9741308944455769
1.371 0.9764391530095818
1.37125 0.9786425735367624
1.3715 0.9807029386688525
1.37175 0.9826301509239566
1.372 0.9844484932996093
1.37225 0.9861320910186768
1.3725 0.9876641982602428
1.37275 0.9890053329818818
1.373 0.9901474226843923
1.37325 0.9911056081473774
1.3735 0.9919760665193509
1.37375 0.9928114526100551
1.374 0.9936239936209853
1.37425 0.9943429605755926
1.3745 0.9948925309599341
1.37475 0.9952162950481861
1.375 0.9953362599726221
1.37525 0.9953585277359313
1.3755 0.9954172029655647
1.37575 0.9955790926647747
1.376 0.9958658815984337
1.37625 0.9962841471398204
1.3765 0.9968034330768368
1.37675 0.9973820197621057
1.377 0.9979371182734271
1.37725 0.9983200307623062
1.3775 0.9984682241835181
1.37775 0.9983928828409291
1.378 0.9981880236714338
1.37825 0.9980051046385868
1.3785 0.9979581005628426
1.37875 0.9980924888327584
1.379 0.9983982783677101
1.37925 0.9988382826231544
1.3795 0.9993048820467079
1.37975 0.9997063775652595
1.38 0.9999607698996014
1.38025 0.9999690272425291
1.3805 0.9997039761563362
1.38075 0.999065103776225
1.381 0.9978718247119138
1.38125 0.9956554196586893
1.3815 0.9921485815747482
1.38175 0.9869246913168114
1.382 0.979500915031278
1.38225 0.9687799221171358
1.3825 0.9545376399508875
1.38275 0.9361169686735029
1.383 0.912842783595163
1.38325 0.8830468496939378
1.3835 0.8470671564925523
1.38375 0.8046577623757293
1.384 0.7559461165494186
1.38425 0.7007061888311517
1.3845 0.6411072935088122
1.38475 0.578592000320906
1.385 0.5147932175547056
1.38525 0.45173508794912637
1.3855 0.3910952549119049
1.38575 0.33416359001117796
1.386 0.2818993741781503
1.38625 0.23582779005779378
1.3865 0.19528717990895234
1.38675 0.16017784207739255
1.387 0.1302097868117286
1.38725 0.10566599156900951
1.3875 0.08519068628326901
1.38775 0.06824914080392012
1.388 0.05432088794569355
1.38825 0.043270771467311675
1.3885 0.034207550899556995
1.38875 0.02677561588967064
1.389 0.02067636144228382
1.38925 0.015813268066019393
1.3895 0.011796595669439993
1.38975 0.008483934864738009
1.39 0.005764936779305664
1.39025 0.0036287866368009862
1.3905 0.0019188359664015402
1.39075 0.0005777786725730701
1.391 -0.0004533395771393931
1.39125 -0.0012046100658825527
1.3915 -0.0017816625003983116
1.39175 -0.0022300816452539675
1.392 -0.002580785548543362
1.39225 -0.002838905212589026
1.3925 -0.003026006180025478
1.39275 -0.003146939120321608
1.393 -0.0032059540058962895
1.39325 -0.003192352870643544
1.3935 -0.0031071057975610482
1.39375 -0.002936448924090886
1.394 -0.0026686375400756883
1.39425 -0.0022843610324192716
1.3945 -0.0018106175826855184
1.39475 -0.0012658601629987486
1.395 -0.000674862260592554
1.39525 -7.094989597168599e-05
1.3955 0.0005053902967709408
1.39575 0.0010241579468143267
1.396 0.0014655864718740633
1.39625 0.0018081783907478771
1.3965 0.0020679506912110227
1.39675 0.002247788184337395
1.397 0.002349706973676458
1.39725 0.002367109682545639
1.3975 0.0023249501682687775
1.39775 0.0022401380440466964
1.398 0.0021304940032681155
1.39825 0.002011613848308382
1.3985 0.0018966119864812028
1.39875 0.0017912416479010825
1.399 0.001697192532507475
1.39925 0.0016130401077459708
1.3995 0.0015316507673340985
1.39975 0.0014485356269340536
1.4 0.0013626364757555682
1.40025 0.0012790124590727225
1.4005 0.0012059007564597874
1.40075 0.0011499299742237866
1.401 0.001113363830534055
1.40125 0.0010935823237758354
1.4015 0.0010768106049331995
1.40175 0.001051270013301665
1.402 0.0010080791701491767
1.40225 0.0009413176460725437
1.4025 0.0008589508310237925
1.40275 0.0007682221815800253
1.403 0.0006772423782596214
1.40325 0.000598633507293069
1.4035 0.0005428363788793588
1.40375 0.000517608623069471
1.404 0.0005224738297658113
1.40425 0.0005471769439001271
1.4045 0.0005696650772614796
1.40475 0.0005763080349769956
# -------------------
# S3A_SLSTR Band S5
# -------------------
1.49 0.0007036258712984395
1.49025 0.0012436593128926302
1.4905 0.0016470273458698067
1.49075 0.0018903175287192156
1.491 0.001959726640045127
1.49125 0.0018287747696873774
1.4915 0.0015581324789600871
1.49175 0.0012068788131652085
1.492 0.0008528816452114274
1.49225 0.0005946420505618046
1.4925 0.0004703342060936535
1.49275 0.00048487496163091855
1.493 0.0006128888731368141
1.49325 0.000817024713075127
1.4935 0.0010381397254805216
1.49375 0.0012460530716847835
1.494 0.0014270145839686392
1.49425 0.001580411122431638
1.4945 0.0017211832966196358
1.49475 0.0018526999259558298
1.495 0.001966065282866458
1.49525 0.002033020054487886
1.4955 0.002039154477335857
1.49575 0.001976479535686535
1.496 0.001849730355742076
1.49625 0.0016694500717709213
1.4965 0.0014671920339327476
1.49675 0.0012633308662105428
1.497 0.001075171197551551
1.49725 0.0009234886742244446
1.4975 0.0008156839327523912
1.49775 0.0007614675796429175
1.498 0.0007687190345481411
1.49825 0.0008471778824073393
1.4985 0.0009649577656129127
1.49875 0.0010775671192827941
1.499 0.0011239200089909413
1.49925 0.0010188805592376757
1.4995 0.00075805133035389
1.49975 0.0003641918118211228
1.5 -0.00010809334872696784
1.50025 -0.0005818728272715829
1.5005 -0.0009849864293080032
1.50075 -0.0012651885154886804
1.501 -0.0013825638395180534
1.50125 -0.0012897025116749292
1.5015 -0.0010419469948347256
1.50175 -0.0006971667284246029
1.502 -0.0003235978834019446
1.50225 2.0895275874611494e-05
1.5025 0.000328339673923751
1.50275 0.0006115790060236179
1.503 0.0008796343847978367
1.50325 0.001115441508475261
1.5035 0.0012970628856325658
1.50375 0.0014093669493532393
1.504 0.0014569027660476118
1.50425 0.0014567462782448942
1.5045 0.001436436382461736
1.50475 0.0013932829382222675
1.505 0.00130293157713587
1.50525 0.001114315910888356
1.5055 0.0008236785907449608
1.50575 0.0004506692813259722
1.506 4.768826856061642e-05
1.50625 -0.0002920618993730376
1.5065 -0.000495522949770512
1.50675 -0.0005170521570977689
1.507 -0.0003537228523241629
1.50725 -4.801607165877777e-05
1.5075 0.0002671112635889942
1.50775 0.0004914282352754625
1.508 0.0005698490000175527
1.50825 0.0005089172225339015
1.5085 0.00042565356920073425
1.50875 0.0004174344765837539
1.509 0.0005471412577849839
1.50925 0.0008402959035177792
1.5095 0.0012157803914549345
1.50975 0.001596141561364449
1.51 0.0019046968933942776
1.51025 0.0020568072183825958
1.5105 0.0020520062043161477
1.51075 0.0019063778922384445
1.511 0.0016598386171373138
1.51125 0.0013639645561060523
1.5115 0.0010818306919645987
1.51175 0.0008522952541683911
1.512 0.000702763387059194
1.51225 0.0006655342979410599
1.5125 0.0007254255453315551
1.51275 0.0008688940679560504
1.513 0.0010690948996609647
1.51325 0.0012828114093109738
1.5135 0.0014574836407782736
1.51375 0.0015564745825195458
1.514 0.00155985361099729
1.51425 0.0014528874512284222
1.5145 0.001268870334051671
1.51475 0.001029594611451899
1.515 0.0007597984090386824
1.51525 0.0004935905326226994
1.5155 0.0002684611521275257
1.51575 0.00011490036260916672
1.516 5.158682364057246e-05
1.51625 8.953254927562203e-05
1.5165 0.0001848197846396543
1.51675 0.00029759830682933315
1.517 0.00039067847232410484
1.51725 0.00043987621121009934
1.5175 0.00046867685564277897
1.51775 0.0005158127482996184
1.518 0.0006216265518756701
1.51825 0.0008189932624251565
1.5185 0.001074145938217857
1.51875 0.0013407582333760824
1.519 0.0015674212019968197
1.51925 0.0017026060452655404
1.5195 0.0017535563758629621
1.51975 0.0017387731204634347
1.52 0.0016849369547316292
1.52025 0.0016153107596327111
1.5205 0.0015451408471376792
1.52075 0.0014756539978113955
1.521 0.0014045644685635758
1.52125 0.00133363471278602
1.5215 0.0012733077158574072
1.52175 0.0012363714135728197
1.522 0.0012294871103771935
1.52225 0.001246338093154612
1.5225 0.0012599650034733896
1.52275 0.001252114163154953
1.523 0.0012213599385777776
1.52325 0.0011934830539815726
1.5235 0.001208875177571777
1.52375 0.0012992864957564122
1.524 0.001480614310951853
1.52425 0.00176056914983472
1.5245 0.0020980064104171546
1.52475 0.002457369607669024
1.525 0.0027992163288663415
1.52525 0.0030747743361165688
1.5255 0.0032711164893837142
1.52575 0.0033893325200819737
1.526 0.003447467211088182
1.52625 0.003473024057080713
1.5265 0.003502195618008683
1.52675 0.0035546220781513664
1.527 0.0036402891430056335
1.52725 0.0037637041749841306
1.5275 0.003907923332279139
1.52775 0.004056660028700634
1.528 0.004192743252478001
1.52825 0.004296543627826041
1.5285 0.0043644650537204115
1.52875 0.004393558935166343
1.529 0.00438231375819113
1.52925 0.0043251632717297315
1.5295 0.004237340182607894
1.52975 0.004136959266351199
1.53 0.004049506930211385
1.53025 0.004008512077787469
1.5305 0.004018150432465781
1.53075 0.0040673614719532675
1.531 0.004129922791803157
1.53125 0.004166412708181591
1.5315 0.004155262079285436
1.53175 0.004094294215706586
1.532 0.0040025222186207314
1.53225 0.003923134478350559
1.5325 0.0038974212689826633
1.53275 0.00394562790833931
1.533 0.004062084886800498
1.53325 0.00421823454242916
1.5335 0.0043657287265353225
1.53375 0.004477383844685589
1.534 0.004541514532668387
1.53425 0.004550383726725392
1.5345 0.004514941581809622
1.53475 0.004435881138034962
1.535 0.004314742960826365
1.53525 0.004156488947940055
1.5355 0.0039894159257434
1.53575 0.0038421914873972085
1.536 0.003743302175222803
1.53625 0.0037236596291665867
1.5365 0.0037702963175458514
1.53675 0.0038644544542054803
1.537 0.003980901070076576
1.53725 0.004098060174378656
1.5375 0.004209944595803193
1.53775 0.004321344435407667
1.538 0.0044341885384406995
1.53825 0.004531642623825383
1.5385 0.004585149657676145
1.53875 0.0045681435624746755
1.539 0.004471513344717519
1.53925 0.004308517514709498
1.5395 0.004136537227496118
1.53975 0.004000327547151664
1.54 0.003928875317931529
1.54025 0.003934203821731968
1.5405 0.003978250473058389
1.54075 0.004026606135711909
1.541 0.004050516984747899
1.54125 0.004030684125836341
1.5415 0.003980734934688428
1.54175 0.0039163318210742575
1.542 0.003851549562390159
1.54225 0.0037956794577518166
1.5425 0.0037500693535276568
1.54275 0.003718117888849522
1.543 0.0037071160242763317
1.54325 0.0037320048451264204
1.5435 0.0037915697757060192
1.54375 0.003878804560588604
1.544 0.003976777139964783
1.54425 0.004056310853174834
1.5445 0.004095468922493763
1.54475 0.004082254315561309
1.545 0.004016848150657837
1.54525 0.003907513197313991
1.5455 0.0037840946199466305
1.54575 0.0036697022359529533
1.546 0.0035855742718635714
1.54625 0.003556741739836049
1.5465 0.0035806649308484303
1.54675 0.0036492557127513242
1.547 0.0037441002929132494
1.54725 0.003837105099538385
1.5475 0.0039026536193306877
1.54775 0.0039265249520083955
1.548 0.00390537447758275
1.54825 0.003844234240086723
1.5485 0.003771348154057332
1.54875 0.003711599751435949
1.549 0.0036882560678100293
1.54925 0.003726816812447133
1.5495 0.0038202905179989346
1.54975 0.003957241657036441
1.55 0.0041181859062384574
1.55025 0.004278293995508821
1.5505 0.004418780164245595
1.55075 0.004532890888565868
1.551 0.004622680385735233
1.55125 0.004693991298793857
1.5515 0.004757027273306649
1.55175 0.00481306697022511
1.552 0.004857953873117234
1.55225 0.00488020693684967
1.5525 0.004876744304201896
1.55275 0.004847366724347454
1.553 0.004796523868948326
1.55325 0.004727557314098372
1.5535 0.004644092293480845
1.55375 0.00454130440022346
1.554 0.004413095962580664
1.55425 0.00425436165538172
1.5545 0.0040788211960139185
1.55475 0.0039006628371561934
1.555 0.0037333048568832855
1.55525 0.003588251981942236
1.5555 0.0034637131076265476
1.55575 0.003359189131676091
1.556 0.0032768861786912047
1.55625 0.003229579265233917
1.5565 0.003222798637079816
1.55675 0.00326419063819679
1.557 0.003356702779715541
1.55725 0.0035026354244827645
1.5575 0.0036792466083462425
1.55775 0.00386540176333316
1.558 0.004035216584116758
1.55825 0.004151641945582448
1.5585 0.00420131441062668
1.55875 0.004179808597117045
1.559 0.0040975789501463585
1.55925 0.0039757979746238474
1.5595 0.003852471960370062
1.55975 0.0037522797504967406
1.56 0.0036922953084908825
1.56025 0.0036903788430750067
1.5605 0.0037399418658460508
1.56075 0.003836694203552385
1.561 0.003971609734627451
1.56125 0.0041337588539292775
1.5615 0.004303596328543062
1.56175 0.004470885586629038
1.562 0.004631415414272162
1.56225 0.004789329492846163
1.5625 0.004958292483418187
1.56275 0.0051550760549098065
1.563 0.0053971383154952715
1.56325 0.005709198370280177
1.5635 0.006086425320426185
1.56375 0.0065250019093290364
1.564 0.007017165574700705
1.56425 0.007563297771233256
1.5645 0.00815519319841972
1.56475 0.008799238081253512
1.565 0.00950572061323217
1.56525 0.010298440053287497
1.5655 0.01117173521680137
1.56575 0.012125881691250772
1.566 0.013156746868167542
1.56625 0.014267294139167061
1.5665 0.01543589259913631
1.56675 0.016654140233403805
1.567 0.017918023150236422
1.56725 0.01924222432823751
1.5675 0.020636485273581293
1.56775 0.022123419898201116
1.568 0.023723571658639784
1.56825 0.025471647072561727
1.5685 0.027350344570311977
1.56875 0.02936161809525139
1.569 0.03151360583071796
1.56925 0.03385098994256723
1.5695 0.0363662280343373
1.56975 0.039066242181151185
1.57 0.041944032421384544
1.57025 0.04500681150338054
1.5705 0.04821182547316792
1.57075 0.05156014162770145
1.571 0.05507200655408476
1.57125 0.05882449788618337
1.5715 0.06283622149557122
1.57175 0.06715251785868533
1.572 0.07181220129501942
1.57225 0.0769098634689752
1.5725 0.08240212945160548
1.57275 0.08829843123919237
1.573 0.09460544220594556
1.57325 0.10140358900899464
1.5735 0.10863731804286694
1.57375 0.1163204547107783
1.574 0.12446566787625216
1.57425 0.13316093193161066
1.5745 0.14233426535261007
1.57475 0.15199360456321018
1.575 0.1621528262547168
1.57525 0.1729318889858222
1.5755 0.18428883918504352
1.57575 0.1962738172578558
1.576 0.20893480781703425
1.57625 0.22242668508177052
1.5765 0.23664153943848604
1.57675 0.2515642195225142
1.577 0.26716577797631264
1.57725 0.28350395229297715
1.5775 0.30041974863925724
1.57775 0.31786968309842323
1.578 0.3358182243201984
1.57825 0.3543293732303264
1.5785 0.37331895675107196
1.57875 0.3927877118579456
1.579 0.41272880253733785
1.57925 0.43318690924392106
1.5795 0.45404483257678974
1.57975 0.4752455463012907
1.58 0.49672404469801157
1.58025 0.518426490282205
1.5805 0.5402233903020585
1.58075 0.5620212173479486
1.581 0.5837129372283959
1.58125 0.6051376714430814
1.5815 0.6262192705002888
1.58175 0.6468786176343116
1.582 0.6670508717330776
1.58225 0.6865778420590791
1.5825 0.7054917592681454
1.58275 0.7237455561603129
1.583 0.7413096589042766
1.58325 0.758048146732391
1.5835 0.7740810506063972
1.58375 0.789420466837125
1.584 0.8040863774605149
1.58425 0.8179894305680322
1.5845 0.8312362265645941
1.58475 0.8438083172879355
1.585 0.8556684956143198
1.58525 0.8666654424619541
1.5855 0.8768989772752704
1.58575 0.8863634768248124
1.586 0.8950702392386632
1.58625 0.9029309764654961
1.5865 0.9101314542235712
1.58675 0.9167285099982002
1.587 0.9227792788985095
1.58725 0.9282511142752226
1.5875 0.9332728608714694
1.58775 0.9378739756009442
1.588 0.9420696734278451
1.58825 0.945803948100609
1.5885 0.949149852103329
1.58875 0.9521411651743221
1.589 0.9548152112850771
1.58925 0.9571793063736894
1.5895 0.9593213439973396
1.58975 0.9612746853541471
1.59 0.9630642332841906
1.59025 0.964674733637863
1.5905 0.9661332457404419
1.59075 0.9674387589132205
1.591 0.9686010449730451
1.59125 0.9696025399688752
1.5915 0.9704727449230848
1.59175 0.9712159157893467
1.592 0.9718531092361449
1.59225 0.9724004221531274
1.5925 0.9728953180514361
1.59275 0.9733480515401581
1.593 0.973764120475913
1.59325 0.9741423766226535
1.5935 0.9744824423651945
1.59375 0.9747819305024802
1.594 0.9750416840617271
1.59425 0.9752946846844242
1.5945 0.9755784872359485
1.59475 0.9759224454478433
1.595 0.9763351224341588
1.59525 0.9768286288324122
1.5955 0.9773684394846908
1.59575 0.9779186708780963
1.596 0.9784404373341731
1.59625 0.9788933269891635
1.5965 0.9792882721860643
1.59675 0.9796323344043181
1.597 0.9799407963478562
1.59725 0.9802179221231724
1.5975 0.9805036519763163
1.59775 0.98081538702914
1.598 0.9811651662520908
1.59825 0.9815489877231026
1.5985 0.9819537010277479
1.59875 0.98236416083401
1.599 0.9827630959720021
1.59925 0.983127876744458
1.5995 0.9834598905604981
1.59975 0.9837687728651185
1.6 0.9840676431554762
1.60025 0.9843833046458161
1.6005 0.9847026606753607
1.60075 0.9850479599219948
1.601 0.9854294641141124
1.60125 0.9858563659564049
1.6015 0.9863075241521749
1.60175 0.9867802520266924
1.602 0.9872606059492625
1.60225 0.9877283120216952
1.6025 0.9881616279559711
1.60275 0.9885547084917232
1.603 0.9889010222347024
1.60325 0.9891854675725201
1.6035 0.9894135747744741
1.60375 0.9896017375177587
1.604 0.9897749911080242
1.60425 0.9899584187187893
1.6045 0.9901607154860805
1.60475 0.9903862534137953
1.605 0.9906368363510681
1.60525 0.9909059465200983
1.6055 0.9911809370165541
1.60575 0.9914651802249765
1.606 0.9917772089324594
1.60625 0.9921353040533116
1.6065 0.992530415158229
1.60675 0.9929508761974514
1.607 0.993388531710485
1.60725 0.9938183360941528
1.6075 0.9942171631747265
1.60775 0.9945743146607673
1.608 0.9949009094116613
1.60825 0.995204980770427
1.6085 0.9954975035095955
1.60875 0.9957822942278446
1.609 0.9960705378673363
1.60925 0.9963617621449415
1.6095 0.9966450602589013
1.60975 0.9969111780971786
1.61 0.9971540819977383
1.61025 0.9973502424272467
1.6105 0.9975062509528005
1.61075 0.9976251140049452
1.611 0.997724142491926
1.61125 0.9978251125242996
1.6115 0.9979467459102138
1.61175 0.9981024420596893
1.612 0.9983096272811669
1.61225 0.998573782449412
1.6125 0.9988652034039339
1.61275 0.9991577807182527
1.613 0.9994357970133873
1.61325 0.9996690691369494
1.6135 0.9998423233361138
1.61375 0.9999468356516368
1.614 0.9999936722216602
1.61425 0.9999830293976577
1.6145 0.9999285818150315
1.61475 0.9998390353825928
1.615 0.9997351527912082
1.61525 0.9996281111013829
1.6155 0.9995204449720761
1.61575 0.9994142552981398
1.616 0.9993165060411635
1.61625 0.9992235567863214
1.6165 0.9991251085917502
1.61675 0.9990232324760195
1.617 0.9989270752597954
1.61725 0.9988371555929265
1.6175 0.9987375949359467
1.61775 0.9986163607316361
1.618 0.9984549779062378
1.61825 0.9982098206793958
1.6185 0.9978586862077243
1.61875 0.9973967190071867
1.619 0.9968281402242901
1.61925 0.9961539087176983
1.6195 0.9954110463783705
1.61975 0.994644369754684
1.62 0.9938894109955594
1.62025 0.9931796740451847
1.6205 0.992512776308342
1.62075 0.9918949381447544
1.621 0.9913036896707225
1.62125 0.9906877990991042
1.6215 0.9899967583086833
1.62175 0.9891977405112532
1.622 0.9882619783514804
1.62225 0.9871499490027947
1.6225 0.9859149354108976
1.62275 0.984603637092495
1.623 0.9832626827062795
1.62325 0.9819203725358103
1.6235 0.9806042574996698
1.62375 0.9793078870928771
1.624 0.9780075569285892
1.62425 0.9766544675221046
1.6245 0.9752437990618404
1.62475 0.9737650677528071
1.625 0.972213101763229
1.62525 0.970586820611312
1.6255 0.9689236291786499
1.62575 0.9672416459860507
1.626 0.965546175540027
1.62625 0.9638558243885179
1.6265 0.9621764139094431
1.62675 0.9605003250065504
1.627 0.9588067327231314
1.62725 0.9570882495918265
1.6275 0.9553408993949979
1.62775 0.953556413960433
1.628 0.9517323652503938
1.62825 0.9498773790666211
1.6285 0.948005979015445
1.62875 0.946119873223288
1.629 0.9442357481120602
1.62925 0.9423807973673681
1.6295 0.9405632923961427
1.62975 0.9387847940159042
1.63 0.9370553517701914
1.63025 0.9353897237805907
1.6305 0.9337755883812783
1.63075 0.932210970391729
1.631 0.9307070567305376
1.63125 0.9292776947598974
1.6315 0.9279091880835827
1.63175 0.9266104903852095
1.632 0.9254019327975388
1.63225 0.9243252879232537
1.6325 0.9233823753148812
1.63275 0.9226079786115818
1.633 0.9220241409633289
1.63325 0.9216717343327695
1.6335 0.9215171535850407
1.63375 0.9215657961249216
1.634 0.9218098420388315
1.63425 0.9222538337244275
1.6345 0.9228630522763358
1.63475 0.9236252568218195
1.635 0.9245211030659376
1.63525 0.9255441512791598
1.6355 0.9266707146211047
1.63575 0.9278917396677765
1.636 0.9291937157640118
1.63625 0.9306050792569912
1.6365 0.9321242114283294
1.63675 0.933753696352866
1.637 0.9354856028017897
1.63725 0.9373265620347326
1.6375 0.9392288510047633
1.63775 0.941142510334849
1.638 0.9430255985988885
1.63825 0.9448181441976705
1.6385 0.9464772188506281
1.63875 0.9479510416003212
1.639 0.9491975622173456
1.63925 0.9501070326972563
1.6395 0.9506482652776131
1.63975 0.9507502118156
1.64 0.9503435700270116
1.64025 0.9492280229146571
1.6405 0.947385145017571
1.64075 0.9447150966570667
1.641 0.9410998171252948
1.64125 0.9362101479275586
1.6415 0.9300993145259295
1.64175 0.9226811468034335
1.642 0.9138851849272599
1.64225 0.903406916990626
1.6425 0.8914633931266899
1.64275 0.8780344409541619
1.643 0.8630962807810127
1.64325 0.8463923615540005
1.6435 0.8281868042910197
1.64375 0.8085025994454931
1.644 0.7873818098758741
1.64425 0.7646918125712345
1.6445 0.7407755645525138
1.64475 0.7157549871463171
1.645 0.6897798424548698
1.64525 0.6629144950318218
1.6455 0.6354792885037847
1.64575 0.6076420109313377
1.646 0.5795767762212913
1.64625 0.5514620312620693
1.6465 0.5234756482101115
1.64675 0.4957697353493994
1.647 0.46849189786240625
1.64725 0.4418903077749412
1.6475 0.41600382637281885
1.64775 0.3909393796723216
1.648 0.36677976441846505
1.64825 0.3437478842484349
1.6485 0.3217334039804468
1.64875 0.30076032363448235
1.649 0.2808336829172622
1.64925 0.26212731860810917
1.6495 0.24445570120267596
1.64975 0.22779750328729478
1.65 0.2121256953880072
1.65025 0.19756678108227566
1.6505 0.18392122867814004
1.65075 0.17114590240760444
1.651 0.1591974315564802
1.65125 0.14815255598549812
1.6515 0.13782651433359194
1.65175 0.1281738413468683
1.652 0.11915522911952742
1.65225 0.1108285837294781
1.6525 0.1030586760236368
1.65275 0.0958215230802489
1.653 0.08909349452108813
1.65325 0.08292409697054413
1.6535 0.07720462440218887
1.65375 0.07190605791459653
1.654 0.06699626737096506
1.65425 0.06249975841634231
1.6545 0.05832636015662227
1.65475 0.054451382336986584
1.655 0.05085281034830467
1.65525 0.047550257211402394
1.6555 0.04447736504710504
1.65575 0.04161122780079274
1.656 0.03892983936795871
1.65625 0.03643775484907364
1.6565 0.03409006375725069
1.65675 0.03187723526685007
1.657 0.02979402845144073
1.65725 0.027856641266946886
1.6575 0.026038646831916496
1.65775 0.024333624396740163
1.658 0.022733368122951344
1.65825 0.021244793157565757
1.6585 0.01984672029152837
1.65875 0.018537962906351447
1.659 0.017319647979930835
1.65925 0.016210198949283813
1.6595 0.015194979244559469
1.65975 0.014270913907142241
1.66 0.013431288349578916
1.66025 0.012676252965058773
1.6605 0.011978807269369346
1.66075 0.011325547776591179
1.661 0.010704972502198784
1.66125 0.010112012877801493
1.6615 0.009539315944066032
1.66175 0.0089893018989184
1.662 0.00846748838679706
1.66225 0.007987001543799443
1.6625 0.0075471655477028984
1.66275 0.007148013930298801
1.663 0.006784603203054706
1.66325 0.006450654202913631
1.6635 0.006129305218977603
1.66375 0.005810814356466886
1.664 0.005489384305356191
1.66425 0.005164172440395615
1.6645 0.004840482081221094
1.66475 0.004524493536903583
1.665 0.004221830306805406
1.66525 0.0039390530131377935
1.6655 0.0036744715925606025
1.66575 0.0034282458917225807
1.666 0.003200757812612419
1.66625 0.0029964621329059116
1.6665 0.0028133412707543742
1.66675 0.0026513472129801995
1.667 0.002508551477882954
1.66725 0.0023829914116927564
1.6675 0.002266630171127859
1.66775 0.0021552363469063847
1.668 0.0020467160228059183
1.66825 0.0019429812433431057
1.6685 0.001847633207463762
1.66875 0.0017655662036564982
1.669 0.0017008098757604734
1.66925 0.0016579848980136807
1.6695 0.001631775891139041
1.66975 0.0016178795534230995
1.67 0.0016113350293689161
1.67025 0.0016081453774010744
1.6705 0.001605536752995316
1.67075 0.0016029656945453507
1.671 0.00160007784361993
1.67125 0.0015950796179682659
1.6715 0.0015854908874950785
1.67175 0.00156888960410662
1.672 0.00154444430754344
1.67225 0.0015134607084719778
1.6725 0.001481661556626781
1.67275 0.0014534202326384144
1.673 0.0014308939436784016
1.67325 0.0014125141759500114
1.6735 0.0013915826003748975
1.67375 0.0013617853999960154
1.674 0.0013190517041235012
1.67425 0.0012627994281245412
1.6745 0.0012028440555690609
1.67475 0.0011498412366851049
1.675 0.0011145400106767922
1.67525 0.0011091834350267465
1.6755 0.0011303540952029005
1.67575 0.0011724475010322728
1.676 0.0012259773806880636
1.67625 0.0012788692345338613
1.6765 0.0013219880323987582
1.67675 0.001351879732384699
1.677 0.001369544073369963
1.67725 0.0013789785020449725
1.6775 0.0013875440936583882
1.67775 0.001398932533594233
1.678 0.0014140085439983924
1.67825 0.0014306507284049053
1.6785 0.0014448287728141469
1.67875 0.0014540695337574901
1.679 0.0014579875336593025
1.67925 0.0014583133419958046
1.6795 0.001459145203548827
1.67975 0.0014630842218323282
1.68 0.0014710618868034432
1.68025 0.0014822819933072249
1.6805 0.0014934982032389305
1.68075 0.0015019298999608096
1.681 0.0015051509527999958
1.68125 0.0014997295092502767
1.6815 0.0014851046107433215
1.68175 0.00146019516790383
1.682 0.0014248961710107459
1.68225 0.0013798019281533445
1.6825 0.001330861277284158
1.68275 0.0012837653440230144
1.683 0.0012444107586384457
1.68325 0.001219950043804595
1.6835 0.0012100725470856047
1.68375 0.0012131817274566618
1.684 0.001225467855326966
1.68425 0.0012417940230161524
1.6845 0.0012560210425105237
1.68475 0.0012644635511813414
1.685 0.0012649945831958958
1.68525 0.00125586946404606
1.6855 0.0012399700806377924
1.68575 0.0012198230362737159
1.686 0.0011984920356523496
1.68625 0.001179922928365672
1.6865 0.00116667578814337
1.68675 0.0011604104378821344
1.687 0.0011618669576146318
1.68725 0.0011720019051852514
1.6875 0.0011883585488851878
1.68775 0.0012092960519173382
1.688 0.0012328173484749947
1.68825 0.001256351823875107
1.6885 0.0012773429303145874
1.68875 0.0012938094053179582
1.689 0.0013041475381517264
1.68925 0.0013058653983462165
1.6895 0.0012993027750471267
1.68975 0.0012839123713866785
1.69 0.0012595523829802705
1.69025 0.0012258641460550954
1.6905 0.001187022129171825
1.69075 0.0011474877672969313
1.691 0.0011130804609476592
1.69125 0.0010928255497720868
1.6915 0.0010903537367771207
1.69175 0.0011079744295209152
1.692 0.0011449572546849568
1.69225 0.0011990391166761098
1.6925 0.001259914767005517
1.69275 0.0013190723437231497
1.693 0.001367796456736395
1.69325 0.001394329387208182
1.6935 0.0013962470247537734
1.69375 0.0013724898375491862
1.694 0.001325991113027938
1.69425 0.001262764676563351
1.6945 0.001197379338533805
1.69475 0.0011416888283230851
1.695 0.0011062937838564118
1.69525 0.00110345308535416
1.6955 0.0011297578525711238
1.69575 0.0011805193009184595
1.696 0.001246969961364704
1.69625 0.0013169255232247034
1.6965 0.0013775786599026017
1.69675 0.001420730053773667
1.697 0.0014417484007957424
1.69725 0.0014366514235945305
1.6975 0.001413192469777723
1.69775 0.001377328979969656
1.698 0.0013357828342277043
1.69825 0.0012957730314732195
1.6985 0.0012623801107523975
1.69875 0.001238545150736345
1.699 0.0012258457787050693
1.69925 0.0012267776425367246
1.6995 0.0012389503306754145
1.69975 0.001261015633516144
1.7 0.0012906427804764244
1.70025 0.0013244190423532926
1.7005 0.0013566876966349581
1.70075 0.0013827309856721582
1.701 0.0013982672593003623
1.70125 0.0013974240904376593
1.7015 0.0013810805543600102
1.70175 0.0013500682723030376
1.702 0.001307187675961511
1.70225 0.0012568639303174175
1.7025 0.0012071015090457805
1.70275 0.0011641152163006383
1.703 0.0011330043594467705
1.70325 0.001119114070504231
1.7035 0.0011191912015528905
1.70375 0.001129601952070785
1.704 0.0011450835336350256
1.70425 0.0011594576679914914
1.7045 0.0011687846991760647
1.70475 0.0011722522234845637
1.705 0.001171682975014385
1.70525 0.0011714867575532068
1.7055 0.0011763615247084355
1.70575 0.0011890652078506605
1.706 0.0012098571966635357
1.70625 0.0012362263073203228
1.7065 0.0012613464073800013
1.70675 0.0012791407317605682
1.707 0.0012846193043404642
1.70725 0.0012728082429399564
1.7075 0.0012475542588527388
1.70775 0.0012129574030543104
1.708 0.0011744074400523317
1.70825 0.0011379191360848813
1.7085 0.0011068530629503317
1.70875 0.0010818275829365138
1.709 0.0010613007395908875
1.70925 0.0010419871758446085
1.7095 0.001019966118920361
1.70975 0.0009929177832002309
1.71 0.0009600962174246845
1.71025 0.000921951152734202
1.7105 0.0008819245556816548
1.71075 0.0008427242987904312
1.711 0.0008065033923023459
1.71125 0.0007750829804043537
1.7115 0.000747455672286973
1.71175 0.0007224340321489682
1.712 0.0006986071713600247
1.71225 0.000674771874729845
1.7125 0.000650647988213339
1.71275 0.0006269698974062881
1.713 0.0006051590006833992
1.71325 0.000587869455207513
1.7135 0.000576075452994042
1.71375 0.0005701376798343461
1.714 0.000569008727488505
1.71425 0.000569811056296602
1.7145 0.000567616272288772
1.71475 0.0005579682121014506
1.715 0.0005370761905915881
1.71525 0.0005004479140387154
1.7155 0.0004509297327410471
1.71575 0.00039160848232976277
1.716 0.000327455831902775
1.71625 0.00026589082140794835
1.7165 0.00021362835722972957
1.71675 0.00017570504921661533
1.717 0.00015515971930916194
1.71725 0.0001550922649778819
1.7175 0.00016941218789787713
1.71775 0.00019302409565167452
1.718 0.00021979412684965723
1.71825 0.0002423410148295138
1.7185 0.0002560776730595164
1.71875 0.0002586229491182998
1.719 0.0002497015741867767
1.71925 0.0002297980303843925
1.7195 0.00020420281143604293
1.71975 0.00017682434472184562
1.72 0.0001514098617062414
1.72025 0.00013206369317393695
1.7205 0.0001195775099539143
1.72075 0.00011394208270993423
1.721 0.00011412152801050445
1.72125 0.00011894960570826098
1.7215 0.00012597124351624098
1.72175 0.00013402208154863254
1.722 0.00014234727107572477
1.72225 0.00015029037895813454
1.7225 0.00015721777295966375
1.72275 0.00016227564166407225
1.723 0.0001644164005450718
1.72325 0.0001617944776511004
1.7235 0.00015432929430796402
1.72375 0.00014196960380454053
1.724 0.00012530660344772896
1.72425 0.00010522711762243093
1.7245 8.395878339873915e-05
1.72475 6.295714804744952e-05
1.725 4.329014818987295e-05
1.72525 2.5763223056295836e-05
1.7255 9.935263804639955e-06
1.72575 -4.5341558676411496e-06
1.726 -1.7723142474483125e-05
1.72625 -2.851605762414667e-05
1.7265 -3.541015682326918e-05
1.72675 -3.607925833069691e-05
1.727 -2.814970695862531e-05
1.72725 -8.110576733277045e-06
1.7275 2.2285566939519048e-05
1.72775 6.108731923558462e-05
1.728 0.00010482616682328147
1.72825 0.00014845036040052377
1.7285 0.00018703441423712367
1.72875 0.00021727352055362373
1.729 0.00023728371669294015
1.72925 0.0002451242071188881
1.7295 0.00024398523004696547
1.72975 0.00023615649714590556
# -------------------
# S3A_SLSTR Band S6
# -------------------
2.15 0.0005403575921186517
2.15025 0.0005218080551691914
2.1505 0.0005032585182197639
2.15075 0.0004786112685400023
2.151 0.0004539640188602407
2.15125 0.0004290308925912755
2.1515 0.0004040977663223547
2.15175 0.00038243325815092257
2.152 0.0003607687499794593
2.15225 0.00034320852842926027
2.1525 0.0003256483068790612
2.15275 0.0003112244588863094
2.153 0.0002968006108935832
2.15325 0.0002842131476463174
2.1535 0.0002716256843990317
2.15375 0.00026041426488053845
2.154 0.0002492028453620452
2.15425 0.000240062814594919
2.1545 0.00023092278382780902
2.15475 0.00022507658305855624
2.155 0.00021923038228930343
2.15525 0.00021729796531347767
2.1555 0.00021536554833765533
2.15575 0.00021659502586608833
2.156 0.00021782450339452597
2.15625 0.00022042084012816073
2.1565 0.00022301717686179547
2.15675 0.00022551951457834072
2.157 0.00022802185229488153
2.15725 0.00023073428943133368
2.1575 0.00023344672656779516
2.15775 0.00023867884449607944
2.158 0.00024391096242436372
2.15825 0.00025459222934906913
2.1585 0.00026527349627379355
2.15875 0.00028286789645244934
2.159 0.00030046229663110513
2.15925 0.0003238215688044166
2.1595 0.00034718084097768657
2.15975 0.00037332723809055423
2.16 0.00039947363520346845
2.16025 0.00042570775855850713
2.1605 0.0004519418819135458
2.16075 0.000477490406373753
2.161 0.0005030389308339149
2.16125 0.0005288104792733494
2.1615 0.0005545820277128313
2.16175 0.0005812265741263128
2.162 0.0006078711205397942
2.16225 0.0006337754559616036
2.1625 0.0006596797913834589
2.16275 0.0006805089647782092
2.163 0.0007013381381729595
2.16325 0.0007114679266848425
2.1635 0.0007215977151967076
2.16375 0.0007164624513540449
2.164 0.0007113271875113432
2.16425 0.000689344328752429
2.1645 0.0006673614699935148
2.16475 0.000630601293670081
2.165 0.0005938411173467127
2.16525 0.0005473232796091756
2.1655 0.0005008054418715498
2.16575 0.00045079343860166676
2.166 0.0004007814353317838
2.16625 0.00035274441714899454
2.1665 0.00030470739896611994
2.16675 0.0002618295260533488
2.167 0.00021895165314057773
2.16725 0.00018198941803317825
2.1675 0.00014502718292584444
2.16775 0.0001136798409446602
2.168 8.233249896343143e-05
2.16825 5.726112823342065e-05
2.1685 3.218975750340986e-05
2.16875 1.6160998506801453e-05
2.169 1.3223951022152195e-07
2.16925 -2.7848879098448386e-06
2.1695 -5.702015329887882e-06
2.16975 7.424712480327912e-06
2.17 2.0551440290543706e-05
2.17025 4.901196120893747e-05
2.1705 7.747248212738179e-05
2.17075 0.00011606039315002902
2.171 0.00015464830417267624
2.17125 0.00019515245606807884
2.1715 0.0002356566079634095
2.17175 0.0002699827012475226
2.172 0.0003043087945316771
2.17225 0.00032759588425769584
2.1725 0.0003508829739837146
2.17275 0.00036305645666105137
2.173 0.0003752299393383665
2.17325 0.0003803306520232178
2.1735 0.0003854313647080759
2.17375 0.0003892444659310288
2.174 0.0003930575671539817
2.17425 0.0004003411785410908
2.1745 0.00040762478992821283
2.17475 0.0004202302639331229
2.175 0.000432835737938033
2.17525 0.00044935598100621633
2.1755 0.00046587622407437033
2.17575 0.00048262410694415147
2.176 0.000499371989813955
2.17625 0.0005119336186109459
2.1765 0.0005244952474079368
2.17675 0.0005290605520438068
2.177 0.0005336258566796686
2.17725 0.0005277175699703604
2.1775 0.0005218092832610215
2.17775 0.0005045874947525886
2.178 0.00048736570624415584
2.17825 0.00045991933092391656
2.1785 0.00043247295560362855
2.17875 0.00039821246353929647
2.179 0.00036395197147496433
2.17925 0.0003287259656301439
2.1795 0.0002934999597853861
2.17975 0.00026493377434499597
2.18 0.0002363675889045809
2.18025 0.00022234971448551014
2.1805 0.00020833184006643934
2.18075 0.00021512174984213714
2.181 0.0002219116596178229
2.18125 0.0002525004261926928
2.1815 0.0002830891927676571
2.18175 0.0003362377346151613
2.182 0.0003893862764626656
2.18225 0.0004596122898082287
2.1825 0.0005298383031539166
2.18275 0.0006085622140624731
2.183 0.0006872861249710297
2.18325 0.000765076178061289
2.1835 0.00084286623115141
2.18375 0.0009120490222680594
2.184 0.0009812318133848089
2.18425 0.0010376747406518067
2.1845 0.0010941176679188046
2.18475 0.0011374210407217864
2.185 0.0011807244135246912
2.18525 0.001213137889266289
2.1855 0.0012455513650079313
2.18575 0.0012706295391161893
2.186 0.001295707713224447
2.18625 0.0013174036768272362
2.1865 0.0013390996404300639
2.18675 0.0013611799983733214
2.187 0.001383260356316579
2.18725 0.0014086324652336148
2.1875 0.0014340045741506055
2.18775 0.0014640515210642665
2.188 0.0014940984679779887
2.18825 0.0015286597434608815
2.1885 0.0015632210189437741
2.18875 0.0016015008142942636
2.189 0.0016397806096446852
2.18925 0.0016815876074287744
2.1895 0.0017233946052128638
2.18975 0.001769550035888933
2.19 0.00181570546656492
2.19025 0.0018671198398745707
2.1905 0.0019185342131843126
2.19075 0.001974730382470955
2.191 0.0020309265517575977
2.19125 0.0020894318155026347
2.1915 0.002147937079247568
2.19175 0.0022053038860730284
2.192 0.0022626706928985845
2.19225 0.0023165202343700844
2.1925 0.0023703697758415843
2.19275 0.0024210032773268027
2.193 0.002471636778811931
2.19325 0.002522072065766677
2.1935 0.002572507352721423
2.19375 0.0026268846584154054
2.194 0.002681261964109291
2.19425 0.002742584295415761
2.1945 0.0028039066267223404
2.19475 0.002872322228281826
2.195 0.0029407378298413112
2.19525 0.0030132251765096355
2.1955 0.0030857125231778314
2.19575 0.003157231668040315
2.196 0.0032287508129029145
2.19625 0.003294229155300062
2.1965 0.0033597074976972094
2.19675 0.0034159566654953584
2.197 0.0034722058332934073
2.19725 0.003519067784644577
2.1975 0.003565929735995747
2.19775 0.0036063888642359153
2.198 0.003646847992476012
2.19825 0.0036861750878371415
2.1985 0.0037255021831983414
2.19875 0.003769617570846583
2.199 0.003813732958494825
2.19925 0.0038671349060050075
2.1995 0.003920536853515095
2.19975 0.003984448077966159
2.2 0.004048359302417351
2.20025 0.00412001742302785
2.2005 0.004191675543638349
2.20075 0.004265160841684807
2.201 0.004338646139731135
2.20125 0.004406996329880028
2.2015 0.004475346520028919
2.20175 0.004532308418875136
2.202 0.004589270317721251
2.20225 0.004629584211943043
2.2025 0.004669898106164906
2.20275 0.004688031603879325
2.203 0.004706165101593743
2.20325 0.004694857411424379
2.2035 0.004683549721255035
2.20375 0.004633753557961751
2.204 0.0045839573946682925
2.20425 0.0044866228880835355
2.2045 0.0043892883814987795
2.20475 0.004237916527976361
2.205 0.004086544674454211
2.20525 0.0038789210308204577
2.2055 0.003671297387186704
2.20575 0.0034096630464764206
2.206 0.0031480287057666016
2.20625 0.002838248809595048
2.2065 0.0025284689134229443
2.20675 0.002179311657521926
2.207 0.0018301544016209074
2.20725 0.0014532557401189677
2.2075 0.0010763570786176976
2.20775 0.0006865092295857748
2.208 0.00029666138055316806
2.20825 -8.836797927149625e-05
2.2085 -0.0004733973390961607
2.20875 -0.0008339780817335617
2.209 -0.0011945588243703223
2.20925 -0.0015110209956875362
2.2095 -0.00182748316700475
2.20975 -0.002081998472385692
2.21 -0.0023365137777661823
2.21025 -0.002514504615716877
2.2105 -0.002692495453667733
2.21075 -0.0027834311353809324
2.211 -0.0028743668170941312
2.21125 -0.0028720647223401136
2.2115 -0.0028697626275861
2.21175 -0.0027722197731073856
2.212 -0.002674676918628332
2.21225 -0.002483240612063928
2.2125 -0.0022918043054995247
2.21275 -0.002009546121010411
2.213 -0.0017272879365217981
2.21325 -0.0013568721798817953
2.2135 -0.0009864564232417924
2.21375 -0.0005282249793402515
2.214 -6.999353543952447e-05
2.21425 0.000479055437788314
2.2145 0.0010281044110171278
2.21475 0.0016743511855319866
2.215 0.0023205979600468456
2.21525 0.00307340511400994
2.2155 0.0038262122679716968
2.21575 0.0046977939419626975
2.216 0.005569375615955484
2.21625 0.006575140959171135
2.2165 0.007580906302386787
2.21675 0.008740087371104838
2.217 0.00989926843982083
2.21725 0.011235225879939238
2.2175 0.012571183320057645
2.21775 0.0141114151114358
2.218 0.01565164690281122
2.21825 0.0174278842142328
2.2185 0.019204121525658018
2.21875 0.02125282213297174
2.219 0.02330152274028546
2.21925 0.025664760298499262
2.2195 0.028027997856708866
2.21975 0.03075438835289703
2.22 0.033480778849090786
2.22025 0.03662606073306949
2.2205 0.03977134261704819
2.22075 0.04339846153819162
2.221 0.0470255804593415
2.22125 0.051204340224417416
2.2215 0.05538309998949334
2.22175 0.060189448415938825
2.222 0.06499579684237577
2.22225 0.07051072400930053
2.2225 0.07602565117623647
2.22275 0.08233372596379934
2.223 0.0886418007513622
2.22325 0.09582959116519174
2.2235 0.1030173815790085
2.22375 0.11117209412426825
2.224 0.11932680666954436
2.22425 0.1285350970578428
2.2245 0.13774338744614126
2.22475 0.14808954731201704
2.225 0.15843570717791122
2.22525 0.16999796234252218
2.2255 0.18156021750713316
2.22575 0.1944042261479551
2.226 0.20724823478875423
2.22625 0.2214181073291288
2.2265 0.23558797986953095
2.22675 0.25109818000577
2.227 0.2666083801420091
2.22725 0.28343505064483016
2.2275 0.30026172114762134
2.22775 0.3183386149847792
2.228 0.3364155088219712
2.22825 0.35563283656010214
2.2285 0.37485016429823315
2.22875 0.3950559620735082
2.229 0.4152617598488191
2.22925 0.4362649636602358
2.2295 0.4572681674716526
2.22975 0.47884311473353014
2.23 0.5004180619953693
2.23025 0.5223105992767569
2.2305 0.5442031365581834
2.23075 0.5661384439285994
2.231 0.5880737512990154
2.23125 0.6097655483054222
2.2315 0.6314573453117904
2.23175 0.6526178205965945
2.232 0.6737782958814348
2.23225 0.6941282487469208
2.2325 0.7144782016124069
2.23275 0.7337573018104787
2.233 0.7530364020085848
2.23325 0.7710135933388419
2.2335 0.788990784669099
2.23375 0.8054744245146301
2.234 0.8219580643601321
2.23425 0.8368047537055607
2.2345 0.8516514430510128
2.23475 0.8647722758482168
2.235 0.8778931086454209
2.23525 0.88925644651243
2.2355 0.9006197843794189
2.23575 0.9102502388255971
2.236 0.9198806932717893
2.23625 0.9278543715234453
2.2365 0.9358280497751014
2.23675 0.9422643296086566
2.237 0.9487006094422232
2.23725 0.9537511240132979
2.2375 0.9588016385843724
2.23775 0.962637854690192
2.238 0.9664740707960048
2.23825 0.969274664550758
2.2385 0.9720752583055146
2.23875 0.9740180735138723
2.239 0.9759608887222299
2.23925 0.9772150211240899
2.2395 0.9784691535259475
2.23975 0.9791900406031859
2.24 0.9799109276804248
2.24025 0.9802376838629663
2.2405 0.9805644400455078
2.24075 0.9806178544274279
2.241 0.9806712688093481
2.24125 0.9805528873698004
2.2415 0.9804345059302528
2.24175 0.980227034921296
2.242 0.9800195639123396
2.24225 0.9797884318624976
2.2425 0.9795572998126553
2.24275 0.9793527278037544
2.243 0.9791481557948536
2.24325 0.9790070337224832
2.2435 0.9788659116501132
2.24375 0.9788132097656064
2.244 0.9787605078810996
2.24425 0.9788104408848876
2.2445 0.9788603738886755
2.24475 0.9790176641294844
2.245 0.9791749543702937
2.24525 0.9794363325007069
2.2455 0.9796977106311203
2.24575 0.9800536106816595
2.246 0.9804095107321982
2.24625 0.980845994141675
2.2465 0.9812824775511526
2.24675 0.9817835609478215
2.247 0.9822846443444903
2.24725 0.9828350396184207
2.2475 0.9833854348923502
2.24775 0.983973132913776
2.248 0.9845608309352027
2.24825 0.9851784777127187
2.2485 0.9857961244902347
2.24875 0.9864402278736011
2.249 0.9870843312569686
2.24925 0.9877523369065708
2.2495 0.9884203425561731
2.24975 0.9891066005841326
2.25 0.989792858612091
2.25025 0.9904852772662588
2.2505 0.9911776959204278
2.25075 0.9918618530929638
2.251 0.9925460102654998
2.25125 0.9932044340833097
2.2515 0.9938628579011184
2.25175 0.9944784966405598
2.252 0.9950941353800011
2.25225 0.9956540694316415
2.2525 0.9962140034832809
2.25275 0.9967094286291847
2.253 0.9972048537750892
2.25325 0.9976299616950978
2.2535 0.9980550696151064
2.25375 0.9984055369700675
2.254 0.998756004325028
2.25425 0.9990286108545421
2.2545 0.9993012173840565
2.25475 0.9994945272973161
2.255 0.9996878372105756
2.25525 0.9998029521299674
2.2555 0.9999180670493589
2.25575 0.9999583265297194
2.256 0.99999858601008
2.25625 0.9999679860445749
2.2565 0.9999373860790699
2.25675 0.9998385804907257
2.257 0.9997397749023813
2.25725 0.9995724442420622
2.2575 0.999405113581743
2.25775 0.999168228114736
2.258 0.9989313426477295
2.25825 0.9986239126089287
2.2585 0.9983164825701271
2.25875 0.9979406789278259
2.259 0.9975648752855248
2.25925 0.9971278075430056
2.2595 0.9966907398004871
2.25975 0.9962042442441414
2.26 0.9957177486877958
2.26025 0.9951963200076804
2.2605 0.994674891327566
2.26075 0.9941328542692734
2.261 0.99359081721098
2.26125 0.9930402138149044
2.2615 0.9924896104188287
2.26175 0.9919397874401662
2.262 0.9913899644615047
2.26225 0.9908488157433628
2.2625 0.9903076670252201
2.26275 0.9897835833616223
2.263 0.9892594996980246
2.26325 0.9887628130672946
2.2635 0.9882661264365655
2.26375 0.9878092248966691
2.264 0.9873523233567727
2.26425 0.9869482809939443
2.2645 0.9865442386311165
2.26475 0.9862043624431049
2.265 0.9858644862550927
2.26525 0.9855954902126195
2.2655 0.9853264941701463
2.26575 0.9851280963803698
2.266 0.9849296985905936
2.26625 0.9847932868364944
2.2665 0.9846568750823949
2.26675 0.9845654584682707
2.267 0.9844740418541467
2.26725 0.9844031468605328
2.2675 0.9843322518669191
2.26775 0.9842510871253308
2.268 0.9841699223837426
2.26825 0.9840422583865631
2.2685 0.9839145943893839
2.26875 0.9836991741398793
2.269 0.9834837538903743
2.26925 0.9831341969373952
2.2695 0.9827846399844161
2.26975 0.9822485603712782
2.27 0.9817124807581411
2.27025 0.9809293221861366
2.2705 0.9801461636141301
2.27075 0.9790436298717405
2.271 0.9779410961293509
2.27125 0.9764310503121447
2.2715 0.9749210044949413
2.27175 0.9728966563647354
2.272 0.9708723082345296
2.27225 0.9682086052970212
2.2725 0.9655449023595175
2.27275 0.9621030628712487
2.273 0.9586612233829721
2.27325 0.9542968202708121
2.2735 0.9499324171586521
2.27375 0.9445051877233813
2.274 0.9390779582881201
2.27425 0.9324611896941186
2.2745 0.9258444211001029
2.27475 0.9179324111967838
2.275 0.9100204012934646
2.27525 0.9007336544023592
2.2755 0.8914469075112702
2.27575 0.8807357142873801
2.276 0.8700245210634899
2.27625 0.8578718868284902
2.2765 0.8457192525935121
2.27675 0.8321437442532433
2.277 0.8185682359129505
2.27725 0.8036265928950356
2.2775 0.7886849498771207
2.27775 0.7724737158757655
2.278 0.7562624818744391
2.27825 0.7389177336447059
2.2785 0.7215729854149401
2.27875 0.7032674504067182
2.279 0.6849619153984963
2.27925 0.6658992000448941
2.2795 0.6468364846913258
2.27975 0.6272426446494097
2.28 0.6076488046074935
2.28025 0.5877620028379448
2.2805 0.5678752010684315
2.28075 0.547934651848601
2.281 0.5279941026287355
2.28125 0.5082297050033787
2.2815 0.4884653073780219
2.28175 0.4690891165795975
2.282 0.4497129257812075
2.28225 0.4309129552936499
2.2825 0.41211298480606035
2.28275 0.3940491665252554
2.283 0.3759853482444505
2.28325 0.35878721279905973
2.2835 0.3415890773536384
2.28375 0.32535491155174523
2.284 0.30912074574985204
2.28425 0.2939182498793707
2.2845 0.2787157540089164
2.28475 0.2645841735811735
2.285 0.25045259315340546
2.28525 0.23740593175708644
2.2855 0.22435927036076742
2.28575 0.2123898599632461
2.286 0.20042044956574606
2.28625 0.18950224071732982
2.2865 0.178584031868896
2.28675 0.1686754538796986
2.287 0.15876687589050123
2.28725 0.14981363856589114
2.2875 0.14086040124126514
2.28775 0.1327987525251224
2.288 0.1247371038089797
2.28825 0.11749771300609073
2.2885 0.11025832220321462
2.28875 0.10377040935808857
2.289 0.0972824965129522
2.28925 0.09147748081259781
2.2895 0.08567246511224343
2.28975 0.08048645883163072
2.29 0.07530045255102723
2.29025 0.0706753001191923
2.2905 0.06605014768735007
2.29075 0.06193315565392865
2.291 0.05781616362050724
2.29125 0.05415900369076209
2.2915 0.05050184376101044
2.29175 0.04725927068826845
2.292 0.04401669761552646
2.29225 0.04114568892645734
2.2925 0.03827468023739332
2.29275 0.03573436822722307
2.293 0.0331940562170483
2.29325 0.030946424896129438
2.2935 0.028698793575210574
2.29375 0.026709696806255727
2.294 0.024720600037304415
2.29425 0.022960447547432476
2.2945 0.021200295057557772
2.29475 0.019643902451222085
2.295 0.0180875098448864
2.29525 0.016713071569395055
2.2955 0.015338633293901269
2.29575 0.014126295701863908
2.296 0.012913958109826545
2.29625 0.011844718599245537
2.2965 0.01077547908866643
2.29675 0.009830946153585898
2.297 0.00888641321850388
2.29725 0.00804944417438557
2.2975 0.007212475130267261
2.29775 0.006468193892893075
2.298 0.005723912655520211
2.29825 0.005060475563832188
2.2985 0.004397038472143114
2.29875 0.003805638624100273
2.299 0.0032142387760574318
2.29925 0.0026884946028847274
2.2995 0.002162750429711089
2.29975 0.001697836518364275
2.3 0.0012329226070174613
2.30025 0.0008249010569572183
2.3005 0.0004168795068977002
2.30075 6.242956185022094e-05
2.301 -0.00029202038319779764
2.30125 -0.000595671315313312
2.3015 -0.0008993222474288265
2.30175 -0.0011545378734257798
2.302 -0.00140975349942228
2.30225 -0.001618965826187391
2.3025 -0.0018281781529527982
2.30275 -0.0019946266535598887
2.303 -0.0021610751541669797
2.30325 -0.002289409654952807
2.3035 -0.002417744155738862
2.30375 -0.002513998485786288
2.304 -0.002610252815833714
2.30425 -0.0026809140129089412
2.3045 -0.0027515752099840428
2.30475 -0.002801938397138449
2.305 -0.0028523015842929138
2.30525 -0.0028847520262036764
2.3055 -0.0029172024681144394
2.30575 -0.002930234061516383
2.306 -0.0029432656549183036
2.30625 -0.0029318030488784583
2.3065 -0.0029203404428385367
2.30675 -0.0028773851514626637
2.307 -0.0028344298600867903
2.30725 -0.002753472043528348
2.3075 -0.002672514226969762
2.30775 -0.0025498299690857105
2.308 -0.002427145711201659
2.30825 -0.0022631851936185574
2.3085 -0.002099224676035747
2.30875 -0.0018987275037528565
2.309 -0.0016982303314695588
2.30925 -0.0014692457928932286
2.3095 -0.0012402612543168982
2.30975 -0.00099263122212673
2.31 -0.0007450011899370021
2.31025 -0.0004889260381539156
2.3105 -0.0002328508863703763
2.31075 2.2059415546187358e-05
2.311 0.00027696971746275106
2.31125 0.0005220819745261505
2.3115 0.0007671942315899853
2.31175 0.0009948530741598742
2.312 0.001222511916729763
2.31225 0.0014259407716603262
2.3125 0.0016293696265905282
2.31275 0.0018027366882218693
2.313 0.001976103749853457
2.31325 0.0021149078027869585
2.3135 0.00225371185572046
2.31375 0.002355462472647032
2.314 0.002457213089573424
2.31425 0.002522168144534221
2.3145 0.002587123199495018
2.31475 0.002618701622055027
2.315 0.00265028004461498
2.31525 0.0026548013390724373
2.3155 0.0026593226335299026
2.31575 0.002644959289999811
2.316 0.0026305959464697198
2.31625 0.00260574966934282
2.3165 0.0025809033922159644
2.31675 0.00255246289545503
2.317 0.002524022398694046
2.31725 0.0024960293538263682
2.3175 0.00246803630895869
2.31775 0.0024411776392808475
2.318 0.002414318969603053
2.31825 0.0023864293519438393
2.3185 0.002358539734284625
2.31875 0.002326011067030231
2.319 0.002293482399775895
2.31925 0.002253138693638171
2.3195 0.002212794987500375
2.31975 0.0021635551654074184
2.32 0.002114315343314462
2.32025 0.002057968542352092
2.3205 0.0020016217413898222
2.32075 0.0019423751003584682
2.321 0.0018831284593270128
2.32125 0.0018261430030882032
2.3215 0.0017691575468493936
2.32175 0.0017187647361346643
2.322 0.0016683719254200246
2.32225 0.0016267701409609333
2.3225 0.001585168356501842
2.32275 0.0015520778065057728
2.323 0.0015189872565097623
2.32325 0.0014922211958492493
2.3235 0.0014654551351886889
2.32375 0.0014419748676016556
2.324 0.0014184946000146224
2.32425 0.0013954391804607577
2.3245 0.0013723837609069338
2.32475 0.0013477469645052174
2.325 0.0013231101681034528
2.32525 0.0012959908401693552
2.3255 0.0012688715122352577
2.32575 0.0012393962765378636
2.326 0.0012099210408405218
2.32625 0.0011789849355805994
2.3265 0.001148048830320677
2.32675 0.0011169771233045852
2.327 0.0010859054162885484
2.32725 0.00105608098619929
2.3275 0.0010262565561099828
2.32775 0.000998747536159146
2.328 0.0009712385162083094
2.32825 0.0009465124723641533
2.3285 0.0009217864285200411
2.32875 0.0008996429405000599
2.329 0.0008774994524800427
2.32925 0.0008572974254553869
2.3295 0.0008370953984307311
2.32975 0.0008181798619594465
2.33 0.0007992643254881954
2.33025 0.0007813373863687136
2.3305 0.0007634104472492319
2.33075 0.0007465731057508457
2.331 0.0007297357642524894
2.33125 0.0007141530188655709
2.3315 0.0006985702734786246
2.33175 0.000683973503572059
2.332 0.0006693767336654933
2.33225 0.0006547548774698599
2.3325 0.0006401330212742525
2.33275 0.0006238543671933232
2.333 0.000607575713112359
2.33325 0.0005879153900317935
2.3335 0.000568255066951228
2.33375 0.000544070028702794
2.334 0.0005198849904544028
2.33425 0.0004911166810830508
2.3345 0.00046234837171169876
2.33475 0.00043014648847783583
2.335 0.0003979446052440301
2.33525 0.00036439654051569287
2.3355 0.0003308484757872982
2.33575 0.00029845997504855275
2.336 0.00026607147430980735
2.33625 0.0002372131814900026
2.3365 0.00020835488867024913
2.33675 0.00018485782563126165
2.337 0.00016136076259224395
2.33725 0.00014434092889004075
2.3375 0.00012732109518783758
2.33775 0.00011719409175198728
2.338 0.00010706708831615496
2.33825 0.00010363852991586293
2.3385 0.0001002099715155709
2.33875 0.00010273309730894114
2.339 0.0001052562231023069
2.33925 0.00011242560481248686
2.3395 0.00011959498652267954
2.33975 0.00012954399837752478
2.34 0.00013949301023237
2.34025 0.00014991822557223927
2.3405 0.00016034344091209
2.34075 0.00016884318081778515
2.341 0.00017734292072348846
2.34125 0.0001819334282206955
2.3415 0.00018652393571790256
2.34175 0.00018615827680911904
2.342 0.00018579261790033618
2.34225 0.00018064086325385922
2.3425 0.00017548910860738226
2.34275 0.00016682197155521553
2.343 0.0001581548345030642
2.34325 0.00014786445361921824
2.3435 0.00013757407273535448
2.34375 0.00012754656210479042
2.344 0.00011751905147422638
2.34425 0.00010912608209704165
2.3445 0.00010073311271987182
2.34475 9.461266935433649e-05
2.345 8.849222598879431e-05
2.34525 8.462422639648681e-05
2.3455 8.075622680417932e-05
2.34575 7.871510102660079e-05
2.346 7.667397524901864e-05
2.34625 7.590887909500452e-05
2.3465 7.514378294099041e-05
2.34675 7.51778475546561e-05
2.347 7.521191216832173e-05
2.34725 7.571844433777482e-05
2.3475 7.622497650722882e-05
2.34775 7.699955363533071e-05
2.348 7.777413076343261e-05
2.34825 7.86631925892469e-05
2.3485 7.95522544150596e-05
2.34875 8.04092385644165e-05
2.349 8.126622271377466e-05
2.34925 8.197898454009083e-05
2.3495 8.2691746366407e-05
2.34975 8.326785087665416e-05
# -------------------
