;; S3A/OLCI RSR
;;
;; converted to text file from mean RSR NetCDF Quinten Vanhellemont 2019-04-30
;;
;; source: S3A_OL_SRF_20160713_mean_rsr.nc4
;;
;;
;; datasets: wavelength, RSR
;;
;; BAND Oa01
387.74646	5.6682946e-08
387.86456	1.0905244e-07
387.98267	2.0690143e-07
388.10077	3.871267e-07
388.21887	7.143684e-07
388.3371	1.3001471e-06
388.45544	2.3339405e-06
388.57376	4.1328017e-06
388.69214	7.2192934e-06
388.8104	1.2441794e-05
388.92886	2.1157406e-05
389.04724	3.5505287e-05
389.1658	5.880883e-05
389.2844	9.615869e-05
389.40317	0.00015524305
389.52197	0.00024751126
389.64044	0.00038978164
389.75845	0.0006064087
389.87665	0.0009321439
389.9948	0.0014158398
390.11295	0.002125132
390.23114	0.003153857
390.34924	0.0046307677
390.46747	0.0067241676
390.58582	0.009651628
390.704	0.013686552
390.82217	0.019161938
390.94058	0.026457481
391.05896	0.035992946
391.1774	0.04821347
391.29596	0.06355256
391.41464	0.08239238
391.5334	0.104987785
391.65204	0.13143103
391.77032	0.16159962
391.88867	0.19511843
392.00687	0.23135148
392.12497	0.2694324
392.24307	0.3083258
392.36148	0.3469183
392.47983	0.38412082
392.59796	0.4189913
392.716	0.45081577
392.83432	0.47917807
392.95264	0.5039507
393.0709	0.5252831
393.18912	0.5435217
393.30756	0.55911905
393.42627	0.5725379
393.54492	0.5841769
393.66345	0.5943498
393.78195	0.603286
393.90024	0.6111473
394.01862	0.6180842
394.13702	0.62427217
394.25497	0.62992513
394.37335	0.6352774
394.49182	0.64054406
394.61017	0.64588225
394.7283	0.6513714
394.84628	0.6569947
394.96454	0.6626552
395.08295	0.6682309
395.20126	0.6736252
395.31943	0.67880446
395.43777	0.6838108
395.5565	0.68874794
395.67505	0.69375646
395.79364	0.6989594
395.91196	0.7044149
396.0302	0.7100976
396.14856	0.7159097
396.2668	0.7217232
396.38538	0.7274096
396.5037	0.73289037
396.62207	0.73816717
396.7403	0.74332726
396.85864	0.7485081
396.97678	0.7538408
397.09494	0.75941974
397.21313	0.76526296
397.33148	0.7713048
397.45	0.77741045
397.56836	0.78342557
397.6865	0.7892406
397.80505	0.79482406
397.92368	0.8002295
398.04193	0.8055846
398.16022	0.8110483
398.2785	0.81675726
398.39688	0.82276434
398.5155	0.8290222
398.63388	0.8354026
398.75214	0.8417449
398.87048	0.8478988
398.9889	0.8537931
399.10724	0.8594514
399.22525	0.8649502
399.34354	0.8704263
399.46188	0.8760245
399.58038	0.88181204
399.69864	0.8877689
399.81705	0.8937746
399.93542	0.89969003
400.0536	0.90537024
400.17194	0.91063154
400.2902	0.9152647
400.40866	0.91932935
400.5271	0.92290765
400.64545	0.9261641
400.7639	0.9291799
400.88235	0.932015
401.00073	0.93473995
401.11905	0.9372367
401.23737	0.9394464
401.35568	0.9412603
401.47403	0.9426722
401.59238	0.9438575
401.71063	0.9450162
401.82904	0.946355
401.9475	0.94803333
402.0658	0.9501165
402.18384	0.95254123
402.30188	0.9551531
402.42026	0.9577328
402.5386	0.96010137
402.657	0.9621458
402.77545	0.96389353
402.89392	0.9654589
403.01236	0.9670492
403.13077	0.9688476
403.24918	0.9709754
403.3676	0.973444
403.48615	0.97613615
403.6042	0.97886693
403.72263	0.98142207
403.84103	0.9836599
403.95953	0.9855315
404.07794	0.98711425
404.196	0.98856974
404.3142	0.99008834
404.4323	0.9917909
404.55026	0.9937054
404.66855	0.99569255
404.78696	0.99749124
404.90555	0.9987308
405.02393	0.9990437
405.14243	0.9980651
405.26093	0.99546975
405.37933	0.9909828
405.4979	0.984241
405.6162	0.97479504
405.7345	0.9620308
405.85294	0.9451436
405.9714	0.92320096
406.08987	0.89525616
406.2082	0.86043966
406.3264	0.8182198
406.44455	0.76858574
406.56262	0.712092
406.68063	0.6498795
406.7988	0.58359545
406.9171	0.51524717
407.03555	0.44696915
407.15396	0.3808107
407.27246	0.31855986
407.39108	0.26162747
407.50955	0.21096838
407.62787	0.16706723
407.74634	0.12997217
407.86484	0.09937738
407.98337	0.07471911
408.10175	0.05527546
408.22012	0.040257625
408.3384	0.028883109
408.45676	0.020425603
408.5749	0.01424565
408.69287	0.009803521
408.81094	0.0066596894
408.9292	0.004467254
409.04733	0.002959669
409.16553	0.0019369449
409.28403	0.0012522241
409.4026	0.00079968566
409.5212	0.000504414
409.63962	0.00031420912
409.75803	0.00019325697
409.87653	0.0001173409
409.995	7.031867e-05
410.1135	4.1582633e-05
410.2321	2.4259842e-05
410.3505	1.3961145e-05
410.46875	7.923988e-06
410.58682	4.435042e-06
410.70505	2.447558e-06
410.82315	1.3317008e-06
410.94128	7.143079e-07
411.05948	3.7769254e-07
411.17764	1.9685163e-07
411.296	1.011257e-07
;; BAND Oa02
402.53244	8.5526544e-08
402.6269	1.4539071e-07
402.72083	2.4493454e-07
402.81482	4.0893357e-07
402.90775	6.7663717e-07
403.00217	1.1096117e-06
403.09616	1.8034948e-06
403.19	2.9053963e-06
403.28287	4.6394284e-06
403.37732	7.343722e-06
403.47125	1.1523602e-05
403.56516	1.7927076e-05
403.65817	2.765126e-05
403.75253	4.2290256e-05
403.84665	6.413975e-05
403.9403	9.6475895e-05
404.03342	0.00014393292
404.12787	0.0002130095
404.2219	0.00031273757
404.31543	0.00045556333
404.40866	0.0006584819
404.50293	0.0009444888
404.59717	0.0013444092
404.69064	0.001899157
404.78378	0.0026624582
404.87817	0.0037040818
404.97244	0.0051135574
405.06586	0.007004221
405.1591	0.009517524
405.25348	0.012827292
405.34772	0.017143263
405.441	0.022713669
405.53427	0.029826138
405.6287	0.038805306
405.72305	0.05000749
405.81616	0.06381083
405.9095	0.08060004
406.00375	0.10074741
406.09827	0.124585226
406.1912	0.15237136
406.28467	0.18426175
406.3791	0.22028735
406.47345	0.26032215
406.56638	0.30406412
406.65997	0.35103333
406.7543	0.4005723
406.84882	0.45188075
406.94156	0.5040443
407.03513	0.55607975
407.12952	0.6069916
407.22394	0.6558313
407.3168	0.7017661
407.41043	0.74412507
407.50473	0.7824427
407.59918	0.81648135
407.69196	0.84621054
407.78564	0.87178224
407.88004	0.8935067
407.9743	0.91178524
408.06717	0.92705935
408.1608	0.93976706
408.25525	0.9503021
408.34943	0.9589988
408.44244	0.9661162
408.53607	0.9718583
408.63055	0.97639436
408.72464	0.9798628
408.81763	0.9824063
408.9113	0.984183
409.0058	0.98536587
409.09973	0.9861406
409.1929	0.9866877
409.28644	0.9871656
409.38107	0.9876958
409.47495	0.98833734
409.568	0.9891022
409.66174	0.98994696
409.75632	0.9907905
409.85007	0.9915415
409.94324	0.9921203
410.0369	0.99247706
410.1315	0.99261165
410.22516	0.99255747
410.31845	0.9923965
410.41214	0.9922326
410.50684	0.99216545
410.60034	0.99227333
410.69363	0.99259245
410.78732	0.99311286
410.88205	0.99378246
410.97546	0.9945102
411.06885	0.99519503
411.16257	0.9957413
411.25732	0.99608254
411.35065	0.9962053
411.44406	0.9961295
411.53793	0.99593467
411.63254	0.9957144
411.7258	0.99556726
411.81924	0.995577
411.9131	0.99579
412.0077	0.99620765
412.10104	0.996774
412.1944	0.9973816
412.2884	0.9978896
412.38287	0.9981974
412.47623	0.9982342
412.56967	0.997957
412.6637	0.9973906
412.75812	0.9965926
412.85138	0.99565256
412.94485	0.9947086
413.0389	0.99385667
413.13324	0.9931481
413.22662	0.9925753
413.32	0.9920939
413.4142	0.99161905
413.50845	0.99104446
413.60178	0.9902922
413.69528	0.9892941
413.7895	0.98801327
413.88354	0.98648006
413.97702	0.9847654
414.07047	0.9829629
414.1648	0.9811724
414.2587	0.9794803
414.35223	0.9779257
414.44568	0.97650045
414.54007	0.97513366
414.63385	0.9737242
414.72748	0.9721117
414.82083	0.9701177
414.91528	0.9675553
415.00906	0.96425843
415.10266	0.96006966
415.196	0.95485187
415.29065	0.9484676
415.38422	0.9407555
415.4779	0.9315193
415.57132	0.9205059
415.6659	0.90739447
415.75934	0.8918036
415.853	0.8733169
415.94647	0.8515152
416.04108	0.8260169
416.13455	0.79653883
416.22824	0.76293397
416.32172	0.7252394
416.4164	0.6836938
416.50974	0.6387428
416.6036	0.5910291
416.6969	0.54134953
416.79172	0.49061206
416.88486	0.43978152
416.97864	0.3898079
417.07217	0.34158114
417.1668	0.29587987
417.26016	0.2533343
417.3539	0.21440372
417.4475	0.17937243
417.542	0.148358
417.63528	0.1213291
417.72916	0.09813053
417.82263	0.078509636
417.9172	0.06214832
418.01056	0.04869001
418.10437	0.037764184
418.19794	0.02900591
418.29233	0.022069665
418.3857	0.016639294
418.47958	0.012434472
418.57318	0.009212675
418.66763	0.00676882
418.76102	0.004932822
418.85477	0.0035661415
418.9485	0.002557847
419.04276	0.0018203724
419.13623	0.0012855165
419.22998	0.000900807
419.32364	0.00062634924
419.4179	0.00043212873
419.5114	0.00029579698
419.60513	0.00020087222
419.69894	0.00013531766
419.79315	9.041725e-05
419.88657	5.9918984e-05
419.9804	3.9377443e-05
420.07428	2.5659987e-05
420.16827	1.6578579e-05
420.2618	1.0618894e-05
420.35556	6.7424094e-06
420.44946	4.243458e-06
420.54333	2.6470734e-06
420.63705	1.6365394e-06
420.73077	1.002719e-06
420.82474	6.088409e-07
420.91858	3.663413e-07
421.01218	2.1842841e-07
421.10596	1.2905126e-07
421.20004	7.554981e-08
;; BAND Oa03
433.5886	6.274304e-08
433.68335	1.0854694e-07
433.77798	1.8601233e-07
433.87076	3.157569e-07
433.96475	5.3096255e-07
434.05954	8.844861e-07
434.15424	1.4596701e-06
434.2471	2.3865941e-06
434.341	3.8662624e-06
434.43582	6.206177e-06
434.53036	9.872121e-06
434.62332	1.5562846e-05
434.7172	2.4316365e-05
434.81195	3.7660262e-05
434.90668	5.7821067e-05
434.99954	8.8014094e-05
435.09338	0.00013283885
435.1881	0.00019881397
435.2829	0.00029509212
435.37592	0.0004343962
435.4696	0.0006342492
435.56436	0.0009185342
435.65915	0.0013194637
435.75208	0.0018800054
435.84573	0.002656786
435.94052	0.0037235369
436.03534	0.005174938
436.1283	0.007130832
436.22202	0.009740496
436.31668	0.013186749
436.41153	0.017689215
436.50476	0.023506267
436.59818	0.030934887
436.69287	0.040307622
436.78778	0.05198543
436.8809	0.06634619
436.9744	0.08376859
437.06912	0.10461085
437.16406	0.12918423
437.25708	0.15772465
437.35062	0.1903627
437.44543	0.22709635
437.54022	0.26776436
437.63342	0.31203434
437.72687	0.35939696
437.82156	0.40917423
437.91656	0.46054974
438.00974	0.512594
438.10312	0.56433064
438.1978	0.6147824
438.2927	0.6630399
438.386	0.70831263
438.4793	0.74997735
438.5741	0.78761023
438.66907	0.8209991
438.7622	0.8501351
438.85547	0.8751826
438.95035	0.8964496
439.0452	0.9143303
439.1384	0.92925274
439.2318	0.9416491
439.32657	0.95189923
439.4214	0.9603346
439.5147	0.9672214
439.60815	0.9727579
439.7027	0.9771219
439.7977	0.98045826
439.89096	0.9829151
439.98434	0.98464894
440.07904	0.9858364
440.17392	0.9866501
440.26724	0.98726666
440.3606	0.98783064
440.45526	0.98844683
440.55017	0.98917574
440.6435	0.9900188
440.73688	0.9909322
440.83145	0.9918426
440.92648	0.9926621
441.01974	0.9933195
441.1131	0.99377453
441.20773	0.9940196
441.30264	0.9940977
441.39597	0.99407965
441.48944	0.99406743
441.58398	0.99414265
441.67886	0.9943886
441.7722	0.99482244
441.86575	0.9954431
441.96017	0.99618936
442.05502	0.9969807
442.14856	0.99771017
442.2419	0.9982794
442.33646	0.9986357
442.43124	0.99873775
442.5247	0.99861604
442.61826	0.9983418
442.71268	0.9979964
442.8074	0.99768484
442.90106	0.997483
442.99445	0.9974278
443.08896	0.9975302
443.18362	0.9977521
443.2772	0.99800706
443.3708	0.9982064
443.46506	0.99827117
443.5597	0.9981435
443.65353	0.997801
443.74695	0.9972718
443.84143	0.99662894
443.93594	0.9959645
444.0297	0.9953891
444.1233	0.9949654
444.21753	0.99478775
444.31213	0.99481905
444.40598	0.995061
444.49954	0.9954056
444.59375	0.99578387
444.68832	0.9960674
444.7822	0.99621105
444.87582	0.9961455
444.97	0.9958804
445.0645	0.99546576
445.15848	0.99497133
445.25208	0.9944782
445.34625	0.9940772
445.44073	0.993796
445.5347	0.9936481
445.62823	0.99355084
445.72235	0.99341154
445.81702	0.99308467
445.91098	0.9923765
446.00455	0.9911241
446.09872	0.98914254
446.19324	0.9862749
446.2872	0.9823777
446.3809	0.97729087
446.475	0.9708613
446.56946	0.9628606
446.66345	0.95302993
446.75708	0.9410321
446.8512	0.9264725
446.94565	0.9089123
447.0397	0.887908
447.13333	0.86305207
447.2274	0.8340261
447.32196	0.80064756
447.41595	0.76291823
447.50964	0.7210424
447.60355	0.67543954
447.69803	0.6267346
447.79218	0.5757262
447.88583	0.5233336
447.97986	0.47054964
448.0744	0.41837224
448.16837	0.3677477
448.26224	0.3195174
448.356	0.27438104
448.45053	0.2328682
448.5446	0.19532883
448.63834	0.16193815
448.7323	0.13270943
448.82672	0.107519045
448.92087	0.08613369
449.01465	0.068242244
449.1084	0.053483877
449.20303	0.04147503
449.29706	0.031831294
449.39084	0.024184635
449.4846	0.018195203
449.57925	0.013558659
449.67334	0.010009844
449.76712	0.0073229973
449.86093	0.005309973
449.95544	0.0038169606
450.04935	0.002720395
450.1435	0.0019226033
450.23718	0.0013475006
450.33157	0.00093664846
450.4256	0.0006457199
450.51974	0.00044150004
450.61343	0.00029938106
450.7079	0.00020132805
450.80185	0.00013425837
450.89587	8.877691e-05
450.9897	5.8202408e-05
451.08408	3.7828784e-05
451.17807	2.4372488e-05
451.27213	1.5564347e-05
451.36603	9.8508335e-06
451.46027	6.1785386e-06
451.5543	3.8400094e-06
451.64838	2.3646971e-06
451.7422	1.4427294e-06
451.83652	8.7202824e-07
451.93045	5.221399e-07
452.02466	3.0969298e-07
452.1186	1.8194645e-07
452.21268	1.0587818e-07
452.3068	6.102453e-08
;; BAND Oa04
481.06805	4.8377753e-08
481.1614	8.4829445e-08
481.25623	1.4729623e-07
481.3513	2.5327896e-07
481.44525	4.3130993e-07
481.53854	7.274196e-07
481.63315	1.2150974e-06
481.72833	2.0104687e-06
481.82236	3.2951343e-06
481.91562	5.3502226e-06
482.01007	8.606512e-06
482.10535	1.3717561e-05
482.1995	2.1665022e-05
482.2927	3.3908847e-05
482.38705	5.2598647e-05
482.48233	8.0869e-05
482.5766	0.00012324486
482.66983	0.00018619368
482.76413	0.000278866
482.8594	0.00041407335
482.9538	0.00060956634
483.047	0.0008896598
483.14114	0.0012872939
483.23636	0.0018465378
483.3309	0.00262562
483.4242	0.003700424
483.51825	0.00516843
483.61343	0.0071529467
483.70795	0.009807356
483.80136	0.013318912
483.8953	0.017912023
483.9905	0.023849534
484.08514	0.031432133
484.17844	0.04099438
484.2723	0.052896917
484.3675	0.06751447
484.46216	0.08521835
484.55563	0.1063547
484.64938	0.13121878
484.74466	0.16002588
484.83923	0.19288193
484.93277	0.22975804
485.0265	0.27046546
485.12164	0.3146468
485.21643	0.36177066
485.30994	0.41114482
485.40363	0.46194124
485.49875	0.51323915
485.59357	0.56407154
485.68704	0.6134824
485.7807	0.66059035
485.8759	0.7046375
485.97058	0.7450399
486.0642	0.7814072
486.1578	0.8135581
486.25284	0.84150594
486.34775	0.86543924
486.44135	0.88567924
486.53485	0.9026173
486.62985	0.91668844
486.72467	0.92831075
486.81845	0.93786967
486.91205	0.9456829
487.0069	0.95200676
487.10178	0.9570427
487.19562	0.960959
487.2891	0.9639017
487.3839	0.9660116
487.47885	0.96743804
487.5728	0.9683566
487.66614	0.96893734
487.76086	0.96933806
487.85587	0.9697072
487.94986	0.9701448
488.0433	0.97070396
488.13785	0.9713836
488.23294	0.9721411
488.32706	0.9728979
488.42035	0.9735729
488.51492	0.9740933
488.60992	0.97441417
488.70422	0.9745263
488.79755	0.9744826
488.892	0.9743473
488.98697	0.974215
489.08136	0.9741761
489.17465	0.9743007
489.26907	0.9746173
489.36414	0.9751224
489.45837	0.9757488
489.55188	0.9764371
489.64612	0.9770795
489.74115	0.977592
489.8356	0.9779272
489.92892	0.9780637
490.0233	0.9780389
490.1181	0.9779203
490.21268	0.977822
490.30618	0.97784334
490.4003	0.97808886
490.49524	0.97860295
490.58975	0.9793855
490.68332	0.9804001
490.7774	0.98157436
490.87222	0.9827969
490.96695	0.9839587
491.06052	0.9849799
491.15448	0.9858145
491.24942	0.98646796
491.344	0.9869902
491.4376	0.98745155
491.53146	0.9879321
491.62646	0.9885136
491.72098	0.989245
491.8148	0.9901507
491.90857	0.9911916
492.0034	0.99230444
492.09814	0.9934224
492.19193	0.9944305
492.28568	0.99526983
492.38046	0.99590343
492.47513	0.996338
492.56906	0.99658614
492.66284	0.9967408
492.7574	0.9968719
492.85226	0.99708635
492.94623	0.99738353
493.0398	0.99780643
493.13446	0.9982669
493.22928	0.998698
493.32333	0.9989601
493.41696	0.9988573
493.51138	0.9982282
493.6063	0.9969034
493.7004	0.99471384
493.79398	0.9914938
493.8884	0.9871002
493.98334	0.98134506
494.07758	0.9740101
494.17114	0.96481687
494.26547	0.953432
494.3604	0.9394588
494.45465	0.92244893
494.54828	0.90195715
494.6425	0.8775675
494.73737	0.84894675
494.8318	0.8159008
494.92538	0.77840567
495.01962	0.7366493
495.11438	0.69103044
495.2089	0.6421558
495.30264	0.5908131
495.39667	0.5379214
495.4914	0.48447388
495.58606	0.4314812
495.6797	0.37991583
495.7737	0.33064672
495.8685	0.28440467
495.96313	0.24175513
496.0568	0.20308216
496.15085	0.1685923
496.2455	0.13832499
496.3402	0.11217803
496.43396	0.089932315
496.52795	0.07128465
496.62256	0.055876315
496.71747	0.04332122
496.81116	0.033228207
496.905	0.025220098
496.99963	0.018946078
497.09457	0.014090489
497.18832	0.010376808
497.28223	0.007568784
497.37668	0.005468922
497.4717	0.003915332
497.56552	0.0027777785
497.65936	0.00195321
497.75375	0.0013613485
497.84882	0.0009405798
497.94266	0.0006442473
498.0365	0.00043747423
498.13065	0.00029450931
498.22577	0.00019655586
498.31973	0.00013004533
498.41354	8.529148e-05
498.50766	5.5448523e-05
498.60287	3.5728397e-05
498.69687	2.2816223e-05
498.7907	1.4439125e-05
498.88477	9.054577e-06
498.97992	5.6258596e-06
499.07407	3.4631107e-06
499.16782	2.1118535e-06
499.26172	1.2757042e-06
499.3569	7.632985e-07
499.45114	4.5234341e-07
499.54492	2.6548818e-07
499.6387	1.54313e-07
499.734	8.88218e-08
499.8283	5.062615e-08
;; BAND Oa05
501.05316	4.3983597e-08
501.1473	7.727055e-08
501.24216	1.3442838e-07
501.3364	2.3160074e-07
501.42987	3.9516976e-07
501.5239	6.677976e-07
501.61877	1.1177618e-06
501.71295	1.8532124e-06
501.80637	3.0437184e-06
501.9005	4.952434e-06
501.99536	7.983674e-06
502.08954	1.2752412e-05
502.183	2.018482e-05
502.27707	3.16619e-05
502.3719	4.922255e-05
502.46622	7.584774e-05
502.5596	0.00011585142
502.65363	0.00017541612
502.74844	0.00026330978
502.84286	0.00039183884
502.93625	0.00057809276
503.03027	0.00084553706
503.12506	0.0012260227
503.2195	0.0017622609
503.31287	0.0025107802
503.40686	0.0035454019
503.50162	0.0049611293
503.5961	0.0068783527
503.68942	0.009447029
503.78345	0.0128507335
503.8782	0.017309561
503.97287	0.023082014
504.06616	0.030464327
504.1601	0.0397868
504.25476	0.051406596
504.34943	0.06569522
504.4428	0.08302339
504.53662	0.10373827
504.63132	0.12813795
504.72607	0.15644409
504.81934	0.188772
504.91318	0.22510614
505.0079	0.2652733
505.1027	0.3089337
505.19595	0.35557747
505.2898	0.40453073
505.38446	0.45498732
505.4793	0.5060447
505.57254	0.55674756
505.66635	0.60614777
505.76105	0.65336657
505.85587	0.6976458
505.94916	0.73838735
506.043	0.7751867
506.13754	0.80784595
506.23242	0.8363546
506.32574	0.8608804
506.4196	0.88171685
506.51413	0.89924467
506.60913	0.9138799
506.7023	0.9260373
506.7961	0.9360931
506.89066	0.9443635
506.9857	0.95111763
507.0787	0.9565585
507.1728	0.9608556
507.26727	0.96415883
507.36234	0.9666207
507.4553	0.9683961
507.54932	0.96965116
507.6438	0.9705497
507.73877	0.97127116
507.83197	0.97193605
507.926	0.9726614
508.02026	0.9734954
508.11554	0.9744433
508.20853	0.9754444
508.30252	0.9764597
508.397	0.9773774
508.49203	0.9781479
508.58514	0.9787224
508.67917	0.9791042
508.7735	0.97933686
508.86856	0.9794813
508.9617	0.9796294
509.05576	0.97986996
509.15005	0.98027253
509.24503	0.9808628
509.33832	0.9816327
509.43237	0.9825328
509.52664	0.98348767
509.62164	0.98440117
509.71494	0.9851929
509.80896	0.9858052
509.9033	0.9862273
509.99823	0.98648185
510.09146	0.9866313
510.18558	0.9867595
510.27988	0.98694885
510.37473	0.98727286
510.4682	0.98776144
510.56216	0.98842454
510.65646	0.9892144
510.75128	0.99005556
510.8449	0.99086285
510.93878	0.99155676
511.03302	0.992077
511.12793	0.99239516
511.22153	0.99253297
511.3153	0.9925506
511.40964	0.9925286
511.50443	0.99256617
511.598	0.9927276
511.69202	0.99308157
511.7862	0.9936387
511.88095	0.99435145
511.97485	0.9951661
512.0686	0.9959918
512.1627	0.9967188
512.2575	0.99731076
512.35144	0.9976899
512.4451	0.99787956
512.5393	0.9979163
512.6341	0.9978698
512.728	0.99783576
512.8218	0.99785364
512.91595	0.9980043
513.01056	0.99824595
513.1046	0.99855095
513.19855	0.9988237
513.2925	0.9988932
513.38715	0.9986112
513.4814	0.99778616
513.575	0.996247
513.66907	0.9938394
513.76373	0.99039674
513.858	0.9857667
513.9515	0.9797688
514.0457	0.9721838
514.14026	0.96273196
514.23456	0.95108104
514.3282	0.93682015
514.4223	0.91951936
514.5167	0.8987292
514.61127	0.8740368
514.70465	0.84512585
514.7989	0.8118068
514.8934	0.77406883
514.9879	0.7321142
515.0812	0.6863508
515.1756	0.6373981
515.26996	0.5860459
515.3645	0.53321296
515.4578	0.47989604
515.55225	0.42710048
515.64655	0.37578595
515.7411	0.3268128
515.83435	0.28089818
515.9288	0.2385951
516.0231	0.2002764
516.11774	0.16613512
516.2109	0.1362033
516.30536	0.110369906
516.3997	0.08841153
516.49426	0.07002148
516.5874	0.054839857
516.68195	0.042480674
516.7763	0.032554295
516.8708	0.024685651
516.964	0.018526753
517.0586	0.013764836
517.15283	0.01012641
517.2473	0.0073781535
517.34076	0.0053251614
517.4351	0.003807943
517.5293	0.0026983134
517.6239	0.0018949453
517.7173	0.0013190281
517.81177	0.0009101264
517.906	0.0006225408
518.0004	0.00042214812
518.09393	0.00028379273
518.18835	0.00018913444
518.28253	0.00012495703
518.377	8.18374e-05
518.47064	5.3127413e-05
518.56506	3.418457e-05
518.65906	2.179993e-05
518.75354	1.3777084e-05
518.8472	8.6278e-06
518.94165	5.3536423e-06
519.0357	3.2913035e-06
519.1301	2.0045768e-06
519.2239	1.2094308e-06
519.3182	7.227914e-07
519.4123	4.2784845e-07
519.50665	2.5083443e-07
519.6006	1.4563986e-07
519.6948	8.374273e-08
519.78876	4.768368e-08
;; BAND Oa06
551.04926	4.1540634e-08
551.1432	7.323822e-08
551.2368	1.2786896e-07
551.33185	2.2109263e-07
551.42633	3.786038e-07
551.52057	6.421244e-07
551.6141	1.0786998e-06
551.70886	1.794961e-06
551.8036	2.9587604e-06
551.8976	4.8316415e-06
551.9912	7.816974e-06
552.08606	1.2530654e-05
552.1807	1.9903593e-05
552.2749	3.132874e-05
552.36847	4.8869613e-05
552.46313	7.555212e-05
552.5578	0.00011576953
552.65216	0.00017583359
552.74567	0.00026471858
552.84015	0.00039505036
552.935	0.0005843992
553.02936	0.00085693423
553.12286	0.0012455147
553.2172	0.001794273
553.3123	0.0025617054
553.40656	0.0036242777
553.5	0.005080512
553.59436	0.0070553473
553.6893	0.009704591
553.7838	0.01321902
553.87714	0.017827628
553.97144	0.023799352
554.06647	0.031442486
554.1608	0.041100778
554.25446	0.053145945
554.3485	0.06796463
554.4436	0.0859414
554.5381	0.10743582
554.63153	0.13275538
554.72565	0.16212624
554.8206	0.19566251
554.91516	0.23333752
555.0088	0.2749629
555.1028	0.32016966
555.1978	0.36841178
555.29224	0.418976
555.38605	0.471005
555.4799	0.5235473
555.5749	0.5755988
555.6694	0.62617433
555.7632	0.6743588
555.8572	0.71937245
555.95197	0.76061285
556.0465	0.7976831
556.14056	0.8304006
556.2343	0.8587949
556.3292	0.8830637
556.42365	0.90354025
556.51764	0.92065084
556.61145	0.93483496
556.7063	0.9465344
556.8008	0.9561391
556.89484	0.9639737
556.9885	0.9703032
557.08344	0.97531515
557.1779	0.979193
557.27203	0.9820618
557.3657	0.9840865
557.46045	0.98541015
557.55505	0.9862109
557.6493	0.98667693
557.7429	0.98697275
557.83765	0.98724097
557.9322	0.9875986
558.0265	0.9880919
558.12006	0.98871946
558.21466	0.9894271
558.3093	0.9901331
558.40375	0.99074614
558.4973	0.99118304
558.5916	0.9914068
558.6864	0.99142677
558.781	0.99126637
558.8744	0.991012
558.9688	0.9907667
559.0636	0.9906295
559.1582	0.99066865
559.2517	0.99092364
559.3459	0.9913679
559.44073	0.9919555
559.5354	0.9925927
559.6289	0.99317867
559.72296	0.99362034
559.8178	0.9938511
559.9124	0.9938711
560.00616	0.99369866
560.1001	0.9934142
560.195	0.9931054
560.2897	0.9928898
560.38336	0.99283737
560.4773	0.9930058
560.5721	0.9933903
560.66675	0.99395365
560.76056	0.994602
560.85443	0.9952487
560.9492	0.9957783
561.044	0.99613345
561.13776	0.99626786
561.23157	0.99621123
561.32635	0.99601716
561.421	0.9957829
561.515	0.9956005
561.6088	0.99556285
561.7034	0.99572843
561.79816	0.99611396
561.8922	0.99667585
561.98596	0.9973609
562.0806	0.9980537
562.17523	0.99864495
562.2694	0.99907845
562.3631	0.99927604
562.45764	0.9992693
562.55237	0.9990881
562.64655	0.9988032
562.74036	0.9985291
562.8348	0.9983285
562.9295	0.99827784
563.02374	0.9983607
563.1175	0.9985334
563.21185	0.99868286
563.3067	0.99865884
563.40094	0.9982809
563.4947	0.997386
563.58887	0.995791
563.6838	0.9933261
563.77826	0.9898419
563.8719	0.98520195
563.9658	0.9792318
564.061	0.9717236
564.1554	0.9624292
564.24915	0.95099556
564.3429	0.93702084
564.43805	0.9200628
564.53253	0.8996565
564.6263	0.87535775
564.7199	0.8468301
564.8152	0.81384397
564.9098	0.77637327
565.0036	0.73459864
565.09705	0.6889173
565.1923	0.63994265
565.287	0.5884732
565.3808	0.53544176
565.4741	0.4818638
565.5695	0.4287674
565.6642	0.3771309
565.758	0.32783502
565.8512	0.28161836
565.9465	0.23904544
566.04126	0.20049675
566.1352	0.16617095
566.2284	0.13609873
566.32367	0.1101673
566.41846	0.08814736
566.5124	0.06972598
566.60565	0.05453686
566.70074	0.042187247
566.79565	0.032282226
566.8895	0.024441665
566.9829	0.018313969
567.078	0.013583611
567.1726	0.009975204
567.26666	0.0072542615
567.36	0.0052253227
567.455	0.0037286899
567.5496	0.0026362776
567.6441	0.001847028
567.7372	0.0012824803
567.83246	0.0008825906
567.9269	0.000602038
568.021	0.00040706235
568.1145	0.00027282015
568.2092	0.00018124575
568.3037	0.00011935087
568.39844	7.789971e-05
568.4915	5.039333e-05
568.58673	3.230849e-05
568.6811	2.0527556e-05
568.7753	1.2924292e-05
568.8691	8.062953e-06
568.9634	4.9839005e-06
569.05804	3.0521273e-06
569.153	1.851677e-06
569.24585	1.1128312e-06
569.34094	6.624734e-07
569.4354	3.9062127e-07
569.5296	2.2812499e-07
569.6236	1.3194607e-07
569.7174	7.55798e-08
569.8124	4.2873108e-08
;; BAND Oa07
611.02014	3.606648e-08
611.1144	6.3722915e-08
611.20917	1.115076e-07
611.3026	1.9326191e-07
611.39703	3.317684e-07
611.4911	5.641393e-07
611.5845	9.502094e-07
611.6799	1.5854368e-06
611.77234	2.6205678e-06
611.86633	4.2911906e-06
611.96155	6.961744e-06
612.05505	1.1190152e-05
612.1494	1.78219e-05
612.2433	2.812519e-05
612.3365	4.398268e-05
612.43225	6.8160865e-05
612.5244	0.00010468228
612.6186	0.00015933749
612.7138	0.00024037024
612.8074	0.00035939662
612.9017	0.00053260394
612.99554	0.00078229525
613.0888	0.0011388442
613.18475	0.001643122
613.27655	0.0023494305
613.3707	0.0033289369
613.46606	0.0046736454
613.5596	0.0065006604
613.6539	0.008956656
613.74774	0.012222151
613.841	0.016515084
613.9371	0.022093078
614.0286	0.029253822
614.123	0.038332246
614.2184	0.04969363
614.3119	0.063723184
614.40607	0.08080954
614.49994	0.101322874
614.5931	0.12558955
614.6896	0.1538613
614.7811	0.18628572
614.8751	0.22287387
614.97076	0.26347724
615.06433	0.30777058
615.15845	0.3552418
615.25214	0.4052066
615.3453	0.45682684
615.442	0.5091534
615.53345	0.5611829
615.6273	0.61189395
615.723	0.66035503
615.8165	0.70573807
615.9108	0.74740565
616.0044	0.7849184
616.0975	0.81806636
616.19446	0.8468552
616.2859	0.8714704
616.37946	0.89224136
616.47516	0.90960556
616.56885	0.924009
616.66327	0.9359119
616.75653	0.9457101
616.8496	0.95373684
616.94684	0.9602543
617.0383	0.9654628
617.1317	0.96952015
617.22754	0.9725526
617.3211	0.9747147
617.4156	0.9761509
617.5087	0.97704667
617.60175	0.977578
617.69934	0.97793096
617.79065	0.978264
617.88385	0.9786984
617.9799	0.97928107
618.0734	0.9800194
618.1679	0.98085535
618.2609	0.98170584
618.35394	0.982457
618.4518	0.9830309
618.543	0.98337597
618.6359	0.9834838
618.7321	0.98339635
618.8257	0.98321
618.9202	0.9830236
619.0131	0.98295534
619.10614	0.9830773
619.20404	0.98343074
619.2953	0.9840038
619.3882	0.98473406
619.48444	0.98552436
619.578	0.9862638
619.6726	0.9868558
619.76526	0.987229
619.8582	0.9873693
619.9565	0.98731315
620.0477	0.98713595
620.14026	0.98695123
620.2369	0.98687106
620.33014	0.9869925
620.42487	0.9873604
620.5174	0.987975
620.6105	0.9887865
620.7089	0.98970497
620.8	0.99061745
620.8924	0.99140984
620.98914	0.9920055
621.08234	0.9923684
621.1772	0.99251604
621.26953	0.9925166
621.36255	0.9924699
621.4611	0.9924845
621.55237	0.9926544
621.6445	0.99304575
621.74133	0.99366754
621.8346	0.99448335
621.92957	0.99539167
622.0216	0.9962992
622.11475	0.9970832
622.2135	0.9976643
622.3047	0.99799895
622.3966	0.9980883
622.4937	0.9979846
622.5867	0.9978036
622.6818	0.9976211
622.7738	0.9975412
622.8669	0.9976214
622.9658	0.9978528
623.057	0.9981917
623.1489	0.99850994
623.24603	0.9986346
623.33887	0.9983916
623.4342	0.99757797
623.5261	0.99602145
623.6191	0.99355406
623.71783	0.9900409
623.8093	0.9853388
623.9011	0.9792921
623.9983	0.97169274
624.09094	0.96227205
624.1863	0.95068544
624.2786	0.93650454
624.37115	0.91925997
624.47	0.8984671
624.56177	0.87367314
624.6536	0.84451693
624.7505	0.8108021
624.843	0.7725037
624.9388	0.7298391
625.03094	0.68324894
625.12335	0.63340133
625.2221	0.58114356
625.3139	0.5274627
625.40607	0.47340447
625.5028	0.42002553
625.59515	0.36832044
625.69116	0.31916425
625.78345	0.27327582
625.8757	0.23119241
625.97424	0.19325876
626.0664	0.1596341
626.15845	0.13031022
626.2551	0.105137415
626.3472	0.083855554
626.44324	0.06612789
626.53595	0.05157083
626.62775	0.039781876
626.7262	0.03036156
626.81866	0.022930779
626.9109	0.017142178
627.0072	0.012686972
627.09937	0.0092978645
627.19556	0.006748711
627.2884	0.00485225
627.38007	0.003456341
627.47833	0.0024394484
627.57086	0.0017061314
627.66327	0.0011825302
627.75946	0.0008122977
627.8515	0.00055301405
627.9479	0.00037314923
628.04083	0.00024954777
628.1323	0.00016540273
628.2305	0.00010865301
628.3231	7.073468e-05
628.41583	4.5635155e-05
628.51184	2.9175859e-05
628.6037	1.8483468e-05
628.70013	1.1602678e-05
628.79333	7.2165244e-06
628.88446	4.44705e-06
628.98254	2.7150013e-06
629.07556	1.6421068e-06
629.16833	9.838972e-07
629.26404	5.839765e-07
629.35596	3.433386e-07
629.4525	1.9994711e-07
629.5459	1.1533395e-07
629.6368	6.5892394e-08
629.73486	3.728515e-08
;; BAND Oa08
655.8665	3.0045754e-08
655.96185	5.340284e-08
656.05597	9.4008435e-08
656.14905	1.6390938e-07
656.24316	2.8306638e-07
656.33905	4.8421083e-07
656.4326	8.204545e-07
656.5259	1.3770946e-06
656.62036	2.2896927e-06
656.71564	3.7714376e-06
656.81024	6.154211e-06
656.903	9.949153e-06
656.9969	1.5935557e-05
657.093	2.5288984e-05
657.18677	3.9764473e-05
657.2796	6.195497e-05
657.37415	9.565095e-05
657.4694	0.00014633623
657.5644	0.00022185768
657.65704	0.00033332623
657.7505	0.00049629895
657.84686	0.0007323119
657.94073	0.0010708442
658.0335	0.0015517427
658.1279	0.002228211
658.2231	0.0031703454
658.31836	0.0044692075
658.41095	0.0062413462
658.50415	0.008633474
658.60077	0.011827311
658.69464	0.016043276
658.7873	0.021543741
658.8817	0.02863339
658.97687	0.037657157
659.0725	0.048993807
659.1649	0.06304473
659.258	0.08021723
659.35443	0.10090211
659.4487	0.12544623
659.54126	0.15411922
659.6357	0.18708035
659.7305	0.22434652
659.8266	0.26576295
659.91907	0.31098416
660.0116	0.35946602
660.1082	0.4104782
660.2026	0.4631299
660.2955	0.51640797
660.3894	0.56923914
660.48425	0.6205611
660.5807	0.6693867
660.6731	0.7148764
660.7654	0.75638324
660.8622	0.79349947
660.9565	0.82605916
661.04974	0.85412186
661.14325	0.87795544
661.23785	0.8979591
661.3346	0.9146186
661.427	0.92843664
661.51904	0.9398906
661.6159	0.94937754
661.7103	0.95721173
661.80383	0.9636255
661.89703	0.9687778
661.9916	0.9727864
662.08856	0.9757602
662.1811	0.9778317
662.27277	0.97915196
662.3697	0.979917
662.4641	0.98033905
662.558	0.98062366
662.6509	0.98095393
662.7452	0.9814495
662.84235	0.9821827
662.935	0.9831182
663.0267	0.9841789
663.1233	0.9852466
663.2178	0.9861911
663.31213	0.98689735
663.405	0.9872912
663.4989	0.9873964
663.5962	0.9872675
663.68896	0.9870115
663.7805	0.9867762
663.8771	0.9866937
663.9715	0.9868724
664.06647	0.9873491
664.159	0.9881078
664.25256	0.9890558
664.3501	0.99006355
664.44305	0.9909972
664.53467	0.99172395
664.63086	0.99216473
664.7252	0.9922867
664.82056	0.99214196
664.913	0.99182916
665.0062	0.9914843
665.10376	0.99125016
665.19696	0.9912317
665.2889	0.9914933
665.3846	0.99202484
665.479	0.99276847
665.5747	0.9935954
665.6671	0.9943573
665.7597	0.99493
665.8575	0.99522185
665.9508	0.9951983
666.04297	0.99489534
666.13824	0.9944161
666.2326	0.99389714
666.32874	0.9934954
666.42114	0.9933218
666.51337	0.99347484
666.6114	0.9939632
666.7048	0.994738
666.7971	0.99566764
666.89197	0.9966259
666.9863	0.9974489
667.0829	0.99801886
667.1751	0.99828315
667.26685	0.9982441
667.3653	0.99796546
667.4585	0.9975569
667.55133	0.9971933
667.6456	0.99696785
667.74	0.9969897
667.83673	0.99725676
667.92914	0.99771106
668.0204	0.9982172
668.1189	0.99858177
668.2122	0.99858695
668.3058	0.99801
668.39935	0.9966613
668.4938	0.99437577
668.5908	0.99103284
668.68317	0.9865364
668.7742	0.9807579
668.87274	0.9735517
668.96606	0.964678
669.06	0.9538115
669.15314	0.9405246
669.2475	0.9243211
669.34485	0.9046546
669.4374	0.88099915
669.5279	0.85291463
669.62665	0.820104
669.71985	0.78248286
669.8142	0.7402042
669.90717	0.6936784
670.00104	0.6435762
670.0989	0.59076285
670.19135	0.5362748
670.282	0.48121932
670.3803	0.4267268
670.4735	0.37386036
670.5683	0.3235636
670.66095	0.27660903
670.75464	0.23357363
670.8528	0.19482759
670.94525	0.16054095
671.036	0.13070287
671.13403	0.105152905
671.22723	0.083613776
671.3226	0.06572756
671.41473	0.051089406
671.50824	0.03927627
671.6068	0.029871196
671.6991	0.02248025
671.79	0.016744733
671.8877	0.012347451
671.98114	0.009015508
672.07666	0.006519176
672.16876	0.0046693394
672.26184	0.00331312
672.3607	0.002329095
672.4528	0.0016223396
672.54425	0.0011197687
672.64136	0.00076588907
672.73486	0.0005191153
672.8307	0.00034867824
672.9227	0.00023208519
673.01556	0.0001530814
673.11444	0.00010005506
673.20667	6.48016e-05
673.29865	4.1585816e-05
673.3951	2.64425e-05
673.4886	1.6658734e-05
673.5846	1.039789e-05
673.6767	6.4298115e-06
673.76917	3.938997e-06
673.8683	2.3905234e-06
673.96063	1.4371608e-06
674.0529	8.558721e-07
674.1489	5.0488273e-07
674.24225	2.9501027e-07
674.33875	1.707383e-07
674.4308	9.787113e-08
674.5228	5.5564207e-08
674.6221	3.1241974e-08
;; BAND Oa09
665.87354	2.9082576e-08
665.9549	4.805394e-08
666.0349	7.8823064e-08
666.1193	1.2835504e-07
666.20026	2.0749927e-07
666.2802	3.3302163e-07
666.3649	5.306259e-07
666.44574	8.394121e-07
666.5254	1.3183709e-06
666.6106	2.0558339e-06
666.69104	3.1829622e-06
666.77075	4.8930224e-06
666.85626	7.468542e-06
666.9362	1.1319228e-05
667.01624	1.703446e-05
667.1018	2.5455423e-05
667.18134	3.777321e-05
667.2618	5.5660777e-05
667.3473	8.144871e-05
667.4266	0.00011835859
667.5074	0.00017080641
667.59296	0.00024479654
667.67194	0.00034842652
667.7531	0.00049251865
667.83844	0.0006914246
667.91736	0.0009639947
667.99896	0.0013347756
668.0841	0.0018354262
668.16284	0.002506375
668.2445	0.0033987325
668.3291	0.0045763943
668.40826	0.006118396
668.49036	0.008121218
668.5742	0.01070121
668.6538	0.013996682
668.736	0.018169466
668.8191	0.023406116
668.8995	0.029917417
668.98145	0.03793695
669.0643	0.047717437
669.145	0.05952549
669.22705	0.07363287
669.30914	0.09030659
669.39075	0.10979532
669.47266	0.13231422
669.5541	0.15802884
669.6364	0.18703678
669.718	0.21935263
669.7989	0.2548925
669.8822	0.29346246
669.9636	0.3347546
670.04395	0.3783472
670.1281	0.42371324
670.20886	0.4702351
670.28906	0.5172294
670.3739	0.56397957
670.45435	0.60976505
670.5341	0.65389407
670.61975	0.6957574
670.6996	0.7348361
670.77954	0.77074105
670.86536	0.8032208
670.945	0.8321728
671.0247	0.8576253
671.11096	0.87973344
671.1903	0.8987431
671.27	0.91496843
671.35657	0.928754
671.43567	0.9404407
671.51556	0.9503562
671.6022	0.95876724
671.68097	0.96590143
671.7612	0.9719231
671.8479	0.9769544
671.9263	0.98108023
672.0071	0.984361
672.0931	0.9868706
672.17145	0.98868024
672.2528	0.9898885
672.3378	0.99061394
672.41693	0.9909962
672.49866	0.9911811
672.58295	0.99130565
672.66235	0.9914881
672.74445	0.9918221
672.828	0.9923459
672.908	0.9930489
672.9901	0.9938984
673.073	0.9948209
673.1538	0.9957127
673.23553	0.9964784
673.3181	0.9970593
673.39954	0.9973696
673.4811	0.99743664
673.5631	0.99724865
673.6452	0.9968997
673.72675	0.99647
673.8083	0.9960454
673.8909	0.9957478
673.97217	0.9956244
674.05316	0.9957231
674.13684	0.9960345
674.2175	0.9965196
674.298	0.99710524
674.3827	0.9976946
674.4629	0.998182
674.54315	0.9984904
674.6286	0.99855196
674.7082	0.99835634
674.78815	0.9979115
674.8744	0.99729323
674.9535	0.9965656
675.0336	0.99585444
675.1201	0.9952492
675.1989	0.99481857
675.27905	0.994605
675.3658	0.9946344
675.4444	0.99482274
675.52454	0.99510497
675.61127	0.99534714
675.6899	0.99540466
675.7698	0.99513084
675.85657	0.99437594
675.93536	0.9930327
676.01526	0.9909898
676.10175	0.98818564
676.1806	0.9845474
676.2611	0.98002106
676.3467	0.97451717
676.4259	0.9679175
676.5068	0.9600487
676.5918	0.95068836
676.6712	0.93954664
676.75275	0.92629296
676.8367	0.91055965
676.9168	0.89198875
676.99854	0.87024724
677.08185	0.8450642
677.1626	0.81627417
677.24414	0.78383523
677.3269	0.74783957
677.4082	0.708538
677.4897	0.6663215
677.572	0.6217147
677.65405	0.575348
677.7352	0.52792007
677.8172	0.4801772
677.8997	0.43285674
677.9806	0.3866641
678.0623	0.34223694
678.1456	0.30012134
678.226	0.2607565
678.3074	0.22446382
678.3915	0.19144629
678.4714	0.16179553
678.5524	0.13550079
678.63745	0.11246587
678.71674	0.09252454
678.79736	0.07545859
678.88324	0.061015345
678.9621	0.048923068
679.0428	0.038904563
679.129	0.03068788
679.20764	0.024014745
679.28815	0.01864659
679.3749	0.014367823
679.4531	0.010987817
679.5334	0.008340865
679.6201	0.006285484
679.6986	0.004702575
679.77893	0.0034932792
679.8653	0.0025767104
679.94403	0.0018873593
680.0242	0.001372833
680.1104	0.0009916697
680.18933	0.00071139564
680.26996	0.00050682167
680.3555	0.0003585891
680.4348	0.00025196307
680.5153	0.00017582031
680.6006	0.000121838966
680.6804	8.38459e-05
680.7611	5.7298665e-05
680.8456	3.8883645e-05
680.92596	2.6202155e-05
681.00653	1.7532662e-05
681.0907	1.1648994e-05
681.17145	7.6850865e-06
681.2525	5.0340645e-06
681.3358	3.2740643e-06
681.4171	2.1141698e-06
681.4981	1.3554047e-06
681.58093	8.6271996e-07
681.6627	5.451735e-07
681.7435	3.4202435e-07
681.8263	2.1302341e-07
681.9085	1.3171638e-07
681.9891	8.08515e-08
682.0711	4.9267925e-08
682.1543	2.9803054e-08
;; BAND Oa10
673.413	2.8171906e-08
673.4948	4.6638682e-08
673.5794	7.664526e-08
673.6585	1.2503791e-07
673.7405	2.0249902e-07
673.8245	3.2556426e-07
673.9043	5.196258e-07
673.98615	8.23365e-07
674.0696	1.2952349e-06
674.15015	2.0228667e-06
674.2318	3.1365869e-06
674.3148	4.828622e-06
674.396	7.3802144e-06
674.4773	1.1199742e-05
674.56006	1.6874925e-05
674.64185	2.5245577e-05
674.7228	3.7501544e-05
674.8052	5.531493e-05
674.88776	8.101723e-05
674.9684	0.00011783177
675.05035	0.0001701795
675.13367	0.00024407358
675.214	0.0003476241
675.29553	0.0004916755
675.3796	0.00069060636
675.4595	0.00096330815
675.5404	0.0013343781
675.62537	0.0018355423
675.7047	0.002507322
675.7854	0.0034009342
675.8711	0.004580436
675.9504	0.0061250078
676.03076	0.008131407
676.1169	0.010716206
676.1959	0.0140181165
676.27637	0.018199466
676.3626	0.023447243
676.44135	0.029973017
676.52185	0.038011063
676.60815	0.047815263
676.6869	0.05965294
676.76746	0.07379719
676.85376	0.09051624
676.93256	0.1100599
677.0129	0.13264361
677.09894	0.15843472
677.1779	0.18753026
677.2585	0.21994297
677.3441	0.25558794
677.4235	0.29426923
677.50415	0.33567294
677.5894	0.37937102
677.669	0.42483303
677.74994	0.47143152
677.8345	0.518475
677.9143	0.56523603
677.9956	0.6109911
678.0796	0.65504324
678.1599	0.6967707
678.24133	0.73565733
678.32495	0.7713159
678.4055	0.80349714
678.4869	0.83210486
678.57	0.8571794
678.6513	0.87888443
678.7325	0.89747876
678.8153	0.91328955
678.8973	0.9266762
678.97815	0.937986
679.06055	0.94754815
679.14325	0.95564735
679.22345	0.9624996
679.3057	0.96827424
679.3893	0.9730831
679.4691	0.9770066
679.5509	0.9801038
679.6352	0.9824343
679.7146	0.984071
679.7962	0.98510265
679.88104	0.98565793
679.96014	0.9858666
680.04156	0.9858775
680.1269	0.9858433
680.2057	0.9858808
680.28656	0.9860788
680.3727	0.98648906
680.4513	0.9871088
680.5317	0.9878972
680.6182	0.9887753
680.6968	0.9896458
680.7771	0.990405
680.86365	0.9909833
680.9424	0.99132174
681.02264	0.99140644
681.1087	0.9912751
681.188	0.990981
681.2684	0.99063265
681.354	0.9903314
681.4335	0.9901767
681.514	0.9902525
681.59906	0.9906068
681.6792	0.9912456
681.7596	0.99211246
681.8443	0.9931407
681.92487	0.994224
682.00525	0.9952774
682.0895	0.9961654
682.1704	0.9968437
682.25073	0.9972571
682.33496	0.9974346
682.416	0.99738276
682.49634	0.99719507
682.5801	0.9969601
682.66156	0.9967766
682.74194	0.9967132
682.8254	0.9968065
682.9071	0.99709475
682.98755	0.99749494
683.0706	0.9979219
683.1528	0.9982934
683.233	0.998436
683.31586	0.9982129
683.39874	0.997494
683.4786	0.9961638
683.56116	0.99410653
683.6447	0.9912627
683.7242	0.9875641
683.80646	0.9829476
683.8908	0.9773394
683.9698	0.970604
684.05194	0.96258247
684.1368	0.95304483
684.21533	0.9417047
684.2973	0.9282307
684.3824	0.91226286
684.46094	0.8934351
684.54254	0.87142557
684.628	0.845969
684.7066	0.8168997
684.78784	0.7841791
684.873	0.74790996
684.95215	0.70834565
685.03296	0.6658858
685.1184	0.6210579
685.1978	0.5744973
685.2783	0.52691007
685.3635	0.4790422
685.44354	0.43163207
685.52374	0.3853844
685.6088	0.34093568
685.6893	0.29883042
685.7693	0.25950179
685.8541	0.22326763
685.93494	0.1903258
686.01514	0.16076335
686.0993	0.13456501
686.18054	0.11162973
686.2606	0.09178756
686.3446	0.07481748
686.42633	0.060464624
686.5061	0.048455395
686.59	0.03851183
686.6721	0.030361466
686.75146	0.023746131
686.8352	0.018427663
686.9178	0.014190886
686.9969	0.010846015
687.0806	0.008228119
687.16345	0.0061964886
687.24243	0.0046328246
687.3261	0.0034390006
687.409	0.0025347432
687.48804	0.0018551184
687.5714	0.0013482244
687.6546	0.00097300345
687.73364	0.00069732545
687.8168	0.0004962843
687.90045	0.00035074897
687.9793	0.00024616744
688.0621	0.00017156477
688.1461	0.000118735836
688.225	8.1598715e-05
688.3075	5.568319e-05
688.3918	3.7730686e-05
688.47046	2.5385498e-05
688.553	1.6958558e-05
688.63715	1.1248505e-05
688.7162	7.4078766e-06
688.7984	4.8436996e-06
688.88245	3.1443965e-06
688.962	2.0265938e-06
689.04376	1.2967535e-06
689.1276	8.2375897e-07
689.2077	5.195036e-07
689.2892	3.25249e-07
689.3731	2.0215029e-07
689.4535	1.247257e-07
689.53436	7.6393064e-08
689.6184	4.644734e-08
689.6991	2.8032902e-08
;; BAND Oa11
699.7268	2.3777641e-08
699.81866	4.2740115e-08
699.91345	7.607316e-08
700.00745	1.3408072e-07
700.1022	2.3401893e-07
700.1978	4.0447821e-07
700.28864	6.923236e-07
700.3849	1.1735513e-06
700.48114	1.9700826e-06
700.5732	3.2754128e-06
700.66815	5.3933363e-06
700.7615	8.795673e-06
700.8567	1.4207338e-05
700.95245	2.2730059e-05
701.04346	3.6020036e-05
701.1393	5.6540124e-05
701.2355	8.791299e-05
701.32776	0.00013540822
701.4226	0.0002066079
701.51575	0.00031229845
701.6112	0.00046765205
701.7068	0.00069376733
701.79816	0.0010196338
701.89343	0.0014846097
701.9898	0.0021414356
702.0822	0.00305989
702.17737	0.004330973
702.2698	0.0060716416
702.3657	0.00842982
702.46124	0.011589442
702.55304	0.015774937
702.6479	0.021254584
702.74414	0.028341819
702.83685	0.037393484
702.93195	0.04880402
703.02386	0.06299418
703.1202	0.080394596
703.21564	0.10142155
703.3078	0.12644848
703.4022	0.15577109
703.4983	0.1895713
703.5913	0.22787985
703.68646	0.27054644
703.778	0.31721517
703.8746	0.36731586
703.97015	0.42007628
704.0623	0.47454262
704.1565	0.52963275
704.25244	0.58419335
704.3459	0.63708764
704.4411	0.68725294
704.5323	0.73379195
704.62897	0.7760312
704.72437	0.8135504
704.81696	0.84620273
704.9112	0.8740956
705.0066	0.89754957
705.1004	0.91703826
705.19543	0.93311375
705.28735	0.9463419
705.3833	0.9572413
705.47894	0.966234
705.57153	0.97364414
705.6658	0.9796726
705.76074	0.98447007
705.85486	0.988117
705.95	0.9907046
706.04193	0.99234766
706.1375	0.99320287
706.2332	0.9934695
706.3261	0.9933942
706.4205	0.99320954
706.5148	0.99312073
706.6093	0.9932701
706.7044	0.99372214
706.7968	0.9944396
706.8918	0.99533856
706.98755	0.9962551
707.08057	0.9970191
707.17523	0.997508
707.2688	0.9976291
707.3637	0.9973838
707.4588	0.9968624
707.5515	0.9961733
707.6461	0.9955211
707.74194	0.99504817
707.8351	0.9948786
707.9297	0.99507785
708.02295	0.9956205
708.11816	0.99640054
708.2133	0.9972746
708.3061	0.99805987
708.4004	0.9986056
708.4962	0.99878865
708.5896	0.99860495
708.6843	0.9980747
708.77704	0.997352
708.8727	0.99660003
708.9676	0.9959706
709.06085	0.9956268
709.1547	0.9956364
709.2508	0.9959935
709.34393	0.9966284
709.4389	0.9973915
709.531	0.99812454
709.6274	0.9986568
709.7221	0.99887013
709.81525	0.9987031
709.90906	0.9982202
710.0051	0.9974961
710.0986	0.99670273
710.19354	0.99602556
710.28534	0.99560046
710.3818	0.99555016
710.47644	0.99587315
710.56964	0.99650794
710.66364	0.99734265
710.75946	0.9981937
710.85333	0.9988822
710.9478	0.9992878
711.0398	0.99933267
711.1361	0.99898356
711.231	0.9983634
711.3239	0.9976102
711.41815	0.9968866
711.5134	0.99632555
711.608	0.9960818
711.7023	0.9961257
711.79456	0.9964372
711.89056	0.99684036
711.9854	0.99713266
712.07837	0.99707407
712.173	0.99642766
712.26746	0.99498266
712.3625	0.99258304
712.45685	0.989121
712.54913	0.9845201
712.6448	0.9786891
712.74	0.9714973
712.8327	0.9627359
712.9279	0.9520795
713.02124	0.9390889
713.11707	0.9232455
713.2113	0.90395343
713.30383	0.8806525
713.3991	0.8528394
713.49445	0.8201841
713.58716	0.78257245
713.68256	0.74014026
713.77527	0.6933074
713.8717	0.64276516
713.96576	0.5894245
714.05853	0.53435886
714.15356	0.47873604
714.2489	0.4237242
714.3415	0.37042987
714.43744	0.3198203
714.52924	0.27268404
714.6262	0.22959904
714.7203	0.19092631
714.813	0.15681751
714.90784	0.12723945
715.0033	0.1020066
715.0958	0.08081739
715.19183	0.06329232
715.2834	0.049008235
715.38074	0.03752892
715.4747	0.028428063
715.5674	0.021306582
715.6623	0.015803812
715.7577	0.011603325
715.85065	0.008434325
715.9463	0.0060706944
716.03784	0.0043271724
716.13513	0.0030548766
716.2291	0.0021362095
716.3217	0.0014797247
716.41675	0.0010153623
716.5119	0.0006901978
716.6054	0.0004647724
716.70074	0.00031004084
716.79224	0.00020488062
716.88947	0.0001341148
716.9836	8.696307e-05
717.0761	5.585484e-05
717.1715	3.553399e-05
717.26575	2.239068e-05
717.36035	1.3974014e-05
717.45514	8.63761e-06
717.5468	5.287757e-06
717.64386	3.205866e-06
717.738	1.9248869e-06
717.83026	1.1445653e-06
717.92596	6.739743e-07
718.0197	3.9300812e-07
718.1152	2.269387e-07
718.2095	1.2976358e-07
718.3013	7.347291e-08
718.3982	4.1192408e-08
718.49243	2.2867393e-08
;; BAND Oa12
746.04865	1.653163e-08
746.12897	2.7878045e-08
746.21545	4.665292e-08
746.2942	7.747701e-08
746.37445	1.2768758e-07
746.4603	2.0883984e-07
746.54	3.3897828e-07
746.6198	5.460471e-07
746.7051	8.7295547e-07
746.7858	1.385046e-06
746.8651	2.1809808e-06
746.94965	3.4084803e-06
747.0315	5.2868313e-06
747.11035	8.138845e-06
747.1943	1.24356775e-05
747.27716	1.8859166e-05
747.3559	2.8387582e-05
747.43884	4.241269e-05
747.52295	6.28973e-05
747.60144	9.258619e-05
747.6837	0.00013528454
747.7687	0.00019622114
747.84686	0.00028251982
747.9284	0.00040379833
748.0139	0.0005729281
748.0923	0.0008069776
748.1732	0.0011283668
748.2593	0.0015662714
748.3379	0.0021582807
748.41815	0.0029523245
748.5048	0.0040088804
748.58325	0.0054033897
748.6636	0.007228834
748.75024	0.009598381
748.8285	0.012647873
748.9086	0.016538024
748.99567	0.021455891
749.0737	0.02761527
749.1538	0.035255987
749.2412	0.044640783
749.3189	0.056050625
749.39886	0.0697765
749.4869	0.08610895
749.56415	0.10532496
749.6439	0.12767123
749.73206	0.15334639
749.8095	0.18248034
749.8893	0.21511732
749.9771	0.2511953
750.0549	0.29053682
750.1345	0.33283296
750.22186	0.37765187
750.30035	0.42443544
750.38	0.47252494
750.467	0.52118146
750.5459	0.56961364
750.6255	0.6170337
750.71173	0.66267926
750.7919	0.70586646
750.87085	0.74602383
750.9565	0.7827266
751.0377	0.81570387
751.1162	0.8448568
751.20135	0.8702434
751.2835	0.89205927
751.3617	0.9106062
751.44586	0.92626196
751.52924	0.93943065
751.6072	0.95050955
751.6906	0.9598598
751.7748	0.96778
751.85266	0.97449976
751.9354	0.9801759
752.0202	0.98489976
752.0982	0.9887357
752.18036	0.9917228
752.2657	0.9938958
752.3436	0.9953136
752.4251	0.9960798
752.5111	0.9963165
752.58905	0.9961882
752.6702	0.99587023
752.7567	0.99551505
752.8346	0.9952867
752.9155	0.9952746
753.002	0.9955415
753.08	0.9960724
753.1608	0.9968025
753.2476	0.99765176
753.3253	0.9984656
753.40594	0.9991303
753.49316	0.99954826
753.5705	0.9996184
753.65094	0.9993631
753.7383	0.9987908
753.8157	0.99801177
753.89594	0.9971299
753.9832	0.99627626
754.0612	0.9955714
754.1407	0.99511266
754.22833	0.9949585
754.30676	0.9950786
754.3856	0.99542975
754.47327	0.995924
754.5523	0.9964203
754.6309	0.99679846
754.71826	0.99694437
754.7979	0.99676925
754.87634	0.9962603
754.963	0.99544275
755.04364	0.9943903
755.122	0.9932284
755.20807	0.99209553
755.2896	0.9910997
755.3675	0.99037045
755.45276	0.9899582
755.53534	0.98985916
755.613	0.99002516
755.69745	0.99034214
755.78094	0.99064815
755.8582	0.9907769
755.9424	0.9905511
756.0264	0.98980224
756.10376	0.9884074
756.18726	0.9862796
756.2717	0.9833597
756.3495	0.979616
756.43207	0.975014
756.5174	0.9695083
756.595	0.9630039
756.6773	0.95534754
756.7629	0.9463055
756.8405	0.9355749
756.9225	0.9227918
757.0084	0.90753835
757.0859	0.8894028
757.1675	0.8679951
757.25397	0.8429998
757.3313	0.81421036
757.41266	0.7815551
757.49963	0.7451291
757.57654	0.705195
757.6578	0.66218436
757.74475	0.6166671
757.822	0.56933427
757.9028	0.52094734
757.9897	0.47231036
758.0675	0.42421734
758.14764	0.37741643
758.2344	0.3325735
758.31305	0.29024988
758.3925	0.25088555
758.4794	0.21478914
758.55853	0.18214203
758.6374	0.15300563
758.72455	0.12733631
758.80426	0.105003
758.8824	0.08580535
758.9696	0.06949566
759.0499	0.05579561
759.1276	0.044412885
759.2145	0.03505559
759.2956	0.027441528
759.3731	0.02130732
759.4592	0.016412621
759.5412	0.012543309
759.61865	0.009512156
759.7043	0.0071585453
759.78705	0.0053466987
759.8641	0.0039636255
759.9491	0.0029165498
760.0325	0.002130269
760.1096	0.0015445427
760.19403	0.001111669
760.27795	0.0007942587
760.35516	0.0005633237
760.4392	0.0003966091
760.5235	0.0002771845
760.6006	0.00019229577
760.6842	0.00013242124
760.76917	9.051577e-05
760.8461	6.141302e-05
760.9293	4.1357544e-05
761.0147	2.7643775e-05
761.09174	1.8339282e-05
761.1744	1.207543e-05
761.2603	7.891333e-06
761.33716	5.118205e-06
761.41943	3.2945636e-06
761.50586	2.1046978e-06
761.5827	1.3343955e-06
761.66455	8.39611e-07
761.7512	5.2428095e-07
761.8281	3.2489214e-07
761.90936	1.998007e-07
761.99615	1.2193611e-07
762.0737	7.3848426e-08
762.15454	4.438305e-08
762.24097	2.6470062e-08
762.3193	1.5665513e-08
;; BAND Oa13
756.0953	1.7416665e-08
756.15485	2.5069765e-08
756.21313	3.5952183e-08
756.2683	5.136761e-08
756.3227	7.312163e-08
756.3794	1.03704174e-07
756.43994	1.4653553e-07
756.49506	2.0629426e-07
756.5505	2.8935472e-07
756.6047	4.0436638e-07
756.66473	5.6301883e-07
756.7216	7.8104443e-07
756.7774	1.0795296e-06
756.83093	1.4866254e-06
756.8891	2.0397556e-06
756.9492	2.788472e-06
757.00415	3.7981172e-06
757.0592	5.1544816e-06
757.1143	6.9697708e-06
757.1746	9.390124e-06
757.23065	1.2605049e-05
757.2864	1.6859392e-05
757.33984	2.2468039e-05
757.39905	2.9834217e-05
757.45844	3.947257e-05
757.5135	5.2036576e-05
757.5678	6.8353045e-05
757.6239	8.946322e-05
757.68427	0.000116673844
757.7399	0.0001516166
757.7953	0.0001963201
757.8495	0.00025329975
757.90894	0.0003256539
757.9668	0.0004171893
758.0223	0.0005325587
758.0762	0.0006774252
758.1337	0.0008586495
758.1939	0.0010845084
758.2488	0.0013649333
758.30414	0.0017118007
758.3588	0.0021392223
758.41895	0.002663898
758.47565	0.0033054915
758.5313	0.004087018
758.58484	0.005035275
758.6434	0.006181316
758.7031	0.0075608445
758.75836	0.009214711
758.813	0.011189387
758.8686	0.013537224
758.9285	0.01631699
758.9847	0.019593881
759.0402	0.023439871
759.0941	0.027933609
759.15326	0.033160176
759.21204	0.039210737
759.2674	0.04618173
759.32135	0.054174073
759.3783	0.06329182
759.43823	0.0736403
759.49384	0.085324526
759.549	0.098446384
759.6036	0.1131023
759.6631	0.12938046
759.72076	0.14735635
759.77625	0.16709222
759.8298	0.18862961
759.888	0.2119898
759.9477	0.23716837
760.00305	0.2641334
760.0579	0.29282245
760.1131	0.32314122
760.17285	0.35496393
760.22955	0.388131
760.28516	0.4224532
760.33905	0.4577097
760.3976	0.49365523
760.45703	0.5300245
760.5124	0.56653464
760.5665	0.602892
760.62286	0.6388038
760.68243	0.67397785
760.7387	0.70813376
760.79376	0.7410125
760.8483	0.77237415
760.9074	0.8020091
760.966	0.82973975
761.02124	0.8554375
761.075	0.879008
761.1325	0.9003835
761.19214	0.91954404
761.24786	0.936502
761.3027	0.95129144
761.3577	0.963966
761.4172	0.97461987
761.4747	0.9833034
761.5301	0.9901259
761.58386	0.9951347
761.64215	0.9984052
761.7016	0.9999937
761.7573	0.9999315
761.8114	0.9981448
761.8674	0.9947015
761.9269	0.9895265
761.9835	0.9825397
762.0389	0.9736854
762.0932	0.9628801
762.1517	0.95004183
762.2107	0.9351056
762.2664	0.9180128
762.3202	0.8987234
762.37714	0.87723005
762.43634	0.85355866
762.4926	0.82777
762.54755	0.7999602
762.60236	0.77026385
762.6616	0.7388659
762.71985	0.7059636
762.77515	0.6717968
762.8289	0.6366275
762.8868	0.6007345
762.9461	0.5644106
763.002	0.52794755
763.0564	0.491635
763.1118	0.45575678
763.1711	0.42057526
763.2286	0.38633624
763.28406	0.35325536
763.338	0.321523
763.3964	0.2912968
763.45557	0.26270244
763.51135	0.23583263
763.56506	0.21074831
763.62164	0.18748206
763.6808	0.16603628
763.7374	0.14638968
763.79254	0.12849891
763.8475	0.112303466
763.9058	0.09772662
763.96454	0.084680334
764.02026	0.073066875
764.07385	0.0627841
764.1314	0.053726964
764.1904	0.045789953
764.24664	0.03886908
764.3012	0.032863528
764.3566	0.0276771
764.41565	0.023218947
764.4739	0.019404259
764.529	0.016155008
764.5831	0.013399427
764.6409	0.011072649
764.6999	0.009116238
764.7561	0.0074780826
764.81006	0.0061120596
764.86615	0.004977568
764.92505	0.0040391185
764.98254	0.0032658947
765.0378	0.0026313025
765.09216	0.0021124985
765.1505	0.0016899735
765.2092	0.0013471755
765.2653	0.0010701155
765.31866	0.0008470291
765.37585	0.0006680789
765.4347	0.0005250696
765.4915	0.00041121105
765.54614	0.0003208982
765.60156	0.00024953147
765.66016	0.00019334487
765.7186	0.00014927474
765.7742	0.00011483816
765.828	8.802929e-05
765.8855	6.7236826e-05
765.94434	5.1170933e-05
766.00073	3.880361e-05
766.05493	2.9319111e-05
766.11084	2.2072738e-05
766.16956	1.6557211e-05
766.22766	1.2374848e-05
766.2827	9.215398e-06
766.3372	6.837609e-06
766.3951	5.054886e-06
766.4538	3.7233362e-06
766.51013	2.7325266e-06
766.56366	1.9980537e-06
766.6204	1.4556556e-06
766.6791	1.0566138e-06
766.7365	7.641508e-07
766.79144	5.5060997e-07
766.8464	3.9528598e-07
766.9046	2.8273422e-07
766.9632	2.0148593e-07
767.0193	1.430562e-07
767.0725	1.01196065e-07
767.1302	7.132031e-08
767.1886	5.0078974e-08
767.2456	3.503462e-08
767.29987	2.4419743e-08
767.35565	1.695831e-08
;; BAND Oa14
758.59015	1.502109e-08
758.65533	2.2479108e-08
758.72	3.3488504e-08
758.78143	4.9665612e-08
758.84076	7.332626e-08
758.906	1.0777391e-07
758.9707	1.5769464e-07
759.03217	2.2970673e-07
759.0915	3.3310894e-07
759.15674	4.8090254e-07
759.22144	6.9117425e-07
759.28284	9.88968e-07
759.34216	1.4087747e-06
759.40735	1.9978777e-06
759.47217	2.8207635e-06
759.53345	3.964954e-06
759.5928	5.548638e-06
759.6581	7.730565e-06
759.72284	1.0723088e-05
759.7841	1.4808558e-05
759.84344	2.036076e-05
759.9087	2.7872e-05
759.9735	3.798724e-05
760.0348	5.1547322e-05
760.0941	6.964327e-05
760.1593	9.368254e-05
760.22437	0.00012547328
760.2855	0.00016732469
760.34485	0.0002221702
760.4101	0.00029372144
760.4751	0.00038664564
760.53613	0.0005067802
760.5954	0.00066139287
760.6605	0.0008594765
760.72565	0.0011120983
760.78674	0.0014328074
760.8461	0.0018380806
760.9114	0.0023478363
760.97656	0.0029860183
761.03766	0.0037812102
761.09674	0.004767328
761.16205	0.0059843017
761.22723	0.007478809
761.28815	0.009304962
761.3474	0.011525085
761.41266	0.014210239
761.4777	0.017440611
761.5389	0.021305919
761.5981	0.025905471
761.6633	0.031347774
761.72845	0.03775005
761.78955	0.04523693
761.8487	0.053939085
761.9141	0.06399022
761.9792	0.07552504
762.0403	0.08867599
762.09955	0.10356826
762.16473	0.1203155
762.2298	0.13901599
762.29095	0.15974605
762.3502	0.18255383
762.4154	0.20745751
762.48047	0.23443668
762.54175	0.26343086
762.60077	0.29433614
762.66626	0.32700294
762.7312	0.36123577
762.79236	0.3967962
762.8515	0.43340677
762.9169	0.47075468
762.9819	0.508501
763.04315	0.54628515
763.10223	0.58374393
763.16766	0.620513
763.23254	0.65625036
763.29376	0.69063073
763.35284	0.72337145
763.4182	0.7542365
763.48334	0.78303427
763.5446	0.80964375
763.6035	0.83399105
763.66907	0.8560632
763.7341	0.8759032
763.7952	0.89359236
763.8543	0.9092666
763.9196	0.92308134
763.98474	0.9352166
764.0459	0.94584155
764.1049	0.9551391
764.1703	0.96326804
764.2353	0.9703712
764.2967	0.97655773
764.3556	0.9819459
764.421	0.9865741
764.486	0.99050033
764.54724	0.993748
764.60645	0.9963238
764.6716	0.99822617
764.7368	0.9994409
764.79803	0.9999933
764.85706	0.9998335
764.9224	0.9989896
764.9873	0.9974697
765.0487	0.9952668
765.1077	0.9924129
765.1731	0.9888903
765.2381	0.9847024
765.2994	0.9798295
765.3584	0.97422636
765.4237	0.9678158
765.48883	0.9605125
765.55005	0.95219165
765.6091	0.9427042
765.6744	0.9318954
765.7396	0.919578
765.8008	0.9055809
765.85974	0.88973206
765.9251	0.8718787
765.9902	0.85189474
766.0514	0.8296972
766.1104	0.8052416
766.1757	0.77854776
766.2408	0.7496879
766.3021	0.7187877
766.36115	0.68603504
766.4264	0.65167177
766.4916	0.61597747
766.55286	0.579273
766.6119	0.54190725
766.6771	0.50423634
766.74225	0.4666273
766.8034	0.42943254
766.8624	0.3929927
766.9278	0.357618
766.99286	0.32358414
767.05414	0.2911261
767.11304	0.2604374
767.17847	0.23166464
767.2436	0.20490834
767.3049	0.18022761
767.36383	0.15763806
767.429	0.13712072
767.4943	0.11862363
767.55554	0.102068305
767.61444	0.08735581
767.6798	0.07437088
767.7448	0.0629878
767.8061	0.053073946
767.86505	0.044495
767.9304	0.037117403
767.99554	0.03081139
768.0569	0.025453215
768.1159	0.020926815
768.1811	0.017124666
768.2464	0.013948479
768.30756	0.011309649
768.3665	0.009128812
768.43176	0.0073356763
768.49695	0.005868762
768.55835	0.004674623
768.6172	0.003707266
768.6825	0.0029273734
768.7477	0.0023015842
768.8089	0.0018017923
768.868	0.0014044838
768.93317	0.0010900908
768.99835	0.0008424484
769.0595	0.00064827286
769.1186	0.00049671315
769.1838	0.0003789521
769.24896	0.00028786663
769.31036	0.00021773264
769.36914	0.0001639744
769.43445	0.00012295517
769.4998	9.179717e-05
769.561	6.823715e-05
769.6199	5.050288e-05
769.68506	3.721443e-05
769.7504	2.7302487e-05
769.8116	1.9942772e-05
769.87054	1.4502941e-05
769.9357	1.0500519e-05
770.00104	7.569149e-06
770.0623	5.4320135e-06
770.12115	3.8810513e-06
770.18634	2.7606384e-06
770.2518	1.9549655e-06
770.313	1.3782676e-06
770.3719	9.673688e-07
770.4371	6.759468e-07
770.50244	4.702077e-07
770.56366	3.2562994e-07
770.6225	2.244972e-07
770.68774	1.5408114e-07
770.75305	1.05277934e-07
770.8143	7.160947e-08
770.8732	4.8489476e-08
770.93835	3.2686227e-08
771.00385	2.1934124e-08
771.06494	1.46524854e-08
;; BAND Oa15
762.30133	1.6383167e-08
762.35474	2.3580686e-08
762.4107	3.381493e-08
762.4696	4.831235e-08
762.52893	6.877111e-08
762.58136	9.753333e-08
762.6355	1.3781718e-07
762.6939	1.9402388e-07
762.75415	2.7215256e-07
762.8087	3.8034509e-07
762.86237	5.2960456e-07
762.91925	7.3474376e-07
762.9781	1.0156257e-06
763.0366	1.3987657e-06
763.0891	1.9194322e-06
763.1439	2.6243306e-06
763.2024	3.575059e-06
763.26276	4.8525517e-06
763.3163	6.5626436e-06
763.3702	8.843263e-06
763.4274	1.1873359e-05
763.4867	1.5884149e-05
763.54425	2.117317e-05
763.59705	2.812178e-05
763.6523	3.7216578e-05
763.7109	4.907637e-05
763.7717	6.448372e-05
763.8242	8.442579e-05
763.878	0.00011014132
763.9356	0.00014318015
763.9952	0.0001854714
764.0519	0.00023940456
764.10486	0.0003079312
764.1609	0.00039467777
764.2195	0.0005040854
764.2795	0.0006415604
764.3316	0.000813655
764.3856	0.0010282865
764.4442	0.0012949676
764.5039	0.0016250849
764.55927	0.0020321982
764.61285	0.0025323767
764.6694	0.0031445527
764.728	0.0038909342
764.7871	0.0047974205
764.8395	0.0058940575
764.894	0.007215457
764.95264	0.008801331
765.01276	0.010696839
765.06696	0.012953029
765.12067	0.015627282
765.17755	0.018783413
765.2367	0.02249202
765.2948	0.026830347
765.34735	0.031882282
765.4025	0.037737772
765.4608	0.044492293
765.52167	0.052246258
765.5746	0.06110305
765.62836	0.0711681
765.6858	0.08254668
765.7453	0.0953416
765.80237	0.109650895
765.85535	0.12556453
765.9111	0.14316122
765.9694	0.1625056
766.0299	0.18364383
766.0822	0.20660163
766.1361	0.23138042
766.19434	0.25795275
766.2539	0.28626406
766.3099	0.31622526
766.36316	0.34771872
766.41943	0.38059044
766.4781	0.41465837
766.53766	0.4497099
766.58984	0.48550603
766.6441	0.5217824
766.70276	0.5582643
766.7628	0.59466165
766.81757	0.6306797
766.87103	0.66602844
766.9278	0.7004297
766.9867	0.7336119
767.04535	0.76534426
767.0977	0.7954009
767.1525	0.82361865
767.2111	0.84984106
767.2716	0.8739591
767.3252	0.89591473
767.3788	0.91567045
767.4361	0.933216
767.4951	0.9485764
767.553	0.9618313
767.6056	0.9729853
767.66113	0.9821407
767.7195	0.9893613
767.7797	0.99469596
767.8329	0.9982152
767.8865	0.99996686
767.9446	0.9999428
768.0037	0.9981386
768.06055	0.99457717
768.1135	0.9891913
768.16974	0.9819304
768.2281	0.9727247
768.28815	0.96152335
768.34045	0.9482562
768.3943	0.93285894
768.45306	0.9152895
768.5127	0.8955268
768.5682	0.87356424
768.62134	0.84944886
768.6779	0.8232435
768.73663	0.79505086
768.7959	0.7650261
768.848	0.7333329
768.9027	0.7001859
768.9613	0.6658275
769.0216	0.6305171
769.0759	0.59453726
769.12915	0.5581807
769.1864	0.5217337
769.24506	0.48548824
769.3035	0.44972235
769.356	0.4146951
769.41113	0.38064742
769.46967	0.3477915
769.5297	0.3163117
769.58344	0.2863597
769.63684	0.25805625
769.6949	0.23148914
769.7536	0.20671277
769.8111	0.18375513
769.86383	0.1626158
769.9198	0.1432689
769.978	0.12566815
770.03815	0.10974959
770.09106	0.09543468
770.1444	0.08263361
770.2032	0.07124846
770.26263	0.061176825
770.3188	0.05231333
770.37177	0.04455278
770.4281	0.037791785
770.4866	0.031930305
770.5465	0.02687269
770.5987	0.022529012
770.65283	0.018815525
770.7115	0.01565497
770.7715	0.012976752
770.82654	0.010717019
770.8796	0.008818385
770.9364	0.007229775
770.995	0.005906
771.0541	0.004807315
771.1063	0.0038990837
771.1612	0.0031512126
771.21985	0.0025377981
771.27966	0.0020365757
771.3341	0.001628604
771.3871	0.0012977838
771.445	0.0010305298
771.5037	0.00081543863
771.5617	0.00064297573
771.6142	0.000505206
771.66986	0.00039555936
771.72815	0.0003086182
771.788	0.00023993637
771.84174	0.00018587976
771.8947	0.00014349184
771.95355	0.00011037673
772.0127	8.460216e-05
772.06946	6.461506e-05
772.1221	4.9173716e-05
772.1782	3.728857e-05
772.2367	2.8174642e-05
772.29626	2.1211905e-05
772.34937	1.5912397e-05
772.40295	1.1893901e-05
772.46173	8.858131e-06
772.52136	6.573381e-06
772.5771	4.860266e-06
772.62994	3.5805926e-06
772.6869	2.6282812e-06
772.7451	1.9222362e-06
772.80457	1.4007487e-06
772.8571	1.0170204e-06
772.9115	7.3572136e-07
772.9701	5.3028424e-07
773.02966	3.8081515e-07
773.08466	2.7247654e-07
773.1377	1.9424516e-07
773.19543	1.3796779e-07
773.2536	9.763532e-08
773.31213	6.883952e-08
773.36444	4.8358036e-08
773.42004	3.3845197e-08
773.4785	2.3600457e-08
773.5379	1.6396001e-08
;; BAND Oa16
767.3172	1.3091007e-08
767.4332	2.8304097e-08
767.55725	6.0192804e-08
767.6722	1.2590985e-07
767.79755	2.5905882e-07
767.9108	5.2429226e-07
768.03674	1.0437453e-06
768.1497	2.0439875e-06
768.2757	3.937709e-06
768.38965	7.463837e-06
768.51434	1.392076e-05
768.62933	2.5547455e-05
768.7526	4.613441e-05
768.8692	8.198023e-05
768.991	0.00014335726
769.109	0.00024670592
769.2293	0.0004178447
769.34863	0.0006965445
769.46826	0.0011428684
769.58887	0.00184568
769.7072	0.0029336785
769.82886	0.0045890803
769.94586	0.0070636263
770.06866	0.01069611
770.1846	0.015929235
770.3086	0.02332268
770.42346	0.033558056
770.5489	0.047429405
770.66223	0.06581401
770.78766	0.08961638
770.9008	0.11968469
771.0265	0.15670118
771.14075	0.20105416
771.2651	0.2527106
771.3807	0.31111202
771.5036	0.37511683
771.6204	0.44301957
771.7419	0.5126513
771.8603	0.5815855
771.9806	0.64737666
772.10016	0.70785165
772.21954	0.7613708
772.3403	0.80700076
772.4585	0.8445646
772.5804	0.8745852
772.6972	0.8980939
772.8202	0.916364
772.936	0.9306506
773.0601	0.9419835
773.1746	0.9510467
773.29974	0.9581957
773.4133	0.9635622
773.5384	0.9671972
773.65204	0.96924126
773.77734	0.9699974
773.8919	0.96994394
774.016	0.96964705
774.1317	0.96961534
774.25446	0.97019213
774.37146	0.97143847
774.4928	0.9731468
774.6116	0.9749212
774.73193	0.97633696
774.85175	0.97706693
774.9709	0.9770284
775.0918	0.97639847
775.20966	0.97555315
775.33185	0.97493905
775.4484	0.9749313
775.5718	0.9756891
775.68713	0.97711796
775.81146	0.97886395
775.9257	0.98049206
776.05035	0.9815931
776.16455	0.98193556
776.2893	0.9815585
776.4032	0.980747
776.528	0.9799363
776.64294	0.97956717
776.76685	0.97991264
776.8828	0.98102117
777.0053	0.98265404
777.12274	0.9844085
777.24396	0.98582995
777.36285	0.9865734
777.4832	0.9865382
777.60333	0.9859011
777.7223	0.98501784
777.8433	0.98435277
777.96124	0.98429596
778.08344	0.9850228
778.2001	0.98643005
778.32336	0.98818547
778.43854	0.98982185
778.56244	0.99093336
778.6768	0.99129164
778.8013	0.990925
778.9158	0.99012625
779.04004	0.98935354
779.1543	0.98905736
779.27893	0.9895302
779.3941	0.9907878
779.51764	0.9926158
779.6339	0.9945991
779.7563	0.9962723
779.8742	0.99727416
779.9953	0.99748313
780.1144	0.99703354
780.23444	0.99625474
780.35474	0.99559414
780.4736	0.9954223
780.595	0.9958876
780.7126	0.9969345
780.83484	0.99823296
780.9513	0.9993767
781.0747	0.9999858
781.18976	0.9998193
781.3133	0.9989268
781.4281	0.9976169
781.552	0.99630374
781.66705	0.9953954
781.7911	0.9951751
781.9057	0.9956728
782.0298	0.99666214
782.1452	0.9977432
782.2685	0.99848694
782.3852	0.99858004
782.5074	0.9979285
782.62555	0.9967151
782.7463	0.9953033
782.8657	0.9941396
782.9856	0.99357206
783.106	0.99374706
783.2249	0.99454993
783.3465	0.99563974
783.4639	0.99657977
783.5865	0.9969827
783.70264	0.99664605
783.8256	0.9956209
783.9409	0.99420303
784.06396	0.9928032
784.1793	0.9918188
784.3029	0.99147135
784.41815	0.9917218
784.54193	0.9922527
784.6568	0.9925643
784.78076	0.99208623
784.8965	0.9903183
785.01953	0.9869415
785.1366	0.9817852
785.2585	0.9747673
785.37695	0.9657325
785.4975	0.9543034
785.6172	0.93977135
785.7368	0.92107654
785.8575	0.8969333
785.9762	0.86604273
786.0979	0.8273618
786.21533	0.78036606
786.33795	0.72524583
786.454	0.66298
786.5764	0.59527457
786.69214	0.5243738
786.8149	0.45280325
786.9306	0.38307092
787.05365	0.3174016
787.16943	0.25754374
787.2929	0.2046587
787.4082	0.15930797
787.5316	0.12151002
787.64777	0.09085102
787.7707	0.066618346
787.88806	0.047931597
788.0097	0.033855874
788.1283	0.023488019
788.2487	0.016012475
788.3686	0.0107312985
788.48816	0.007072564
788.609	0.0045851897
788.72736	0.0029247236
788.8495	0.001835783
788.9666	0.0011339758
789.089	0.0006893556
789.2052	0.00041241798
789.3274	0.0002428097
789.44336	0.00014067028
789.56573	8.0189246e-05
789.6819	4.497516e-05
789.8045	2.4816458e-05
789.9207	1.3470535e-05
790.0437	7.192498e-06
790.15936	3.7774446e-06
790.2826	1.951265e-06
790.3992	9.913424e-07
790.5219	4.953371e-07
790.63947	2.434001e-07
790.7608	1.176138e-07
790.8798	5.5885277e-08
790.9999	2.611089e-08
791.1201	1.1995425e-08
;; BAND Oa17
851.1999	9.185512e-09
851.34485	2.3954136e-08
851.4917	6.085175e-08
851.63275	1.5060199e-07
851.7814	3.6316996e-07
851.9206	8.5343845e-07
852.06866	1.9547251e-06
852.2132	4.364457e-06
852.35657	9.501425e-06
852.50433	2.0172612e-05
852.6445	4.177877e-05
852.793	8.4428226e-05
852.9338	0.00016652526
853.08057	0.00032067052
853.2256	0.0006030353
853.3683	0.0011077207
853.5166	0.00198786
853.656	0.0034851714
853.8047	0.005968916
853.9467	0.009983304
854.0926	0.016298482
854.2384	0.02595489
854.38007	0.04028317
854.529	0.06087458
854.6678	0.08947545
854.8163	0.12778258
854.95996	0.17713822
855.10394	0.23815835
855.25116	0.31035957
855.3918	0.39190367
855.54065	0.47956383
855.6808	0.56899905
855.8278	0.6553552
855.97266	0.7340549
856.1156	0.80164
856.2636	0.85632575
856.4033	0.8982106
856.5523	0.92894965
856.6937	0.9510632
856.8399	0.9671269
856.9852	0.9791137
857.1273	0.9880765
857.27637	0.994333
857.4149	0.9978658
857.56384	0.9988403
857.70667	0.99789786
857.8514	0.9961035
857.998	0.9946032
858.139	0.9941654
858.2883	0.9949036
858.428	0.99626946
858.5753	0.99734175
858.71967	0.99730825
858.863	0.99592584
859.0102	0.9936171
859.1507	0.9912539
859.2999	0.9897562
859.4408	0.9895853
859.5874	0.99054396
859.73206	0.9918673
859.8746	0.9925917
860.0232	0.9920831
860.1622	0.99029595
860.3116	0.98786414
860.45374	0.9857108
860.59894	0.984648
860.7448	0.984919
860.8863	0.98610395
861.0359	0.9873231
861.1751	0.98766756
861.32306	0.98668385
861.4668	0.9845877
861.6101	0.9821364
861.75714	0.98029786
861.89777	0.9796995
862.0475	0.9803607
862.1879	0.98166406
862.33484	0.98266727
862.479	0.9825779
862.62195	0.9811504
862.76996	0.97883666
862.90924	0.97649723
863.05927	0.97503936
863.20074	0.9749057
863.34656	0.97588
863.4917	0.9771856
863.6336	0.97788143
863.7826	0.9773249
863.9223	0.97551364
864.0707	0.9730738
864.21375	0.9709413
864.35754	0.9698906
864.50397	0.970141
864.6452	0.97126514
864.7948	0.9723737
864.9352	0.9725716
865.08234	0.9714282
865.22626	0.96917415
865.36945	0.96660507
865.5168	0.9646569
865.65656	0.9639559
865.8069	0.9644959
865.9477	0.9656355
866.0942	0.9664416
866.2386	0.96614695
866.3809	0.9645359
866.5294	0.96206146
866.6694	0.95960164
866.81836	0.9580432
866.96075	0.95780516
867.10547	0.95865184
867.25085	0.95979756
867.39246	0.9603051
867.5418	0.9595689
867.6824	0.9575954
867.8299	0.95502657
867.97345	0.9528042
868.1169	0.9516884
868.2635	0.9518808
868.40393	0.95293266
868.554	0.9539517
868.6949	0.95406896
868.8418	0.95286936
868.98584	0.9506012
869.12836	0.9480488
869.27625	0.9461433
869.41656	0.94548655
869.56604	0.946051
869.7079	0.94719356
869.853	0.9479822
869.99817	0.94765675
870.1398	0.94603086
870.28864	0.9435598
870.42957	0.9411378
870.57745	0.93962526
870.7206	0.939423
870.8645	0.94027644
871.0103	0.9413964
871.15137	0.94185936
871.3009	0.9410744
871.442	0.9390766
871.58923	0.9365207
871.7329	0.93432844
871.8759	0.9332537
872.023	0.9334699
872.1637	0.9345143
872.3129	0.9354949
872.4549	0.9355572
872.60077	0.9343013
872.7452	0.9319898
872.8871	0.9294018
873.0355	0.92743176
873.17664	0.9266191
873.3251	0.92685235
873.4677	0.9273665
873.6122	0.9270587
873.75757	0.92492735
873.89856	0.92039305
874.0477	0.9133438
874.18933	0.90385056
874.33685	0.89168346
874.48	0.87588423
874.62354	0.8546296
874.76996	0.8255139
874.9109	0.78617585
875.0599	0.7350794
875.202	0.6721603
875.34845	0.59910554
875.4924	0.519175
875.63495	0.43663582
875.78235	0.35598633
875.92377	0.28120866
876.07196	0.21522734
876.2148	0.1596632
876.35974	0.114882804
876.5047	0.08025163
876.64594	0.05448422
876.7947	0.03599193
876.93646	0.023160633
877.0841	0.0145332515
877.2272	0.008900836
877.37115	0.005324259
877.51715	0.0031121045
877.6581	0.0017779934
877.8068	0.0009929062
877.9492	0.00054192916
878.09607	0.0002890208
878.2395	0.00015056886
878.3826	7.6595534e-05
878.5294	3.8034614e-05
878.67084	1.8429368e-05
878.81885	8.710788e-06
878.9619	4.0150812e-06
879.10736	1.804316e-06
879.25183	7.903378e-07
879.3937	3.3737678e-07
879.5415	1.40329e-07
879.6837	5.6865332e-08
879.83105	2.244714e-08
879.9743	8.630633e-09
;; BAND Oa18
874.9807	1.02175814e-08
875.0765	1.9071628e-08
875.16693	3.5201758e-08
875.2641	6.425296e-08
875.358	1.1597985e-07
875.4513	2.0703696e-07
875.54736	3.6551535e-07
875.6382	6.382201e-07
875.735	1.1022098e-06
875.8306	1.8828046e-06
875.9213	3.1813904e-06
876.0184	5.317741e-06
876.112	8.7934795e-06
876.2057	1.438632e-05
876.3017	2.3287868e-05
876.392	3.7302438e-05
876.48914	5.9130336e-05
876.5848	9.276728e-05
876.67596	0.00014405634
876.77264	0.0002214462
876.8658	0.00033701598
876.96	0.000507835
877.0558	0.00075774884
877.14594	0.0011196848
877.2436	0.0016385631
877.33905	0.0023749047
877.4303	0.003409195
877.5268	0.0048470004
877.6198	0.006824748
877.7145	0.009515908
877.80994	0.0131372325
877.9002	0.01795441
877.99774	0.024285981
878.093	0.032504726
878.1845	0.043034825
878.28094	0.05634312
878.37366	0.07292402
878.4687	0.09327498
878.56396	0.11786392
878.65466	0.14709154
878.752	0.1812416
878.84717	0.22043523
878.9387	0.26458633
879.03516	0.3133639
879.12756	0.36617166
879.22296	0.42215088
879.3181	0.48020685
879.4092	0.5390555
879.5063	0.59732157
879.60126	0.65361506
879.69324	0.70664394
879.78937	0.75532365
879.8814	0.79886127
879.97736	0.8367867
880.0724	0.86900824
880.1634	0.89577514
880.2607	0.91758585
880.3552	0.93514574
880.4476	0.9492344
880.54346	0.9606108
880.6354	0.969911
880.7315	0.97762746
880.82654	0.98404944
880.9179	0.98932296
881.01495	0.9934593
881.10913	0.9964305
881.202	0.9982248
881.29755	0.9988868
881.38934	0.9985875
881.48566	0.9975693
881.5809	0.9961749
881.67236	0.9947502
881.7693	0.99360234
881.8631	0.99295294
881.9565	0.992875
882.0518	0.99331886
882.1433	0.9940837
882.2399	0.99491394
882.3351	0.9955159
882.42664	0.9956449
882.5235	0.9951641
882.617	0.99407345
882.7109	0.99248666
882.8058	0.990644
882.8976	0.9888367
882.9944	0.98733747
883.0893	0.9863663
883.18097	0.98602116
883.2777	0.9862528
883.371	0.986899
883.46533	0.9877023
883.56006	0.9883629
883.6519	0.98862636
883.74866	0.9883144
883.8434	0.98737663
883.9354	0.9859069
884.0319	0.9841072
884.1248	0.9822604
884.2195	0.9806489
884.31415	0.9795127
884.4064	0.9789798
884.5027	0.9790502
884.5975	0.9795897
884.6896	0.980359
884.786	0.98106664
884.87854	0.98144424
884.9737	0.981291
885.0682	0.9805317
885.16077	0.97920775
885.25696	0.9774898
885.35156	0.9756292
885.4441	0.9739135
885.54016	0.9726046
885.6324	0.971874
885.72797	0.9717514
885.82245	0.97214264
885.91504	0.9728338
886.0112	0.9735463
886.1056	0.9740014
886.1985	0.9739628
886.2942	0.9733103
886.3862	0.97205615
886.4823	0.97034657
886.5768	0.9684127
886.6694	0.96654695
886.7654	0.9650139
886.8596	0.9639861
886.9529	0.96352977
887.04816	0.9635601
887.14026	0.96386594
887.2363	0.9641256
887.331	0.9640191
887.4236	0.96320486
887.5198	0.9614487
887.61365	0.95860755
887.7073	0.95463216
887.8023	0.9495441
887.89453	0.943397
887.99066	0.9361773
888.0852	0.9277626
888.17786	0.9178745
888.27405	0.9060539
888.36755	0.891683
888.4616	0.87404007
888.5563	0.85238516
888.64905	0.826056
888.74493	0.794568
888.8394	0.75771224
888.932	0.71559244
889.02844	0.66866165
889.12164	0.6177016
889.216	0.56375885
889.31036	0.50806946
889.40356	0.45195788
889.4992	0.39673758
889.5935	0.34361348
889.6862	0.29361153
889.7828	0.24752828
889.8756	0.20590785
889.9703	0.16903989
890.0644	0.13698532
890.158	0.10960836
890.25354	0.08662257
890.3476	0.067636386
890.4406	0.052196287
890.53687	0.039825507
890.6295	0.030053265
890.7247	0.022437416
890.81854	0.016578056
890.9123	0.012125207
891.0077	0.008780867
891.1018	0.006297334
891.1949	0.00447309
891.29095	0.0031472289
891.3835	0.0021935112
891.47894	0.001514415
891.57263	0.0010356909
891.66656	0.00070157024
891.7619	0.00047068746
891.85596	0.00031273154
891.9492	0.00020575101
892.04504	0.00013402697
892.13745	8.6431355e-05
892.2331	5.5173343e-05
892.32697	3.4859317e-05
892.4209	2.1796784e-05
892.51605	1.3486819e-05
892.61	8.257112e-06
892.7037	5.0016747e-06
892.7992	2.9973492e-06
892.8912	1.7769167e-06
892.9873	1.042021e-06
893.08105	6.0442704e-07
893.17505	3.4677663e-07
893.2704	1.9677677e-07
893.36383	1.1043358e-07
893.4581	6.129403e-08
893.5531	3.3644312e-08
893.64575	1.826286e-08
893.7417	9.803523e-09
;; BAND Oa19
889.9995	1.2102241e-08
890.093	2.2445048e-08
890.18634	4.1166874e-08
890.28217	7.467181e-08
890.37506	1.3395342e-07
890.47015	2.3765844e-07
890.564	4.170287e-07
890.65796	7.2378214e-07
890.75354	1.2424903e-06
890.8471	2.1098067e-06
890.9407	3.5438638e-06
891.03625	5.8887385e-06
891.129	9.680605e-06
891.2243	1.5745423e-05
891.3182	2.5340227e-05
891.4123	4.035638e-05
891.50745	6.360649e-05
891.60126	9.922627e-05
891.69464	0.00015322806
891.7905	0.00023425663
891.88293	0.0003546004
891.9785	0.00053154357
892.07214	0.0007891167
892.1665	0.0011603737
892.2616	0.0016902479
892.35535	0.0024391054
892.449	0.00348706
892.54443	0.0049390234
892.6369	0.0069304323
892.7326	0.00963349
892.82623	0.013263465
892.92065	0.018084398
893.0156	0.024413312
893.10925	0.032621983
893.2033	0.043134145
893.29846	0.05641798
893.3912	0.07296989
893.4871	0.09329203
893.5803	0.11785887
893.6748	0.14707796
893.7698	0.18124247
893.8631	0.22048274
893.95746	0.26471892
894.05237	0.31362584
894.1453	0.36660817
894.2412	0.42280197
894.3345	0.48110217
894.42883	0.5402144
894.52386	0.5987388
894.61694	0.6552654
894.7116	0.70848536
894.8062	0.7572964
894.8996	0.8008862
894.99536	0.8387953
895.08856	0.87093145
895.1829	0.8975443
895.2779	0.9191717
895.37085	0.93652815
895.4658	0.950419
895.5602	0.9616108
895.65393	0.9707636
895.7493	0.978366
895.8427	0.9847078
895.9369	0.98992014
896.0318	0.99399155
896.12476	0.9968883
896.22015	0.9985876
896.3142	0.99912745
896.4081	0.99866825
896.50336	0.99748194
896.5968	0.99589974
896.69116	0.9943007
896.786	0.99298114
896.87866	0.9921886
896.9743	0.9920075
897.06824	0.992363
897.1626	0.99306214
897.25745	0.99381924
897.35077	0.99434173
897.44525	0.9943803
897.5403	0.99376965
897.63245	0.9925265
897.72845	0.99076337
897.8222	0.98873
897.91675	0.98673
898.01135	0.9850561
898.10474	0.9839338
898.1994	0.9834595
898.2944	0.98359656
898.38635	0.9841644
898.48254	0.984898
898.5763	0.98548377
898.671	0.98565745
898.76556	0.98522615
898.85876	0.9841374
898.9537	0.9824958
899.0484	0.98051524
899.1404	0.9784755
899.2369	0.97668475
899.33026	0.975391
899.4251	0.97473127
899.5195	0.9747008
899.61273	0.97516215
899.7078	0.97586995
899.8025	0.97651196
899.8947	0.97680306
899.9911	0.9765248
900.0844	0.9755753
900.1793	0.9740156
900.2735	0.9720515
900.36664	0.96995467
900.462	0.96802914
900.5564	0.9665334
900.6491	0.96564204
900.74506	0.9653937
900.8384	0.965688
900.9335	0.9663031
901.0276	0.96694255
901.1205	0.96730006
901.2162	0.9671489
901.31036	0.9663526
901.4035	0.96494234
901.4992	0.96304715
901.5924	0.96092045
901.6874	0.95885855
901.7817	0.9571303
901.8743	0.9559293
901.97034	0.95531374
902.0642	0.95519656
902.15784	0.9553592
902.25323	0.95548415
902.34644	0.95522
902.44165	0.9542388
902.5358	0.9522932
902.62823	0.94924206
902.7246	0.94504434
902.8183	0.93974036
902.91235	0.9333849
903.0072	0.9259926
903.10046	0.9174484
903.19586	0.9074822
903.2898	0.8956416
903.3821	0.88131267
903.4786	0.8637599
903.5723	0.84224814
903.66675	0.81610525
903.7614	0.784846
903.85443	0.7482513
903.94995	0.7064325
904.04407	0.65984285
904.1359	0.6092685
904.2326	0.55575997
904.32635	0.50055516
904.42114	0.44497734
904.5153	0.39033473
904.60834	0.33782342
904.7041	0.2884568
904.79816	0.24301538
904.8899	0.20202698
904.9867	0.16576654
905.0803	0.13427928
905.17535	0.107419096
905.2695	0.084891304
905.3622	0.06630029
905.4584	0.05119219
905.5522	0.039092682
905.64435	0.029535938
905.7409	0.022086348
905.8345	0.016351204
905.9297	0.011988098
906.0236	0.008706127
906.11615	0.006263955
906.2126	0.0044655506
906.3062	0.0031545274
906.3986	0.0022081814
906.4951	0.0015316741
906.58844	0.001052692
906.6838	0.0007168019
906.7775	0.000483518
906.8699	0.00032305947
906.9667	0.00021377088
907.06036	0.00014007218
907.1529	9.087214e-05
907.2491	5.836149e-05
907.3424	3.710103e-05
907.4379	2.334307e-05
907.5316	1.4534417e-05
907.62384	8.9549585e-06
907.7209	5.4590932e-06
907.81445	3.2925725e-06
907.9073	1.9646345e-06
908.00305	1.159672e-06
908.0965	6.771354e-07
908.19214	3.9109744e-07
908.2855	2.234332e-07
908.3778	1.2625586e-07
908.475	7.056457e-08
908.56836	3.9007013e-08
908.66156	2.1326132e-08
908.75714	1.1531566e-08
;; BAND Oa20
925.02246	2.2874888e-08
925.169	5.665411e-08
925.3127	1.3683021e-07
925.4553	3.2226637e-07
925.6028	7.4017504e-07
925.74554	1.6579074e-06
925.8925	3.6217675e-06
926.035	7.717162e-06
926.1814	1.6041278e-05
926.3262	3.2535278e-05
926.4681	6.440699e-05
926.6154	0.00012449034
926.7589	0.00023505287
926.9055	0.0004337745
927.0485	0.00078289746
927.1931	0.0013828876
927.33923	0.0023922194
927.48175	0.004055094
927.6287	0.006738572
927.77185	0.010978915
927.9181	0.017534407
928.06195	0.02743494
928.2047	0.04201214
928.3522	0.062882945
928.49536	0.09185589
928.64185	0.13073035
928.7846	0.18097761
928.9305	0.24333449
929.0755	0.31738016
929.21783	0.40122288
929.365	0.49143022
929.5085	0.5833168
929.6548	0.67160606
929.7981	0.75133055
929.94257	0.81878805
930.08856	0.8722156
930.2315	0.91197866
930.378	0.9401725
930.52136	0.9597994
930.66724	0.9737729
930.81146	0.9841662
930.9543	0.99189174
931.1016	0.99699616
931.24506	0.9991671
931.391	0.998447
931.5343	0.99552196
931.67944	0.99167967
931.82477	0.9883115
931.9675	0.9863631
932.1145	0.98591346
932.2581	0.98622066
932.4039	0.98611355
932.5474	0.9845995
932.69196	0.98138714
932.83795	0.97703844
932.98126	0.9726737
933.1273	0.9694222
933.2709	0.9678462
933.4165	0.9676672
933.561	0.9678986
933.7035	0.96735483
933.8509	0.96523994
933.995	0.9615626
934.1402	0.95711243
934.2839	0.95306814
934.4286	0.950408
934.5742	0.94939566
934.71716	0.94948363
934.8639	0.94956017
935.00775	0.9485253
935.153	0.9458518
935.297	0.94182944
935.44104	0.93743724
935.5873	0.9338318
935.73096	0.9317751
935.8768	0.93124306
936.0204	0.93144906
936.1655	0.93123657
936.31036	0.9296636
936.453	0.9264805
936.6003	0.92224884
936.7448	0.9180562
936.8896	0.9149701
937.0335	0.91349834
937.1777	0.9133343
937.3238	0.9135145
937.4669	0.91290647
937.61316	0.9107808
937.75757	0.9071729
937.9023	0.90286976
938.0467	0.8990026
938.1901	0.8964864
938.33655	0.89554715
938.48065	0.8956225
938.6262	0.8956383
938.76984	0.89455456
938.91473	0.8918943
939.05975	0.8879787
939.2026	0.8837667
939.3496	0.88036984
939.4943	0.878491
939.639	0.8780763
939.7832	0.87833655
939.92664	0.87816185
940.0731	0.8767111
940.21655	0.873798
940.3625	0.8700068
940.50745	0.8664022
940.6516	0.86397314
940.79614	0.8631332
940.93915	0.8635237
941.0861	0.8641911
941.23016	0.8640675
941.3756	0.8624694
941.5197	0.85948354
941.66394	0.8558991
941.80927	0.8528282
941.952	0.85114014
942.0989	0.8510239
942.24384	0.8519032
942.3885	0.852711
942.5328	0.852425
942.6758	0.85058516
942.82263	0.8475212
942.9662	0.8441776
943.1118	0.84164524
943.257	0.8406042
943.40094	0.8409891
943.54584	0.8420159
943.6881	0.8425833
943.8355	0.8418202
943.9798	0.83952576
944.12506	0.8362704
944.2695	0.83310413
944.4131	0.83103126
944.55865	0.8305096
944.7013	0.83121073
944.84827	0.8321958
944.9935	0.83238333
945.138	0.8310958
945.28235	0.8283931
945.4251	0.82505405
945.5721	0.8221679
945.7158	0.82059985
945.8611	0.82054704
946.00653	0.82144934
946.15027	0.82226026
946.2952	0.82198536
946.4373	0.820164
946.585	0.81711036
946.72925	0.8137442
946.87415	0.81110865
947.01904	0.8098408
947.1626	0.8098192
947.30835	0.8101806
947.4508	0.8096985
947.59796	0.8072938
947.74255	0.8024367
947.8872	0.795211
948.0318	0.7859939
948.1745	0.7748929
948.3216	0.76123977
948.46533	0.74339205
948.6106	0.71899605
948.7556	0.68563515
948.89984	0.6416513
949.0446	0.58681804
949.1867	0.52263874
949.33466	0.45215294
949.47864	0.37935805
949.6235	0.30842876
949.7683	0.24299215
949.91205	0.18561906
950.05804	0.13763788
950.20056	0.09922244
950.3476	0.06966764
950.4917	0.047736283
950.6365	0.031981252
950.7813	0.020985572
950.9239	0.013505722
951.0713	0.00853258
951.21484	0.005294079
951.3602	0.0032256977
951.5048	0.0019292766
951.6494	0.001131884
951.7941	0.0006508559
951.93585	0.00036650163
952.0845	0.00020194042
952.22815	0.00010879927
952.3727	5.7283934e-05
952.51746	2.946108e-05
952.66156	1.4795369e-05
952.80756	7.253748e-06
952.9501	3.4712818e-06
953.09717	1.6213033e-06
953.24115	7.390386e-07
953.38586	3.2876682e-07
953.5307	1.4273616e-07
953.67334	6.04797e-08
953.82086	2.5010804e-08
;; BAND Oa21
995.07007	2.1660942e-07
995.3151	7.9820984e-07
995.5605	2.7647675e-06
995.8057	8.998499e-06
996.05115	2.751332e-05
996.29626	7.901544e-05
996.5411	0.0002131729
996.7861	0.00054060365
997.0308	0.0012907526
997.2757	0.0029104776
997.5204	0.006229165
997.7649	0.012740224
998.0096	0.025072938
998.254	0.047665462
998.49835	0.08732416
998.7428	0.15270421
998.9873	0.2513352
999.23126	0.38390064
999.47534	0.53866917
999.7195	0.69182223
999.96295	0.8172056
1000.2051	0.9005847
1000.449	0.9466499
1000.6946	0.9715772
1000.9401	0.98802084
1001.18555	0.9976058
1001.4308	0.9971061
1001.67615	0.9886463
1001.92163	0.9804749
1002.16705	0.9780261
1002.4123	0.9778769
1002.65765	0.9729774
1002.9027	0.9623867
1003.14746	0.9526086
1003.3921	0.9489853
1003.6365	0.948617
1003.8809	0.9443043
1004.1251	0.9341547
1004.36945	0.9240636
1004.6137	0.91979903
1004.8581	0.91934353
1005.1023	0.9156482
1005.3468	0.9060336
1005.5912	0.8957187
1005.83624	0.8908129
1006.0812	0.89019114
1006.3259	0.8870551
1006.5712	0.878016
1006.81647	0.86756474
1007.0618	0.86203474
1007.30695	0.8611718
1007.5522	0.85852987
1007.7972	0.8500937
1008.04224	0.8395916
1008.2871	0.83346564
1008.53174	0.83229506
1008.7767	0.83007324
1009.02124	0.8222596
1009.26587	0.8117911
1009.5102	0.80511004
1009.7545	0.8035699
1009.9988	0.80169016
1010.2428	0.7945078
1010.48676	0.78415644
1010.7304	0.77696437
1010.9737	0.77500504
1011.21326	0.77339065
1011.45905	0.76683474
1011.7047	0.75667477
1011.9505	0.7490238
1012.1961	0.74660724
1012.4415	0.74517983
1012.6868	0.7392362
1012.93207	0.7293345
1013.1773	0.72128737
1013.4226	0.71838987
1013.6681	0.7170676
1013.9128	0.71170866
1014.1576	0.70212686
1014.402	0.6937532
1014.6466	0.69035465
1014.89105	0.6890617
1015.1355	0.6842501
1015.37964	0.67504406
1015.62396	0.6664107
1015.8681	0.6625072
1016.1124	0.6611684
1016.35693	0.6568654
1016.60187	0.6480773
1016.847	0.6392574
1017.0921	0.6348505
1017.3371	0.6334004
1017.582	0.62955415
1017.8272	0.6212171
1018.07263	0.6122811
1018.31805	0.6073897
1018.5632	0.6057668
1018.80817	0.6023206
1019.0531	0.59450644
1019.298	0.58579177
1019.543	0.5810195
1019.788	0.58002925
1020.03284	0.57798
1020.2774	0.5719627
1020.5219	0.56480205
1020.76636	0.5612248
1021.0107	0.56156594
1021.25507	0.56127065
1021.4989	0.55681676
1021.7428	0.5502966
1021.98474	0.54652995
1022.2231	0.5466345
1022.4687	0.5465678
1022.71454	0.54254454
1022.9603	0.53607446
1023.20593	0.5319246
1023.4516	0.5317473
1023.6971	0.5319116
1023.9425	0.5283591
1024.1877	0.5220179
1024.4329	0.51752
1024.6775	0.5170265
1024.9222	0.517358
1025.1667	0.51427406
1025.4116	0.50810915
1025.6564	0.50330526
1025.9006	0.50246346
1026.145	0.50290877
1026.3894	0.5002793
1026.6344	0.49434087
1026.8793	0.48926863
1027.124	0.48806295
1027.3687	0.48856688
1027.6134	0.48637185
1027.8582	0.4807024
1028.1028	0.47541085
1028.3478	0.47382873
1028.593	0.47433624
1028.838	0.47255445
1029.0831	0.46718743
1029.3287	0.46172658
1029.5741	0.4597651
1029.8192	0.46022454
1030.0642	0.4588199
1030.3092	0.45379004
1030.554	0.44821194
1030.7988	0.44587407
1031.0437	0.44623417
1031.2886	0.44517377
1031.5336	0.440506
1031.7782	0.43486205
1032.0228	0.43215576
1032.2672	0.43237194
1032.5115	0.43161756
1032.7551	0.42732912
1032.9971	0.42166752
1033.2363	0.41861054
1033.479	0.41864476
1033.7242	0.4181508
1033.9696	0.41425106
1034.2155	0.40862554
1034.4612	0.40524068
1034.7068	0.40505585
1034.9524	0.4047768
1035.1976	0.40127015
1035.4424	0.39572686
1035.687	0.39203566
1035.9316	0.39158735
1036.1761	0.39144
1036.4207	0.3882421
1036.665	0.38264814
1036.9095	0.3783177
1037.155	0.3768849
1037.4004	0.37555
1037.6454	0.37044084
1037.8904	0.36109012
1038.1355	0.34990692
1038.3802	0.33712643
1038.6252	0.31787732
1038.87	0.28564897
1039.1146	0.23893304
1039.3591	0.18366274
1039.6039	0.1295736
1039.8484	0.08464168
1040.0936	0.052044194
1040.3386	0.030733263
1040.5844	0.017722934
1040.8298	0.010045546
1041.0752	0.005572863
1041.3202	0.0029961504
1041.5653	0.0015457739
1041.81	0.0007598819
1042.055	0.00035445654
1042.2997	0.00015656947
1042.5444	6.543467e-05
1042.7891	2.586745e-05
1043.0339	9.672932e-06
1043.2788	3.4220934e-06
1043.5234	1.1455712e-06
1043.7667	3.6293824e-07
