;; S3B/OLCI RSR
;;
;; converted to text file from mean RSR NetCDF Quinten Vanhellemont 2019-04-30
;;
;; source: S3B_OL_SRF_0_20180109_mean_rsr.nc4
;;
;;
;; datasets: wavelength, RSR
;;
;; BAND Oa01
387.84915	2.489203e-11
387.9672	6.874399e-11
388.08545	1.8579464e-10
388.20386	4.9143684e-10
388.322	1.2721854e-09
388.44012	3.2232066e-09
388.5582	7.992517e-09
388.67627	1.939694e-08
388.79446	4.607154e-08
388.91235	1.0709447e-07
389.03003	2.4362268e-07
389.14813	5.423272e-07
389.26633	1.1813145e-06
389.38428	2.5176435e-06
389.50244	5.2493274e-06
389.62085	1.070638e-05
389.73938	2.1357755e-05
389.85797	4.1665753e-05
389.97592	7.947707e-05
390.09412	0.00014821897
390.2124	0.00027028422
390.33063	0.00048219686
390.44867	0.00084195007
390.56674	0.0014393233
390.685	0.0024084207
390.80328	0.0039400496
390.92145	0.0062976163
391.03937	0.009829285
391.1573	0.014974014
391.27524	0.022261018
391.3933	0.032299947
391.51135	0.045683924
391.62952	0.06295651
391.7477	0.08452243
391.86615	0.110542715
391.98477	0.14084372
392.1029	0.17485681
392.221	0.21161272
392.33905	0.24980886
392.45724	0.2879342
392.57526	0.32444265
392.6934	0.35798386
392.81165	0.38758534
392.93005	0.41278556
393.04834	0.43366164
393.16644	0.45075977
393.28436	0.46492794
393.40247	0.47710267
393.52054	0.488051
393.63855	0.4982645
393.75674	0.50791156
393.87506	0.5169054
393.9934	0.52504146
394.1118	0.5321702
394.22958	0.53833467
394.34778	0.54382706
394.4658	0.5491058
394.58374	0.5546592
394.7019	0.5608803
394.8202	0.56791544
394.9385	0.5756248
395.0568	0.58362406
395.17517	0.5914305
395.29306	0.598638
395.41135	0.6050753
395.52957	0.6108261
395.64755	0.61624664
395.76575	0.6218293
395.88394	0.62803084
396.0023	0.63510036
396.12067	0.6429897
396.239	0.65137625
396.3566	0.659781
396.4744	0.66771066
396.59244	0.6748377
396.71048	0.6811411
396.8286	0.6869045
396.9469	0.6926226
397.06525	0.6988194
397.18362	0.7058726
397.30197	0.71387404
397.41983	0.7226088
397.53806	0.73157513
397.65637	0.7402109
397.7746	0.74807507
397.89297	0.7550115
398.01117	0.7612025
398.12952	0.76711255
398.24786	0.7733248
398.36594	0.780358
398.48358	0.78843427
398.6014	0.79741323
398.71927	0.806854
398.83722	0.8161549
398.9553	0.82476896
399.0736	0.832389
399.19196	0.83905727
399.3103	0.84517175
399.42874	0.8512905
399.54666	0.8579765
399.66467	0.86558294
399.78308	0.8741199
399.90155	0.88322204
400.01996	0.89230824
400.13834	0.900663
400.25668	0.90779376
400.37482	0.9132169
400.49295	0.9170727
400.61057	0.9199527
400.72845	0.92252225
400.8465	0.92528194
400.9645	0.92840457
401.08237	0.93193865
401.20047	0.93544716
401.3187	0.93824536
401.43707	0.93985146
401.55545	0.9403865
401.6734	0.9401032
401.7916	0.9395587
401.90994	0.9394423
402.02835	0.9403241
402.14685	0.9424637
402.2652	0.94571805
402.38345	0.94958293
402.5017	0.95336914
402.6198	0.9564338
402.73767	0.95840496
402.85553	0.9593043
402.97348	0.9595398
403.09155	0.9597671
403.20956	0.9606335
403.32764	0.96258295
403.44565	0.96566886
403.56384	0.96955717
403.68204	0.97363657
403.80023	0.9772182
403.91852	0.9797905
404.03668	0.98120236
404.1551	0.98171437
404.27356	0.9818718
404.39178	0.9823752
404.51007	0.98377424
404.62836	0.98629916
404.74652	0.9897513
404.8647	0.99356836
404.9827	0.9969841
405.10065	0.9992483
405.2187	0.99985075
405.33676	0.9985693
405.45483	0.99543566
405.5729	0.99059093
405.69098	0.98395413
405.80908	0.97505707
405.92703	0.96286094
406.04535	0.94582605
406.1636	0.9220823
406.28177	0.88982666
406.40005	0.84768057
406.51837	0.7951167
406.63666	0.7326773
406.7549	0.66198057
406.87317	0.58551663
406.99155	0.5063639
407.10974	0.4278004
407.22772	0.35284385
407.34567	0.28397438
407.46393	0.22294937
407.58194	0.17073475
407.70013	0.12753326
407.81815	0.092928745
407.93634	0.06606454
408.05438	0.045832265
408.17236	0.031036146
408.2904	0.02051961
408.40836	0.013249165
408.5266	0.008357194
408.64493	0.005151259
408.76318	0.0031036346
408.88162	0.0018283138
408.99997	0.0010533464
409.11816	0.00059366453
409.23642	0.00032738567
409.35458	0.00017669382
409.47272	9.3349576e-05
409.5909	4.8284895e-05
409.7091	2.4456282e-05
409.82736	1.21314915e-05
409.9456	5.8943915e-06
410.06375	2.8055238e-06
410.18173	1.3082258e-06
410.2998	5.9769707e-07
410.41754	2.675685e-07
410.53516	1.1737427e-07
410.65317	5.045607e-08
410.77142	2.1255584e-08
410.88983	8.775252e-09
411.00827	3.5504057e-09
411.1266	1.4077584e-09
411.24487	5.4702565e-10
411.36304	2.0830683e-10
;; BAND Oa02
402.6013	1.9820266e-10
402.69528	4.2672874e-10
402.78806	9.072011e-10
402.88287	1.904433e-09
402.97665	3.9476666e-09
403.0706	8.080301e-09
403.16348	1.6331516e-08
403.258	3.259362e-08
403.352	6.423017e-08
403.446	1.2497979e-07
403.53882	2.4011712e-07
403.63333	4.5548947e-07
403.72733	8.530811e-07
403.82135	1.5773892e-06
403.91415	2.87943e-06
404.00873	5.188847e-06
404.10272	9.230063e-06
404.19666	1.6206306e-05
404.28958	2.8085213e-05
404.38403	4.803454e-05
404.47803	8.107331e-05
404.57205	0.00013502501
404.66504	0.00022188142
404.75928	0.0003597127
404.85333	0.00057527056
404.94736	0.0009074548
405.0405	0.0014117697
405.13467	0.002165889
405.22867	0.0032763332
405.32278	0.00488615
405.4158	0.0071831
405.50992	0.010408019
405.60406	0.0148620065
405.698	0.020911383
405.7913	0.028988428
405.88516	0.03958672
405.97937	0.053248074
406.07346	0.070539474
406.16656	0.0920211
406.26053	0.118202984
406.35477	0.14949284
406.4488	0.18613479
406.542	0.2281655
406.63583	0.27536178
406.73007	0.3272156
406.8242	0.38291606
406.9174	0.4413669
407.0111	0.50125223
407.1054	0.56111795
407.19952	0.6194463
407.29276	0.67478126
407.38638	0.72584236
407.4807	0.7716674
407.57492	0.8116525
407.66815	0.845588
407.76175	0.8736463
407.85614	0.8963315
407.95032	0.9143749
408.04358	0.92865044
408.13718	0.9400244
408.23145	0.9492513
408.32568	0.9569131
408.41895	0.9633938
408.51245	0.96888137
408.60672	0.9734153
408.70102	0.9769457
408.79428	0.9794181
408.88776	0.9808442
408.98215	0.9813294
409.07645	0.98109996
409.16956	0.98046345
409.26312	0.97977495
409.35742	0.9793586
409.4519	0.97945774
409.54492	0.9801826
409.63846	0.9814942
409.73288	0.98321295
409.82736	0.98506963
409.92023	0.98675704
410.0139	0.98800826
410.10822	0.9886526
410.2028	0.9886525
410.2957	0.9881117
410.3892	0.987255
410.48358	0.9863822
410.57825	0.9857778
410.671	0.9856901
410.76462	0.9862276
410.85895	0.9873754
410.9536	0.9889726
411.0463	0.9907657
411.13995	0.9924499
411.2343	0.99375486
411.32895	0.99447846
411.42166	0.99456894
411.51523	0.9940929
411.60965	0.99326867
411.7043	0.9923577
411.79694	0.9916641
411.89066	0.9914299
411.985	0.99179214
412.07983	0.9927657
412.1723	0.99420375
412.26587	0.9958648
412.3603	0.9974072
412.45514	0.99856466
412.54764	0.99912924
412.64124	0.9990116
412.73572	0.9982565
412.83057	0.99704874
412.92294	0.9956487
413.0167	0.99436814
413.11102	0.9934722
413.2059	0.9931146
413.29825	0.9933114
413.39197	0.99393123
413.4864	0.9947838
413.5813	0.99558955
413.67355	0.9960772
413.7673	0.9960412
413.86172	0.99537873
413.95667	0.99412256
414.0489	0.99246246
414.14258	0.9906445
414.2371	0.9889651
414.332	0.9876662
414.42426	0.98692304
414.5178	0.986777
414.6125	0.98712415
414.7073	0.98774856
414.79968	0.98833495
414.89325	0.98855543
414.98788	0.98809904
415.0826	0.9867429
415.175	0.9843492
415.2686	0.9808748
415.3633	0.97632587
415.45792	0.9706972
415.55038	0.9639321
415.64392	0.9558265
415.73868	0.94601053
415.8332	0.9339425
415.9257	0.91892546
416.01926	0.90017736
416.11414	0.876931
416.20844	0.8485209
416.30106	0.81449836
416.3946	0.77471256
416.4895	0.7293628
416.58377	0.6790135
416.67648	0.62456644
416.7699	0.5671915
416.8648	0.50824237
416.95917	0.44915
417.05188	0.39131266
417.14523	0.33599916
417.24017	0.28427407
417.33438	0.23694992
417.42715	0.19455962
417.5205	0.1573613
417.6156	0.12536776
417.7098	0.09838489
417.8026	0.07605761
417.89603	0.0579239
417.99106	0.04346254
418.0851	0.03213317
418.17798	0.02341103
418.27124	0.016810011
418.36652	0.011897345
418.46042	0.008300832
418.55334	0.0057100384
418.64667	0.003873108
418.74182	0.002590841
418.83575	0.0017093936
418.92877	0.0011125449
419.02203	0.0007143709
419.11725	0.00045259617
419.211	0.00028296263
419.3041	0.00017459175
419.39734	0.000106326304
419.49265	6.3918356e-05
419.58636	3.7933223e-05
419.6795	2.2226019e-05
419.77274	1.2858375e-05
419.868	7.345552e-06
419.96167	4.1438975e-06
420.05487	2.3086866e-06
420.14813	1.2703301e-06
420.24338	6.9037594e-07
420.33704	3.7058638e-07
420.43024	1.9649222e-07
420.52347	1.029123e-07
420.6187	5.3243365e-08
420.71237	2.7211437e-08
420.80566	1.3738249e-08
420.89886	6.8518866e-09
420.99405	3.3759107e-09
421.08768	1.6431353e-09
421.181	7.900541e-10
421.27423	3.7526734e-10
;; BAND Oa03
433.65982	1.1656173e-09
433.75482	2.3575097e-09
433.849	4.714311e-09
433.9435	9.320786e-09
434.03577	1.8220232e-08
434.1308	3.5214413e-08
434.22498	6.728977e-08
434.31967	1.2712626e-07
434.41183	2.3745062e-07
434.50693	4.3846813e-07
434.60104	8.004074e-07
434.69568	1.4443607e-06
434.78787	2.5763857e-06
434.88297	4.542433e-06
434.97702	7.915597e-06
435.07172	1.3632163e-05
435.16388	2.3200539e-05
435.25897	3.9016373e-05
435.3531	6.482879e-05
435.44785	0.00010641981
435.53995	0.00017256949
435.6349	0.0002764035
435.72913	0.00043723325
435.82388	0.0006830001
435.91595	0.0010534442
436.01093	0.0016041006
436.10513	0.002411154
436.1999	0.0035771374
436.29196	0.005237263
436.38693	0.0075661754
436.48114	0.010784376
436.576	0.015163779
436.668	0.02103101
436.76294	0.02876767
436.85724	0.038805496
436.952	0.051616017
437.04395	0.067692555
437.13895	0.08752513
437.23328	0.11156682
437.328	0.1401955
437.42007	0.17366949
437.5149	0.2120865
437.60925	0.25534245
437.70395	0.30310562
437.79626	0.35479945
437.89084	0.40961212
437.98526	0.4665211
438.08008	0.5243449
438.1722	0.58181256
438.2669	0.63764477
438.3613	0.69064474
438.45605	0.7397889
438.54837	0.78428566
438.64285	0.8236333
438.73734	0.8576408
438.8321	0.88639915
438.92438	0.91025203
439.0187	0.9297245
439.11337	0.94545
439.20813	0.9580765
439.30045	0.9682085
439.39478	0.97635716
439.48938	0.9829062
439.58405	0.9881249
439.67654	0.9921718
439.77075	0.99514437
439.86548	0.9971492
439.96005	0.99826527
440.05264	0.9986438
440.14673	0.9984743
440.2415	0.9979752
440.336	0.99738926
440.42865	0.99690944
440.52267	0.99669415
440.6175	0.99681365
440.7121	0.99724483
440.80475	0.9978857
440.8987	0.99858373
440.99365	0.99918026
441.088	0.999514
441.1809	0.9994764
441.27472	0.999092
441.36966	0.99838346
441.46402	0.9975121
441.557	0.9966385
441.6507	0.99592054
441.74576	0.9954987
441.84003	0.99543136
441.93304	0.99570715
442.0267	0.99622875
442.12183	0.9968543
442.216	0.9973961
442.3091	0.9977026
442.4027	0.9976461
442.49777	0.9972016
442.59192	0.9964136
442.6853	0.9953957
442.77875	0.9943063
442.87384	0.9933212
442.968	0.99257594
443.0613	0.9921597
443.1547	0.99206567
443.24988	0.99223155
443.34402	0.9925081
443.43744	0.9927399
443.53067	0.99278635
443.62595	0.99252415
443.71997	0.99190795
443.81348	0.9909704
443.9067	0.9898243
444.00195	0.98861146
444.0959	0.9875001
444.1896	0.9866369
444.2827	0.9861103
444.37796	0.9859429
444.47186	0.98607486
444.56567	0.9863813
444.6587	0.9867049
444.7541	0.9868745
444.8478	0.98677474
444.94174	0.98633265
445.0348	0.98555154
445.13007	0.9845146
445.22382	0.98336285
445.31787	0.9822495
445.41086	0.981324
445.50623	0.9806725
445.59985	0.9803225
445.6939	0.9802133
445.78687	0.9802137
445.8822	0.98012227
445.97592	0.97972375
446.07016	0.97879505
446.16287	0.9771512
446.2582	0.9746446
446.35193	0.9711589
446.44614	0.9665924
446.5389	0.9608296
446.63425	0.95370287
446.7279	0.9449538
446.8223	0.93421584
446.91483	0.9210199
447.01035	0.9048158
447.10394	0.885013
447.1983	0.8610481
447.291	0.8324553
447.38635	0.7989385
447.47998	0.7604311
447.57437	0.7171268
447.66705	0.66950524
447.76236	0.6183072
447.85587	0.5644908
447.95047	0.5091717
448.04318	0.45354104
448.13834	0.39878806
448.23187	0.34602022
448.32657	0.2961996
448.41922	0.25009534
448.51443	0.20825942
448.6079	0.17101713
448.70267	0.13847916
448.79526	0.11056761
448.89044	0.087050565
448.98398	0.06758138
449.07886	0.0517387
449.17136	0.039062798
449.26636	0.029087532
449.36	0.021364141
449.45493	0.015478962
449.54736	0.011064342
449.6424	0.0078034564
449.736	0.0054310015
449.83087	0.0037304277
449.92343	0.002529178
450.0185	0.0016927813
450.11188	0.0011186044
450.207	0.00072990416
450.29962	0.0004703517
450.39447	0.0002993659
450.48795	0.00018821703
450.58298	0.000116907504
450.67557	7.174706e-05
450.77032	4.351002e-05
450.86392	2.6076152e-05
450.959	1.5445663e-05
451.05176	9.043139e-06
451.14627	5.233792e-06
451.23993	2.99454e-06
451.33505	1.6939009e-06
451.42776	9.4736765e-07
451.5223	5.238931e-07
451.61594	2.864711e-07
451.71112	1.5489957e-07
451.8039	8.282537e-08
451.89816	4.3795932e-08
451.992	2.2901531e-08
452.0871	1.1843093e-08
452.17996	6.056743e-09
452.2742	3.0632554e-09
452.368	1.5321457e-09
;; BAND Oa04
480.996	3.6581898e-09
481.0912	7.0980932e-09
481.18536	1.3627954e-08
481.2801	2.589014e-08
481.37283	4.8668948e-08
481.468	9.052697e-08
481.56198	1.6661356e-07
481.65698	3.03414e-07
481.7496	5.466934e-07
481.84467	9.745827e-07
481.9388	1.7188588e-06
482.03366	2.9990713e-06
482.12634	5.1764623e-06
482.22134	8.837871e-06
482.3156	1.4924488e-05
482.4104	2.4925865e-05
482.5032	4.116822e-05
482.59805	6.7234054e-05
482.6923	0.000108565015
482.7871	0.00017330557
482.88	0.00027346975
482.9748	0.00042650668
483.0691	0.00065736857
483.16385	0.0010011609
483.25674	0.0015064474
483.35153	0.0022392522
483.44583	0.0032877256
483.54065	0.004767322
483.63358	0.0068263337
483.72824	0.009651182
483.82263	0.013471062
483.9174	0.018561153
484.01044	0.025243124
484.10498	0.0338825
484.1994	0.04488118
484.294	0.058665052
484.38733	0.075664885
484.48163	0.096291855
484.57617	0.12090776
484.67075	0.14979139
484.76425	0.18310349
484.8584	0.22085342
484.95297	0.26287165
485.04742	0.30879423
485.1411	0.35805398
485.2351	0.40989578
485.32983	0.46340388
485.42426	0.5175469
485.518	0.57123536
485.6118	0.6233897
485.70663	0.6730109
485.80103	0.71924204
485.89493	0.761423
485.98865	0.79912657
486.08334	0.8321595
486.17764	0.8605623
486.27185	0.88457596
486.36533	0.90458244
486.4601	0.9210641
486.5544	0.93452823
486.64877	0.9454708
486.7421	0.9543235
486.83688	0.9614543
486.93118	0.96713495
487.02567	0.971578
487.1188	0.9749494
487.21375	0.9773787
487.30795	0.9790061
487.40268	0.9799876
487.4956	0.98048866
487.59033	0.9806989
487.6846	0.98078096
487.77942	0.9808978
487.87244	0.9811427
487.96707	0.9815811
488.0613	0.982197
488.15622	0.98293
488.24918	0.9836843
488.34372	0.9843558
488.4382	0.98484313
488.53296	0.9851066
488.626	0.98513395
488.7203	0.9849702
488.81497	0.9846975
488.90967	0.9844321
489.00275	0.98427886
489.097	0.9843177
489.1917	0.9845911
489.28644	0.98507607
489.37952	0.98571354
489.4737	0.98640716
489.56848	0.9870341
489.66318	0.98751545
489.75635	0.9877613
489.85046	0.9877654
489.9453	0.9875527
490.04004	0.9872161
490.1333	0.9868616
490.22723	0.98660964
490.32214	0.9865403
490.41675	0.98673993
490.51004	0.9872094
490.60388	0.9878863
490.69876	0.98869187
490.79352	0.9895111
490.8869	0.99023473
490.98065	0.990785
491.07556	0.9911139
491.1702	0.99123305
491.2638	0.9912235
491.3574	0.99117523
491.45242	0.99119323
491.54697	0.99136174
491.64072	0.99176216
491.7342	0.99238944
491.8293	0.99321496
491.92374	0.9941629
492.01773	0.99512285
492.1109	0.99598235
492.20618	0.9966496
492.30054	0.9970781
492.3946	0.9972833
492.48764	0.99730986
492.58292	0.99724805
492.67722	0.99719673
492.77155	0.9972581
492.86444	0.9974856
492.95978	0.9979044
493.054	0.99845135
493.14844	0.99902713
493.24124	0.9994778
493.33652	0.9996287
493.4308	0.9992877
493.5253	0.9982849
493.61795	0.99646384
493.71313	0.9936733
493.8076	0.98976356
493.902	0.9845639
493.99475	0.9778523
494.08975	0.9693455
494.18433	0.95866686
494.2788	0.94537514
494.37158	0.92896473
494.46643	0.9089127
494.56104	0.88473946
494.6556	0.8560388
494.7484	0.8225751
494.84308	0.78429806
494.93787	0.7413928
495.03226	0.69429094
495.12518	0.64365935
495.2197	0.59036726
495.31473	0.53542686
495.40903	0.47993997
495.50198	0.42502207
495.59628	0.3717328
495.6915	0.32101747
495.7857	0.27366275
495.87885	0.23025943
495.973	0.1911983
496.0682	0.15666725
496.16257	0.12667136
496.2557	0.10105909
496.34982	0.07955515
496.44516	0.061797235
496.5394	0.047369033
496.63266	0.035831995
496.72662	0.0267502
496.82193	0.0197107
496.91608	0.014336219
497.00952	0.010293679
497.10327	0.0072972104
497.1986	0.0051079327
497.29285	0.0035309219
497.3863	0.0024106775
497.48004	0.0016257534
497.57547	0.0010831583
497.66953	0.000713024
497.7632	0.00046382146
497.85672	0.00029818548
497.95224	0.0001894809
498.0462	0.00011902594
498.14008	7.3920615e-05
498.23352	4.53926e-05
498.32916	2.756433e-05
498.4229	1.6553786e-05
498.51715	9.832726e-06
498.6102	5.7771454e-06
498.706	3.3577653e-06
498.79977	1.9307026e-06
498.89404	1.0983354e-06
498.98688	6.182025e-07
499.08298	3.4428948e-07
499.17645	1.8972749e-07
499.27087	1.0345736e-07
499.36365	5.5824646e-08
499.45963	2.980796e-08
499.55328	1.575011e-08
499.6477	8.235284e-09
499.74048	4.2610653e-09
;; BAND Oa05
500.9836	4.219529e-09
501.0794	8.1373726e-09
501.1731	1.5529992e-08
501.2673	2.9330925e-08
501.3603	5.4821278e-08
501.4561	1.0140016e-07
501.54987	1.8560303e-07
501.644	3.3618988e-07
501.73715	6.02587e-07
501.83267	1.0687543e-06
501.92664	1.8755985e-06
502.02078	3.2567377e-06
502.11398	5.5947185e-06
502.20935	9.508203e-06
502.3034	1.5984846e-05
502.39746	2.6581e-05
502.49078	4.371659e-05
502.58612	7.1103284e-05
502.6802	0.00011435465
502.7743	0.00018184069
502.86755	0.000285857
502.9628	0.00044419634
503.05707	0.00068220263
503.15112	0.001035404
503.2445	0.001552766
503.33957	0.0023006278
503.43384	0.0033672384
503.5279	0.004867801
503.6213	0.0069497577
503.71625	0.0097978655
503.8107	0.013638466
503.90485	0.018742539
503.99817	0.025425648
504.09283	0.0340454
504.18756	0.04499364
504.28165	0.05868392
504.37512	0.07553313
504.4695	0.09593801
504.56445	0.12024529
504.6584	0.14871995
504.75198	0.18151186
504.84622	0.21862382
504.94122	0.25988752
505.03506	0.30494368
505.12906	0.35324097
505.22293	0.40404913
505.31818	0.4564811
505.41174	0.50954163
505.5059	0.56218016
505.59955	0.6133559
505.69476	0.66210455
505.78854	0.70759904
505.88257	0.74919665
505.97626	0.7864755
506.07144	0.8192415
506.16522	0.84752136
506.2594	0.8715316
506.35287	0.89163154
506.44818	0.9082664
506.54202	0.9219276
506.63602	0.9330834
506.72958	0.94215524
506.82486	0.94949746
506.9188	0.95538557
507.0129	0.96003026
507.10635	0.9636086
507.2015	0.96625626
507.2955	0.968113
507.38956	0.96934086
507.48315	0.97009474
507.57825	0.97055674
507.67224	0.97088605
507.7664	0.9712348
507.85992	0.9716987
507.95486	0.9723263
508.049	0.9731192
508.14307	0.9740109
508.23666	0.9749244
508.3315	0.9757534
508.42587	0.9764192
508.51987	0.9768738
508.6135	0.97710747
508.70822	0.97716343
508.80258	0.97712845
508.8967	0.9770958
508.99033	0.9771669
509.08493	0.9774224
509.1794	0.9778965
509.27335	0.9785795
509.36707	0.9794126
509.4616	0.98030406
509.5562	0.9811588
509.6503	0.98187727
509.74396	0.98240036
509.83832	0.98270607
509.93298	0.98281926
510.027	0.9828208
510.12082	0.9828093
510.215	0.982882
510.30978	0.9831334
510.4039	0.9836081
510.49768	0.9843131
510.59174	0.98519474
510.6866	0.986176
510.7806	0.987148
510.87448	0.9880138
510.96838	0.9886973
511.06354	0.98916584
511.15747	0.9894254
511.2514	0.98955953
511.34506	0.9896344
511.44046	0.9897697
511.53415	0.9900508
511.62827	0.9905393
511.7218	0.9912452
511.8172	0.9921362
511.91095	0.99313694
512.0051	0.99413604
512.09845	0.9950479
512.194	0.99577624
512.2878	0.99629354
512.38184	0.9965818
512.4752	0.996711
512.57056	0.99674857
512.6646	0.9968003
512.7586	0.99695694
512.85175	0.99726903
512.9472	0.99774766
513.0414	0.9983484
513.1353	0.9989609
513.2284	0.9994378
513.3239	0.99961543
513.4181	0.9993062
513.5121	0.9983396
513.6052	0.9965529
513.7007	0.99379665
513.79486	0.98992294
513.8888	0.984742
513.9821	0.9780364
514.0774	0.9695099
514.17163	0.9587909
514.2656	0.9454373
514.3588	0.92895544
514.45404	0.9088331
514.5484	0.88459784
514.6423	0.8558654
514.73566	0.82240134
514.8307	0.7841681
514.9253	0.7413539
515.0191	0.6943877
515.1125	0.6439285
515.2074	0.5908318
515.30194	0.5360993
515.3958	0.48081905
515.4893	0.426089
515.58405	0.37295696
515.6788	0.32236114
515.77246	0.27507904
515.86615	0.23170364
515.9607	0.19262704
516.05566	0.15804096
516.1494	0.12795898
516.243	0.102236554
516.3374	0.08060795
516.4325	0.06271833
516.52606	0.0481586
516.6198	0.03649543
516.71423	0.027297286
516.80927	0.020153625
516.9029	0.014688498
516.99677	0.010569109
517.0909	0.0075090104
517.1863	0.005268195
517.2798	0.003650289
517.3736	0.0024982342
517.4676	0.0016890254
517.56305	0.0011282164
517.6566	0.0007446614
517.75055	0.00048572707
517.84424	0.00031314683
517.93994	0.00019956387
518.0334	0.00012573258
518.1273	7.832421e-05
518.221	4.8247777e-05
518.31665	2.9392597e-05
518.4101	1.7710187e-05
518.5041	1.0555316e-05
518.5976	6.223303e-06
518.6934	3.6299996e-06
518.787	2.0948694e-06
518.88086	1.1961903e-06
518.97424	6.758602e-07
519.07007	3.778753e-07
519.16364	2.0906882e-07
519.2576	1.1446972e-07
519.35095	6.20244e-08
519.4467	3.3258978e-08
519.54047	1.7649533e-08
519.6344	9.269099e-09
519.7277	4.81743e-09
;; BAND Oa06
550.9701	4.167506e-09
551.06525	8.050721e-09
551.1588	1.5389023e-08
551.25244	2.91081e-08
551.34686	5.448112e-08
551.4422	1.0090442e-07
551.5358	1.8492764e-07
551.6294	3.353665e-07
551.7239	6.0180315e-07
551.81915	1.0685508e-06
551.91284	1.8772685e-06
552.00635	3.263077e-06
552.1008	5.6114613e-06
552.19604	9.546507e-06
552.29	1.6065742e-05
552.3833	2.6742848e-05
552.47784	4.4028006e-05
552.5731	7.168357e-05
552.66693	0.00011540762
552.7604	0.00018370582
552.8549	0.0002890901
552.95	0.00044968873
553.04407	0.00069135806
553.1374	0.0010503823
553.23193	0.0015768417
553.3269	0.0023386537
553.42114	0.0034262885
553.5144	0.0049579535
553.609	0.0070851203
553.7038	0.009997718
553.79834	0.013928795
553.89154	0.019157266
553.98596	0.026008466
554.0808	0.03485105
554.1754	0.046089247
554.26843	0.060149673
554.363	0.07746221
554.4577	0.09843606
554.5523	0.12342749
554.64545	0.15270872
554.7397	0.18643112
554.8347	0.22459376
554.92926	0.26701877
555.0226	0.31332758
555.11664	0.36294684
555.21155	0.41511118
555.30615	0.4689008
555.39966	0.52328235
555.4936	0.5771694
555.58856	0.6294858
555.68317	0.67923903
555.7766	0.7255822
555.87054	0.7678643
555.96545	0.8056609
556.0601	0.8387905
556.1538	0.86729205
556.24744	0.8914075
556.34247	0.9115199
556.437	0.9281008
556.5308	0.9416604
556.62445	0.95268047
556.71936	0.9615984
556.8139	0.9687666
556.9079	0.97447187
557.00134	0.978922
557.0965	0.9822864
557.19086	0.98469573
557.2849	0.9863093
557.37836	0.9872767
557.4734	0.987759
557.56793	0.9879605
557.66187	0.9880357
557.75525	0.9881427
557.8504	0.9883878
557.9448	0.9888085
558.039	0.98940986
558.13226	0.990113
558.22736	0.9908308
558.3218	0.99145955
558.4161	0.9919092
558.5094	0.9921266
558.6044	0.99211264
558.6987	0.99191356
558.7932	0.99161786
558.8864	0.9913325
558.98145	0.9911645
559.0756	0.9911908
559.1703	0.9914563
559.2634	0.9919352
559.35846	0.9925641
559.45276	0.99325234
559.5475	0.9938842
559.6405	0.9943537
559.7354	0.99460244
559.8296	0.99460965
559.92444	0.99440473
560.0175	0.99407774
560.11237	0.99373287
560.20667	0.9934803
560.3014	0.9934082
560.3945	0.9935679
560.4892	0.9939576
560.5835	0.99452853
560.6784	0.9951848
560.77155	0.99583167
560.8661	0.9963385
560.9604	0.99665666
561.05524	0.99673206
561.14856	0.99659514
561.24286	0.996323
561.3375	0.9960026
561.43207	0.9957469
561.52563	0.9956667
561.61975	0.9958113
561.7144	0.99620086
561.809	0.99678606
561.9027	0.99749196
561.9967	0.9982203
562.0914	0.9988348
562.1859	0.999253
562.2796	0.9994455
562.37366	0.99939144
562.4684	0.99915636
562.56287	0.99884504
562.65674	0.9985384
562.75055	0.99835956
562.8454	0.99836063
562.93976	0.998555
563.03394	0.9988865
563.1275	0.9992503
563.2225	0.9994956
563.3168	0.9994437
563.4109	0.9989065
563.5045	0.9977124
563.5995	0.9957043
563.6937	0.9927378
563.78796	0.9886788
563.88153	0.9833512
563.97644	0.9765494
564.0706	0.9679811
564.165	0.95728827
564.2585	0.94401395
564.3536	0.9276558
564.4476	0.90768474
564.5422	0.8836042
564.63556	0.8550119
564.7306	0.82165116
564.8246	0.7834632
564.9193	0.74063206
565.0126	0.69358253
565.1076	0.6429822
565.2015	0.58969766
565.2965	0.5347497
565.3896	0.47924706
565.4847	0.42430466
565.5784	0.37099427
565.67346	0.32026467
565.76654	0.27290517
565.8617	0.22951171
565.9554	0.19047366
566.0504	0.15598015
566.14355	0.12603275
566.23846	0.10047752
566.33234	0.07903676
566.42737	0.061344314
566.52057	0.046981286
566.6154	0.035506308
566.7092	0.026482014
566.8043	0.019493919
566.8977	0.0141642215
566.99225	0.010159635
567.0863	0.0071946387
567.18115	0.0050307587
567.27454	0.0034738493
567.36926	0.0023691775
567.4632	0.001596069
567.5581	0.001062263
567.65173	0.000698551
567.7461	0.00045395
567.84033	0.00029155458
567.935	0.00018509306
568.02844	0.0001161642
568.12317	7.208093e-05
568.2171	4.4226457e-05
568.312	2.6835041e-05
568.4058	1.6103711e-05
568.49976	9.558522e-06
568.59454	5.612192e-06
568.68884	3.2597309e-06
568.7825	1.8731212e-06
568.87695	1.0648937e-06
568.9713	5.989937e-07
569.0661	3.3337116e-07
569.16	1.835838e-07
569.25336	1.0003401e-07
569.3489	5.393521e-08
569.4427	2.8774451e-08
569.5364	1.5189718e-08
569.63086	7.934071e-09
569.7253	4.100511e-09
;; BAND Oa07
610.8991	2.33981e-09
610.9954	4.599926e-09
611.085	8.944836e-09
611.18195	1.720507e-08
611.27765	3.273518e-08
611.3681	6.161085e-08
611.46423	1.1470692e-07
611.5575	2.1125982e-07
611.651	3.8489247e-07
611.7471	6.936667e-07
611.837	1.2366548e-06
611.93384	2.1807946e-06
612.0296	3.8039757e-06
612.12	6.5628847e-06
612.2162	1.1198458e-05
612.3094	1.8897292e-05
612.4032	3.1534273e-05
612.4988	5.2031624e-05
612.5888	8.488103e-05
612.6857	0.00013688683
612.78143	0.0002182078
612.8719	0.0003437814
612.9682	0.0005352267
613.0614	0.00082333677
613.1553	0.0012512398
613.25055	0.0018782925
613.34094	0.0027847248
613.4377	0.0040769577
613.5333	0.0058933278
613.6239	0.00840999
613.7201	0.011846225
613.81323	0.016468719
613.90717	0.022593312
614.0024	0.030583818
614.093	0.04084621
614.18976	0.053816676
614.28516	0.06994512
614.37555	0.08966949
614.47186	0.113387
614.56525	0.14141706
614.65924	0.17396642
614.7539	0.21108991
614.8449	0.252661
614.9417	0.29834804
615.0371	0.34760645
615.12756	0.39968678
615.22375	0.4536593
615.3172	0.50846124
615.41125	0.56296176
615.50574	0.6160197
615.59705	0.6665726
615.6936	0.7137044
615.78894	0.75669956
615.87946	0.79508686
615.97577	0.82865655
616.0692	0.85744596
616.1633	0.8817032
616.25745	0.9018459
616.34906	0.9183843
616.4455	0.93186605
616.54083	0.94281536
616.63135	0.95169383
616.7275	0.95885926
616.82117	0.9646035
616.91534	0.9691162
617.0092	0.97254634
617.1011	0.9750219
617.1975	0.9766651
617.29266	0.9776324
617.3833	0.978088
617.4794	0.9782412
617.573	0.9782774
617.6673	0.97837687
617.76086	0.978651
617.85297	0.97915924
617.9495	0.9798851
618.0444	0.9807609
618.1352	0.9816706
618.2312	0.98247814
618.32495	0.9830845
618.4193	0.9834146
618.5127	0.9834674
618.60504	0.98328984
618.7014	0.9829845
618.79626	0.98268944
618.887	0.9825273
618.9831	0.9825928
619.0769	0.9829497
619.17126	0.98357254
619.26447	0.98438615
619.35706	0.9852645
619.45337	0.9860921
619.54816	0.9867268
619.639	0.98710865
619.73486	0.98719436
619.82886	0.98703337
619.9234	0.9867274
620.01624	0.9863954
620.1092	0.98617345
620.2054	0.9861828
620.30005	0.9864815
620.3909	0.98707455
620.4869	0.98790926
620.58075	0.98886555
620.67535	0.9898194
620.76794	0.99063337
620.861	0.9912153
620.9573	0.99152696
621.0518	0.9915866
621.14294	0.9914644
621.2386	0.99128765
621.3326	0.9911999
621.4271	0.99130684
621.51984	0.991683
621.613	0.9923423
621.7091	0.9932437
621.8035	0.9942712
621.89484	0.9953016
621.99036	0.9962047
622.0845	0.9968621
622.1791	0.9972393
622.2717	0.9973209
622.36505	0.9972033
622.4609	0.9969799
622.55536	0.99679893
622.64703	0.996777
622.7422	0.99698484
622.83636	0.9974428
622.93115	0.99808174
623.0235	0.9987812
623.1169	0.9993687
623.2128	0.9996363
623.30707	0.99938375
623.39905	0.9984363
623.49396	0.9966405
623.5882	0.99386454
623.6831	0.9899834
623.7755	0.98485714
623.86884	0.97827256
623.96466	0.96994716
624.05896	0.9594904
624.15125	0.94641596
624.24585	0.93017256
624.3399	0.9101721
624.43506	0.88586384
624.5275	0.8568006
624.62085	0.8227023
624.7165	0.78351444
624.81067	0.7394495
624.90314	0.69098663
624.9976	0.6388684
625.0917	0.5840529
625.18695	0.5276531
625.2794	0.47086427
625.37274	0.41487774
625.46826	0.36081418
625.56256	0.3096523
625.65533	0.26218304
625.74945	0.21898349
625.8434	0.18040532
625.93884	0.1465851
626.0314	0.11746779
626.1248	0.0928401
626.2202	0.07236841
626.31433	0.055639245
626.4075	0.04219433
626.50116	0.031565115
626.5951	0.023295986
626.69086	0.0169636
626.7833	0.012189152
626.8768	0.008643704
626.97205	0.006049994
627.0662	0.0041802297
627.1596	0.0028516522
627.25305	0.0019209232
627.34674	0.0012779159
627.4428	0.00083972735
627.5354	0.000545107
627.6288	0.00034962033
627.7239	0.00022158585
627.818	0.0001387956
627.9117	8.5931584e-05
628.00494	5.2593095e-05
628.09845	3.1823525e-05
628.1949	1.9039522e-05
628.28735	1.1263968e-05
628.38074	6.590044e-06
628.47577	3.8131097e-06
628.5698	2.1821609e-06
628.66376	1.2351846e-06
628.7569	6.915593e-07
628.8503	3.829937e-07
628.9467	2.0980889e-07
629.0393	1.1369146e-07
629.1328	6.094005e-08
629.22766	3.231051e-08
629.3215	1.6945055e-08
629.41595	8.790019e-09
629.5088	4.509944e-09
629.60223	2.2886055e-09
;; BAND Oa08
655.7303	1.4658826e-09
655.82056	2.9272074e-09
655.9175	5.780345e-09
656.0143	1.1288035e-08
656.10284	2.1800275e-08
656.2003	4.1638717e-08
656.29395	7.865715e-08
656.3888	1.4695625e-07
656.48376	2.715531e-07
656.5741	4.962913e-07
656.67096	8.970815e-07
656.7681	1.6037325e-06
656.8567	2.8354423e-06
656.954	4.9577166e-06
657.0472	8.572144e-06
657.1428	1.4655964e-05
657.23724	2.4775383e-05
657.32776	4.140629e-05
657.42444	6.840792e-05
657.5217	0.000111709094
657.6105	0.00018028394
657.70776	0.00028750795
657.8005	0.00045300846
657.8966	0.0007051098
657.991	0.0010840106
658.0814	0.0016457565
658.178	0.0024670635
658.2754	0.0036509528
658.36426	0.0053330003
658.46155	0.0076878797
658.55383	0.0109356
658.6503	0.015346697
658.74475	0.02124511
658.8346	0.029007982
658.9316	0.039060395
659.0285	0.051864363
659.1183	0.06790051
659.2151	0.08764278
659.3072	0.11152467
659.4038	0.13990197
659.4983	0.17300992
659.5879	0.21092182
659.6852	0.2535146
659.7818	0.30043793
659.87225	0.35110933
659.9684	0.40471774
660.0607	0.46025443
660.1571	0.5165632
660.25214	0.57241565
660.3415	0.62657887
660.43884	0.67791677
660.5351	0.7254596
660.6262	0.7684769
660.7218	0.80651724
660.8142	0.83942187
660.9105	0.8673028
661.00604	0.89051175
661.0951	0.90956515
661.19257	0.9250634
661.2883	0.9376314
661.38025	0.9478335
661.4752	0.9561395
661.5677	0.96290946
661.66394	0.9683789
661.7598	0.9726993
661.8487	0.9759684
661.94635	0.9782693
662.0414	0.9797176
662.1344	0.9804492
662.22864	0.98067296
662.3212	0.98060805
662.4173	0.9804892
662.5138	0.980514
662.6024	0.9808123
662.7001	0.98144656
662.79456	0.9823838
662.8885	0.9835094
662.9821	0.9846686
663.0749	0.9856845
663.1707	0.98642135
663.2676	0.9867974
663.35614	0.98679554
663.4539	0.98651016
663.5478	0.9860709
663.6426	0.98565656
663.73566	0.9854328
663.8283	0.98553383
663.9242	0.98600686
664.0211	0.98682606
664.11	0.98789734
664.20734	0.9890424
664.3012	0.99010056
664.3961	0.9909035
664.48944	0.99134475
664.58167	0.9914088
664.6779	0.99114805
664.77454	0.99068177
664.864	0.99018484
664.9608	0.9898336
665.0547	0.98975986
665.1496	0.99004257
665.2432	0.9906659
665.33484	0.9915542
665.43164	0.99254274
665.52783	0.9934659
665.61786	0.9941571
665.7143	0.99449986
665.8082	0.99445635
665.90314	0.99406093
665.99695	0.99344474
666.0884	0.9927822
666.1854	0.9922659
666.28107	0.99204093
666.37195	0.9922162
666.4678	0.9927947
666.5617	0.9937117
666.6566	0.9948331
666.75073	0.9959617
666.84204	0.99691653
666.93915	0.9975542
667.03436	0.99781805
667.1261	0.997681
667.22107	0.9972713
667.3153	0.9967334
667.41016	0.99624914
667.50464	0.9959795
667.5956	0.99605733
667.6928	0.9965009
667.7878	0.9972434
667.8801	0.9981331
667.9746	0.9989561
668.0689	0.99947226
668.16364	0.99944884
668.2586	0.9986769
668.3493	0.9970178
668.4466	0.9943802
668.5411	0.9906728
668.63434	0.98582244
668.728	0.97968185
668.82245	0.9720035
668.91724	0.9624256
669.01245	0.9504438
669.10297	0.93545747
669.2002	0.9167999
669.2944	0.893816
669.3882	0.86594456
669.48157	0.8327923
669.5757	0.7942154
669.6706	0.75035846
669.7659	0.7016825
669.8567	0.64894116
669.95374	0.5931414
670.0476	0.5354762
670.1418	0.4772335
670.2352	0.41971782
670.329	0.36414033
670.4244	0.3115688
670.5193	0.26286298
670.61066	0.2186395
670.7071	0.17927268
670.8012	0.14489695
670.8954	0.11544017
670.9889	0.090659626
671.0823	0.07018518
671.17804	0.05356448
671.27264	0.040303778
671.3645	0.029901464
671.46063	0.021876056
671.5548	0.015784418
671.6489	0.011233955
671.74255	0.007887588
671.8354	0.0054642786
671.9319	0.0037356527
672.02594	0.0025206811
672.1185	0.0016790404
672.214	0.0011042542
672.3083	0.00071716285
672.40234	0.000460019
672.4962	0.0002914851
672.5892	0.00018247681
672.6856	0.00011287954
672.77924	6.900811e-05
672.87244	4.169853e-05
672.9674	2.4907393e-05
673.06195	1.470854e-05
673.1559	8.587924e-06
673.2501	4.958144e-06
673.3429	2.8306883e-06
673.4394	1.5982005e-06
673.5324	8.9239387e-07
673.62646	4.9281124e-07
673.7209	2.6916183e-07
673.81555	1.4539869e-07
673.90936	7.768153e-08
674.0039	4.1047095e-08
674.09656	2.1450846e-08
674.19305	1.1086419e-08
674.2858	5.666449e-09
674.3805	2.8640783e-09
674.4745	1.4315293e-09
;; BAND Oa09
665.726	1.3555775e-09
665.808	2.4769415e-09
665.8888	4.4879167e-09
665.9711	8.063522e-09
666.0531	1.4367055e-08
666.134	2.5385699e-08
666.21643	4.4482864e-08
666.29846	7.73006e-08
666.37933	1.3321798e-07
666.4617	2.2768616e-07
666.54376	3.8592566e-07
666.6245	6.4873376e-07
666.7073	1.0814861e-06
666.78876	1.7879645e-06
666.8692	2.93138e-06
666.9526	4.765911e-06
667.0337	7.6836295e-06
667.1138	1.22833035e-05
667.1978	1.9470037e-05
667.2789	3.059833e-05
667.3585	4.7673497e-05
667.4433	7.363291e-05
667.52405	0.00011273273
667.6037	0.00017106849
667.6884	0.0002572732
667.7693	0.00038342518
667.8487	0.0005662179
667.93335	0.00082843425
668.0146	0.0012007627
668.0937	0.0017239826
668.17804	0.0024515288
668.25995	0.0034524042
668.339	0.0048143486
668.42285	0.0066471905
668.5053	0.00908608
668.5842	0.012294468
668.66766	0.01646607
668.7506	0.021826237
668.8298	0.028631082
668.9125	0.03716454
668.9954	0.04773315
669.07556	0.060656995
669.1574	0.07625819
669.2402	0.09484569
669.32135	0.11669691
669.4026	0.14203627
669.4852	0.17101541
669.5671	0.20369217
669.6478	0.24000978
669.7303	0.27978322
669.8127	0.32269138
669.89307	0.36827454
669.9754	0.41594717
670.05786	0.4650095
670.1382	0.5146816
670.2206	0.56413484
670.3026	0.61253715
670.3835	0.6590915
670.46594	0.7030849
670.5475	0.7439251
670.62885	0.78116715
670.7113	0.81453645
670.7924	0.8439278
670.8741	0.8694071
670.9566	0.8911804
671.0374	0.90956235
671.1189	0.92494935
671.202	0.93776315
671.2824	0.94842774
671.3638	0.9573215
671.44745	0.96476895
671.5276	0.97102165
671.60876	0.976258
671.69257	0.98059064
671.7728	0.98409086
671.85376	0.9868095
671.9377	0.9887949
672.01807	0.99009866
672.0989	0.9908275
672.1826	0.9910967
672.2634	0.99104667
672.3439	0.9908436
672.4274	0.99064195
672.50885	0.99057984
672.5891	0.99075234
672.6722	0.991206
672.75446	0.99192804
672.8345	0.99285835
672.9171	0.99389464
672.99963	0.9949191
673.07996	0.9958143
673.162	0.9964751
673.2447	0.99682796
673.32574	0.99686295
673.4069	0.99661535
673.4896	0.99614537
673.57117	0.995598
673.65204	0.9950834
673.73474	0.9947226
673.8164	0.9945987
673.8973	0.9947726
673.9798	0.9952389
674.06146	0.99593693
674.1425	0.99678266
674.22485	0.997655
674.30664	0.99841315
674.3881	0.99895436
674.47015	0.9991816
674.55133	0.99907815
674.6336	0.9986716
674.7154	0.99801904
674.7962	0.99725354
674.87897	0.99647266
674.9608	0.99582964
675.0411	0.99541485
675.1241	0.99529403
675.2062	0.99546945
675.2861	0.9958908
675.3691	0.9964679
675.45154	0.99704707
675.5311	0.9974778
675.6141	0.9975884
675.6967	0.9972325
675.77637	0.99628353
675.859	0.9946609
675.94183	0.9923009
676.0216	0.98916215
676.10394	0.9852036
676.1868	0.980356
676.2672	0.9745077
676.34894	0.96747243
676.43195	0.95899796
676.5128	0.94874936
676.5941	0.9363312
676.6767	0.9213041
676.7585	0.9032228
676.8391	0.8816761
676.9216	0.8563274
677.0039	0.8269553
677.08405	0.7934828
677.16644	0.75600916
677.24896	0.7148088
677.3293	0.6703304
677.4112	0.62318087
677.49414	0.57408845
677.5746	0.52387184
677.6565	0.4733851
677.73926	0.42347816
677.8197	0.37495807
677.90173	0.32854176
677.98425	0.28483647
678.065	0.24431561
678.14716	0.20731106
678.22925	0.17401601
678.3102	0.14448929
678.3927	0.11867556
678.47424	0.0964199
678.5551	0.0774929
678.63824	0.06161194
678.71954	0.048461553
678.8001	0.037712235
678.8838	0.029037083
678.96484	0.022122929
679.045	0.01667961
679.129	0.012445861
679.2103	0.009191793
679.28986	0.0067198477
679.37427	0.0048634578
679.4557	0.00348502
679.53485	0.0024727925
679.6193	0.0017375703
679.70087	0.0012092591
679.7803	0.0008336129
679.86426	0.00056928414
679.9461	0.0003851762
680.0257	0.00025822705
680.1091	0.00017155426
680.19116	0.00011295386
680.27124	7.371235e-05
680.3537	4.7682537e-05
680.43634	3.0576804e-05
680.51697	1.9438927e-05
680.59827	1.2252577e-05
680.68134	7.657432e-06
680.7625	4.745305e-06
680.84326	2.9160055e-06
680.9262	1.7769376e-06
681.008	1.0738075e-06
681.08795	6.435225e-07
681.1711	3.824619e-07
681.25323	2.2542609e-07
681.33307	1.3176957e-07
681.4162	7.638691e-08
681.49854	4.3914806e-08
681.578	2.5037291e-08
681.6612	1.4155943e-08
681.74365	7.93699e-09
681.8232	4.4129402e-09
681.90656	2.4330222e-09
681.9887	1.3301362e-09
;; BAND Oa10
673.24347	1.288212e-09
673.3241	2.3593403e-09
673.40485	4.284628e-09
673.4886	7.715543e-09
673.56946	1.3777252e-08
673.6503	2.4395622e-08
673.7337	4.2837254e-08
673.8149	7.459353e-08
673.8957	1.2881148e-07
673.979	2.2059048e-07
674.06006	3.7462502e-07
674.1413	6.309356e-07
674.22406	1.0537759e-06
674.3053	1.7453303e-06
674.387	2.8665584e-06
674.4694	4.668623e-06
674.55035	7.539516e-06
674.6327	1.2072787e-05
674.71484	1.9167213e-05
674.7954	3.0169775e-05
674.8783	4.7077803e-05
674.9603	7.282159e-05
675.04047	0.00011165164
675.1236	0.00016966405
675.2056	0.00025550436
675.2854	0.0003812884
675.36896	0.0005637816
675.451	0.00082589453
675.5306	0.0011985265
675.6141	0.0017227795
675.6963	0.0024525875
675.7758	0.0034576664
675.8591	0.0048267604
675.94165	0.006671054
676.02155	0.009127546
676.1041	0.012361928
676.18677	0.016571008
676.2673	0.021983612
676.3492	0.02886011
676.43195	0.03748934
676.51306	0.04818312
676.5946	0.06126747
676.6772	0.07707016
676.75885	0.0959053
676.83954	0.118054986
676.922	0.14374705
677.0045	0.17313567
677.08453	0.20627554
677.16693	0.24310727
677.2499	0.28343812
677.32996	0.32693693
677.41205	0.37313017
677.4952	0.4214144
677.5755	0.4710722
677.65717	0.5213042
677.7405	0.57126135
677.82074	0.6200917
677.90265	0.6669866
677.98553	0.7112201
678.06604	0.75219315
678.14813	0.78946096
678.2306	0.82275534
678.31134	0.85198104
678.39386	0.8772179
678.47577	0.89869213
678.55664	0.91673934
678.6396	0.93176883
678.7211	0.9442251
678.80176	0.9545374
678.88525	0.9631099
678.96655	0.97025776
679.0467	0.97623754
679.13086	0.9812204
679.21216	0.9853216
679.29175	0.9886012
679.37616	0.991099
679.4576	0.9928486
679.537	0.99392736
679.62134	0.9944166
679.7029	0.9944247
679.78235	0.99412465
679.8665	0.99367326
679.9482	0.993232
680.02783	0.99294335
680.1113	0.99290687
680.19366	0.99317235
680.27344	0.9937232
680.35596	0.9944984
680.4388	0.99539626
680.51917	0.9962868
680.60077	0.9970394
680.68396	0.997551
680.7651	0.9977545
680.84576	0.9976324
680.92914	0.9972136
681.0107	0.99659586
681.0907	0.99589264
681.1742	0.9952368
681.2565	0.99475294
681.3357	0.9945459
681.41925	0.9946654
681.50165	0.9951128
681.58105	0.99583197
681.6645	0.99672383
681.747	0.9976667
681.8265	0.9985183
681.9097	0.9991636
681.99225	0.9995097
682.0719	0.999532
682.1552	0.9992336
682.2373	0.9986956
682.3173	0.9980273
682.40076	0.99735445
682.4823	0.9968026
682.5625	0.9964859
682.6464	0.9964685
682.7275	0.99675584
682.80804	0.997299
682.892	0.9979863
682.973	0.99869347
683.0534	0.9992408
683.13776	0.9994683
683.2185	0.99922615
683.29846	0.99838644
683.3833	0.99686104
683.4639	0.9945963
683.54364	0.99155116
683.62823	0.98768616
683.7094	0.9829447
683.78876	0.9772064
683.87317	0.9703055
683.9548	0.9619812
684.03424	0.9519004
684.11786	0.93966115
684.20013	0.9248163
684.27985	0.9069135
684.3624	0.88552934
684.4456	0.8603123
684.52545	0.83103275
684.6071	0.7976025
684.69104	0.7601158
684.7711	0.71884024
684.8518	0.6742275
684.9364	0.62688655
685.0169	0.5775547
685.09686	0.5270558
685.18164	0.47625843
685.26263	0.42602342
685.3419	0.3771695
685.4267	0.3304265
685.50824	0.28640908
685.5869	0.24559869
685.6718	0.20833382
685.7534	0.17480934
685.8323	0.14508776
685.9171	0.11911142
685.9987	0.096724175
686.0779	0.07769404
686.1624	0.061734658
686.2441	0.04852635
686.3235	0.037736673
686.4079	0.029034568
686.489	0.0221039
686.5689	0.016651804
686.6533	0.012414595
686.73413	0.009160624
686.8145	0.0066909115
686.899	0.0048379046
686.9792	0.0034633076
687.0599	0.002454904
687.1443	0.0017231989
687.2248	0.0011979673
687.3053	0.00082492275
687.3895	0.0005627138
687.47034	0.00038029053
687.55035	0.00025464973
687.6346	0.00016897269
687.7157	0.00011111701
687.79553	7.242204e-05
687.87946	4.6787507e-05
687.9614	2.9963301e-05
688.0409	1.9023286e-05
688.12415	1.1974106e-05
688.2071	7.472918e-06
688.2862	4.624343e-06
688.36896	2.8375136e-06
688.45264	1.7265284e-06
688.532	1.0417594e-06
688.61365	6.2334584e-07
688.6982	3.6988217e-07
688.7774	2.176581e-07
688.8582	1.2701739e-07
688.94354	7.3507145e-08
689.023	4.2185626e-08
689.10297	2.400865e-08
689.18884	1.3549635e-08
689.26886	7.582955e-09
689.3481	4.208113e-09
689.4342	2.3156097e-09
689.5146	1.2634569e-09
;; BAND Oa11
699.582	1.0647646e-09
699.6771	2.1471522e-09
699.7734	4.281485e-09
699.86285	8.442391e-09
699.9622	1.6462394e-08
700.054	3.1746147e-08
700.1485	6.054401e-08
700.2453	1.1419388e-07
700.33636	2.1301581e-07
700.432	3.9298945e-07
700.52783	7.1704574e-07
700.6179	1.2938983e-06
700.7167	2.309035e-06
700.8088	4.0749223e-06
700.903	7.111152e-06
700.9999	1.2270501e-05
701.09064	2.0933876e-05
701.1869	3.5306686e-05
701.2821	5.8861973e-05
701.37274	9.6990625e-05
701.4714	0.0001579351
701.5632	0.0002541077
701.6577	0.00040390226
701.75446	0.0006341334
701.8449	0.0009832315
701.9417	0.0015053005
702.0365	0.00227512
702.1276	0.003394049
702.22577	0.0049967137
702.3177	0.0072581703
702.41235	0.010400855
702.509	0.014700626
702.59924	0.020490691
702.6965	0.02816222
702.79083	0.038159728
702.8825	0.05097019
702.98016	0.06710463
703.0723	0.08707069
703.16693	0.11133779
703.2636	0.14029598
703.3534	0.17420852
703.45123	0.2131661
703.5451	0.25704706
703.6374	0.30548552
703.7346	0.35785928
703.82666	0.41329643
703.92163	0.47070983
704.0182	0.52884865
704.10754	0.58637875
704.2058	0.6419775
704.2995	0.69442266
704.3922	0.7426886
704.4891	0.78601766
704.58105	0.8239679
704.6763	0.8564245
704.7729	0.883575
704.8618	0.90586406
704.96045	0.9239046
705.0539	0.93839985
705.1473	0.9500437
705.2436	0.9594544
705.3353	0.9671265
705.431	0.9734052
705.5277	0.9784927
705.6167	0.98249567
705.7151	0.9854618
705.80835	0.9874282
705.90234	0.9884877
705.99817	0.98878187
706.0897	0.98852116
706.18585	0.98797494
706.2821	0.98739886
706.3716	0.98703897
706.4696	0.9870529
706.56305	0.98750955
706.657	0.98836005
706.75275	0.98946226
706.8441	0.99061686
706.9405	0.99160284
707.0366	0.9922515
707.1264	0.9924298
707.2242	0.9921483
707.31757	0.9914971
707.4116	0.9906427
707.5074	0.9898052
707.5982	0.9892023
707.6953	0.98899144
707.7909	0.98925704
707.8812	0.9899627
707.9785	0.9909986
708.07196	0.9921516
708.1662	0.9932163
708.262	0.993979
708.3525	0.99429893
708.45	0.9941467
708.5452	0.9935897
708.6361	0.9927695
708.733	0.9919083
708.8264	0.99123275
708.92065	0.99092126
709.0166	0.9910899
709.1067	0.9917318
709.20465	0.9927757
709.2994	0.99402434
709.391	0.99525917
709.48773	0.9962775
709.5806	0.99690396
709.6751	0.99704695
709.7716	0.9967757
709.86096	0.99617064
709.9592	0.99543136
710.0536	0.9947887
710.1459	0.9944332
710.2424	0.99449044
710.33484	0.9949946
710.42975	0.99588263
710.5264	0.9969912
710.61566	0.9981256
710.71423	0.999068
710.8079	0.9996293
710.9009	0.99973613
710.9971	0.9993816
711.08923	0.9986666
711.18427	0.9977825
711.2814	0.99693835
711.37054	0.9963358
711.469	0.9961238
711.56226	0.99634606
711.65576	0.99695045
711.7519	0.99776566
711.84344	0.99857205
711.9389	0.9990728
712.03595	0.99903923
712.1254	0.9982306
712.22363	0.99650276
712.31665	0.99377865
712.4102	0.9900064
712.5067	0.98512846
712.59766	0.9790511
712.69354	0.97155136
712.7902	0.96227676
712.8802	0.9507308
712.9784	0.93627656
713.071	0.91820484
713.1646	0.8957962
713.26154	0.8684237
713.35187	0.83563495
713.4482	0.7972316
713.5443	0.7533327
713.6351	0.70439017
713.7329	0.65117323
713.8252	0.5947321
713.919	0.536312
714.01636	0.4772648
714.1061	0.4189548
714.2027	0.3626532
714.2986	0.30947143
714.3899	0.26029786
714.4876	0.21576615
714.5796	0.17624478
714.6736	0.14185932
714.771	0.11251153
714.8603	0.08793267
714.95746	0.067722864
715.0528	0.051402766
715.1447	0.038454425
715.24225	0.028357295
715.33386	0.02061554
715.428	0.01477755
715.52594	0.010446064
715.61487	0.00728313
715.7123	0.0050092745
715.80707	0.0033993772
715.8996	0.0022765226
715.99695	0.0015047832
716.0882	0.000981943
716.18256	0.00063268864
716.2808	0.00040259087
716.3695	0.0002530376
716.4673	0.00015711939
716.5612	9.6398035e-05
716.6546	5.844754e-05
716.75146	3.5025605e-05
716.84265	2.0748363e-05
716.9371	1.2150925e-05
717.0356	7.0356937e-06
717.1243	4.02824e-06
717.2223	2.280679e-06
717.31555	1.276963e-06
717.4092	7.0709706e-07
717.5063	3.8723738e-07
717.597	2.097396e-07
717.6917	1.12354876e-07
717.79	5.9526364e-08
717.87897	3.119085e-08
717.9771	1.616349e-08
718.0699	8.283665e-09
718.16364	4.1983026e-09
718.26117	2.1041373e-09
718.35126	1.0428102e-09
;; BAND Oa12
745.89417	9.251038e-10
745.97406	1.7019606e-09
746.05646	3.1052685e-09
746.13934	5.61886e-09
746.2193	1.00834665e-08
746.302	1.7947071e-08
746.38403	3.168168e-08
746.46466	5.5470537e-08
746.54755	9.6329444e-08
746.6286	1.6592236e-07
746.70996	2.8346486e-07
746.79315	4.803342e-07
746.87335	8.07294e-07
746.9554	1.3457266e-06
747.0386	2.224891e-06
747.11816	3.6481515e-06
747.2006	5.932425e-06
747.2837	9.566733e-06
747.36316	1.5298305e-05
747.446	2.4257195e-05
747.5292	3.8134862e-05
747.6084	5.9436265e-05
747.69165	9.1830785e-05
747.77454	0.00014063329
747.8535	0.00021345452
747.93713	0.0003210634
748.01953	0.00047851095
748.0987	0.00070656976
748.1826	0.0010335388
748.2645	0.0014974424
748.34406	0.0021486653
748.42804	0.0030529979
748.5092	0.0042950166
748.5893	0.005981764
748.67365	0.00824643
748.75385	0.011251721
748.8346	0.015192828
748.9192	0.02029898
748.9987	0.026833681
749.07996	0.035092242
749.16437	0.0453971
749.2441	0.058088947
749.3254	0.07351501
749.4096	0.09201258
749.48944	0.11389015
749.57086	0.13940462
749.655	0.16873708
749.7347	0.20196943
749.8167	0.2390631
749.9003	0.2798386
749.97986	0.32396647
750.0621	0.37096724
750.14557	0.42021376
750.225	0.47095597
750.3077	0.522344
750.3905	0.5734851
750.47034	0.6234619
750.55316	0.67140853
750.6349	0.7165507
750.7157	0.75824344
750.7987	0.7960182
750.8794	0.8295925
750.961	0.8588812
751.0443	0.8839877
751.1241	0.90517336
751.2064	0.9228239
751.28937	0.9373991
751.36884	0.9493938
751.45197	0.9592792
751.53467	0.9674796
751.61365	0.9743376
751.6976	0.98010814
751.78	0.98494923
751.85895	0.9889519
751.9432	0.9921536
752.02527	0.994565
752.1042	0.99621654
752.1887	0.9971468
752.2704	0.9974471
752.3493	0.99723005
752.43427	0.99669564
752.5155	0.99600184
752.5946	0.9953483
752.6799	0.9948997
752.7603	0.9947631
752.8397	0.9949895
752.92535	0.9955591
753.00494	0.99639964
753.08527	0.99737716
753.1707	0.99834704
753.24994	0.99914986
753.3309	0.9996786
753.4159	0.9998
753.49506	0.999547
753.57635	0.9989503
753.661	0.99810505
753.74054	0.99715585
753.82214	0.99625957
753.9061	0.99555635
753.98566	0.99516577
754.0677	0.99514043
754.15106	0.99547654
754.2309	0.9961047
754.31323	0.99690455
754.39594	0.99773395
754.4762	0.9984295
754.55884	0.9988485
754.64087	0.9989094
754.7215	0.9985705
754.8044	0.9978574
754.88574	0.99688077
754.9668	0.99576837
755.0499	0.9946846
755.13	0.99378496
755.21234	0.9932048
755.2951	0.9930088
755.37463	0.9932151
755.4579	0.9937602
755.5404	0.9945229
755.6197	0.99532944
755.7034	0.9959882
755.7855	0.9963063
755.86444	0.9961089
755.9492	0.9952713
756.03076	0.9937059
756.10944	0.99137986
756.1949	0.98827016
756.2761	0.9843881
756.3547	0.97968584
756.4403	0.97409266
756.5213	0.9674395
756.5998	0.95948064
756.68585	0.94986355
756.76636	0.93815994
756.84534	0.92388684
756.93146	0.9065391
757.01154	0.8856427
757.0908	0.8607982
757.1769	0.83173466
757.25616	0.79833883
757.33624	0.7606936
757.4221	0.7190697
757.50116	0.6739417
757.5819	0.62595385
757.66693	0.5758891
757.7461	0.5246208
757.8276	0.4730685
757.91174	0.42214125
757.9916	0.3726971
758.0732	0.32549205
758.1566	0.28116104
758.23676	0.24019168
758.3189	0.2029177
758.4015	0.16952084
758.48206	0.14004236
758.56445	0.11440127
758.64636	0.09241583
758.7274	0.07382849
758.80994	0.058328915
758.89136	0.04557806
758.97284	0.03522665
759.05554	0.02693195
759.1362	0.020369805
759.2183	0.015243085
759.3008	0.011286876
759.3808	0.008270618
759.46387	0.0059981653
759.54596	0.0043059713
759.6255	0.0030601998
759.7095	0.0021533326
759.79114	0.001500427
759.8703	0.001035417
759.95514	0.00070773566
760.03644	0.00047922257
760.1152	0.00032149273
760.2009	0.00021371036
760.2817	0.00014078355
760.36	9.1917456e-05
760.44653	5.9485672e-05
760.527	3.8162587e-05
760.6056	2.4272558e-05
760.692	1.5306887e-05
760.77216	9.571637e-06
760.8509	5.9353174e-06
760.9375	3.6499189e-06
761.0175	2.2260176e-06
761.0964	1.3464643e-06
761.18304	8.0779114e-07
761.26263	4.806757e-07
761.34174	2.8370556e-07
761.4278	1.6609559e-07
761.5074	9.645425e-08
761.5872	5.5559532e-08
761.67255	3.1743802e-08
761.75244	1.7989262e-08
761.8329	1.0111444e-08
761.9174	5.6370255e-09
761.9973	3.1168315e-09
762.07855	1.7091939e-09
762.1622	9.295491e-10
;; BAND Oa13
755.93225	1.004419e-09
755.98724	1.5318727e-09
756.04584	2.3270508e-09
756.0985	3.5209993e-09
756.159	5.3065254e-09
756.2125	7.966003e-09
756.27167	1.1911332e-08
756.326	1.7740827e-08
756.3839	2.6319828e-08
756.44055	3.8894665e-08
756.49664	5.7253267e-08
756.55457	8.3948365e-08
756.6082	1.2261103e-07
756.66815	1.7838235e-07
756.72174	2.585119e-07
756.78107	3.7317741e-07
756.8345	5.366037e-07
756.89404	7.685934e-07
756.9489	1.0965803e-06
757.00616	1.5584111e-06
757.0627	2.206066e-06
757.118	3.1105992e-06
757.1771	4.368715e-06
757.2313	6.11141e-06
757.2903	8.515297e-06
757.3431	1.1817367e-05
757.40344	1.633405e-05
757.45746	2.2485912e-05
757.5159	3.0829062e-05
757.5709	4.2094947e-05
757.6277	5.724115e-05
757.68567	7.751418e-05
757.7409	0.00010452819
757.7992	0.00014036328
757.8521	0.00018768232
757.91266	0.0002498777
757.966	0.00033124493
758.0254	0.00043719006
758.0794	0.00057447876
758.1378	0.0007515247
758.1939	0.0009787192
758.25024	0.001268819
758.30786	0.0016373846
758.36194	0.0021032544
758.4217	0.0026890773
758.4756	0.0034218952
758.53455	0.0043337326
758.5877	0.0054622614
758.6475	0.006851372
758.70245	0.008551864
758.7601	0.010621948
758.8159	0.0131277125
758.8717	0.016143525
758.9308	0.019752264
758.98505	0.024045201
759.0437	0.029121706
759.0963	0.035088737
759.1569	0.04205995
759.21094	0.050153855
759.26965	0.05949305
759.3243	0.07020058
759.38135	0.08239831
759.43915	0.09620338
759.4947	0.11172499
759.5526	0.12906006
759.6057	0.14828907
759.66626	0.16947286
759.7198	0.19264756
759.779	0.2178221
759.8326	0.24497165
759.89154	0.27403817
759.9474	0.30492643
760.00397	0.33750308
760.0611	0.37159878
760.1156	0.40700564
760.17535	0.44348213
760.2291	0.48075727
760.28815	0.5185333
760.34106	0.5564969
760.401	0.5943202
760.4559	0.6316752
760.5139	0.66823536
760.5692	0.70369345
760.62537	0.7377566
760.68414	0.7701673
760.73883	0.8007075
760.7972	0.8291836
760.8496	0.85546404
760.91046	0.87945247
760.9644	0.9011001
761.0234	0.9203985
761.0775	0.9373759
761.1352	0.9521022
761.19244	0.9646504
761.2483	0.9751249
761.3059	0.98363286
761.3595	0.9902802
761.4199	0.9951665
761.4737	0.99837697
761.5324	0.99997216
761.5859	0.99995375
761.64514	0.9983336
761.701	0.9950997
761.7578	0.9901796
761.81433	0.9835027
761.8692	0.97495973
761.9291	0.9644566
761.983	0.951889
762.0417	0.93715274
762.09424	0.9201569
762.1544	0.9008439
762.20935	0.87918663
762.26776	0.85518587
762.32245	0.8288979
762.3787	0.8004138
762.4376	0.7698792
762.49243	0.7374771
762.5506	0.70342237
762.6035	0.66798204
762.6639	0.63144
762.71826	0.59410775
762.7768	0.5563072
762.8309	0.5183692
762.88904	0.48061845
762.9459	0.4433688
763.00195	0.40691718
763.0592	0.3715351
763.1131	0.33746135
763.17346	0.30490425
763.22754	0.27403417
763.28595	0.24498324
763.3391	0.21784715
763.3985	0.19268382
763.4544	0.16951698
763.5117	0.14833963
763.56744	0.1291146
763.6227	0.11178225
763.68256	0.09626174
763.7367	0.082456484
763.79504	0.07025784
763.8476	0.059548426
763.90784	0.050206583
763.9629	0.042108968
764.02136	0.035134185
764.0758	0.029163202
764.1327	0.024082623
764.1909	0.01978588
764.2463	0.016173659
764.304	0.013154542
764.3571	0.010645561
764.4173	0.008572442
764.472	0.0068691038
764.53033	0.005477363
764.5841	0.00434645
764.64264	0.0034325283
764.6994	0.0026979195
764.75555	0.0021105653
764.81244	0.001643388
764.86664	0.0012737147
764.9268	0.0009826829
764.98126	0.0007547152
765.0396	0.00057703245
765.0923	0.0004392195
765.15204	0.0003328483
765.20795	0.00025113704
765.2657	0.00018866584
765.3207	0.00014112715
765.3764	0.00010511826
765.43616	7.79671e-05
765.49054	5.75872e-05
765.5485	4.235798e-05
765.6014	3.102788e-05
765.66144	2.2635502e-05
765.71674	1.6445954e-05
765.77484	1.1900653e-05
765.8291	8.577028e-06
765.8865	6.1569085e-06
765.9446	4.402097e-06
765.99994	3.1349673e-06
766.05725	2.2237662e-06
766.1109	1.5712097e-06
766.17084	1.1057896e-06
766.2258	7.751903e-07
766.28394	5.4130766e-07
766.3374	3.76514e-07
766.39624	2.6086954e-07
766.4529	1.800401e-07
766.50946	1.237715e-07
766.56573	8.4756955e-08
766.6203	5.781422e-08
766.6803	3.928209e-08
766.73505	2.658618e-08
766.79297	1.7923147e-08
766.84576	1.2035589e-08
766.9054	8.0503035e-09
766.9614	5.363478e-09
767.01935	3.559303e-09
767.074	2.3526936e-09
767.13	1.5489697e-09
767.18964	1.0157655e-09
;; BAND Oa14
758.4401	9.19621e-10
758.5027	1.4699398e-09
758.56555	2.338101e-09
758.6279	3.7008976e-09
758.6914	5.8295586e-09
758.7542	9.138099e-09
758.81683	1.4255068e-08
758.87933	2.2130104e-08
758.94275	3.4190137e-08
759.0056	5.2568417e-08
759.068	8.0437616e-08
759.13074	1.2249113e-07
759.1939	1.8563662e-07
759.257	2.7998522e-07
759.3193	4.2026198e-07
759.3823	6.2779174e-07
759.44507	9.332967e-07
759.5085	1.3807919e-06
759.5705	2.0329928e-06
759.6338	2.9787643e-06
759.69653	4.3433233e-06
759.7599	6.3020766e-06
759.8218	9.099361e-06
759.8853	1.3073477e-05
759.9477	1.8690089e-05
760.0114	2.6586136e-05
760.0729	3.762789e-05
760.13684	5.2985215e-05
760.19904	7.422868e-05
760.26306	0.000103452614
760.3241	0.00014343062
760.3883	0.00019781101
760.45026	0.00027135934
760.5144	0.00037025596
760.5755	0.00050245377
760.63965	0.00067811756
760.7016	0.0009101289
760.7659	0.0012146849
760.8266	0.0016119898
760.8913	0.0021270136
760.9528	0.002790388
761.01746	0.003639293
761.078	0.0047184597
761.1426	0.006081249
761.20416	0.007790483
761.2688	0.009919486
761.32904	0.012552939
761.394	0.015787512
761.4553	0.019731756
761.52	0.024506556
761.5804	0.03024418
761.6454	0.03708728
761.7068	0.045186833
761.7715	0.054699946
761.83154	0.06578607
761.8966	0.07860317
761.95795	0.09330312
762.0227	0.11002465
762.0828	0.12888908
762.1482	0.14999267
762.20935	0.17339899
762.2741	0.19913433
762.33405	0.22718148
762.3994	0.25747502
762.4605	0.2898972
762.52563	0.32427546
762.5853	0.36038503
762.6508	0.39794293
762.7119	0.4366299
762.77673	0.4760782
762.83655	0.51589346
762.9021	0.5556642
762.96326	0.5949655
763.02814	0.633387
763.0878	0.67053777
763.15344	0.70605713
763.21466	0.7396344
763.27966	0.7710144
763.3391	0.8000043
763.4048	0.82648647
763.46606	0.8504073
763.53094	0.87177765
763.5904	0.8906799
763.6563	0.90724623
763.7174	0.92165005
763.7822	0.9340974
763.8416	0.9448117
763.9076	0.95401454
763.9688	0.96192276
764.0336	0.9687365
764.09296	0.9746271
764.159	0.97973925
764.2202	0.9841964
764.2849	0.9880657
764.3442	0.9913937
764.4104	0.9941844
764.4716	0.9964531
764.53644	0.9981677
764.59546	0.99932486
764.6616	0.9999174
764.7229	0.99992144
764.7877	0.99936974
764.8466	0.9982418
764.913	0.99655014
764.9743	0.9943163
765.039	0.9915497
765.0979	0.9882542
765.16437	0.9844075
765.22565	0.9799631
765.2905	0.9748552
765.3492	0.9689737
765.4158	0.96217483
765.4771	0.9542832
765.5418	0.94510084
765.60034	0.93440855
765.6672	0.921981
765.7285	0.9075922
765.7932	0.8910386
765.8517	0.87214494
765.91864	0.8507805
765.97986	0.8268645
766.04443	0.8003829
766.10297	0.77138954
766.17004	0.74000317
766.2312	0.7064164
766.29584	0.67088497
766.35455	0.6337206
766.42145	0.59528077
766.48254	0.5559601
766.547	0.51617235
766.6059	0.47633645
766.6727	0.43686727
766.7341	0.39816064
766.7984	0.36058143
766.8574	0.32445374
766.92413	0.29005572
766.98535	0.25761455
767.0496	0.22730207
767.10864	0.1992368
767.1755	0.17348537
767.2368	0.15006371
767.30115	0.12894674
767.3601	0.11007012
767.4269	0.09333834
767.4881	0.07862965
767.55237	0.065805025
767.6116	0.05471323
767.6782	0.045195796
767.7396	0.037092973
767.8035	0.03024753
767.8629	0.02450826
767.92957	0.019732429
767.9909	0.015787503
768.0549	0.012552527
768.1144	0.009918793
768.18115	0.0077896905
768.24225	0.0060804645
768.3061	0.004717771
768.3658	0.0036387136
768.43243	0.0027899463
768.49365	0.0021266988
768.55756	0.0016117818
768.6172	0.0012145715
768.6839	0.00091007777
768.7451	0.00067810935
768.8088	0.0005024728
768.8686	0.00037028996
768.9352	0.00027140367
768.99646	0.00019785938
769.0602	0.00014347908
769.11993	0.000103499195
769.18646	7.4271215e-05
769.24786	5.302247e-05
769.3114	3.765939e-05
769.37146	2.661229e-05
769.438	1.8711267e-05
769.4994	1.3090354e-05
769.5627	9.112603e-06
769.62286	6.3123107e-06
769.68933	4.3511427e-06
769.7507	2.984673e-06
769.8139	2.0374014e-06
769.87427	1.3840511e-06
769.9408	9.3568514e-07
770.00214	6.295259e-07
770.0651	4.2150998e-07
770.1257	2.8087678e-07
770.1921	1.8626847e-07
770.25354	1.2293592e-07
770.31647	8.074834e-08
770.3769	5.278396e-08
770.4433	3.4338573e-08
770.5048	2.2231685e-08
770.5676	1.4324122e-08
770.62836	9.184714e-09
770.6946	5.8608363e-09
770.7562	3.7217542e-09
770.8189	2.3519175e-09
770.87964	1.4790362e-09
770.9458	9.2557645e-10
;; BAND Oa15
762.1967	1.0090013e-09
762.2531	1.5382017e-09
762.3105	2.3356876e-09
762.3639	3.53268e-09
762.4243	5.3221454e-09
762.4783	7.98666e-09
762.5372	1.1938387e-08
762.5903	1.7775806e-08
762.64923	2.636399e-08
762.7048	3.8948613e-08
762.7625	5.731578e-08
762.81854	8.401603e-08
762.87366	1.2267454e-07
762.9332	1.7842427e-07
762.98755	2.5850076e-07
763.0462	3.7305958e-07
763.0986	5.3629515e-07
763.1587	7.679526e-07
763.2132	1.0953845e-06
763.27185	1.5563202e-06
763.3264	2.2025463e-06
763.38306	3.104852e-06
763.4414	4.35955e-06
763.49695	6.0970524e-06
763.5549	8.493172e-06
763.60706	1.1783737e-05
763.6681	1.6283697e-05
763.7223	2.2411408e-05
763.78094	3.0719893e-05
763.83453	4.1936793e-05
763.8928	5.7013865e-05
763.9495	7.719027e-05
764.0059	0.00010407051
764.06323	0.00013972084
764.1167	0.00018678639
764.1773	0.00024863586
764.2313	0.00032954031
764.29016	0.00043486868
764.34296	0.00057133305
764.40204	0.0007472802
764.45776	0.0009730228
764.5157	0.0012612214
764.57117	0.0016273035
764.62634	0.0020899812
764.6861	0.0026717428
764.7405	0.0033994347
764.7989	0.004304871
764.85126	0.0054254485
764.9115	0.006804745
764.96643	0.008493255
765.02466	0.010548761
765.0791	0.013036997
765.13617	0.016031858
765.1943	0.019615728
765.2498	0.023879372
765.30756	0.028921789
765.36005	0.03484935
765.4207	0.041775197
765.4754	0.049817532
765.5338	0.05909841
765.5874	0.06974074
765.64557	0.08186625
765.70245	0.095591985
765.75903	0.111027256
765.81586	0.1282691
765.8697	0.14739871
765.9302	0.16847809
765.98444	0.1915441
766.04297	0.21660575
766.0957	0.24364059
766.1549	0.2725933
766.2107	0.30336988
766.2687	0.33583862
766.3238	0.3698324
766.379	0.40514615
766.4389	0.44154063
766.4935	0.4787469
766.55164	0.5164725
766.604	0.5544023
766.6643	0.592213
766.7195	0.6295775
766.77765	0.6661726
766.83185	0.70168495
766.889	0.7358289
766.9471	0.76834136
767.00275	0.79900056
767.06036	0.82761383
767.1131	0.85404485
767.1736	0.8781946
767.2285	0.9000054
767.2867	0.9194653
767.3401	0.9366075
767.3984	0.9514788
767.45526	0.9641694
767.5122	0.9747722
767.56836	0.98339605
767.62256	0.99013907
767.6829	0.9951013
767.7375	0.9983597
767.7957	0.9999605
767.8483	0.99994147
767.9077	0.9983019
767.9635	0.99501956
768.0214	0.9900342
768.07635	0.98326993
768.132	0.9746315
768.19183	0.9640127
768.2467	0.9513071
768.3043	0.9364234
768.3566	0.91928387
768.4172	0.89982074
768.4725	0.87801915
768.5305	0.8538848
768.5845	0.8274707
768.64197	0.79887605
768.7	0.7682391
768.7555	0.7357407
768.813	0.7016137
768.866	0.66611445
768.9263	0.6295341
768.98157	0.59218204
769.03955	0.5543809
769.09265	0.5164599
769.15106	0.47874278
769.2081	0.44154117
769.2653	0.4051505
769.32117	0.3698397
769.37524	0.33584628
769.43567	0.30337766
769.4907	0.27260104
769.5484	0.2436476
769.601	0.21661052
769.6604	0.1915463
769.7165	0.16847864
769.7744	0.1473975
769.829	0.12826566
769.8851	0.11102203
769.9447	0.095585525
769.9996	0.0818585
770.057	0.06973208
770.1096	0.05908915
770.16986	0.049807936
770.22565	0.041765485
770.2833	0.034839604
770.3371	0.02891226
770.3947	0.023870263
770.45276	0.019607104
770.5088	0.016023796
770.56573	0.01302954
770.61914	0.010541997
770.67914	0.008487155
770.7346	0.0067993104
770.7925	0.0054206303
770.8454	0.004300664
770.9039	0.003395781
770.96094	0.002668589
771.0183	0.0020872797
771.0737	0.0016250097
771.1282	0.0012592905
771.1884	0.00097142806
771.2438	0.00074598053
771.3012	0.00057029363
771.3537	0.00043404876
771.41315	0.0003289023
771.46967	0.00024814374
771.5273	0.00018640673
771.5818	0.00013943198
771.6381	0.00010385321
771.6973	7.702808e-05
771.7527	5.6893798e-05
771.8099	4.1848827e-05
771.8626	3.0656094e-05
771.92255	2.2365368e-05
771.9787	1.6250877e-05
772.03625	1.1760479e-05
772.0898	8.476852e-06
772.14746	6.085731e-06
772.2057	4.351788e-06
772.262	3.099606e-06
772.31824	2.1990522e-06
772.37195	1.5540359e-06
772.4319	1.0939249e-06
772.48773	7.6703736e-07
772.5453	5.357381e-07
772.598	3.7273392e-07
772.6567	2.5831824e-07
772.7139	1.7832907e-07
772.77124	1.2263128e-07
772.82635	8.400221e-08
772.8814	5.731797e-08
772.94116	3.895817e-08
772.9967	2.6376204e-08
773.0539	1.7788166e-08
773.1063	1.1949439e-08
773.166	7.99583e-09
773.2227	5.3293463e-09
773.28	3.5381311e-09
773.33435	2.3397086e-09
773.3909	1.5411028e-09
773.44995	1.011068e-09
;; BAND Oa16
767.2054	9.254724e-10
767.3245	2.2435422e-09
767.4451	5.344094e-09
767.5643	1.2508698e-08
767.68475	2.8773457e-08
767.80365	6.504971e-08
767.9229	1.4454065e-07
768.0427	3.156696e-07
768.16077	6.775959e-07
768.281	1.4295414e-06
768.39886	2.9640817e-06
768.5198	6.0395873e-06
768.6368	1.2091175e-05
768.75745	2.377748e-05
768.8741	4.5919438e-05
768.9961	8.706407e-05
769.11237	0.0001620175
769.235	0.0002958061
769.35205	0.0005296758
769.4736	0.00092982093
769.59155	0.0015995456
769.7128	0.0026953847
769.83136	0.004447227
769.9527	0.007181638
770.0713	0.011346185
770.1923	0.017530719
770.31085	0.026480066
770.4306	0.039089926
770.55	0.056377437
770.6687	0.07942113
770.78876	0.10926212
770.90656	0.14677303
771.0274	0.19250196
771.14484	0.24651687
771.2662	0.3082738
771.38214	0.37653834
771.50397	0.4494093
771.6205	0.5244327
771.7429	0.5988229
771.85913	0.66977
771.98175	0.7347702
772.09863	0.79192424
772.2205	0.84015155
772.3384	0.879261
772.46014	0.9098704
772.57825	0.9331907
772.69977	0.9507237
772.81793	0.9639523
772.93835	0.974094
773.0572	0.98196954
773.17664	0.98800516
773.2961	0.992336
773.4143	0.99500906
773.53516	0.99613726
773.6526	0.9960183
773.7738	0.99513495
773.8907	0.9940701
774.0122	0.9933727
774.12854	0.99338865
774.2509	0.99417275
774.3666	0.9954908
774.4899	0.9969063
774.6056	0.99793875
774.7286	0.99823755
774.8454	0.99770474
774.9677	0.99653614
775.08514	0.9951345
775.20734	0.9939959
775.32495	0.9935199
775.4462	0.9938778
775.5644	0.9949421
775.6844	0.9963508
775.8034	0.997609
775.9223	0.99829394
776.0424	0.9981501
776.16046	0.9972422
776.2813	0.99588925
776.39844	0.9945564
776.5202	0.99372625
776.6368	0.9936712
776.7589	0.9944215
776.8748	0.9957235
776.99774	0.9971136
777.1131	0.99811184
777.2367	0.9983867
777.3525	0.99782324
777.4756	0.99662834
777.59216	0.9952176
777.71484	0.9940918
777.83203	0.9936359
777.95374	0.9940095
778.0718	0.99508226
778.19214	0.9964779
778.31067	0.99770284
778.4302	0.99832
778.5497	0.99810094
778.66833	0.9971114
778.78876	0.99568146
778.9064	0.9942995
779.02783	0.9934204
779.1447	0.9933417
779.26685	0.99408984
779.38306	0.9953951
779.5057	0.9967893
779.62115	0.9978045
779.7447	0.9980849
779.8597	0.99754363
779.9835	0.9963901
780.0992	0.9950212
780.2225	0.993915
780.339	0.9934616
780.4613	0.99381566
780.5787	0.9948266
780.7	0.99613386
780.8178	0.9972425
780.93805	0.99775404
781.05707	0.99744743
781.1762	0.99639153
781.2961	0.9949329
781.4141	0.99352926
781.5353	0.99265075
781.6526	0.9925467
781.77454	0.99322456
781.89087	0.994407
782.0137	0.99563605
782.1293	0.99645
782.2526	0.9965117
782.3676	0.99577105
782.4917	0.99444157
782.60614	0.9929453
782.73047	0.9917664
782.84595	0.9912739
782.96893	0.9916036
783.08563	0.9925926
783.20764	0.99385667
783.32513	0.99491054
783.4459	0.99534774
783.5642	0.99496764
783.68427	0.9938603
783.8034	0.9923647
783.922	0.9909542
784.0425	0.9900567
784.1604	0.9899108
784.28204	0.9904671
784.3988	0.99138725
784.52124	0.9921336
784.637	0.99213463
784.76056	0.99090266
784.87573	0.98814
784.9995	0.9837214
785.1141	0.9776025
785.23846	0.96963084
785.35297	0.9593828
785.4767	0.94604516
785.59283	0.9284062
785.7153	0.9050057
785.83246	0.87435293
785.95374	0.8352624
786.0715	0.7871267
786.1919	0.7301444
786.3107	0.665397
786.4299	0.59477323
786.5496	0.5207687
786.6684	0.44617075
786.7893	0.37374306
786.9068	0.30591872
787.0287	0.24458319
787.14496	0.19095214
787.2678	0.14556211
787.3838	0.108339526
787.50757	0.07873576
787.62225	0.055881027
787.74646	0.03873919
787.8605	0.026238682
787.98474	0.01736866
788.0998	0.011240073
788.22284	0.0071139224
788.3394	0.0044050845
788.4615	0.0026698234
788.5787	0.0015844307
788.6997	0.000921116
788.81793	0.00052479526
788.93787	0.0002931429
789.0569	0.00016060562
789.17615	8.633738e-05
789.29663	4.555617e-05
789.4147	2.3602017e-05
789.536	1.2009604e-05
789.6529	6.003333e-06
789.77527	2.9487014e-06
789.8912	1.4233588e-06
790.0151	6.752955e-07
790.1306	3.149229e-07
790.2544	1.4436506e-07
790.36865	6.5054216e-08
790.4926	2.881523e-08
790.6071	1.2545072e-08
790.731	5.3681144e-09
790.84656	2.2575386e-09
790.96924	9.329817e-10
;; BAND Oa17
851.04816	1.192493e-09
851.1969	3.4042258e-09
851.3404	9.482703e-09
851.4853	2.5779714e-08
851.6321	6.841012e-08
851.7727	1.772145e-07
851.9209	4.4815425e-07
852.0596	1.1063228e-06
852.20807	2.6656264e-06
852.3528	6.267226e-06
852.4966	1.437346e-05
852.64386	3.2141277e-05
852.78357	7.0040594e-05
852.93146	0.00014864499
853.073	0.00030701936
853.2196	0.000616699
853.36505	0.0012037442
853.50775	0.0022814157
853.6552	0.0041950727
853.79407	0.0074782725
853.9424	0.012914286
854.0857	0.021589547
854.23114	0.034917805
854.377	0.054606114
854.51874	0.08253258
854.66644	0.12051654
854.8047	0.1699845
854.9541	0.23157422
855.098	0.30475935
855.2423	0.3875983
855.38904	0.47673586
855.5293	0.5677124
855.6774	0.6555788
855.8177	0.7356992
855.96576	0.80455476
856.1102	0.86030525
856.2534	0.90295786
856.4005	0.9340671
856.54004	0.9560951
856.6881	0.97163033
856.8309	0.9827556
856.97723	0.99072856
857.1218	0.99609023
857.2649	0.9990158
857.4118	0.9997421
857.5505	0.99884367
857.69977	0.99723035
857.84344	0.99586684
857.9885	0.9954137
858.1339	0.9959746
858.27545	0.99709934
858.42285	0.9980005
858.5625	0.99800533
858.712	0.9968952
858.85565	0.9949895
858.9992	0.99301976
859.14575	0.9917471
859.2861	0.9915784
859.43384	0.99236137
859.5761	0.9934659
859.7235	0.9941022
859.86725	0.99370897
860.0105	0.99225974
860.15704	0.9902448
860.2966	0.9884501
860.44507	0.9875427
860.5888	0.98774475
860.73474	0.988719
860.8787	0.98973805
861.02155	0.9900512
861.168	0.9892622
861.30756	0.9875502
861.45776	0.98552483
861.6011	0.98398435
861.7453	0.9834646
861.8908	0.9839932
862.0321	0.985067
862.1792	0.98590755
862.3207	0.9858508
862.4698	0.9846985
862.6128	0.9827906
862.75616	0.9808595
862.9023	0.979637
863.04266	0.979508
863.1901	0.9802962
863.3341	0.9813697
863.48114	0.98194534
863.62415	0.9815034
863.76764	0.98002535
863.9135	0.97802675
864.053	0.97626305
864.20306	0.97539014
864.3465	0.9755842
864.4917	0.97648114
864.6358	0.9773653
864.77826	0.9775118
864.9246	0.97654766
865.0653	0.97466224
865.21576	0.972498
865.3584	0.970809
865.5024	0.9700921
865.6476	0.97036654
865.78876	0.9711123
865.9356	0.9715656
866.07886	0.9711077
866.22736	0.9695738
866.36957	0.96732813
866.51337	0.9650917
866.6589	0.9635766
866.79913	0.9631348
866.9474	0.96357226
867.0919	0.96424717
867.2381	0.9644116
867.3809	0.9635629
867.52435	0.96171963
867.6699	0.95939
867.81036	0.9573351
867.96094	0.9561767
868.10394	0.95608556
868.24866	0.9566743
868.3928	0.95723885
868.5348	0.9570762
868.68097	0.95585203
868.8234	0.9537699
868.9736	0.9514628
869.1153	0.9496773
869.25934	0.9488953
869.4041	0.9490937
869.5452	0.9497492
869.69196	0.95011926
869.83673	0.94959396
869.98444	0.94802815
870.1265	0.945792
870.27045	0.9435997
870.4153	0.9421356
870.5559	0.9417193
870.70544	0.94214356
870.84955	0.9427723
870.99506	0.9428722
871.13806	0.9419745
871.281	0.94011766
871.42615	0.937822
871.56824	0.9358232
871.7189	0.9347168
871.86096	0.93463695
872.0057	0.9352011
872.1497	0.93571025
872.2914	0.93548346
872.43726	0.9342204
872.5815	0.9321287
872.7309	0.9298415
872.8723	0.9280589
873.0165	0.9272122
873.1608	0.9272011
873.30164	0.92741764
873.45	0.92696244
873.5946	0.925019
873.7416	0.92105466
873.8834	0.91484237
874.0273	0.9062249
874.1715	0.8947047
874.3133	0.8791249
874.4634	0.8576097
874.60657	0.8278264
874.75214	0.7875817
874.8951	0.7355132
875.0378	0.67166954
875.18256	0.59777325
875.3264	0.51705474
875.4762	0.43373096
875.61786	0.35228884
875.7628	0.27674925
875.90656	0.21012
876.0478	0.15412202
876.1946	0.109196566
876.33954	0.074734464
876.48737	0.049419116
876.6292	0.031584796
876.7735	0.01951961
876.91736	0.01167112
877.05884	0.0067558126
877.2078	0.003788497
877.35187	0.0020597083
877.49854	0.0010865085
877.64056	0.0005565425
877.7842	0.00027704667
877.9281	0.0001341352
878.0712	6.321171e-05
878.22107	2.901524e-05
878.3636	1.2980943e-05
878.50903	5.6634376e-06
878.65204	2.4107192e-06
878.7943	1.0015259e-06
878.93964	4.0619486e-07
879.08435	1.6085295e-07
879.2329	6.2196655e-08
879.3749	2.348215e-08
879.5197	8.655542e-09
879.6631	3.1143552e-09
879.80457	1.0936337e-09
;; BAND Oa18
874.8063	1.2959072e-09
874.9034	2.566907e-09
875.0007	5.0319637e-09
875.0917	9.7630135e-09
875.18604	1.8748826e-08
875.2803	3.5639307e-08
875.37506	6.7060355e-08
875.47174	1.2490956e-07
875.56036	2.3031774e-07
875.6572	4.203976e-07
875.7542	7.5960526e-07
875.8457	1.3586169e-06
875.9399	2.4052927e-06
876.03394	4.214698e-06
876.12897	7.3090023e-06
876.22595	1.2542821e-05
876.3143	2.1297164e-05
876.411	3.577476e-05
876.5078	5.9441474e-05
876.59985	9.767487e-05
876.69403	0.00015869997
876.7875	0.00025490698
876.8826	0.00040467462
876.98016	0.00063482934
877.06854	0.0009838633
877.1646	0.0015060678
877.2614	0.0022766062
877.354	0.0033975523
877.44836	0.0050047752
877.5411	0.0072752982
877.63654	0.010434551
877.7343	0.014762761
877.8228	0.02059928
877.91864	0.028343262
878.01495	0.03844965
878.10815	0.051418032
878.2027	0.06777422
878.29456	0.08804241
878.3902	0.112709805
878.4883	0.14218216
878.57697	0.17673777
878.6725	0.21647818
878.76843	0.2612853
878.8622	0.31079125
878.9569	0.3643592
879.048	0.42109397
879.1439	0.47987515
879.24207	0.53941035
879.33136	0.59832066
879.42633	0.6552278
879.5221	0.7088643
879.6159	0.75816035
879.71106	0.8023256
879.80133	0.8408951
879.8977	0.87374467
879.99585	0.90107214
880.0854	0.9233364
880.1804	0.9411757
880.2758	0.9553293
880.36975	0.9665224
880.46515	0.97539836
880.555	0.982484
880.6516	0.988133
880.7494	0.9925714
880.83954	0.9959046
880.9343	0.99818105
881.0295	0.99945086
881.1236	0.9997834
881.2193	0.99933356
881.3089	0.9983222
881.4054	0.9969994
881.5032	0.9956488
881.59357	0.99451464
881.6882	0.9937631
881.7829	0.99345875
881.87744	0.99355394
881.9734	0.99391025
882.06287	0.99432445
882.1591	0.99456626
882.2568	0.99445873
882.3477	0.99389094
882.442	0.9928526
882.53656	0.99143916
882.6311	0.9898243
882.7274	0.9882302
882.817	0.9868704
882.9129	0.9859063
883.01056	0.9854147
883.10187	0.9853756
883.1963	0.98564345
883.29016	0.9860365
883.38495	0.98632705
883.4817	0.98631805
883.5712	0.98587227
883.6669	0.98495466
883.76404	0.98363024
883.85596	0.9820571
883.95056	0.98044294
884.0437	0.9790075
884.1387	0.97793
884.2357	0.9773129
884.3254	0.9771504
884.42096	0.9773456
884.51764	0.977715
884.61005	0.97803956
884.7047	0.97811353
884.79724	0.9777857
884.8923	0.97699606
884.9899	0.97578007
885.0796	0.97426105
885.1751	0.97264904
885.2713	0.9711633
885.3641	0.96998465
885.45886	0.96924496
885.55066	0.9689699
885.64606	0.9690811
885.7437	0.9694156
885.8336	0.96976554
885.929	0.9699225
886.02484	0.96970916
886.11804	0.96904093
886.2128	0.96792066
886.3041	0.96646696
886.3998	0.9648489
886.49744	0.9632883
886.5876	0.96197706
886.68286	0.96106154
886.7785	0.9605721
886.87195	0.9604555
886.9669	0.9605415
887.05804	0.9605976
887.15356	0.9603586
887.2512	0.9595764
887.34155	0.95804423
887.4368	0.9556227
887.5321	0.9522393
887.6258	0.9478518
887.721	0.9424156
887.8119	0.9358366
887.90735	0.92790806
888.005	0.9182882
888.0957	0.9064964
888.1907	0.89192575
888.2857	0.8738982
888.3795	0.8517367
888.4751	0.8248519
888.56586	0.7928292
888.66144	0.75550574
888.75867	0.7130181
888.8498	0.665819
888.9446	0.614672
889.0391	0.56059027
889.13336	0.50477195
889.22906	0.4485088
889.32007	0.3930905
889.41534	0.33971533
889.51227	0.28942275
889.60376	0.24302892
889.6989	0.20111206
889.7927	0.16399787
889.887	0.13177726
889.98334	0.104339
890.0743	0.08140822
890.16943	0.062594265
890.2658	0.047433183
890.358	0.0354289
890.4531	0.026086543
890.54626	0.018937474
890.64087	0.0135564245
890.7374	0.009571088
890.8284	0.006665807
890.9235	0.0045804344
891.01953	0.00310607
891.1121	0.0020790386
891.20715	0.0013739029
891.29974	0.00089658005
891.3946	0.0005779114
891.49164	0.00036802032
891.58234	0.00023158839
891.67755	0.00014404324
891.773	8.857108e-05
891.866	5.3852098e-05
891.9611	3.238233e-05
892.0533	1.9261264e-05
892.14825	1.1334564e-05
892.2453	6.599783e-06
892.33624	3.8028977e-06
892.4316	2.16874e-06
892.5265	1.2241776e-06
892.62	6.840021e-07
892.7151	3.783248e-07
892.80695	2.0714896e-07
892.902	1.1228311e-07
892.9991	6.0250336e-08
893.09033	3.200446e-08
893.1854	1.6828835e-08
893.2803	8.7593275e-09
893.37384	4.5127253e-09
893.4691	2.3010938e-09
893.561	1.161251e-09
;; BAND Oa19
889.81287	1.3014763e-09
889.9084	2.5772824e-09
890.0055	5.0511204e-09
890.09595	9.798084e-09
890.1919	1.8812587e-08
890.28625	3.575435e-08
890.37964	6.72673e-08
890.4753	1.2528056e-07
890.5669	2.3098103e-07
890.6626	4.2158155e-07
890.7594	7.617219e-07
890.85	1.3623956e-06
890.9459	2.412033e-06
891.0399	4.2267093e-06
891.1338	7.330344e-06
891.2297	1.2580576e-05
891.32117	2.1363641e-05
891.4167	3.5890836e-05
891.5131	5.9642487e-05
891.60425	9.801968e-05
891.7	0.0001592833
891.7936	0.00025588204
891.88776	0.0004062831
891.98376	0.00063744234
892.07526	0.000988049
892.1707	0.001512661
892.26697	0.0022868188
892.3584	0.003413121
892.4543	0.0050280946
892.5474	0.007309615
892.6418	0.010484185
892.738	0.014833268
892.8294	0.020697601
892.9249	0.028477931
893.0208	0.038630594
893.1126	0.05165674
893.2084	0.06808297
893.3011	0.08843449
893.39575	0.11319741
893.49225	0.14277768
893.5835	0.17745061
893.6792	0.2173145
893.7746	0.2622472
893.8667	0.3118755
893.9625	0.36555701
894.05475	0.42239168
894.1499	0.4812514
894.24646	0.5408423
894.3377	0.5997816
894.4333	0.65668964
894.52826	0.71029896
894.621	0.759546
894.7168	0.80364245
894.8088	0.84212697
894.90405	0.87488294
895.0007	0.9021119
895.0919	0.924277
895.18744	0.9420211
895.2819	0.9560793
895.3751	0.96718216
895.4709	0.97597444
895.56287	0.9829727
895.65826	0.98853666
895.75464	0.99288934
895.846	0.99612707
895.9415	0.9983137
896.03577	0.99948704
896.1292	0.99972266
896.2251	0.99918556
896.31696	0.99808514
896.41235	0.99669135
896.50867	0.99526376
896.6001	0.99406165
896.6957	0.9932384
896.7895	0.99285936
896.88324	0.9928821
896.9792	0.99315536
897.0712	0.9934818
897.16644	0.99364007
897.2626	0.99344164
897.35425	0.9927819
897.44977	0.9916544
897.543	0.99016213
897.63715	0.98847
897.7334	0.9868071
897.82526	0.9853816
897.9206	0.9843492
898.0165	0.9837879
898.10846	0.9836726
898.2039	0.9838651
898.2968	0.98417395
898.3912	0.98437524
898.48755	0.9842738
898.5795	0.98373735
898.6747	0.98272926
898.7702	0.98132193
898.8626	0.9796692
898.95825	0.9779835
899.0504	0.9764787
899.14557	0.97533506
899.24176	0.9746478
899.33356	0.97441214
899.42883	0.9745251
899.524	0.9748073
899.61676	0.9750395
899.7123	0.97501415
899.80414	0.9745753
899.8996	0.9736566
899.996	0.9723075
900.0878	0.9706605
900.1829	0.9689109
900.2778	0.9672654
900.3708	0.9659183
900.46643	0.964982
900.5581	0.9644769
900.6539	0.96434176
900.75006	0.9644151
900.842	0.9644869
900.93695	0.9643399
901.03156	0.96381474
901.1249	0.9628283
901.2207	0.9613967
901.31226	0.9596353
901.408	0.95772904
901.5042	0.95589507
901.5961	0.95433384
901.6911	0.9531811
901.7852	0.9524785
901.8789	0.9521565
901.9748	0.9520475
902.0664	0.95191246
902.16223	0.951489
902.2581	0.95052135
902.3503	0.94880974
902.44507	0.9462167
902.5389	0.94267213
902.63306	0.93814355
902.72876	0.932593
902.82074	0.9259267
902.91626	0.9179512
903.012	0.908327
903.10443	0.8965816
903.1994	0.88211447
903.2925	0.8642504
903.387	0.8423172
903.483	0.81572485
903.575	0.78405696
903.67035	0.74715155
903.7659	0.70513487
903.8586	0.65845597
903.9537	0.60786515
904.04626	0.5543665
904.1409	0.49914607
904.2373	0.4434826
904.3293	0.38865197
904.4245	0.33584526
904.5197	0.28608763
904.61273	0.24019255
904.70795	0.1987295
904.8	0.16202235
904.89526	0.13015988
904.9915	0.10303167
905.08356	0.08036565
905.17847	0.061773177
905.2735	0.046794787
905.3668	0.034939043
905.46216	0.025715487
905.5536	0.018660065
905.6495	0.013351626
905.7455	0.009421815
905.8378	0.006558408
905.9326	0.0045041163
906.0273	0.0030525269
906.1208	0.0020419417
906.2163	0.0013485163
906.30725	0.0008794235
906.40356	0.00056645734
906.4996	0.00036046418
906.5921	0.00022666372
906.68665	0.00014087155
906.781	8.65518e-05
906.8748	5.2581603e-05
906.9702	3.159205e-05
907.06116	1.877526e-05
907.1579	1.1039003e-05
907.2537	6.4220603e-06
907.3462	3.6972156e-06
907.4407	2.1065803e-06
907.53485	1.1880204e-06
907.62885	6.6319757e-07
907.72455	3.6648424e-07
907.8152	2.004826e-07
907.912	1.0857052e-07
908.0077	5.8204872e-08
908.10034	3.0889566e-08
908.1948	1.6227697e-08
908.2885	8.438708e-09
908.38306	4.3435677e-09
908.47864	2.212812e-09
908.5696	1.1156871e-09
;; BAND Oa20
924.86066	1.2466589e-09
925.00775	3.5498582e-09
925.15204	9.864916e-09
925.29535	2.6760533e-08
925.43805	7.08753e-08
925.58276	1.832938e-07
925.72986	4.628853e-07
925.8741	1.1414472e-06
926.02045	2.7481155e-06
926.164	6.4580368e-06
926.3063	1.4808017e-05
926.4509	3.3114684e-05
926.59485	7.218095e-05
926.74286	0.00015325435
926.8877	0.00031671952
927.0326	0.000636595
927.1755	0.0012434206
927.31805	0.002358168
927.4646	0.004338801
927.60846	0.007738353
927.75604	0.013368239
927.90063	0.022352794
928.044	0.036152396
928.1869	0.05652493
928.3307	0.08539576
928.47797	0.124614164
928.6219	0.17560576
928.7688	0.2389602
928.91296	0.31404805
929.0549	0.39877775
929.1994	0.48960766
929.343	0.5818921
929.491	0.67053217
929.6357	0.7508106
929.781	0.8192114
929.9244	0.87398994
930.06635	0.9152895
930.2125	0.9448301
930.35626	0.96520895
930.5042	0.97909164
930.649	0.9885881
930.7927	0.99493986
930.9357	0.99866354
931.07904	0.99990696
931.2262	0.9989381
931.3698	0.9963661
931.5171	0.9931327
931.66156	0.9902154
931.8038	0.98826146
931.948	0.98734266
932.0911	0.98694205
932.2393	0.9862695
932.3835	0.9846559
932.52954	0.9819073
932.6734	0.9783935
932.8148	0.974873
932.9607	0.9721039
933.10406	0.9704654
933.2524	0.9697629
933.397	0.96933264
933.54126	0.96837443
933.6846	0.966358
933.82715	0.96329737
933.97437	0.95971876
934.11786	0.9564203
934.26556	0.95405704
934.4099	0.95280254
934.55237	0.9522812
934.6964	0.95174223
934.83954	0.95044804
934.9875	0.94805175
935.1315	0.94475377
935.2779	0.94121945
935.4223	0.938224
935.5636	0.93627554
935.7092	0.935347
935.852	0.9349032
936.0007	0.9341637
936.145	0.9325011
936.28986	0.92975587
936.43365	0.9263202
936.5754	0.92292696
936.7227	0.9202927
936.86566	0.91874593
937.01373	0.9180632
937.1581	0.91759366
937.301	0.9165774
937.4452	0.91453475
937.5878	0.9115057
937.7359	0.90803033
937.8794	0.90486825
938.02637	0.9026251
938.1706	0.90143687
938.31213	0.9009109
938.45776	0.90032107
938.5999	0.8989756
938.7487	0.89657116
938.89307	0.8933399
939.0384	0.889936
939.1824	0.8870958
939.3236	0.88529325
939.471	0.88447523
939.6138	0.8840996
939.7619	0.88340497
939.9062	0.8818287
940.0498	0.87924707
940.1942	0.87604743
940.33624	0.8729646
940.48425	0.870675
940.6274	0.8694311
940.7747	0.868978
940.91876	0.86867416
941.0607	0.8677884
941.20605	0.865888
941.3482	0.863074
941.49725	0.8599181
941.64087	0.85717654
941.78674	0.8554245
941.9308	0.85476303
942.07196	0.8547671
942.2194	0.85469884
942.362	0.85387343
942.51013	0.85199785
942.6543	0.84931916
942.79846	0.84648603
942.9427	0.84423023
943.08453	0.8429975
943.2328	0.84271735
943.3757	0.84284514
943.52313	0.8426319
943.6669	0.84150094
943.8095	0.839342
943.9546	0.83655316
944.0966	0.8338541
944.24567	0.8319186
944.38916	0.8310318
944.53534	0.83095723
944.67914	0.8310499
944.82056	0.8305819
944.9676	0.8291063
945.11	0.8266895
945.25867	0.82386154
945.4025	0.821365
945.54694	0.81977105
945.6911	0.81919914
945.8326	0.81925553
945.981	0.81923085
946.1238	0.8184599
946.27136	0.816649
946.41547	0.814029
946.5581	0.8112269
946.7026	0.8089513
946.8448	0.80762815
946.99396	0.8071585
947.1374	0.8069503
947.284	0.8061509
947.42786	0.80397856
947.5692	0.7999894
947.7158	0.7940541
947.8578	0.7861505
948.00696	0.77595776
948.1508	0.76252586
948.2956	0.7441895
948.4398	0.7188086
948.5807	0.684318
948.72906	0.6393815
948.8717	0.58394927
949.0197	0.5194993
949.16394	0.4489049
949.3069	0.37594768
949.4515	0.30465162
949.593	0.23861745
949.74225	0.18051589
949.88525	0.13185012
950.03235	0.09297131
950.1765	0.063293636
950.3178	0.04161296
950.4645	0.026431998
950.6056	0.01622881
950.7551	0.009637469
950.8986	0.0055393195
951.04407	0.003083836
951.1886	0.0016642214
951.3288	0.00087131036
951.4771	0.00044293274
951.61975	0.00021880878
951.76807	0.000105123916
951.9124	4.9155955e-05
952.05554	2.2386772e-05
952.2002	9.936042e-06
952.3415	4.300047e-06
952.49036	1.8153308e-06
952.6333	7.478279e-07
952.7807	3.006824e-07
952.92523	1.1801223e-07
953.0664	4.521398e-08
953.21277	1.6909137e-08
953.3534	6.171961e-09
953.5033	2.1983786e-09
953.6466	7.639528e-10
;; BAND Oa21
995.02155	4.691311e-10
995.2658	3.0209018e-09
995.50995	1.7996953e-08
995.754	9.9196015e-08
995.998	5.058108e-07
996.2416	2.385574e-06
996.48444	1.04029805e-05
996.72906	4.1920423e-05
996.97375	0.00015595011
997.2187	0.00053480617
997.4636	0.0016870123
997.70825	0.0048806807
997.9525	0.012903725
998.1968	0.031049289
998.4402	0.06771341
998.68243	0.1333287
998.92664	0.23633294
999.1688	0.3766024
999.41504	0.5401163
999.6612	0.7006076
999.90717	0.8305573
1000.1527	0.915546
1000.3982	0.9605471
1000.64404	0.9821856
1000.8899	0.99418736
1001.13574	0.99989915
1001.3815	0.99746895
1001.62714	0.988878
1001.8731	0.98097193
1002.11884	0.97809654
1002.3647	0.9771335
1002.6105	0.972014
1002.85583	0.9620294
1003.10126	0.952853
1003.3463	0.94902235
1003.59076	0.9479219
1003.8353	0.9433144
1004.0797	0.9336473
1004.32367	0.9241253
1004.56665	0.91975397
1004.8117	0.9186669
1005.05646	0.9146381
1005.3013	0.9053838
1005.54596	0.8956036
1005.79047	0.89068526
1006.03485	0.889533
1006.2791	0.8860438
1006.5233	0.8772569
1006.76697	0.86728925
1007.0106	0.8618216
1007.2546	0.86052734
1007.4983	0.8575298
1007.74164	0.84925467
1007.98553	0.8391771
1008.23035	0.83316267
1008.4752	0.83165675
1008.71967	0.82910395
1008.9636	0.8213753
1009.20715	0.8112575
1009.44995	0.804715
1009.69507	0.8029342
1009.9396	0.8007642
1010.1831	0.7936026
1010.42725	0.7835226
1010.6735	0.7764833
1010.9193	0.774372
1011.1653	0.77251405
1011.41113	0.7659325
1011.6569	0.75596744
1011.9027	0.7484664
1012.1484	0.74597204
1012.3943	0.7443553
1012.64	0.7383602
1012.8856	0.7285811
1013.1313	0.72066355
1013.3768	0.71774274
1013.62225	0.71630085
1013.86786	0.7108779
1014.1133	0.7013574
1014.35876	0.6930712
1014.60406	0.68969727
1014.84937	0.68835205
1015.0945	0.68348855
1015.33954	0.6742767
1015.5838	0.66569066
1015.8275	0.66184
1016.069	0.6605189
1016.31354	0.65618044
1016.5579	0.64734113
1016.8021	0.63851476
1017.0462	0.6341775
1017.2906	0.63280594
1017.5349	0.62895966
1017.77905	0.62053466
1018.02295	0.61154
1018.2669	0.60671276
1018.5103	0.6052263
1018.75366	0.60182375
1018.9967	0.5939178
1019.23944	0.5849877
1019.4827	0.580162
1019.7278	0.57928085
1019.9734	0.57735646
1020.21893	0.5711127
1020.46466	0.5635975
1020.7105	0.5599117
1020.95636	0.56041783
1021.2019	0.5602282
1021.44684	0.55562526
1021.6908	0.5488729
1021.9333	0.5450982
1022.17883	0.54544914
1022.4243	0.54556
1022.6698	0.5413774
1022.9152	0.5345782
1023.16034	0.53033394
1023.4059	0.53041875
1023.65125	0.53083533
1023.8969	0.527151
1024.1428	0.52041113
1024.3885	0.51574725
1024.6343	0.51552933
1024.88	0.51620096
1025.1254	0.51302725
1025.3707	0.5064142
1025.6161	0.501362
1025.8615	0.5007956
1026.1068	0.501662
1026.3514	0.4990069
1026.5962	0.4925826
1026.8411	0.48717588
1027.0853	0.48622122
1027.3289	0.48722246
1027.5717	0.48508236
1027.8131	0.47890472
1028.0576	0.47318697
1028.3018	0.4718154
1028.5458	0.47288966
1028.7897	0.47125238
1029.0334	0.46537527
1029.2769	0.4593922
1029.5199	0.45758525
1029.7621	0.4586668
1030.0067	0.4575091
1030.251	0.45197994
1030.4955	0.44579163
1030.7416	0.44353336
1030.9875	0.44455868
1031.2334	0.44385
1031.4794	0.43871832
1031.7252	0.4323805
1031.9711	0.429665
1032.2169	0.43056977
1032.4625	0.4302773
1032.7078	0.42557785
1032.9528	0.41915247
1033.1968	0.4159809
1033.4398	0.41670972
1033.6826	0.416789
1033.9281	0.4125526
1034.1735	0.40609902
1034.4191	0.40248784
1034.6643	0.4029855
1034.9097	0.40338597
1035.1552	0.39963114
1035.4005	0.39321664
1035.6458	0.38918692
1035.8915	0.38940173
1036.1368	0.39006808
1036.3818	0.38680816
1036.6268	0.38049194
1036.8716	0.37605017
1037.1168	0.37586665
1037.3619	0.37651634
1037.607	0.37310788
1037.852	0.36522958
1038.0968	0.356286
1038.3411	0.34673566
1038.5851	0.3300616
1038.8286	0.29734522
1039.0718	0.24605381
1039.3135	0.1834932
1039.5547	0.122395664
1039.7979	0.07286517
1040.0416	0.038809624
1040.2864	0.018585432
1040.5315	0.0080557875
1040.7764	0.0031797765
1041.0212	0.001148074
1041.2664	0.00038009047
1041.5111	0.00011546729
1041.7556	3.2175936e-05
1042.0013	8.217917e-06
1042.2473	1.92227e-06
1042.4932	4.115519e-07
1042.739	8.061232e-08
1042.9846	1.4440928e-08
1043.2302	2.3651574e-09
1043.4755	3.540303e-10
1043.7207	4.8413037e-11
