# S3B_SLSTR_TIR RSR
# QV 2024-12-04 from SLSTR_B_PFM_Spectral_Responses_Netcdf
# 
#
# S3B_SLSTR Band S7
# -------------------
2.98 0.001966807717554831
2.981 0.0019360329295357644
2.9819999999999998 0.0012967854331366975
2.983 0.0010994248894622435
2.984 0.0008874624075139333
2.985 0.0001869632946934522
2.9859999999999998 -0.0002746393831809514
2.987 3.2133742944247354e-05
2.988 0.00021304583248802668
2.989 -0.00032629052958852773
2.9899999999999998 -0.0006260891275982821
2.991 -0.00018729384627979027
2.992 0.00039366845671363616
2.993 0.0007462835929416852
2.9939999999999998 0.0007041620431472226
2.995 0.00033255829329983033
2.996 0.0001907451660557482
2.997 0.00046000387756978047
2.9979999999999998 0.0007812955624693082
2.999 0.0009717669702093783
3.0 0.0009162512858890414
3.001 0.000664262332920948
3.002 0.00044684839400810025
3.003 0.00029388995489623693
3.004 5.9442879928895174e-05
3.005 -0.00020254484937607642
3.006 -0.00032115135777711955
3.007 -0.0003366112107793618
3.008 -0.000327760317447633
3.009 -0.0003333973618245468
3.01 -0.0003138207237714232
3.011 -0.0001242995970909923
3.012 2.6096989475104976e-05
3.013 -0.00014283958055145987
3.014 -0.0003218700873770954
3.015 -7.05884135313147e-05
3.016 0.00027169174596705886
3.017 8.792911691106037e-06
3.018 -0.00062847135558649
3.019 -0.0009236691694990658
3.02 -0.0008275483914162408
3.021 -0.000793513040611553
3.022 -0.0009709799000589604
3.023 -0.0008144061495401762
3.024 -0.0001638707652509085
3.025 0.000398176236464477
3.026 0.000574497955396773
3.027 0.000379167674523905
3.028 -0.00011461437945667121
3.029 -0.0004809619750188633
3.03 -0.0004035307268195264
3.031 -9.678060025591032e-05
3.032 0.00027188907868583013
3.033 0.0007320576699240681
3.034 0.00101157598214356
3.035 0.0006649033236668289
3.036 1.5331994243797565e-05
3.037 -6.600752912096042e-06
3.038 0.0004898824509971065
3.039 0.000485146690736806
3.04 -1.751292185913725e-05
3.041 -0.00021769450458631999
3.042 -2.653130155608102e-06
3.043 0.000246247148455135
3.044 0.0004160906697008814
3.045 0.0006249681705937643
3.046 0.0009172210680772774
3.047 0.001160693899560055
3.048 0.0011354759426679116
3.049 0.0008455920770284848
3.05 0.0004748199247499956
3.051 0.00015348767679639356
3.052 4.631520687000811e-05
3.053 -3.65622432256785e-05
3.054 -0.00032298797637710824
3.055 -0.00027127285895153975
3.056 0.0002979237901309059
3.057 0.0007798357291018596
3.058 0.0009521243517417502
3.059 0.0009657955497917119
3.06 0.0009404432653228427
3.061 0.0007376121420526174
3.062 0.0001844333798903197
3.063 -0.0002762685697091048
3.064 -0.0001494818786657014
3.065 0.00033084557093925304
3.066 0.000656811771272542
3.067 0.0007774810930433486
3.068 0.0009181954633862085
3.069 0.0010450970209497385
3.07 0.0008388166969481058
3.071 0.00022792508058139689
3.072 -0.0002554324255478877
3.073 -0.0003088599134037942
3.074 -0.0002737166810585775
3.075 -0.00042344894610494297
3.076 -0.0006411477839222097
3.077 -0.0006844901120298399
3.078 -0.0005332396752876052
3.079 -0.0003294411995204424
3.08 -8.835724620773793e-05
3.081 9.455259375643672e-05
3.082 5.50058375264195e-05
3.083 -3.756220589547612e-05
3.084 5.6655532969979265e-05
3.085 0.00018821625859080342
3.086 0.00014687605484293772
3.087 -1.7266870226341302e-05
3.088 -0.00030634582771318854
3.089 -0.0008065109835326229
3.09 -0.001273185987558933
3.091 -0.00134537594118739
3.092 -0.0010504657948040522
3.093 -0.0006337654085736991
3.094 -0.0002588701370648904
3.095 0.00012061230112601708
3.096 0.0006537201889890329
3.097 0.0011913753022774576
3.098 0.0013463434313615299
3.099 0.0009199567056640371
3.1 4.818368117554664e-05
3.101 -0.0006675324297627405
3.102 -0.0007448892469330418
3.1029999999999998 -0.00039167348746803804
3.104 3.344245776745367e-05
3.105 0.00036522928299536505
3.106 0.0005115455810295867
3.107 0.0004427847714432453
3.108 0.0002693436837090989
3.109 0.00016950382364525434
3.11 0.0002468339586032923
3.1109999999999998 0.00042405331157947704
3.112 0.00042352601588313576
3.113 0.0001859037287444488
3.114 5.472961482155027e-05
3.115 0.00013232503855647475
3.116 0.00012728494603016566
3.117 -1.2462542236711053e-05
3.118 -5.477169186463131e-05
3.1189999999999998 0.0001589361554355236
3.12 0.0004718554350345818
3.121 0.0005179766545711505
3.122 0.00032179277894827567
3.123 0.00018480981780490257
3.124 -3.306758537705433e-05
3.125 -0.00048502272344949876
3.126 -0.0008144628139739529
3.127 -0.000797506955894803
3.128 -0.0005389164839024009
3.129 -0.00026003596155706486
3.13 -8.509666329093067e-05
3.131 0.0001341168716149939
3.132 0.00027938073204065734
3.133 0.00013436169176220795
3.134 -4.721172254160164e-06
3.135 0.00015876683552239123
3.136 0.0005038494951155308
3.137 0.0007903004101432103
3.138 0.0007892354328879923
3.139 0.0003638077852789824
3.14 -0.0002684060579064098
3.141 -0.000663835942220175
3.142 -0.0005577832759692739
3.143 -5.7235800336443484e-05
3.144 0.00034919894420708963
3.145 0.00021261435667568928
3.146 -0.00033343878379629954
3.147 -0.0008787316957849272
3.148 -0.0012069932388273693
3.149 -0.001125077880365357
3.15 -0.0006694840524176376
3.151 -0.00030537712018869316
3.152 -0.00028219257620971006
3.153 -0.00033291584790264743
3.154 -0.00019879533738459008
3.155 3.438914008574394e-05
3.156 0.0002639528014429098
3.157 0.00043540842852030743
3.158 0.0004586471988197544
3.159 0.00032313441373019457
3.16 -4.920435950856932e-05
3.161 -0.0005176754396603516
3.162 -0.0006401553737718661
3.163 -0.00024199154657610823
3.164 0.0004130410625816466
3.165 0.0008219401042098007
3.166 0.0007988075159697503
3.167 0.0005852133887931158
3.168 0.00034575043490848095
3.169 0.0001115757904144237
3.17 5.823125465604145e-06
3.171 0.00010739111132446076
3.172 0.0001185758796418234
3.173 -0.00018764861730141927
3.174 -0.00047497832371620394
3.175 -0.00046771270171313075
3.176 -0.0003993343109842751
3.177 -0.00038616094505065907
3.178 -0.0001563417139933572
3.179 0.0002658206650218126
3.18 0.00047939946793388997
3.181 0.0003219339432602644
3.182 2.26497066815366e-05
3.183 -0.00018064189602415358
3.184 -0.0002999799392398498
3.185 -0.0003255036877173454
3.186 -0.0002336258615900087
3.187 -0.000297845754233583
3.188 -0.0005216197195689854
3.189 -0.0004839134455939733
3.19 -0.0003279156770322476
3.191 -0.0004612463711476562
3.192 -0.0006590129741483092
3.193 -0.0005436819926821316
3.194 -0.00019963039402052734
3.195 1.429773594483304e-05
3.196 -2.8502047022635916e-05
3.197 -0.00012190925793457619
3.198 -8.309180089175117e-05
3.199 3.208008135532259e-05
3.2 0.00011420641642041863
3.201 0.00020380145895584968
3.202 0.0003358106014032781
3.203 0.0003950698876571127
3.204 0.00027883799409000626
3.205 -2.2132572709632483e-05
3.206 -0.00042247619726573253
3.207 -0.0006599749476082749
3.208 -0.0005950086080804977
3.209 -0.00041991220051944245
3.21 -0.00027635037421822024
3.211 -0.0001857022771332062
3.212 -0.000346842692037252
3.213 -0.0008624559471205759
3.214 -0.001356488225167638
3.215 -0.0014371359974959933
3.216 -0.001110779989544333
3.217 -0.0005413813917840751
3.218 -1.7824554496445983e-05
3.219 0.00011591950879204369
3.2199999999999998 -0.00015383238283168547
3.221 -0.0004770316665223736
3.222 -0.00054459225526695
3.223 -0.0003728932492887921
3.224 -0.000184155983839768
3.225 -0.00019988940119968708
3.226 -0.00046925707442559914
3.227 -0.0008132678785737913
3.2279999999999998 -0.0009813315851172465
3.229 -0.0007700424375040999
3.23 -0.0002101872220696501
3.231 0.00028066307503207756
3.232 0.00038369543658184016
3.233 0.00027811939391676743
3.234 0.0002454246578646706
3.235 0.0003576930673877174
3.2359999999999998 0.00045584881831855817
3.237 0.0003445926423499082
3.238 0.00016331758499861298
3.239 0.0002082427795761774
3.24 0.0005218464245785724
3.241 0.0009620105010493638
3.242 0.0014228919081780958
3.243 0.0017720685865327114
3.2439999999999998 0.0018296059061105611
3.245 0.0016281472484610824
3.246 0.001350277773944614
3.247 0.0011148551449602264
3.248 0.0010559294004807735
3.249 0.001199313005548264
3.25 0.0013273835591325104
3.251 0.0012822768038923216
3.252 0.0012328525237192969
3.253 0.0014083922923888855
3.254 0.0017468804576449052
3.255 0.001997405852864969
3.2560000000000002 0.0019385498606687304
3.257 0.0016028613236176035
3.258 0.0013549542515474355
3.259 0.0014602062855651398
3.26 0.0017576603689675927
3.261 0.0018846320470237168
3.262 0.0016649405178967417
3.263 0.0012623642058708262
3.2640000000000002 0.0009681872615555984
3.265 0.0009373463427169528
3.266 0.001109419459217744
3.267 0.0012886878002251168
3.268 0.0013302912428178992
3.269 0.0012161501878464563
3.27 0.0010191361929893132
3.271 0.0008636893613646748
3.272 0.0007678997244694481
3.273 0.0005435371227695543
3.274 4.3132448147503664e-05
3.275 -0.0005370147313107017
3.276 -0.0007667969021584233
3.277 -0.0004184486187265317
3.278 0.0002970703235057023
3.279 0.0009699760841983041
3.28 0.0013574423077679738
3.281 0.0014562842557647704
3.282 0.0013733340456917843
3.283 0.0012157383305365637
3.284 0.001048808975196234
3.285 0.0009440425120838884
3.286 0.0009714033260864088
3.287 0.001037457941464303
3.288 0.0010124358301207923
3.289 0.001033972355883915
3.29 0.0011982171520909773
3.291 0.001215766391962924
3.292 0.0008511216257175664
3.293 0.0002711676177496796
3.294 -0.00016912223598618907
3.295 -0.00022974979562895198
3.296 1.6686552112401315e-05
3.297 0.00033852636653580596
3.298 0.0006001552997936437
3.299 0.0006646785040330033
3.3 0.00039362341279672064
3.301 -0.00012446458861335274
3.302 -0.0006140695451667046
3.303 -0.0008475985142082083
3.304 -0.0007497904770233767
3.305 -0.00039452869683060727
3.306 -1.3377255956731605e-06
3.307 0.00022958561446863123
3.308 0.00033053460052926277
3.309 0.00042560575377584753
3.31 0.0005269863499626255
3.311 0.0005894775976047123
3.312 0.000518114474085027
3.313 0.00029098889449195235
3.314 0.00021294519543967226
3.315 0.0005248509573394385
3.316 0.0008909228850045572
3.317 0.0008728241280636621
3.318 0.0005014804583721648
3.319 6.128373600771235e-05
3.32 -0.00021340932552091273
3.321 -0.0002490463083300964
3.322 -0.0001626558289773869
3.323 -6.927228088332332e-05
3.324 3.2278942483747853e-06
3.325 6.904865365088577e-05
3.326 0.00023727985494463667
3.327 0.0005291474009665232
3.328 0.0006832276688961145
3.329 0.000440409067418602
3.33 -7.853413487448817e-05
3.331 -0.0004220732430991784
3.332 -0.00025524388110250085
3.333 0.00022118417351461067
3.334 0.00046579394676580827
3.335 0.00027635288463535206
3.336 1.8189753524351922e-06
3.3369999999999997 2.149804838629662e-05
3.338 0.00028186590909625564
3.339 0.00045715172314351055
3.34 0.0004656804862449526
3.341 0.00059346890217545
3.342 0.0010020587619028107
3.343 0.0014451986694625767
3.344 0.0016350349716417556
3.3449999999999998 0.0015359693953094819
3.346 0.0011662972165446216
3.347 0.0005427033935115838
3.348 -6.683387094261888e-05
3.349 -0.0002652872571612017
3.35 3.6922544429496375e-05
3.351 0.0005858325981636006
3.352 0.0010947836706727424
3.3529999999999998 0.001387303650374375
3.354 0.0013849873978665894
3.355 0.0011799828002676306
3.356 0.0009776111201603686
3.357 0.000901150468253542
3.358 0.0010316118322912977
3.359 0.0013249080639282055
3.36 0.0014766481218700393
3.3609999999999998 0.0013218752897542088
3.362 0.0011247283704735574
3.363 0.0012113718508669647
3.364 0.0016507907453313837
3.365 0.002275907618189313
3.366 0.002831663824911025
3.367 0.0031396661109218257
3.368 0.0030902188050304286
3.3689999999999998 0.0027120480073340443
3.37 0.002351337394219846
3.371 0.0023682727256413676
3.372 0.002655082754021498
3.373 0.002868150223566739
3.374 0.0029395969630454117
3.375 0.0029553996195490323
3.376 0.002836975440187222
3.377 0.0025104630680339384
3.378 0.0021327555069119942
3.379 0.0019572292429484075
3.38 0.0021486051783103973
3.3810000000000002 0.0027007878305347387
3.382 0.003371171737462124
3.383 0.0037961026620962567
3.384 0.003825275912368177
3.385 0.003717848409871746
3.386 0.003897729752952941
3.387 0.004460365625979884
3.388 0.005037128501553775
3.3890000000000002 0.005245092179533214
3.39 0.005112557437983779
3.391 0.005007578899031271
3.392 0.005231370840724797
3.393 0.005731983126676115
3.394 0.006273601405513841
3.395 0.006707985172398624
3.396 0.006979059323733806
3.397 0.007143313079220545
3.398 0.007418148158612744
3.399 0.00791632493375323
3.4 0.008401715201425982
3.401 0.008510969560846151
3.402 0.008239694284880472
3.403 0.008026947907346826
3.404 0.00827287849224316
3.405 0.00897988043020299
3.406 0.009866602280096566
3.407 0.010586862038188862
3.408 0.01092710171532781
3.409 0.01099546224568645
3.41 0.011151017184859427
3.411 0.01169892960699734
3.412 0.012638738791661233
3.413 0.013713281386386125
3.414 0.014709069343926491
3.415 0.015584401618215052
3.416 0.016325077095693596
3.417 0.016947531045882133
3.418 0.017581379466101832
3.419 0.018254992221367613
3.42 0.018825162077746517
3.421 0.019312241297782074
3.422 0.019931985086657878
3.423 0.020737883575091976
3.424 0.021630718759512845
3.425 0.022635058318031726
3.426 0.0237795456686455
3.427 0.02489462497253159
3.428 0.025873125413299152
3.429 0.026892174695221708
3.43 0.0280723384531087
3.431 0.029236357029091564
3.432 0.030302067006215256
3.433 0.03154453775171271
3.434 0.03318879817347211
3.435 0.03506833387903752
3.436 0.036813639537848546
3.437 0.03812232741788019
3.438 0.03895846451574183
3.439 0.039655248310344934
3.44 0.04062420807569259
3.441 0.04194374272584632
3.442 0.04344297503435326
3.443 0.04504991543187299
3.444 0.04680854009093133
3.445 0.048684370473381304
3.446 0.05058815904426506
3.447 0.052504418150652536
3.448 0.05438390247905932
3.449 0.05606137615498375
3.45 0.05753319733206633
3.451 0.05913168441888681
3.452 0.06113645123830622
3.453 0.06336793374679074
3.454 0.06541915817541347
3.455 0.0672085320307279
3.456 0.06904951859620251
3.457 0.07120726794721494
3.458 0.07362989935634638
3.459 0.0760864647964991
3.46 0.07833556209998208
3.461 0.08024588017040185
3.4619999999999997 0.08190355849778592
3.463 0.0835240562893049
3.464 0.08524426824783936
3.465 0.08707254253447443
3.466 0.08894837493675828
3.467 0.09077612250865123
3.468 0.09251056698467765
3.469 0.09423648547343089
3.4699999999999998 0.09611213220953115
3.471 0.0982271489310671
3.472 0.100500787415798
3.473 0.10274642225558299
3.474 0.1049054566029742
3.475 0.10709350285473816
3.476 0.10930746413318167
3.477 0.11134436365522046
3.4779999999999998 0.11319896640758685
3.479 0.11521145864018724
3.48 0.11756886341799501
3.481 0.12000051730851695
3.482 0.1222061120586865
3.483 0.1242636888543501
3.484 0.12643549164062057
3.485 0.12884688278005046
3.4859999999999998 0.13147299124631032
3.487 0.1342114436108966
3.488 0.1368853497811809
3.489 0.13934732619640205
3.49 0.14170105570901012
3.491 0.1442487946177171
3.492 0.1470865370195028
3.493 0.14995094085709507
3.4939999999999998 0.1526236158949352
3.495 0.1552444450150379
3.496 0.1580546658734684
3.497 0.16105614216785644
3.498 0.16407993559584047
3.499 0.1670624045066555
3.5 0.17008306835484455
3.501 0.17315951928174975
3.502 0.1761675452913886
3.503 0.17905924421571973
3.504 0.18202233426106873
3.505 0.1853255091713281
3.5060000000000002 0.1890861258565131
3.507 0.19319106055522392
3.508 0.1973512078081392
3.509 0.20133719775278902
3.51 0.2052259638957154
3.511 0.20930098018224383
3.512 0.2137900633774189
3.513 0.218780674338862
3.5140000000000002 0.2242088642307422
3.515 0.2298612855862456
3.516 0.23560476962717858
3.517 0.24151405008763796
3.518 0.24763736635848782
3.519 0.25382760517004294
3.52 0.2599687848816485
3.521 0.2661679792390761
3.5220000000000002 0.27264451995981726
3.523 0.27954860259142483
3.524 0.2868689330902706
3.525 0.2944161236008283
3.526 0.3019967764457442
3.527 0.30966973649674806
3.528 0.31765625609334547
3.529 0.32599532088234523
3.5300000000000002 0.3345125447500611
3.531 0.34307673035715536
3.532 0.35168094320924914
3.533 0.3603929059292442
3.534 0.36940173869477694
3.535 0.37887681868484085
3.536 0.38868793323380846
3.537 0.3985458725877128
3.5380000000000003 0.4084570878459028
3.539 0.41869903070318765
3.54 0.4294489485934499
3.541 0.44069727050601537
3.542 0.4523101926997187
3.543 0.46399762977777476
3.544 0.4755131789194947
3.545 0.48693751385771344
3.5460000000000003 0.49856719378253733
3.547 0.5106071073357765
3.548 0.5230901396118615
3.549 0.5359301046093662
3.55 0.5489812515990881
3.551 0.5621560267163389
3.552 0.575462151928205
3.553 0.588866040347974
3.5540000000000003 0.6022629090377463
3.555 0.6156337364866453
3.556 0.6290619137514848
3.557 0.6426038708288999
3.558 0.6562565406230849
3.559 0.6699297624934266
3.56 0.6834163957778702
3.561 0.6966419765659292
3.562 0.7098664466462864
3.5629999999999997 0.7233551098333064
3.564 0.7369783933627989
3.565 0.7504461991753015
3.566 0.7636836597156491
3.567 0.776628544125262
3.568 0.7890608002672199
3.569 0.8009151110212895
3.57 0.8124117911867295
3.5709999999999997 0.8237506165446098
3.572 0.8350125385991635
3.573 0.8462284377653178
3.574 0.8572420910015721
3.575 0.8676762121103258
3.576 0.8773305670081866
3.577 0.8864418638515749
3.578 0.8953387695963235
3.5789999999999997 0.9041852140791573
3.58 0.9129918252659216
3.581 0.9215440038940322
3.582 0.9294362321256316
3.583 0.9364657220494027
3.584 0.9427897765817644
3.585 0.9486081629271984
3.586 0.9540160193369829
3.5869999999999997 0.9592079325585164
3.588 0.9643749243730675
3.589 0.9693558044598874
3.59 0.9738351391019553
3.591 0.9777122926066119
3.592 0.9810151622863724
3.593 0.9837743170872014
3.594 0.9861822178632316
3.5949999999999998 0.9885161276415314
3.596 0.9907526253440349
3.597 0.9926182019837893
3.598 0.9940508618711082
3.599 0.9951560709348161
3.6 0.9960328939025814
3.601 0.9968495682847895
3.602 0.9978029059833456
3.6029999999999998 0.9988304350552094
3.604 0.9996104420152035
3.605 0.9999879939672542
3.606 1.000003339927328
3.607 0.9996163535876981
3.608 0.9988674173242242
3.609 0.9980549548162789
3.61 0.9974893111635093
3.6109999999999998 0.9971990624782334
3.612 0.9970234185453264
3.613 0.9967566578555124
3.614 0.9961196766648185
3.615 0.9950253589800712
3.616 0.9938276168749809
3.617 0.993059941969073
3.618 0.9929417718318778
3.6189999999999998 0.9932479960855847
3.62 0.9935466873077295
3.621 0.9934135732632555
3.622 0.9926624813855783
3.623 0.9915459929059081
3.624 0.9905872767155851
3.625 0.9901476238562062
3.626 0.9901968502280977
3.627 0.9904874810855887
3.628 0.9907136971205571
3.629 0.9906493078952285
3.63 0.9903030504806888
3.6310000000000002 0.9898537747322245
3.632 0.9894337245358519
3.633 0.9890732396067269
3.634 0.9889141603333318
3.635 0.9890869157272881
3.636 0.989425033349861
3.637 0.9896425190519554
3.638 0.9896812184441177
3.6390000000000002 0.9896099975910942
3.64 0.9893329510650449
3.641 0.9887924603105058
3.642 0.98823399370697
3.643 0.987998098485501
3.644 0.9881709573462684
3.645 0.9885700983097315
3.646 0.9889604312242258
3.6470000000000002 0.9891313123073529
3.648 0.9890447416462178
3.649 0.988917990441231
3.65 0.9890571054839855
3.651 0.9895219890628993
3.652 0.9900832332291148
3.653 0.9905178680742628
3.654 0.9907973047894787
3.6550000000000002 0.9910382758505516
3.656 0.9913246521249883
3.657 0.9916578151104769
3.658 0.9919503161102898
3.659 0.9921427032351363
3.66 0.9923014915166811
3.661 0.9924758315347859
3.662 0.9925536290140833
3.6630000000000003 0.9924212433363278
3.664 0.9921983861001615
3.665 0.9919892395868661
3.666 0.9917033350252199
3.667 0.9913011595118799
3.668 0.9910536522703827
3.669 0.9911867440714656
3.67 0.9915708157106623
3.6710000000000003 0.9919402279464432
3.672 0.9922087956425417
3.673 0.9923802339913367
3.674 0.992438172486473
3.675 0.9924727554570844
3.676 0.9926045495985253
3.677 0.9927462597238746
3.678 0.9926530653673361
3.6790000000000003 0.9922752111581962
3.68 0.9917829971873997
3.681 0.991364565526298
3.682 0.9911422959964956
3.683 0.9911595020815641
3.684 0.9912641404964598
3.685 0.9911828878077079
3.686 0.9908378011209772
3.687 0.9904258567127651
3.6879999999999997 0.990163652096257
3.689 0.9900908831758715
3.69 0.9901504171331534
3.691 0.9901990528469713
3.692 0.9900686969381606
3.693 0.9897464693520064
3.694 0.989485702290343
3.695 0.9894688260400668
3.6959999999999997 0.9896515462329291
3.697 0.9899454376013348
3.698 0.9903636710473324
3.699 0.9907285316617194
3.7 0.9907264458096243
3.701 0.9903100076130297
3.702 0.9898289138199917
3.703 0.9895652170422906
3.7039999999999997 0.9894723069144372
3.705 0.9894481647247074
3.706 0.9895973037909523
3.707 0.9899306298189664
3.708 0.9901957852625219
3.709 0.9901788936161714
3.71 0.9899992715208031
3.711 0.9899091641831396
3.7119999999999997 0.9900607288715932
3.713 0.9904924459724905
3.714 0.9911375279856643
3.715 0.9917434115736743
3.716 0.9920320988625336
3.717 0.9919694033917736
3.718 0.9917690104335792
3.719 0.9916386810566552
3.7199999999999998 0.9916764381645805
3.721 0.9919099636376694
3.722 0.992270756032052
3.723 0.9925519023410662
3.724 0.9925607900736534
3.725 0.9922843026478548
3.726 0.9918593699886927
3.727 0.9914480838520542
3.7279999999999998 0.991221649591366
3.729 0.9913044720362648
3.73 0.9916596403185748
3.731 0.9921228684856032
3.732 0.9926414170753647
3.733 0.9932801114789543
3.734 0.9939774686571674
3.735 0.994486090383492
3.7359999999999998 0.9946928487859437
3.737 0.9947369677869162
3.738 0.994771210099418
3.739 0.9947711587746485
3.74 0.994695112125042
3.741 0.9945658269594233
3.742 0.9944056766635122
3.743 0.9942262752432991
3.7439999999999998 0.9941496821303105
3.745 0.9942861744580175
3.746 0.9945734090529617
3.747 0.9948350348059455
3.748 0.9950024397990107
3.749 0.9950405272312922
3.75 0.9948119256128667
3.751 0.9942312801329931
3.752 0.9935053752962245
3.753 0.9929497459788131
3.754 0.9926178309185957
3.755 0.9923236009510205
3.7560000000000002 0.9919255620088591
3.757 0.9913724693229504
3.758 0.990534253175307
3.759 0.9893300514771503
3.76 0.9879749970573302
3.761 0.986911709879392
3.762 0.9863666033091222
3.763 0.9861865580359045
3.7640000000000002 0.9860209362702561
3.765 0.9855931072006385
3.766 0.9847410733886862
3.767 0.9834748573107505
3.768 0.9819810542494419
3.769 0.9805022050991098
3.77 0.9791766142029142
3.771 0.9780541790826314
3.7720000000000002 0.977188268557528
3.773 0.9765656352718592
3.774 0.9760530546922546
3.775 0.9754545914100304
3.776 0.9746618723053512
3.777 0.9736139518945803
3.778 0.9723196243294255
3.779 0.9708940589392118
3.7800000000000002 0.9695315358411409
3.781 0.9683325552307899
3.782 0.9672514974386007
3.783 0.9662039296468428
3.784 0.9651219849795809
3.785 0.9639627229885549
3.786 0.9627580607845796
3.787 0.9617039584756766
3.7880000000000003 0.9609269893807091
3.789 0.9602535087914009
3.79 0.9593092040116038
3.791 0.9579314841644596
3.792 0.9563087152170977
3.793 0.9547323947921774
3.794 0.9533830544166639
3.795 0.9523328769103144
3.7960000000000003 0.9515685402504153
3.797 0.9508943335876484
3.798 0.9500364555849558
3.799 0.9489552152302964
3.8 0.9479277874027505
3.801 0.9471925219746044
3.802 0.9466122247387867
3.803 0.9458757074446291
3.8040000000000003 0.9448397534724357
3.805 0.9435845440589237
3.806 0.9422473937813013
3.807 0.9410289466186876
3.808 0.940165524639315
3.809 0.9396457641321114
3.81 0.939124023690214
3.811 0.9382568163465315
3.8120000000000003 0.9371181035630932
3.8129999999999997 0.9360517920161128
3.814 0.9353174754708904
3.815 0.9349269394533074
3.816 0.9347098567679157
3.817 0.9344373699302584
3.818 0.9339610969337927
3.819 0.9333766519552994
3.82 0.9329248590744735
3.8209999999999997 0.9327723777297504
3.822 0.9329005293728976
3.823 0.9331943008622257
3.824 0.9335519075858636
3.825 0.933874162238437
3.826 0.9340767392057526
3.827 0.9341544897773442
3.828 0.9342106350681256
3.8289999999999997 0.934350946993507
3.83 0.9345457945451904
3.831 0.9347355069316292
3.832 0.9349668564397905
3.833 0.9353283752006583
3.834 0.9357946286606875
3.835 0.936281426715728
3.836 0.9368437214023094
3.8369999999999997 0.9375718520327913
3.838 0.938433190686083
3.839 0.9393061027700681
3.84 0.9401587356084466
3.841 0.9410380616929458
3.842 0.9419096055252444
3.843 0.9426521818463689
3.844 0.9431767999053097
3.8449999999999998 0.9434843062977443
3.846 0.9436302551669444
3.847 0.9437176513261273
3.848 0.9439495297150957
3.849 0.9444989954878605
3.85 0.9452605207125275
3.851 0.9459216774342958
3.852 0.9463005987308151
3.8529999999999998 0.9465255695207905
3.854 0.9467960641378083
3.855 0.9471995363976613
3.856 0.9477642566224217
3.857 0.9484431728452142
3.858 0.9490707913911608
3.859 0.9494460625456441
3.86 0.9495358966401605
3.8609999999999998 0.9495043888121755
3.862 0.9495029106424137
3.863 0.9495050133246618
3.864 0.9493864424849316
3.865 0.9490984020722778
3.866 0.9486650150097204
3.867 0.947978859894932
3.868 0.9469011549511974
3.8689999999999998 0.9455290369821456
3.87 0.9441454038225069
3.871 0.9429164551072765
3.872 0.941723456195243
3.873 0.9403125480166384
3.874 0.9385008356206361
3.875 0.9362805499550901
3.876 0.9338058991518028
3.877 0.9312475284645394
3.878 0.9286734855019578
3.879 0.9260291698386043
3.88 0.923136615353233
3.8810000000000002 0.9198463025004602
3.882 0.9161816032325318
3.883 0.9122717142212798
3.884 0.9082162950167693
3.885 0.9040421200375188
3.886 0.8997383953403997
3.887 0.895274734210838
3.888 0.8906430158068316
3.8890000000000002 0.8859096235714989
3.89 0.8811586899403199
3.891 0.8763820688965077
3.892 0.8714555353617147
3.893 0.866231410658764
3.894 0.8606849443598759
3.895 0.8549207877430759
3.896 0.84894754926536
3.8970000000000002 0.8426595282077383
3.898 0.8360340220881617
3.899 0.829179823204362
3.9 0.8222184059909712
3.901 0.8151939062527499
3.902 0.8081041555804862
3.903 0.8009386914566814
3.904 0.7936739670928974
3.9050000000000002 0.786249206547816
3.906 0.7785962133232055
3.907 0.7707001248664862
3.908 0.7625925992382278
3.909 0.7543182859631723
3.91 0.7459569183662617
3.911 0.737616652358162
3.912 0.7292982734235177
3.9130000000000003 0.7208721420965517
3.914 0.7122325267133586
3.915 0.7033791816993156
3.916 0.6943890343698105
3.917 0.6853588038462654
3.918 0.6763651217855335
3.919 0.6675042474617472
3.92 0.6588835063046145
3.9210000000000003 0.6504417224848946
3.922 0.6419203952944219
3.923 0.6330802058263134
3.924 0.6238950209583609
3.925 0.6145802718668822
3.926 0.6054503219816766
3.927 0.5966899260546337
3.928 0.5882266893249772
3.9290000000000003 0.5797870189828407
3.93 0.5710575576652249
3.931 0.5619304769579421
3.932 0.5526450321311138
3.933 0.5436014089900298
3.934 0.5350222507302032
3.935 0.5267996753972963
3.936 0.5186228638107245
3.9370000000000003 0.510235357754955
3.938 0.5016138449404419
3.939 0.49292882811684124
3.94 0.48440006811761693
3.941 0.47618513187165895
3.942 0.4682912206854518
3.943 0.46055323003359677
3.944 0.45273854571143984
3.945 0.44469856101465355
3.9459999999999997 0.43646760608592017
3.947 0.42825263264180347
3.948 0.4202849782876911
3.949 0.41267247414485303
3.95 0.40537795761175033
3.951 0.39826949069621626
3.952 0.3911881437095314
3.953 0.3840340347972937
3.9539999999999997 0.37681155582871134
3.955 0.36960981748343624
3.956 0.3625569432794564
3.957 0.35574210856027383
3.958 0.349161320198906
3.959 0.3427280307800738
3.96 0.3363013429634199
3.961 0.3297651078454812
3.9619999999999997 0.32313249157166535
3.963 0.3165444503883427
3.964 0.31016740444855545
3.965 0.3040967618620608
3.966 0.2983078064912705
3.967 0.2926749700955162
3.968 0.2870492827832062
3.969 0.281324021024871
3.9699999999999998 0.2755099342918188
3.971 0.26976582919066483
3.972 0.2642699915161072
3.973 0.2590610317174685
3.974 0.2540040988561513
3.975 0.24888488654509633
3.976 0.24357250685413992
3.977 0.23811229567540518
3.9779999999999998 0.23266751456292828
3.979 0.22741927803458586
3.98 0.2224927948753293
3.981 0.21789837595253853
3.982 0.21353336463102357
3.983 0.20924234037426362
3.984 0.20490155514310787
3.9850000000000003 0.20049668803317086
3.9859999999999998 0.19612027406979238
3.987 0.19188341008474208
3.988 0.18784865842605236
3.989 0.18401663060530135
3.99 0.1803316176121743
3.991 0.176709988836222
3.992 0.17307289472747825
3.9930000000000003 0.16939192311234982
3.9939999999999998 0.1657286667584971
3.995 0.16218840843120264
3.996 0.1588206636746926
3.997 0.1555577988989706
3.998 0.15223026783042504
3.999 0.1486931328112495
4.0 0.1449729842751409
4.001 0.14127747875771854
4.002 0.1378671886735709
4.003 0.13488590313832155
4.004 0.13227559725606544
4.005 0.12984815750174344
4.006 0.12742551360051646
4.007 0.12491855614669738
4.008 0.12232274577179697
4.009 0.11966497588416265
4.01 0.11697236921530749
4.011 0.11428800355331141
4.0120000000000005 0.1116704391997752
4.013 0.10916273325366159
4.014 0.10676742635485835
4.015 0.10444060806935274
4.016 0.10212373434141733
4.0169999999999995 0.09979377954747748
4.018 0.09748324980288361
4.019 0.09525861355583427
4.02 0.0931644329732938
4.021 0.09117867388384196
4.022 0.08924663795319587
4.023 0.08735425283279855
4.024 0.08554137573916552
4.025 0.08384699197438704
4.026 0.08224135019795181
4.027 0.0806343548061258
4.0280000000000005 0.07896366282770302
4.029 0.07725120993246001
4.03 0.07558294413298182
4.031 0.07403261238979068
4.032 0.07259652261206842
4.0329999999999995 0.07121144316662749
4.034 0.0698235032892635
4.035 0.06842458912395827
4.036 0.06703141124521049
4.037 0.06563406122493756
4.038 0.06418827746487103
4.039 0.06266427817508509
4.04 0.061080143810625466
4.041 0.059496723780063154
4.042 0.05798969417976852
4.043 0.05662300555158302
4.0440000000000005 0.05542735381986175
4.045 0.05437443953318318
4.046 0.05337435289259217
4.047 0.052324725378583396
4.048 0.05117743540389467
4.0489999999999995 0.049961947248479806
4.05 0.048756933110961506
4.051 0.047635102260785225
4.052 0.04662938387302142
4.053 0.04573287170268301
4.054 0.044912259023121605
4.055 0.04413109602591334
4.056 0.04336731951829632
4.057 0.04261468005032831
4.058 0.041875397559155085
4.059 0.04114258236213192
4.0600000000000005 0.04039102512635144
4.061 0.039589830241450755
4.062 0.038724260320668016
4.063 0.037815911315392706
4.064 0.03691913813094494
4.0649999999999995 0.03609090022899927
4.066 0.03535880328554471
4.067 0.034703147672293606
4.068 0.03406747997840628
4.069 0.03339480137347985
4.07 0.03265870883708257
4.071 0.03187710204604677
4.072 0.031101127625167858
4.073 0.030388152608657036
4.074 0.0297773342510798
4.075 0.029270696151562862
4.0760000000000005 0.02882792681005944
4.077 0.02838933561832196
4.078 0.027914856481715985
4.079 0.02741693550847729
4.08 0.026951219892971195
4.0809999999999995 0.026558547670982844
4.082 0.026218956934466277
4.083 0.02586382003532464
4.084 0.025435169884794533
4.085 0.024937288243186317
4.086 0.02442562750387689
4.087 0.0239625291181663
4.088 0.023580716678143963
4.089 0.02326797932824757
4.09 0.022980997659656312
4.091 0.02267241054383747
4.0920000000000005 0.022318468230605654
4.093 0.02192875338191292
4.094 0.021522219593708706
4.095 0.021101185100233757
4.096 0.02064763283070581
4.0969999999999995 0.020139953517515147
4.098 0.019579344033102797
4.099 0.01900214400322918
4.1 0.018473564518680347
4.101 0.01806384562716497
4.102 0.017812609869878517
4.103 0.017706240019193624
4.104 0.01767904481677218
4.105 0.01763568980752849
4.106 0.017486321147479097
4.107 0.01717814456536322
4.1080000000000005 0.01672104621823756
4.109 0.016194307625282494
4.11 0.01572097408575433
4.111 0.015414643270959087
4.112 0.015318386366665639
4.1129999999999995 0.015379663551578826
4.114 0.015480092904408707
4.115 0.015497784648120379
4.116 0.015368876229913736
4.117 0.015110230481767876
4.118 0.01479305245328924
4.119 0.01448657255610944
4.12 0.014204504295369577
4.121 0.013902312437075012
4.122 0.013523716390883577
4.123 0.013045715780703904
4.1240000000000006 0.012489373184044836
4.125 0.011896973823421315
4.126 0.011316979029184805
4.127 0.010809067094186197
4.128 0.01043925584734233
4.129 0.010255065621312906
4.13 0.010253343470129248
4.131 0.01037098318099259
4.132 0.010513692426283446
4.133 0.010604961470115656
4.134 0.010625426046695636
4.135 0.010612393783217655
4.136 0.01061719469770075
4.1370000000000005 0.010652537903836487
4.138 0.01067114658619963
4.139 0.010597677893157674
4.14 0.010388872798693317
4.141 0.010072195352047075
4.1419999999999995 0.009732603840071262
4.143 0.009456137896423715
4.144 0.009280251095959964
4.145 0.009184342595399212
4.146 0.009113102994598355
4.147 0.009008320514661024
4.148 0.008828073552690677
4.149 0.008558194085985987
4.15 0.008221009787778913
4.151 0.007874406607220332
4.152 0.007593079444845184
4.1530000000000005 0.00743164445016841
4.154 0.00739322164263611
4.155 0.007425329489101907
4.156 0.00744952980393317
4.157 0.007401641878103154
4.1579999999999995 0.0072507516622292
4.159 0.007004880421027958
4.16 0.0067120825901316695
4.161 0.006452697452521102
4.162 0.0063091077695986335
4.163 0.006311290765309528
4.164 0.0064095867796479
4.165 0.006505665208162526
4.166 0.006515908640122902
4.167 0.006421915967177859
4.168 0.00627074118869876
4.1690000000000005 0.006133740897381523
4.17 0.006057661638610486
4.171 0.006037487700157652
4.172 0.006030185278626429
4.173 0.00599784780091447
4.1739999999999995 0.005938547827358447
4.175 0.0058766917603729155
4.176 0.005827964663180118
4.177 0.005779878330979968
4.178 0.0057116141080851765
4.179 0.005627513320504433
4.18 0.005561160101351284
4.181 0.0055403266782714095
4.182 0.005547515270005072
4.183 0.005521520946899437
4.184 0.0054022027987256525
4.1850000000000005 0.005178828033857092
4.186 0.004900401907483726
4.187 0.004643307997440372
4.188 0.004469834893163484
4.189 0.004404509875456819
4.1899999999999995 0.004433244510733486
4.191 0.004520108429581193
4.192 0.0046272027009609746
4.193 0.004726708267794718
4.194 0.00480255397566314
4.195 0.004843687248754284
4.196 0.004841577245271592
4.197 0.004793802296879458
4.198 0.004703150538847869
4.199 0.004573079161606536
4.2 0.004405988472145326
4.2010000000000005 0.0042076866391678085
4.202 0.003993199148582685
4.203 0.00378631445604174
4.204 0.0036095422550186207
4.205 0.0034697928542094425
4.2059999999999995 0.003351214738004462
4.207 0.003222404421330265
4.208 0.0030614200131398196
4.209 0.002880916594127176
4.21 0.002726491916902451
4.211 0.0026509352473059913
4.212 0.0026841430678284767
4.213 0.00281782148172779
4.214 0.0030093704284411293
4.215 0.0031931086201686773
4.216 0.0033001019620011642
4.2170000000000005 0.003289892684860798
4.218 0.0031737844499667286
4.219 0.003007301553923159
4.22 0.0028527144359453012
4.221 0.002739554575466668
4.2219999999999995 0.0026579532257829117
4.223 0.0025840103547687177
4.224 0.002507164379566902
4.225 0.002434621864206497
4.226 0.002374148769119119
4.227 0.0023229031648581
4.228 0.002274114378409539
4.229 0.0022290660993914235
4.23 0.002196588510367196
4.231 0.002177158213209418
4.232 0.0021581515067536235
4.2330000000000005 0.00212707891504706
4.234 0.0020803673745783497
4.235 0.0020160661623007427
4.236 0.0019170704649636874
4.237 0.0017533893085113297
4.2379999999999995 0.001512055920778692
4.239 0.001221713997100757
4.24 0.0009472468913782577
4.241 0.0007579100518035637
4.242 0.000689979124398388
4.243 0.0007289217361564843
4.244 0.0008227596403665944
4.245 0.0009146364519169245
4.246 0.0009717905822480734
4.247 0.0009908656970380372
4.248 0.000977043359949338
4.2490000000000006 0.0009268809614132533
4.25 0.0008377491770513442
4.251 0.0007294292971306875
4.252 0.0006502005483170981
4.253 0.0006524196872640701
4.254 0.0007540215440474578
4.255 0.000919462639960234
4.256 0.0010767676699297423
4.257 0.001158088586287111
4.258 0.0011330981509747196
4.259 0.001014594925075744
4.26 0.00084053454562754
4.261 0.0006539671216271171
4.2620000000000005 0.0004979135659035856
4.263 0.0004149013267183305
4.264 0.0004351140828898855
4.265 0.0005576309506121686
4.266 0.0007404891815854793
4.2669999999999995 0.0009136983258823219
4.268 0.0010115356797764838
4.269 0.001002984632580968
4.27 0.0009007940162947337
4.271 0.000745871772386842
4.272 0.0005823599976110792
4.273 0.00044291030771623186
4.274 0.0003533869407578504
4.275 0.0003398763450655444
4.276 0.0004162251541593503
4.277 0.0005621256510998701
4.2780000000000005 0.0007170712826253628
4.279 0.0008087036246679126
4.28 0.0008002044820678577
4.281 0.0007110091424305866
4.282 0.0005964071811330496
4.2829999999999995 0.0005096137342867055
4.284 0.0004732940049110049
4.285 0.00047584747150446237
4.286 0.0004829778696684223
4.287 0.00045291979452546596
4.288 0.00035924461993582787
4.289 0.00021408444567654967
4.29 7.317954900763319e-05
4.291 1.2348937079509359e-05
4.292 8.224036995161975e-05
4.293 0.00027081687520005143
4.2940000000000005 0.0005025608022727661
4.295 0.0006779815082295852
4.296 0.0007294526308404437
4.297 0.0006565698510886376
4.298 0.0005179668496618162
4.2989999999999995 0.0003856356849047324
4.3 0.0002980027794538864
4.301 0.00024578877348415616
4.302 0.00019274540362884047
4.303 0.00010936910627160087
4.304 -8.377722230961907e-06
4.305 -0.00014482595310023395
4.306 -0.0002809508217465041
4.307 -0.0004067262774459386
4.308 -0.0005231437688440486
4.309 -0.0006340630536094223
4.3100000000000005 -0.0007357084044831478
4.311 -0.0008131384641943672
4.312 -0.0008459434136100665
4.313 -0.0008188454555243853
4.314 -0.000729594567697394
4.3149999999999995 -0.0005885337244343367
4.316 -0.0004153155162598608
4.317 -0.00023894494519636185
4.318 -9.408974159671129e-05
4.319 -8.761612357671988e-06
4.32 1.0374580932877713e-05
4.321 -1.6910846644437713e-05
4.322 -6.001600095745791e-05
4.323 -0.00010159545335235897
4.324 -0.00014597132796889277
4.325 -0.00020779801376055103
4.3260000000000005 -0.0002937384352990978
4.327 -0.0003952204995324496
4.328 -0.0004984497074418091
4.329 -0.0005955774555131041
4.33 -0.0006854049480410391
4.3309999999999995 -0.0007684815794746166
4.332 -0.0008433429898640951
4.333 -0.0009075799111558273
4.334 -0.0009588497718493338
4.335 -0.0009900086208100268
4.336 -0.0009861963980760595
4.337 -0.0009321628439228477
4.338 -0.0008274487360942683
4.339 -0.0006976266476973322
4.34 -0.0005866505950451668
4.341 -0.0005325128875243623
4.3420000000000005 -0.0005446244103135049
4.343 -0.0005991877772353503
4.344 -0.0006554806474563733
4.345 -0.0006777611984989585
4.346 -0.000645158457224906
4.3469999999999995 -0.0005476642304883923
4.348 -0.0003787057050745372
4.349 -0.00013859854749926096
4.35 0.00015124964544075924
4.351 0.0004398041128508101
4.352 0.0006564984733657783
4.353 0.0007392938038662905
4.354 0.0006648866225397736
4.355 0.0004610807320438598
4.356 0.00019229210780809442
4.357 -7.262406221603052e-05
4.3580000000000005 -0.0002896896303173174
4.359 -0.00044924895109266477
4.36 -0.0005621687043340351
4.361 -0.0006391490649831225
4.362 -0.0006859673388024755
4.3629999999999995 -0.0007135900227277797
4.364 -0.0007445039951751398
4.365 -0.000801880706179116
4.366 -0.0008844726330320132
4.367 -0.000954005717822118
4.368 -0.0009545054886730939
4.369 -0.0008493624620826251
4.37 -0.0006499551709798748
4.371 -0.00041743231955272773
4.372 -0.00023558665980602574
4.373 -0.00017174918876963478
4.3740000000000006 -0.0002469043056460839
4.375 -0.0004282690476503769
4.376 -0.0006448382334584648
4.377 -0.0008160500182036866
4.378 -0.0008794990835249696
4.379 -0.0008076557003516808
4.38 -0.0006131125424261038
4.381 -0.00034403886323038134
4.382 -6.939963785766036e-05
4.383 0.00014299209580160175
4.384 0.00024825054390268444
4.385 0.00023732005796078728
4.386 0.00013479842355446377
4.3870000000000005 -1.6282446624991877e-05
4.388 -0.0001733353476646213
4.389 -0.00030813930774194035
4.39 -0.00041084176906297287
4.391 -0.0004846525908493973
4.3919999999999995 -0.0005361109216694757
4.393 -0.0005685487832951541
4.394 -0.00058170550780538
4.395 -0.0005741667587888499
4.396 -0.0005462164562416753
4.397 -0.0005025778365263972
4.398 -0.0004540056784129067
4.399 -0.00041719768016174893
4.4 -0.0004083161798912775
4.401 -0.00042769064124365284
4.402 -0.00045153345187008584
4.4030000000000005 -0.0004449253712752038
4.404 -0.00038791227470146526
4.405 -0.00029507403593444746
4.406 -0.00021098945646032692
4.407 -0.0001807709361837825
4.4079999999999995 -0.00021870746189257045
4.409 -0.00029746858100448845
4.41 -0.0003625499331941304
4.411 -0.00036178064371094026
4.412 -0.00027261052084605157
4.413 -0.00011160548594571204
4.414 7.858380806235144e-05
4.415 0.00025017959365800324
4.416 0.00036162328176262613
4.417 0.0003813016020296612
4.418 0.00029344843556146897
4.4190000000000005 0.00010830593392928809
4.42 -0.0001298009819170335
4.421 -0.000353751985580473
4.422 -0.0005068829802526548
4.423 -0.0005722118651291939
4.4239999999999995 -0.0005771453010256359
4.425 -0.0005749437885734221
4.426 -0.0006149264858527294
4.427 -0.0007187382440313325
4.428 -0.0008725770542894914
4.429 -0.0010320553958074834
4.43 -0.0011385605504640925
4.431 -0.0011455238328586257
4.432 -0.0010409480972730846
4.433 -0.000851626979176954
4.434 -0.0006276170322429683
4.4350000000000005 -0.0004157864854453728
4.436 -0.0002395171058458696
4.437 -9.656304098538603e-05
4.438 2.749688497157508e-05
4.439 0.00014179747747960957
4.4399999999999995 0.0002391313498717594
4.441 0.00029720767045649215
4.442 0.00028985841257001346
4.443 0.00020075594834611764
4.444 3.2038923642255474e-05
4.445 -0.0001963151006318745
4.446 -0.00045475418412392805
4.447 -0.0007146683264889419
4.448 -0.0009556150845935056
4.449 -0.0011658895889247328
4.45 -0.0013364425420056448
4.4510000000000005 -0.0014560368227410888
4.452 -0.0015140780651593932
4.453 -0.0015064303412446816
4.454 -0.0014364976419037284
4.455 -0.0013108431863830875
4.4559999999999995 -0.0011331595110657862
4.457 -0.0009057380146550702
4.458 -0.0006405083418063352
4.459 -0.0003665723691989713
4.46 -0.00012482119029793364
4.461 4.520371727817422e-05
4.462 0.00011841985433463992
4.463 9.099173051660993e-05
4.464 -1.9688142435169343e-05
4.465 -0.00017654435800821153
4.466 -0.0003266531684110733
4.4670000000000005 -0.0004134848207247083
4.468 -0.00039801465780542404
4.469 -0.0002819316792949964
4.47 -0.00011563314711602358
4.471 2.4243045827134518e-05
4.4719999999999995 7.575862178461512e-05
4.473 2.37679184081569e-05
4.474 -9.734423587920733e-05
4.475 -0.00023233205155559825
4.476 -0.00034210409084378397
4.477 -0.00042000965748877913
4.478 -0.00048227635737483764
4.479 -0.0005453935095819532
4.48 -0.000608947613037801
4.481 -0.0006566042386452289
4.482 -0.0006708381036216204
4.4830000000000005 -0.0006474588335228976
4.484 -0.0006008751895631964
4.485 -0.0005568958360967081
4.486 -0.0005354552231726077
4.487 -0.0005339116692128577
4.4879999999999995 -0.0005247647954921669
4.489 -0.00047075730995495144
4.49 -0.00034798712362743084
4.491 -0.00016283463163686797
4.492 4.95161628983284e-05
4.493 0.0002431194565707585
4.494 0.00037933815661792697
4.495 0.0004357539865242965
4.496 0.0004086209049253191
4.497 0.0003112106167324175
4.498 0.0001690227086114608
4.4990000000000006 1.2865639862046809e-05
4.5 -0.00013035565776260897
# -------------------
# S3B_SLSTR Band S8
# -------------------
9.05 6.974099691623826e-05
9.06 8.534105563292015e-05
9.07 0.00010192659861579424
9.08 0.00010251915388931455
9.09 0.00010377665426013284
9.100000000000001 0.00011282482678625005
9.110000000000001 0.00012138348058967706
9.120000000000001 0.00012930717230280676
9.13 0.00013395505447918147
9.14 0.0001288392498092286
9.15 0.00011733764718238229
9.16 0.00011088443199056465
9.17 0.00011087483735869483
9.180000000000001 0.00010922419559678232
9.190000000000001 0.00010367522749739158
9.200000000000001 0.00010122762522378664
9.21 9.791477289044653e-05
9.22 8.433287227534897e-05
9.23 7.719567942534538e-05
9.24 8.637410255179301e-05
9.25 0.0001058898296000013
9.260000000000002 0.00013035619396518973
9.270000000000001 0.00014545910906958267
9.280000000000001 0.00014464572419244074
9.290000000000001 0.0001256917201790862
9.3 9.538280260824786e-05
9.31 7.579429287205846e-05
9.32 6.870364844708228e-05
9.33 6.469214155884353e-05
9.34 6.668243924067803e-05
9.350000000000001 8.306454445668363e-05
9.360000000000001 9.928826384204874e-05
9.370000000000001 9.14877533101001e-05
9.38 6.933450801647422e-05
9.39 6.383376973573217e-05
9.4 6.824565846405351e-05
9.41 6.405670253620759e-05
9.42 6.174263322628737e-05
9.430000000000001 6.247155886487786e-05
9.440000000000001 6.224060299482306e-05
9.450000000000001 6.89759137485818e-05
9.46 7.663702096522376e-05
9.47 7.294099271650613e-05
9.48 6.397360739931131e-05
9.49 5.93895679451186e-05
9.5 6.064784688663349e-05
9.510000000000002 6.303152330263073e-05
9.520000000000001 6.46967583634772e-05
9.530000000000001 5.930065404395913e-05
9.540000000000001 4.155562230544214e-05
9.55 2.8024007446507486e-05
9.56 2.1555361252482622e-05
9.57 9.704744583978069e-07
9.58 -2.2169279997466325e-05
9.59 -1.3771755608029819e-05
9.600000000000001 1.4044606808902237e-05
9.610000000000001 2.7466594594131338e-05
9.620000000000001 3.4335887843396075e-05
9.63 5.065308014293054e-05
9.64 6.112647296667376e-05
9.65 5.254355811826542e-05
9.66 3.589218696055231e-05
9.67 2.8925753095353587e-05
9.680000000000001 2.962542369014212e-05
9.690000000000001 2.5971330278147756e-05
9.700000000000001 1.7835507152106695e-05
9.71 1.2655623958443702e-05
9.72 1.941073400635153e-05
9.73 4.067170522130327e-05
9.74 6.184220200434643e-05
9.75 6.808477140485306e-05
9.760000000000002 6.69260773214167e-05
9.770000000000001 6.749042602025772e-05
9.780000000000001 6.852730749072161e-05
9.790000000000001 7.467093146235491e-05
9.8 8.972657369565396e-05
9.81 0.00010036740329706222
9.82 0.00010159713291172837
9.83 0.00010530193012593596
9.84 0.0001140395693828476
9.850000000000001 0.00011038437032882912
9.860000000000001 9.055154557163391e-05
9.870000000000001 7.90138568112187e-05
9.88 8.718798048720242e-05
9.89 0.0001050734402646341
9.9 0.00012198204789862121
9.91 0.000133655445118975
9.92 0.0001409629306299496
9.930000000000001 0.0001479909365939933
9.940000000000001 0.00016035307432905093
9.950000000000001 0.00020198598776421646
9.96 0.0002810407727730237
9.97 0.0003707327040691292
9.98 0.00044336471852539225
9.99 0.0005015000854893457
10.0 0.0005716998499519198
10.010000000000002 0.0006671950261344498
10.020000000000001 0.0007850445994079432
10.030000000000001 0.0009140424785164478
10.040000000000001 0.0010610281006339232
10.05 0.0012420321537504803
10.06 0.0014673609024284172
10.07 0.001736548616788269
10.08 0.0020481600868354185
10.09 0.0024092398672742156
10.100000000000001 0.002819666423467057
10.110000000000001 0.003294795536859818
10.120000000000001 0.003860952935199797
10.13 0.004547717961016317
10.14 0.005368657542864188
10.15 0.006335581945935493
10.16 0.007489703689197061
10.170000000000002 0.00887979125774483
10.180000000000001 0.01054754959180322
10.190000000000001 0.012522190663031318
10.200000000000001 0.0148638467421767
10.21 0.017657767459296442
10.22 0.021003203417220857
10.23 0.025010195152751706
10.24 0.02975746515702559
10.25 0.035334146948653035
10.260000000000002 0.04189323502988421
10.270000000000001 0.049665405925028654
10.280000000000001 0.058884460335891606
10.290000000000001 0.06974843923327603
10.3 0.08238811952699572
10.31 0.09684622927595005
10.32 0.11335533332780817
10.33 0.13238436920935898
10.34 0.15421334674035422
10.350000000000001 0.17875739443203903
10.360000000000001 0.20589379490093093
10.370000000000001 0.2356656433068523
10.38 0.2681822661383044
10.39 0.3037015853294339
10.4 0.3421701960435174
10.41 0.38258278387174605
10.420000000000002 0.423775791406342
10.430000000000001 0.4656457718688061
10.440000000000001 0.508744378698956
10.450000000000001 0.5529242695613905
10.46 0.5969375607835926
10.47 0.6391540697590187
10.48 0.6786097417546441
10.49 0.7156779014435426
10.5 0.7514226756562242
10.510000000000002 0.7860586072649245
10.520000000000001 0.8182223082555531
10.530000000000001 0.845976977730199
10.540000000000001 0.8690632896364061
10.55 0.8895415167905187
10.56 0.909180786899619
10.57 0.927487097605349
10.58 0.9429664802925222
10.59 0.9548620237115261
10.600000000000001 0.9634912767616822
10.610000000000001 0.9704900927895352
10.620000000000001 0.9780710735310192
10.63 0.9861438457549505
10.64 0.991897802199759
10.65 0.9938368110942764
10.66 0.9938565343098817
10.670000000000002 0.9944638229449022
10.680000000000001 0.9963244849994283
10.690000000000001 0.9986977613846804
10.700000000000001 1.0000467824472683
10.71 0.9987504137376318
10.72 0.9952944760458872
10.73 0.9926329204695498
10.74 0.9927513521101137
10.75 0.9941819177735419
10.760000000000002 0.9939977668005379
10.770000000000001 0.9911526378776715
10.780000000000001 0.987144995697176
10.790000000000001 0.9841540592867057
10.8 0.9831709865188308
10.81 0.9834248658098425
10.82 0.9828857405561254
10.83 0.9799900950466102
10.84 0.9753379284612775
10.850000000000001 0.9714227203620287
10.860000000000001 0.970019143534081
10.870000000000001 0.9699041560130384
10.88 0.9683298758208507
10.89 0.9643356800718176
10.9 0.9593026131469384
10.91 0.9550228109699017
10.920000000000002 0.9523998058878371
10.930000000000001 0.951180668518611
10.940000000000001 0.9496764321052954
10.950000000000001 0.9455633579719847
10.96 0.9384526276015216
10.97 0.9308427291130021
10.98 0.9250259822231467
10.99 0.9203445414174152
11.0 0.9144353698867261
11.010000000000002 0.9058536272369002
11.020000000000001 0.8947044409856555
11.030000000000001 0.8819479482091818
11.040000000000001 0.8689170850755423
11.05 0.856428298462805
11.06 0.8434335544885748
11.07 0.8275964643559452
11.080000000000002 0.8079392778474564
11.09 0.7860073398818598
11.100000000000001 0.7640060905754691
11.110000000000001 0.742570536824495
11.120000000000001 0.7205192304945323
11.13 0.6963146094276432
11.14 0.6694024572783361
11.15 0.6404131671526958
11.16 0.6107249838300072
11.170000000000002 0.5817421974197547
11.18 0.5538485891843183
11.190000000000001 0.526115859484085
11.200000000000001 0.49734575755822585
11.21 0.46743068544549693
11.22 0.4375835886393798
11.23 0.4090792056406951
11.24 0.3820886121455181
11.25 0.3560328844188304
11.260000000000002 0.33045358043699774
11.270000000000001 0.30519775357643597
11.280000000000001 0.28042545844744754
11.290000000000001 0.2566163920457042
11.3 0.23433358223150652
11.31 0.21373932006475596
11.32 0.1944149046021034
11.330000000000002 0.1758461549650445
11.34 0.15804273710650835
11.350000000000001 0.14140895716197627
11.360000000000001 0.1262341796209224
11.370000000000001 0.11252970972482644
11.38 0.10015920861809843
11.39 0.08892215098169251
11.4 0.07864601538575108
11.41 0.06924785949869627
11.420000000000002 0.06075539674744326
11.43 0.05326655079452929
11.440000000000001 0.04677208578652401
11.450000000000001 0.041105784096400026
11.46 0.036082414637842466
11.47 0.031599642497945515
11.48 0.02761743099380435
11.49 0.02412999520886599
11.5 0.021106184908208165
11.510000000000002 0.018480900179985882
11.520000000000001 0.016196100478786665
11.530000000000001 0.014197447585785125
11.540000000000001 0.012431859596372516
11.55 0.010873247730315148
11.56 0.009517441667451793
11.57 0.008350716550364031
11.580000000000002 0.007351706304350592
11.59 0.0064833192306219855
11.600000000000001 0.005712151806504609
11.610000000000001 0.005032855707816909
11.620000000000001 0.004444283656086819
11.63 0.003932778080161832
11.64 0.00348485047627721
11.65 0.0030909399931799294
11.66 0.002737446972189804
11.670000000000002 0.002420914705772801
11.68 0.0021397878560364446
11.690000000000001 0.0018883126206151943
11.700000000000001 0.0016680273638681365
11.71 0.0014779881435506243
11.72 0.0013098704165304688
11.73 0.0011585302769023388
11.74 0.0010258884758064062
11.75 0.0009100497706474917
11.760000000000002 0.0008112614720266788
11.770000000000001 0.0007286684531380911
11.780000000000001 0.0006504772982986453
11.790000000000001 0.0005682492041511294
11.8 0.00048153284778583184
11.81 0.0003936972941283956
11.82 0.00031309932739214156
11.830000000000002 0.00025327752758701053
11.84 0.0002207495292768079
11.850000000000001 0.0002107882654071847
11.860000000000001 0.00021378606989331834
11.870000000000001 0.00021374805064983352
11.88 0.00019880433960343938
11.89 0.00017217420606584506
11.9 0.00015763917213370483
11.91 0.00020770609597757216
11.920000000000002 0.00038558226956464934
11.93 0.0006903952393684502
11.940000000000001 0.0009932054734629314
11.950000000000001 0.0011045141142173288
11.96 0.000944364113824044
11.97 0.0006224188663675719
11.98 0.00032283738878849903
11.99 0.00014170610706895327
12.0 5.651338861793138e-05
12.010000000000002 1.2277713445227426e-05
12.020000000000001 -2.067190480562429e-05
12.030000000000001 -4.6134379080100896e-05
12.040000000000001 -6.102442907265715e-05
12.05 -6.59502134697099e-05
12.06 -6.573709401849115e-05
12.07 -6.37455957451567e-05
12.080000000000002 -5.698818367898513e-05
12.09 -4.052251433717748e-05
12.100000000000001 -1.4753613320612365e-05
12.110000000000001 1.2184106017956321e-05
12.120000000000001 2.9853683791937383e-05
12.13 3.514417520281161e-05
12.14 3.3982451160372707e-05
12.15 3.3491042246272705e-05
12.16 3.578222109034e-05
12.170000000000002 3.847539352253132e-05
12.18 3.886129644160467e-05
12.190000000000001 3.624943699802754e-05
12.200000000000001 3.147577364394133e-05
12.21 2.6257302157094568e-05
12.22 2.3899242437539024e-05
12.23 2.9405680463971567e-05
12.24 4.5119891877856656e-05
12.25 6.556319883300725e-05
12.260000000000002 7.9646660320686e-05
12.270000000000001 7.923110840936055e-05
12.280000000000001 6.594737638656982e-05
12.290000000000001 4.96100405243315e-05
12.3 3.958902020907399e-05
12.31 3.7986366578984356e-05
12.32 4.0707541621097244e-05
12.330000000000002 4.3241495973902784e-05
12.34 4.4251459053915574e-05
12.350000000000001 4.462098102381959e-05
12.360000000000001 4.572622398310082e-05
12.370000000000001 4.836899410144885e-05
12.38 5.202253175441111e-05
12.39 5.486568048860398e-05
12.4 5.418569680623309e-05
12.41 4.77731709941046e-05
12.420000000000002 3.659339100722863e-05
12.43 2.599400693052246e-05
12.440000000000001 2.3001293713226997e-05
12.450000000000001 3.100932050406597e-05
12.46 4.739873996047269e-05
12.47 6.594590653845806e-05
12.48 8.055134042347934e-05
12.49 8.751221524372074e-05
12.5 8.601256025773685e-05
12.510000000000002 7.803332866171029e-05
12.520000000000001 6.758859834245068e-05
12.530000000000001 5.949406658770906e-05
12.540000000000001 5.831757393465803e-05
12.55 6.706201295472311e-05
12.56 8.540749017370255e-05
12.57 0.00010855454566328421
12.580000000000002 0.0001290296858301975
12.59 0.00014056588746747724
12.600000000000001 0.00014048300631398997
12.610000000000001 0.00012966111098050172
12.620000000000001 0.00011190111479577571
12.63 9.417208323822102e-05
12.64 8.506264139528238e-05
12.65 9.007025454102176e-05
# -------------------
# S3B_SLSTR Band S9
# -------------------
10.0 7.063869350828384e-05
10.01 8.141277878110048e-05
10.02 9.253228518495942e-05
10.03 9.717941910240797e-05
10.04 0.00010177024733386365
10.05 0.00011410094945612941
10.06 0.00012648667746511147
10.07 0.00012715695964427048
10.08 0.0001210848420112031
10.09 0.00012304365057988785
10.1 0.00013126663955180607
10.11 0.00012839275809553655
10.12 0.00010809581341605228
10.13 8.320866525782999e-05
10.14 7.319313562657936e-05
10.15 8.647450723444839e-05
10.16 0.0001074394492521186
10.17 0.00011377294372483284
10.18 0.00010441862535810349
10.19 9.363793707559195e-05
10.2 9.044342459889938e-05
10.21 9.498760708770291e-05
10.22 0.00010409259940498415
10.23 0.00011726065452267262
10.24 0.00014298512153947712
10.25 0.0001830717041945982
10.26 0.0002101158848518158
10.27 0.00019981824139951487
10.28 0.00016842660249232727
10.29 0.00014176435931629528
10.3 0.00012489623760799845
10.31 0.00011689213827619924
10.32 0.00011864027139446496
10.33 0.000126620248702332
10.34 0.00013477390937863734
10.35 0.00013584662035126557
10.36 0.00012646050327147395
10.37 0.00011198735047508325
10.38 9.785639017357203e-05
10.39 8.714574231006348e-05
10.4 8.391167527437067e-05
10.41 8.839585794222923e-05
10.42 9.228287723858862e-05
10.43 8.426176699816984e-05
10.44 6.389068888195816e-05
10.45 4.4947507105871016e-05
10.46 4.0960751583487504e-05
10.47 5.0073656086754444e-05
10.48 5.9289173165826284e-05
10.49 6.160856207004983e-05
10.5 5.9164916254059005e-05
10.51 5.465011085733898e-05
10.52 4.9953477615681625e-05
10.53 4.5531771793665166e-05
10.54 3.851004072654627e-05
10.55 2.7202849426723944e-05
10.56 1.3661340503440477e-05
10.57 2.732388520736528e-06
10.58 5.913311482292468e-07
10.59 7.98855864766788e-06
10.6 1.595298952058755e-05
10.61 1.623147291381037e-05
10.62 1.4189419391661328e-05
10.63 1.761626795713078e-05
10.64 2.1050305354918322e-05
10.65 1.8881679984942578e-05
10.66 1.917844357126989e-05
10.67 2.9532642298607284e-05
10.68 4.4275005458373085e-05
10.69 5.338956891877599e-05
10.7 5.509718600333606e-05
10.71 5.256511756723493e-05
10.72 4.795924451806664e-05
10.73 4.4673388591200326e-05
10.74 4.516452533017647e-05
10.75 4.624198487524912e-05
10.76 4.4613350878091855e-05
10.77 4.3019967764089734e-05
10.78 4.3917555083917416e-05
10.79 4.2658516956157105e-05
10.8 3.471087881275938e-05
10.81 2.4898977860642202e-05
10.82 2.0670528233951372e-05
10.83 2.0935031191985225e-05
10.84 2.151874816877705e-05
10.85 2.293676458079926e-05
10.86 2.6477416095690497e-05
10.87 2.914202379765795e-05
10.88 2.5244703407540545e-05
10.89 1.6835317897949376e-05
10.9 1.3112408747595964e-05
10.91 1.3381842667891131e-05
10.92 1.199637855419408e-05
10.93 1.0667479393223067e-05
10.94 1.5110571965630993e-05
10.95 2.985663740095026e-05
10.96 5.185457335403677e-05
10.97 7.550643000263047e-05
10.98 0.00010426817778175159
10.99 0.00014498569021006145
11.0 0.00020169553892753617
11.01 0.0002727741217835326
11.02 0.00035485133455227124
11.03 0.00045927324350048736
11.04 0.0006017375497056715
11.05 0.0007881852079340432
11.06 0.001019266934512197
11.07 0.0012919758704764152
11.08 0.001607171420458964
11.09 0.0019810015982448044
11.1 0.0024327997571611318
11.11 0.002980863895331504
11.120000000000001 0.003631229005598833
11.13 0.004375677149684029
11.14 0.005210934197247719
11.15 0.00614552921358688
11.16 0.007194560710477506
11.17 0.008389615197587748
11.18 0.009754436325400932
11.19 0.01128451983808409
11.2 0.012956871336495637
11.21 0.014760986232324436
11.22 0.016734089173469142
11.23 0.01894256115852086
11.24 0.021416912648652624
11.25 0.02414892749887822
11.26 0.027126836167411125
11.27 0.03034365903695526
11.28 0.0338141927191269
11.29 0.03758604126892564
11.3 0.0417526584068639
11.31 0.04640449542895952
11.32 0.05152336886850392
11.33 0.056992847864383946
11.34 0.06277519312637045
11.35 0.06898606955033777
11.36 0.07580308518846014
11.370000000000001 0.08335351363530066
11.38 0.09167787437097634
11.39 0.1007400639451022
11.4 0.1104402714533795
11.41 0.12068029897497948
11.42 0.13155664464599387
11.43 0.14345249511196156
11.44 0.15673068100834373
11.45 0.1713948263846759
11.46 0.18711230232033338
11.47 0.20355457391437462
11.48 0.22071199048057627
11.49 0.23888623649284968
11.5 0.2584056223176452
11.51 0.27943448311705354
11.52 0.3019063180726327
11.53 0.325426868500777
11.54 0.3494047205222471
11.55 0.3735319105548924
11.56 0.39816600182163364
11.57 0.42408702342557525
11.58 0.451671712153334
11.59 0.48031882153365846
11.6 0.5089514546396235
11.61 0.5369550763665326
11.620000000000001 0.5643944921750368
11.63 0.5916296593682391
11.64 0.6191071156633301
11.65 0.6471997240110948
11.66 0.675701035864597
11.67 0.7033690045248684
11.68 0.7285034100637651
11.69 0.7504420262416776
11.7 0.7703730530969941
11.71 0.7901676425397769
11.72 0.8104988025749574
11.73 0.830445409487923
11.74 0.8486774974887139
11.75 0.8644291685245618
11.76 0.8776711975276513
11.77 0.8890191988954756
11.78 0.899681797558893
11.79 0.9109542380723469
11.8 0.9231810443167361
11.81 0.9350565061204341
11.82 0.9445243986401521
11.83 0.9508275003203848
11.84 0.9552455345717791
11.85 0.9598687329650778
11.86 0.9659196939008647
11.870000000000001 0.9730838488413212
11.88 0.980132369839762
11.89 0.9857491958794833
11.9 0.9889460260391982
11.91 0.9893164368362005
11.92 0.9876208975883449
11.93 0.9859679909833672
11.94 0.9867500786271926
11.95 0.9906947528733487
11.96 0.9959621558488168
11.97 0.9995089847313468
11.98 0.999602494015509
11.99 0.9969384376457427
12.0 0.9933828965046858
12.01 0.9901782472118561
12.02 0.9875346835661973
12.030000000000001 0.9848788854375945
12.04 0.9811194479525911
12.05 0.975327661639823
12.06 0.9675948381937612
12.07 0.9594448832798252
12.08 0.9530602576253391
12.09 0.9495785969619862
12.1 0.9482147882871945
12.11 0.9470349195641989
12.120000000000001 0.9445956910588573
12.129999999999999 0.9409574210379463
12.14 0.9373339829392191
12.15 0.9350690075498992
12.16 0.9349018977364006
12.17 0.9367639918050329
12.18 0.9397312847220992
12.19 0.9421667681669648
12.2 0.9425673008333025
12.21 0.9404862583222068
12.22 0.9367615999120914
12.23 0.9331316694375392
12.24 0.9308967612609184
12.25 0.9296403348604447
12.26 0.9275808473191057
12.27 0.9229950819513771
12.280000000000001 0.9152930551084993
12.29 0.9050609371925277
12.3 0.8934352756927041
12.31 0.8814971800859611
12.32 0.8698895760322549
12.33 0.8585100385197854
12.34 0.8463381894190423
12.35 0.8317764085478583
12.36 0.8136633202685235
12.370000000000001 0.7922372072013247
12.379999999999999 0.769041697002146
12.39 0.745654168951293
12.4 0.7225278972652782
12.41 0.6989759858791676
12.42 0.6739825139364398
12.43 0.6469424210143944
12.44 0.6178911973898976
12.45 0.5874383794164103
12.46 0.5565625135542117
12.47 0.5263063384846772
12.48 0.4973833855810609
12.49 0.4698263876452602
12.5 0.4430346095738792
12.51 0.41632715354391164
12.52 0.38954073139327505
12.530000000000001 0.3631783383477282
12.54 0.3380122908412055
12.55 0.3145997336725951
12.56 0.29307869650435087
12.57 0.2731950571417636
12.58 0.2545284786464206
12.59 0.23675857017158455
12.6 0.21976315369082705
12.61 0.2035948937124984
12.620000000000001 0.18841728753903825
12.629999999999999 0.1744297261409522
12.64 0.16176446056870705
12.65 0.15035841441098285
12.66 0.13994656112189738
12.67 0.1302122331739476
12.68 0.12094462131566901
12.69 0.11211087997735486
12.7 0.10383314480335382
12.71 0.0962639479777308
12.72 0.08945334660282646
12.73 0.08332865071820103
12.74 0.0777552877033877
12.75 0.07259614818132316
12.76 0.0677421004680352
12.77 0.06312551752755391
12.780000000000001 0.05874065977461194
12.79 0.05464181270278316
12.8 0.05089267657519142
12.81 0.04751873783176205
12.82 0.044487712332104704
12.83 0.041710588892750075
12.84 0.039087273928518775
12.85 0.03656617074378996
12.86 0.03415649729257355
12.870000000000001 0.031892963304312724
12.879999999999999 0.02980216125384697
12.89 0.027895113472209167
12.9 0.026166421369866102
12.91 0.024591489533889618
12.92 0.02313384187991409
12.93 0.021755605976365628
12.94 0.02042910379652114
12.95 0.019147791644522832
12.96 0.017927823188648696
12.97 0.016797988869772337
12.98 0.015776426962856662
12.99 0.014855399324428802
13.0 0.014009982237204377
13.01 0.01321285976341446
13.02 0.012444995548563311
13.030000000000001 0.011697537542216157
13.04 0.010973058869339237
13.05 0.010285840056012146
13.06 0.00964915464899108
13.07 0.00906695136990258
13.08 0.008536386304089899
13.09 0.008047659154048006
13.1 0.007586679849193399
13.11 0.007140697186773016
13.120000000000001 0.0067046245365318955
13.129999999999999 0.006284305714330249
13.14 0.005887878040368277
13.15 0.005518899188591054
13.16 0.0051778123420736
13.17 0.004862023019284627
13.18 0.004565783868341071
13.19 0.004283797603413538
13.2 0.00401440440350086
13.21 0.0037569934968863035
13.22 0.0035098876517934124
13.23 0.0032724034398744642
13.24 0.003046598849707428
13.25 0.002836369889666934
13.26 0.0026423984141562
13.27 0.002461177943436821
13.280000000000001 0.0022895373918366477
13.29 0.0021254246304109052
13.3 0.0019675712321099697
13.31 0.0018164604631834842
13.32 0.0016739002775248957
13.33 0.001540967914371259
13.34 0.0014167308563964912
13.35 0.0012995175521577308
13.36 0.0011885797826019324
13.370000000000001 0.0010842344889029618
13.379999999999999 0.000985913797771887
13.39 0.0008926177877653485
13.4 0.000805457081908722
13.41 0.0007264128560474795
13.42 0.00065595961849588
13.43 0.0005927344029382822
13.44 0.0005346700027536976
13.45 0.00048026970589000977
13.46 0.00042906719263593324
13.47 0.0003815240552265606
13.48 0.000338596734266259
13.49 0.00030111532577932584
13.5 0.0002685715378510187
13.51 0.0002394465368953501
13.52 0.00021292323734386874
13.530000000000001 0.00018886180856522182
13.54 0.0001665983299382465
13.55 0.00014468140516779034
13.56 0.00012187583050197968
13.57 9.814757582282121e-05
13.58 7.513252082450601e-05
13.59 5.558730070149009e-05
13.6 4.188566877674227e-05
13.61 3.4696737338470114e-05
13.620000000000001 3.265171441805246e-05
13.629999999999999 3.3313413329676615e-05
13.64 3.470462118936422e-05
13.65 3.60431334144798e-05
13.66 3.712972601818384e-05
13.67 3.801887783026765e-05
13.68 3.9411902433399397e-05
13.69 4.229036028113274e-05
13.7 4.691900605326658e-05
13.71 5.236172947495584e-05
13.72 5.679285738083441e-05
13.73 5.82637627461644e-05
13.74 5.559403205597263e-05
13.75 4.886879930817231e-05
13.76 3.952351035212478e-05
13.77 2.9977038311092554e-05
13.780000000000001 2.2506698008757796e-05
13.79 1.8063072470111648e-05
13.8 1.6238707715663392e-05
13.81 1.6055760781243912e-05
13.82 1.648137166693667e-05
13.83 1.673515924456723e-05
13.84 1.664038275226687e-05
13.85 1.671495426606512e-05
13.86 1.7853888805715455e-05
13.870000000000001 2.0729643622766565e-05
13.879999999999999 2.524872303015052e-05
13.89 3.066791898220295e-05
13.9 3.617016165642954e-05
13.91 4.102095674553321e-05
13.92 4.44508132491788e-05
13.93 4.5917608140257825e-05
13.94 4.55628658386724e-05
13.95 4.4309395415631545e-05
13.96 4.3413736531001735e-05
13.97 4.362140246093018e-05
13.98 4.460901879110717e-05
13.99 4.517982040553894e-05
14.0 4.397620759653568e-05
# -------------------
