# S3B_SLSTR RSR
# QV 2024-12-04 from SLSTR_B_PFM_Spectral_Responses_Netcdf
# resampled to 0.25 nm resolution
#
# S3B_SLSTR Band S1
# -------------------
0.515 0.000373253626124529
0.51525 5.600904332567103e-05
0.5155 0.0004394036786767696
0.51575 -0.000137552684548078
0.516 -0.0006114685364020276
0.51625 -0.0015362582605989185
0.5165 -9.811185548971964e-05
0.51675 0.0017681972154849452
0.517 -0.0002673266260878768
0.51725 -0.0018217830385896456
0.5175 -0.0018405891596627668
0.51775 0.0003592861585008861
0.518 -0.001252396565769195
0.51825 -0.00021265262075084203
0.5185 0.0025706744073452008
0.51875 6.910913378795759e-05
0.519 -0.001360587039412745
0.51925 -0.0014409341505412785
0.5195 0.0009711418792811485
0.51975 0.00011176746957956325
0.52 0.0017143573789900673
0.52025 -0.00027460370810035765
0.5205 0.0004249643922994697
0.52075 -0.0005635483478551881
0.521 -0.0005613399017942863
0.52125 -0.00031560924251803404
0.5215 -0.0015563397001917426
0.52175 -0.0001774902926458594
0.522 -1.5054590579099888e-05
0.52225 6.228887274263695e-05
0.5225 -0.00034151263094303705
0.52275 -0.0011104628484357496
0.523 0.00030684023316521295
0.52325 -0.0007357031614563365
0.5235 0.00014432852667315774
0.52375 0.0019200159122867765
0.524 -0.0017228839122007018
0.52425 -0.0025325322089870465
0.5245 -0.0009982729496064442
0.52475 -0.0016008579819301808
0.525 -0.0006910717020491747
0.52525 -0.00036546743670078227
0.5255 -0.00048452840904552897
0.52575 0.00013848223235200306
0.526 0.0024853506352386524
0.52625 0.002665711147011547
0.5265 -0.00029187279700510887
0.52675 0.0009314307665907038
0.527 0.0007808573245877454
0.52725 -0.0002312493278649104
0.5275 -0.00010735404553109742
0.52775 -0.0017292100420168313
0.528 0.0006168843536537176
0.52825 0.000897015690947255
0.5285 0.0017862514138442798
0.52875 0.0010721154353252548
0.529 0.0013264910607922757
0.52925 0.001643699994101098
0.5295 0.0020688156333132286
0.52975 0.0012964654384001227
0.53 0.0014364601759914966
0.53025 9.234084569653616e-05
0.5305 0.00162357454268902
0.53075 0.0009118296305855375
0.531 0.0015395638098586442
0.53125 -0.0007828572283405277
0.5315 0.0011763172477108547
0.53175 0.003918289592889982
0.532 0.0005957063629721032
0.53225 0.002121790225955121
0.5325 0.0008840417713597374
0.53275 -0.0004912943839904052
0.533 0.0006315095638631972
0.53325 -0.0006412126557932092
0.5335 -0.00043694921348950684
0.53375 0.00036535338077862153
0.534 0.0009604459210358091
0.53425 0.0011961072795867449
0.5345 0.00012677491225785426
0.53475 0.0007760873831677512
0.535 -0.0012014711883935822
0.53525 -0.00031658396577109076
0.5355 -0.00207335499741329
0.53575 0.00017411673919943683
0.536 0.0005052970580461586
0.53625 0.0006675663342154284
0.5365 0.0026880374367053254
0.53675 0.0006518880962643862
0.537 0.0011091608314228525
0.53725 -0.0001516011051367254
0.5375 7.333121585209961e-05
0.53775 0.004193197012625929
0.538 0.0024257479328669627
0.53825 0.0013642343377482874
0.5385 0.0034278842634250053
0.53875 0.002224889615861937
0.539 0.0005860667441370421
0.53925 0.00045997086824549175
0.5395 0.0006459051820328621
0.53975 0.002994838280242744
0.54 0.0025097597154224477
0.54025 0.0024274169546916135
0.5405 0.00022432075783785678
0.54075 0.002281310836605493
0.541 0.004600000230224246
0.54125 0.00416110163476955
0.5415 0.0022843227086675345
0.54175 0.0065525847952192864
0.542 0.010946664555634691
0.54225 0.011273638939944264
0.5425 0.012062004381969388
0.54275 0.016961609410032427
0.543 0.027577500635415884
0.54325 0.04061871162159705
0.5435 0.05615547589132061
0.54375 0.07691489503382233
0.544 0.10379448968613013
0.54425 0.13479564456545245
0.5445 0.17369541689105963
0.54475 0.22057841687675603
0.545 0.27424525541308675
0.54525 0.3321826152084652
0.5455 0.3958484652741899
0.54575 0.4649755315876512
0.546 0.5336341636111656
0.54625 0.6006451778269289
0.5465 0.6572062619577532
0.54675 0.7065978708251082
0.547 0.7474932723895974
0.54725 0.7787732154713981
0.5475 0.8017825371068258
0.54775 0.8234152515204405
0.548 0.8397199873824324
0.54825 0.853946445611931
0.5485 0.8681249871793191
0.54875 0.8797211738030661
0.549 0.8940419539512134
0.54925 0.9079533595887719
0.5495 0.9178125846251907
0.54975 0.9301806591434535
0.55 0.9396504686332908
0.55025 0.9464160544128704
0.5505 0.9528247748480047
0.55075 0.9581415072031374
0.551 0.9608939661339245
0.55125 0.965398946530456
0.5515 0.9654671575750569
0.55175 0.962757479133758
0.552 0.9593682922673488
0.55225 0.9576489282986698
0.5525 0.9580153607604948
0.55275 0.9550052512487083
0.553 0.9530429743334858
0.55325 0.9551241338258052
0.5535 0.9551735945601961
0.55375 0.9553785837875914
0.554 0.9584426657778999
0.55425 0.9636276042269661
0.5545 0.9667869968318813
0.55475 0.9668645651202973
0.555 0.9698330186112056
0.55525 0.9743808552565959
0.5555 0.9791198353902661
0.55575 0.9808426394569101
0.556 0.9838821693174393
0.55625 0.9860168190951162
0.5565 0.9856131847295005
0.55675 0.9863830159490412
0.557 0.9867930758152549
0.55725 0.986254914191738
0.5575 0.9811109581602575
0.55775 0.9674479301056338
0.558 0.9542855978350172
0.55825 0.9446158405638299
0.5585 0.9452360793982713
0.55875 0.9589771335261565
0.559 0.9692533700226788
0.55925 0.961550236238884
0.5595 0.9375159289347145
0.55975 0.9194047408399253
0.56 0.9315492195170048
0.56025 0.9611044755927249
0.5605 0.9785351741990038
0.56075 0.9806069872585603
0.561 0.9783266985694307
0.56125 0.9810103745480757
0.5615 0.9908662249411585
0.56175 0.9967705480064221
0.562 0.9999598355248929
0.56225 0.9967651182676194
0.5625 0.9823932022673744
0.56275 0.9608633166439922
0.563 0.9304140503760161
0.56325 0.8885129893872921
0.5635 0.8276161567762768
0.56375 0.7514685339157801
0.564 0.6774734687494676
0.56425 0.629433827470061
0.5645 0.5952224119712388
0.56475 0.5544410870735177
0.565 0.5110018101901143
0.56525 0.4702857811741105
0.5655 0.4239774682971243
0.56575 0.3670113014959182
0.566 0.3132236580338259
0.56625 0.27005195020902834
0.5665 0.23460106931722927
0.56675 0.20608375704231094
0.567 0.1795966654057019
0.56725 0.1506547424540664
0.5675 0.12423241269011973
0.56775 0.10418652303622819
0.568 0.08461956518450695
0.56825 0.06839361265719385
0.5685 0.05430814349512259
0.56875 0.04376389329614866
0.569 0.03472981636199096
0.56925 0.028083935457546796
0.5695 0.022164451989230328
0.56975 0.017110496005779238
0.57 0.013766440988764516
0.57025 0.012895839321252319
0.5705 0.009686072050602361
0.57075 0.007671943600844083
0.571 0.006373641272577444
0.57125 0.004414842825207461
0.5715 0.0027887155617444346
0.57175 0.0028464805342425454
0.572 0.003657001841747273
0.57225 0.0021377290289923273
0.5725 0.0023281665964608907
0.57275 0.0019542004863220466
0.573 0.0009166914573895645
0.57325 0.0007204512859236298
0.5735 0.0021653341287312714
0.57375 0.0010577500505901526
0.574 -0.0005428529122722586
0.57425 -0.0005523281376920788
0.5745 0.000858956043740123
0.57475 1.9622006979519857e-05
0.575 -0.0005383086156407221
0.57525 -0.00022871501101497948
0.5755 0.001193657009045492
0.57575 0.0012742342780566272
0.576 9.094785259322902e-05
0.57625 0.0008541485534007061
0.5765 0.0012671791244282119
0.57675 0.0008483543500771639
0.577 0.0002292244456407917
0.57725 0.0008229679013899256
0.5775 0.0008490782693971708
0.57775 0.0006386618127218574
0.578 0.0005611013599693348
0.57825 8.918006193295416e-05
0.5785 -0.0012786685265843776
0.57875 -0.0006923431553231627
0.579 7.500736865979432e-05
0.57925 0.0004298744262644404
0.5795 0.0011975994097038762
0.57975 0.0016651805035428173
0.58 0.0015169542937613475
0.58025 3.87821847083053e-06
0.5805 0.0009088320699155945
0.58075 0.0008230498028948851
0.581 -0.00047637957491021045
0.58125 -0.00013033721514845532
0.5815 0.00044988851196170113
0.58175 -2.4127917531581597e-06
0.582 0.00029607161683190355
0.58225 0.00013932322078877334
0.5825 -9.92940575554857e-05
0.58275 0.0001629035314323412
0.583 -1.5930362333535766e-05
0.58325 -0.00021079896250890043
0.5835 0.0006470264505220423
0.58375 0.0017531443061375024
0.584 0.0018090866219183464
0.58425 0.0009926390879177866
0.5845 -0.00019114080969990333
0.58475 -0.00024160026463791964
0.585 -0.0004088826114092762
0.58525 -0.001528070228571685
0.5855 -0.000601294217135432
0.58575 0.0005595316581830729
0.586 0.0012551321832884464
0.58625 0.0007728018799508352
0.5865 0.00019287215242582637
0.58675 -0.0005820201062331434
0.587 0.0001990662534250533
0.58725 0.000849911206869953
0.5875 -7.295825564111033e-05
0.58775 1.463389775918563e-05
0.588 -0.0009203936228728512
0.58825 0.0002689454503237323
0.5885 0.0008955567043692025
0.58875 0.00031329434526434363
0.589 0.0005176734388149536
0.58925 0.0008170018532926048
0.5895 0.001372097963259216
0.58975 0.0009448962011164406
0.59 0.0006011601316985131
0.59025 0.00019609813876275188
0.5905 0.000358264226264305
0.59075 0.00020464717908997548
0.591 -9.598265814243037e-06
0.59125 9.98414773922868e-05
0.5915 0.0013693933429170608
0.59175 0.0012463327524076843
0.592 0.00017593426925462436
0.59225 9.006843844317633e-05
0.5925 -0.0009464774924783184
0.59275 1.973555580602854e-05
0.593 0.000752247951641998
0.59325 -0.00012110707641874749
0.5935 -0.0005957214340790812
0.59375 -0.0011085730727548007
0.594 -0.0009124629528657642
0.59425 0.0002888656709951594
0.5945 0.00045945725286171467
0.59475 -0.0006540117358021015
# -------------------
# S3B_SLSTR Band S2
# -------------------
0.6190000000000001 0.00020005259998792348
0.6192500000000001 0.0008592217522152421
0.6195000000000002 0.0003423389488228554
0.6197500000000001 -0.00034527030518404547
0.6200000000000001 -0.00019229458195953874
0.6202500000000001 -0.0006766675757436208
0.6205000000000002 0.0004803839351571761
0.6207500000000001 0.000958407367474425
0.6210000000000001 0.0006808296900995218
0.6212500000000001 0.0007505771227827897
0.6215000000000002 0.00038185935567137534
0.6217500000000001 0.0009765573235155862
0.6220000000000001 0.0006549698880765773
0.6222500000000001 0.0006112750599358771
0.6225000000000002 0.0006318582269344424
0.6227500000000001 0.0008150524648557235
0.6230000000000001 0.0010076067229879643
0.6232500000000001 0.0010498710440505895
0.6235000000000002 0.0019712083056743993
0.6237500000000001 0.002075086554777615
0.6240000000000001 0.0019005391419094702
0.6242500000000001 0.0013949320683696378
0.6245000000000002 0.0013918678325431394
0.6247500000000001 0.0009657405152627796
0.6250000000000001 0.0012218759491691925
0.6252500000000001 0.0016134593473427522
0.6255000000000002 0.0015760870689160004
0.6257500000000001 0.00099203851549474
0.6260000000000001 0.001714358513090521
0.6262500000000001 0.0022590504705680306
0.6265000000000002 0.0018144060057983529
0.6267500000000001 0.0015454451835374557
0.6270000000000001 0.001745277469074836
0.6272500000000001 0.002134122437984597
0.6275000000000002 0.002175580499830743
0.6277500000000001 0.0015748307233565465
0.6280000000000001 0.0012155203376584959
0.6282500000000001 0.0013754440333124357
0.6285000000000001 0.001912479869283957
0.6287500000000001 0.0025033294309376283
0.6290000000000001 0.0023495877424051562
0.6292500000000001 0.001496464843278488
0.6295000000000001 0.0015125474577646636
0.6297500000000001 0.0023261877924216625
0.6300000000000001 0.002272020095879985
0.6302500000000001 0.0018680075057242074
0.6305000000000001 0.0015046206784518784
0.6307500000000001 0.001725587974908552
0.6310000000000001 0.0016907342322671963
0.6312500000000001 0.0019551859415847094
0.6315000000000001 0.002177401004265697
0.6317500000000001 0.001970749298569242
0.6320000000000001 0.0017233155771327032
0.6322500000000001 0.0013537082153642947
0.6325000000000001 0.0020537162322767865
0.6327500000000001 0.002196522860890369
0.6330000000000001 0.0016240851059901409
0.6332500000000001 0.0018702373296106316
0.6335000000000001 0.0029838280723761134
0.6337500000000001 0.0033193832567834695
0.6340000000000001 0.002748947990236781
0.6342500000000001 0.0021301300337878593
0.6345000000000001 0.002206342323330887
0.6347500000000001 0.002170259770844682
0.6350000000000001 0.0019686882813199965
0.6352500000000001 0.0021134828235469818
0.6355000000000001 0.002128391458739133
0.6357500000000001 0.0019930004301437765
0.6360000000000001 0.0021848388558916433
0.6362500000000001 0.001911910967332743
0.6365000000000001 0.0021092144192223056
0.6367500000000001 0.0024443983215743565
0.6370000000000001 0.0024743145912825594
0.6372500000000001 0.002225533808834963
0.6375000000000001 0.0020505763193806085
0.6377500000000002 0.0018787589408406
0.6380000000000001 0.0019478087473254531
0.6382500000000001 0.0016750144425286464
0.6385000000000001 0.0017458577609718172
0.6387500000000002 0.0015097137742786963
0.6390000000000001 0.001519459308047829
0.6392500000000001 0.0017207900906519105
0.6395000000000001 0.001403687051469257
0.6397500000000002 0.0010343617451485216
0.6400000000000001 0.0013455386774262623
0.6402500000000001 0.0008536623355882996
0.6405000000000001 9.258607944778785e-05
0.6407500000000002 0.0003306817168092981
0.6410000000000001 0.001279212149950382
0.6412500000000001 0.001684330505388689
0.6415000000000001 0.002031983076075494
0.6417500000000002 0.003040511623046311
0.6420000000000001 0.003394416884763854
0.6422500000000001 0.003437453615303848
0.6425000000000001 0.0036815963497843327
0.6427500000000002 0.003532885608251081
0.6430000000000001 0.0035322351907068213
0.6432500000000001 0.003950562813239484
0.6435000000000001 0.004333288235041918
0.6437500000000002 0.004867777554375641
0.6440000000000001 0.006151180425742106
0.6442500000000001 0.007052745246784663
0.6445000000000001 0.007614293851737278
0.6447500000000002 0.008601969420556963
0.6450000000000001 0.009234974497306522
0.6452500000000001 0.009439746044041651
0.6455000000000001 0.010296742919534248
0.6457500000000002 0.011348968016582887
0.6460000000000001 0.01229611048989561
0.6462500000000001 0.013514137692605292
0.6465000000000001 0.01518880541898618
0.6467500000000002 0.01843469329626451
0.6470000000000001 0.023207830159751714
0.6472500000000001 0.028990673459815243
0.6475000000000001 0.03648451022718035
0.6477500000000002 0.04641338247819533
0.6480000000000001 0.05946945552291247
0.6482500000000001 0.07583668847283614
0.6485000000000001 0.0969816864077877
0.6487500000000002 0.1242704864334399
0.6490000000000001 0.1588646722780087
0.6492500000000001 0.2018051111748147
0.6495000000000001 0.2544782287070381
0.6497500000000002 0.31820418604544154
0.6500000000000001 0.39243606165868333
0.6502500000000001 0.47512696580643277
0.6505000000000001 0.5637930186461174
0.6507500000000002 0.6536779884246787
0.6510000000000001 0.7392423794691917
0.6512500000000001 0.814954682612347
0.6515000000000001 0.8773128990235323
0.6517500000000002 0.924731565368371
0.6520000000000001 0.9574289021533051
0.6522500000000001 0.9770364421979274
0.6525000000000001 0.9858127608398748
0.6527500000000002 0.987556492480071
0.6530000000000001 0.985420084542587
0.6532500000000001 0.9820490953317704
0.6535000000000001 0.9790178919714538
0.6537500000000002 0.9767846782161924
0.6540000000000001 0.9758681441410666
0.6542500000000001 0.9764563924713721
0.6545000000000001 0.9783538300401419
0.6547500000000002 0.981487478582026
0.6550000000000001 0.9852345681099713
0.6552500000000001 0.9889760156541265
0.6555000000000001 0.9926888815978909
0.6557500000000002 0.9956424928679469
0.6560000000000001 0.9980200094644998
0.6562500000000001 0.999259071303249
0.6565000000000001 0.99985314149062
0.6567500000000002 0.9999903868008162
0.6570000000000001 0.9998512329000846
0.6572500000000001 0.9993272144949198
0.6575000000000001 0.9984473595675272
0.6577500000000002 0.9980140670899056
0.6580000000000001 0.9981826815155481
0.6582500000000001 0.9984373651055516
0.6585000000000001 0.9981641991216649
0.6587500000000002 0.9984248796557302
0.6590000000000001 0.9991608234364473
0.6592500000000001 0.9959364395998132
0.6595000000000001 0.9913799675730736
0.6597500000000001 0.9866826596135712
0.6600000000000001 0.9816342793159094
0.6602500000000001 0.978468041998366
0.6605000000000001 0.9755142400465223
0.6607500000000001 0.9720308329113417
0.6610000000000001 0.9677306108369897
0.6612500000000001 0.9638022072595018
0.6615000000000001 0.9602224489957496
0.6617500000000001 0.9574503069074931
0.6620000000000001 0.9550742135957255
0.6622500000000001 0.9523344953927475
0.6625000000000001 0.9498875624091935
0.6627500000000001 0.9483428975760886
0.6630000000000001 0.9470881860862417
0.6632500000000001 0.9455286709631504
0.6635000000000001 0.9437137696506307
0.6637500000000001 0.9418494656940977
0.6640000000000001 0.9401570629917391
0.6642500000000001 0.9377530766533965
0.6645000000000001 0.9351448355489792
0.6647500000000001 0.932452379394617
0.6650000000000001 0.9294548416564994
0.6652500000000001 0.9266485911971731
0.6655000000000001 0.923337158148566
0.6657500000000001 0.9200191481054115
0.6660000000000001 0.9166535513932739
0.6662500000000001 0.9130549959668133
0.6665000000000001 0.9094969334379661
0.6667500000000001 0.9054612304844168
0.6670000000000001 0.9005623402400593
0.6672500000000001 0.8947039950894539
0.6675000000000001 0.8870995193646604
0.6677500000000001 0.8758955832168128
0.6680000000000001 0.8610060886072
0.6682500000000001 0.8413110365583579
0.6685000000000001 0.8139549344524151
0.6687500000000001 0.7775576143832225
0.6690000000000002 0.7309840755038637
0.6692500000000001 0.674117300051649
0.6695000000000001 0.6081691443360061
0.6697500000000001 0.5365226533488797
0.6700000000000002 0.46270827967107286
0.6702500000000001 0.39081617381021627
0.6705000000000001 0.3242939254615506
0.6707500000000001 0.26490680757118806
0.6710000000000002 0.2138974273668695
0.6712500000000001 0.17127105832215614
0.6715000000000001 0.13646694113662164
0.6717500000000001 0.10872667578811755
0.6720000000000002 0.08651377027403705
0.6722500000000001 0.06898666698274793
0.6725000000000001 0.055380806241266387
0.6727500000000001 0.04438335501577959
0.6730000000000002 0.03579013872979237
0.6732500000000001 0.029085150417780488
0.6735000000000001 0.02344079008762379
0.6737500000000001 0.018631490191675194
0.6740000000000002 0.015018986466876463
0.6742500000000001 0.012923849543779125
0.6745000000000001 0.011356923306359946
0.6747500000000001 0.009971223780250107
0.6750000000000002 0.009037518022932763
0.6752500000000001 0.008285900789584397
0.6755000000000001 0.007615794159232823
0.6757500000000001 0.006963374933522949
0.6760000000000002 0.006578946570094905
0.6762500000000001 0.005970515599270005
0.6765000000000001 0.0051958083027636775
0.6767500000000001 0.0048490282965164815
0.6770000000000002 0.004353512453066244
0.6772500000000001 0.0036195629124660834
0.6775000000000001 0.003176562095979713
0.6777500000000001 0.00276407876291312
0.6780000000000002 0.002303818183734442
0.6782500000000001 0.0017268857928227977
0.6785000000000001 0.0014411390509802568
0.6787500000000001 0.0016437150617651885
0.6790000000000002 0.0015240031532088676
0.6792500000000001 0.0014628993144173656
0.6795000000000001 0.001620464305826418
0.6797500000000001 0.0014433161934382776
0.6800000000000002 0.001208340057359444
0.6802500000000001 0.0010359052240268782
0.6805000000000001 0.0009952208123135409
0.6807500000000001 0.000964513800304116
0.6810000000000002 0.0008726624612390291
0.6812500000000001 0.0008025953321226599
0.6815000000000001 0.0005823061785845882
0.6817500000000001 0.0006585811642251905
0.6820000000000002 0.0008992337308335044
0.6822500000000001 0.0011906907954816132
0.6825000000000001 0.0014112811466833251
0.6827500000000001 0.001298122269231989
0.6830000000000002 0.0011837497092579612
0.6832500000000001 0.0013032370489871904
0.6835000000000001 0.0014577395252903952
0.6837500000000001 0.0014362850262037016
0.6840000000000002 0.0012073250913396361
0.6842500000000001 0.0011004670679824842
0.6845000000000001 0.0012359112750321192
0.6847500000000001 0.001350590923851801
0.6850000000000002 0.0011679920035657851
0.6852500000000001 0.0010729475059841514
0.6855000000000001 0.0011960627365331842
0.6857500000000001 0.001208976452007365
0.6860000000000002 0.0010369683351693366
0.6862500000000001 0.0010042844841687297
0.6865000000000001 0.001162542998319676
0.6867500000000001 0.001333623665553786
0.6870000000000002 0.0011512047092230911
0.6872500000000001 0.0009571508525921628
0.6875000000000001 0.0010979481874941275
0.6877500000000001 0.0012003296137813473
0.6880000000000002 0.0010308366060436574
0.6882500000000001 0.0008525806855257866
0.6885000000000001 0.0007816989520092789
0.6887500000000001 0.000783470635618264
0.6890000000000002 0.0008880891600563512
0.6892500000000001 0.001145873021610864
0.6895000000000001 0.0013756766437226472
0.6897500000000001 0.0012958739070723767
0.6900000000000002 0.00132482723661097
0.6902500000000001 0.0014799757361804533
0.6905000000000001 0.0015507959025436704
0.6907500000000001 0.001399951552600448
0.6910000000000001 0.0011239159329668896
0.6912500000000001 0.0008718871389488313
0.6915000000000001 0.0008820093322088706
0.6917500000000001 0.0012030960792103597
0.6920000000000001 0.0011407073803251907
0.6922500000000001 0.0008248234514859818
0.6925000000000001 0.0007333268530816861
0.6927500000000001 0.0008542601894972784
0.6930000000000001 0.001079840334014031
0.6932500000000001 0.0011096609420250406
0.6935000000000001 0.0010841492751646783
0.6937500000000001 0.0011104424015739884
0.6940000000000001 0.0009763134665923205
0.6942500000000001 0.0007962304551977543
0.6945000000000001 0.0008408021237439419
0.6947500000000001 0.0011142861698063972
0.6950000000000001 0.0011759420769519788
0.6952500000000001 0.001011071938993276
0.6955000000000001 0.000897871140747882
0.6957500000000001 0.000775119514001248
0.6960000000000001 0.0007827180577493984
0.6962500000000001 0.0008839012084813063
0.6965000000000001 0.0008623382348211039
0.6967500000000001 0.0009915601877845976
0.6970000000000001 0.0010041433091484767
0.6972500000000001 0.0007710706743199823
0.6975000000000001 0.0008658934341376766
0.6977500000000001 0.001253117551598124
0.6980000000000001 0.0010479603755549393
0.6982500000000001 0.0006755212129077803
0.6985000000000001 0.0006389451084217173
0.6987500000000001 0.0007417033836210974
# -------------------
# S3B_SLSTR Band S3
# -------------------
0.8250000000000001 0.003176707380254033
0.8252500000000002 0.0030357104831505357
0.8255000000000001 0.0029177530668688936
0.8257500000000001 0.0027572818232652744
0.8260000000000001 0.002560787411889083
0.8262500000000002 0.002386992042132807
0.8265000000000001 0.0022816693927775315
0.8267500000000001 0.002238505983613892
0.8270000000000001 0.0021141514119371397
0.8272500000000002 0.0018074259162015294
0.8275000000000001 0.0014530723850096942
0.8277500000000001 0.0012412812534327172
0.8280000000000001 0.001193115427716975
0.8282500000000002 0.0012477144086575312
0.8285000000000001 0.0013349058156352062
0.8287500000000001 0.0013308652147316
0.8290000000000001 0.0011862051752864699
0.8292500000000002 0.0010475377463921391
0.8295000000000001 0.0009934274095750512
0.8297500000000001 0.0009649365047470695
0.8300000000000001 0.0009516542106077728
0.8302500000000002 0.0009357213767467409
0.8305000000000001 0.0009101943746726763
0.8307500000000001 0.0008752988533697965
0.8310000000000001 0.0008114527606435021
0.8312500000000002 0.0007490142654920049
0.8315000000000001 0.000692331550713841
0.8317500000000001 0.0005974719839313141
0.8320000000000001 0.00047989736813009625
0.8322500000000002 0.0004032216710365659
0.8325000000000001 0.0003576742642461341
0.8327500000000001 0.00028405887911955993
0.8330000000000001 0.00023866981550334948
0.8332500000000002 0.0003079073732246729
0.8335000000000001 0.00041099451868468546
0.8337500000000001 0.00041299212571380774
0.8340000000000001 0.00031967043698340994
0.8342500000000002 0.00021005403491076164
0.8345000000000001 0.00011414429125484161
0.8347500000000001 3.0318835011817666e-05
0.8350000000000001 -1.6400468678276983e-05
0.8352500000000002 -6.364503923194732e-07
0.8355000000000001 6.975745422649961e-05
0.8357500000000001 0.00018486741374923248
0.8360000000000001 0.00032872139655258084
0.8362500000000002 0.0004249753684854479
0.8365000000000001 0.00043076643564698866
0.8367500000000001 0.00038557658901386307
0.8370000000000001 0.0003193726213439416
0.8372500000000002 0.00029363890549339374
0.8375000000000001 0.00034861783562160307
0.8377500000000001 0.00038860481464380437
0.8380000000000001 0.00037465608302960664
0.8382500000000002 0.000408445236883317
0.8385000000000001 0.0004685986931312575
0.8387500000000001 0.0004560893172153106
0.8390000000000001 0.00040436149815953234
0.8392500000000002 0.00037746686233359686
0.8395000000000001 0.0003834805051269416
0.8397500000000001 0.00045338032723176526
0.8400000000000001 0.000635195183420474
0.8402500000000002 0.0009062454351703947
0.8405000000000001 0.0012169839148165108
0.8407500000000001 0.0015205164884663901
0.8410000000000001 0.0017510844219425338
0.8412500000000002 0.001900525095748725
0.8415000000000001 0.0019907975330343956
0.8417500000000001 0.0020260982018796125
0.8420000000000001 0.002098092833866535
0.8422500000000002 0.002278331715350323
0.8425000000000001 0.00247212164667892
0.8427500000000001 0.0026064652389365534
0.8430000000000001 0.0027448857574470954
0.8432500000000002 0.0029056623714763165
0.8435000000000001 0.0030176991405993013
0.8437500000000001 0.003028754605128804
0.8440000000000001 0.0029360542424484272
0.8442500000000002 0.0028321516534370586
0.8445000000000001 0.002832400124740917
0.8447500000000001 0.0029455629390698506
0.8450000000000001 0.003138423353808874
0.8452500000000002 0.003446825499866721
0.8455000000000001 0.00391470477710232
0.8457500000000001 0.00451691376802485
0.8460000000000001 0.005126886485058329
0.8462500000000002 0.005663542906623241
0.8465000000000001 0.00624514015270351
0.8467500000000001 0.006904980074352715
0.8470000000000001 0.007470363568897414
0.8472500000000001 0.007855409553758373
0.8475000000000001 0.008115201007512101
0.8477500000000001 0.008325155315431366
0.8480000000000001 0.00853374161447706
0.8482500000000001 0.008733196329502072
0.8485000000000001 0.008867946649269945
0.8487500000000001 0.008904226401930672
0.8490000000000001 0.008910185864470004
0.8492500000000001 0.009017533081500122
0.8495000000000001 0.00925576736010661
0.8497500000000001 0.009501324770675846
0.8500000000000001 0.009665031888145086
0.8502500000000001 0.009831151788109832
0.8505000000000001 0.010182164703353614
0.8507500000000001 0.010803572121676236
0.8510000000000001 0.011649295006723933
0.8512500000000001 0.012741507373402865
0.8515000000000001 0.014163846395595349
0.8517500000000001 0.015945997521068435
0.8520000000000001 0.01810606628738426
0.8522500000000001 0.020656813167092912
0.8525000000000001 0.023610073762605977
0.8527500000000001 0.027004533687087995
0.8530000000000001 0.03087676479971208
0.8532500000000001 0.035257201540122574
0.8535000000000001 0.040223849245716314
0.8537500000000001 0.045955482532800705
0.8540000000000001 0.052760802225271256
0.8542500000000001 0.0610708516417411
0.8545000000000001 0.0714518587095188
0.8547500000000001 0.08455587156160592
0.8550000000000001 0.10105091401340985
0.8552500000000001 0.12171102061717262
0.8555000000000001 0.14738696723349903
0.8557500000000001 0.17885626769949334
0.8560000000000001 0.21683056086250613
0.8562500000000001 0.26191256640277727
0.8565000000000002 0.3144298546186966
0.8567500000000001 0.3742162921729341
0.8570000000000001 0.44030678004258467
0.8572500000000001 0.5108434218292215
0.8575000000000002 0.5832909961294072
0.8577500000000001 0.6546504001713039
0.8580000000000001 0.7217851332772177
0.8582500000000001 0.7820121149577237
0.8585000000000002 0.8334846837567009
0.8587500000000001 0.8752566057541742
0.8590000000000001 0.9073337234476111
0.8592500000000001 0.9305895891149288
0.8595000000000002 0.9464647053688588
0.8597500000000001 0.9566105442731846
0.8600000000000001 0.9626038603549288
0.8602500000000001 0.9657904869739227
0.8605000000000002 0.9673001624106948
0.8607500000000001 0.9678100679924541
0.8610000000000001 0.9677010465518828
0.8612500000000001 0.9673921842866079
0.8615000000000002 0.9672569782923396
0.8617500000000001 0.9673307354628635
0.8620000000000001 0.967508779952021
0.8622500000000001 0.9677910000632562
0.8625000000000002 0.9681800600621371
0.8627500000000001 0.9685932197032212
0.8630000000000001 0.968873224345658
0.8632500000000001 0.9689233503914235
0.8635000000000002 0.968710780567959
0.8637500000000001 0.9680783342715176
0.8640000000000001 0.9668133692843035
0.8642500000000001 0.9647133635754823
0.8645000000000002 0.9613415115151636
0.8647500000000001 0.9559160718060502
0.8650000000000001 0.9475204006571174
0.8652500000000001 0.9355370109742446
0.8655000000000002 0.9200653547321002
0.8657500000000001 0.9024199271765653
0.8660000000000001 0.8853078131891621
0.8662500000000001 0.8720897296265865
0.8665000000000002 0.8653608391857031
0.8667500000000001 0.8659891476850403
0.8670000000000001 0.8728838363563644
0.8672500000000001 0.883599165086987
0.8675000000000002 0.8953585395098758
0.8677500000000001 0.9060259741983531
0.8680000000000001 0.9148897944562941
0.8682500000000001 0.9224772534794652
0.8685000000000002 0.9296619543788118
0.8687500000000001 0.9369321330088508
0.8690000000000001 0.9442288301454534
0.8692500000000001 0.951218422329089
0.8695000000000002 0.9573954617333151
0.8697500000000001 0.9623815380222591
0.8700000000000001 0.966134302035669
0.8702500000000001 0.9689572989034341
0.8705000000000002 0.9711237077697915
0.8707500000000001 0.9727972291735402
0.8710000000000001 0.9741637294824579
0.8712500000000001 0.9753906642336703
0.8715000000000002 0.9766202745265645
0.8717500000000001 0.9778909343608251
0.8720000000000001 0.9793181207728879
0.8722500000000001 0.9811331109803371
0.8725000000000002 0.9833905893101383
0.8727500000000001 0.9859198772914357
0.8730000000000001 0.9885334682401423
0.8732500000000001 0.9912489313340594
0.8735000000000002 0.9939936939002754
0.8737500000000001 0.9965437436026007
0.8740000000000001 0.9985574048640606
0.8742500000000001 0.9997865353040244
0.8745000000000002 0.9998516408470305
0.8747500000000001 0.9982102686513379
0.8750000000000001 0.9942168640453982
0.8752500000000001 0.9871385819868053
0.8755000000000002 0.9759472821227242
0.8757500000000001 0.9593774871569779
0.8760000000000001 0.9361981061234265
0.8762500000000001 0.9054638196990163
0.8765000000000002 0.8666089547666098
0.8767500000000001 0.8194867951918768
0.8770000000000001 0.7645378320923677
0.8772500000000001 0.7029882591246563
0.8775000000000002 0.6367696395928775
0.8777500000000001 0.5681998614673118
0.8780000000000001 0.49970714295533253
0.8782500000000001 0.4335871909436325
0.8785000000000001 0.37171463130895854
0.8787500000000001 0.31537577179619036
0.8790000000000001 0.2652745396854569
0.8792500000000001 0.22162338878901702
0.8795000000000001 0.18423694722337142
0.8797500000000001 0.15264953534374606
0.8800000000000001 0.1262173136244983
0.8802500000000001 0.10425726813941319
0.8805000000000001 0.08610093720171914
0.8807500000000001 0.07115315684183157
0.8810000000000001 0.05888156216215509
0.8812500000000001 0.04882302670335158
0.8815000000000001 0.040603893912238107
0.8817500000000001 0.03391019580384955
0.8820000000000001 0.02842991918465683
0.8822500000000001 0.023891973296025503
0.8825000000000001 0.0201285697968257
0.8827500000000001 0.01704879135396998
0.8830000000000001 0.014558879594965225
0.8832500000000001 0.01253045417768407
0.8835000000000001 0.010877766566514917
0.8837500000000001 0.00959179598057873
0.8840000000000001 0.008664889971564673
0.8842500000000001 0.00803250381139138
0.8845000000000001 0.0075954903983938265
0.8847500000000001 0.007275355869931676
0.8850000000000001 0.007021764842195498
0.8852500000000001 0.0068193027744886895
0.8855000000000001 0.006702625838144472
0.8857500000000001 0.006688369946533083
0.8860000000000001 0.006720141797056116
0.8862500000000001 0.006736372718399974
0.8865000000000001 0.006739609485063245
0.8867500000000001 0.006755924313708942
0.8870000000000001 0.006775438104668696
0.8872500000000001 0.0067725231787246105
0.8875000000000001 0.006738933445362492
0.8877500000000002 0.00667066449972807
0.8880000000000001 0.006552753714310987
0.8882500000000001 0.006374594695817922
0.8885000000000001 0.006131554618962718
0.8887500000000002 0.0058101548647974816
0.8890000000000001 0.005415012828755762
0.8892500000000001 0.0049968619340408655
0.8895000000000001 0.004601365596059868
0.8897500000000002 0.0042118679066944645
0.8900000000000001 0.003801560425212192
0.8902500000000001 0.0034049293782147526
0.8905000000000001 0.0030755502442667924
0.8907500000000002 0.0028136732961505963
0.8910000000000001 0.00257757790975968
0.8912500000000001 0.0023456807862198667
0.8915000000000001 0.002154512757933088
0.8917500000000002 0.0020591434663370443
0.8920000000000001 0.0020556758936428735
0.8922500000000001 0.002081263378654561
0.8925000000000001 0.0020851590836371576
0.8927500000000002 0.002059429041261072
0.8930000000000001 0.0020156058228334647
0.8932500000000001 0.0019767238504892603
0.8935000000000001 0.001961536932958479
0.8937500000000002 0.001942751855775129
0.8940000000000001 0.001876781014816956
0.8942500000000001 0.0017786751181484831
0.8945000000000001 0.0017004875101295832
0.8947500000000002 0.0016435113114248979
0.8950000000000001 0.0015582707842022485
0.8952500000000001 0.0014228586900975396
0.8955000000000001 0.0012539355812679225
0.8957500000000002 0.001068286747491735
0.8960000000000001 0.0008867064389563037
0.8962500000000001 0.0007310240311653223
0.8965000000000001 0.0006015646720065796
0.8967500000000002 0.000488476955286884
0.8970000000000001 0.00039378597952485756
0.8972500000000001 0.00033647032407432907
0.8975000000000001 0.0003329651607969659
0.8977500000000002 0.0003693226210849509
0.8980000000000001 0.0004062990086250586
0.8982500000000001 0.0004074423557636826
0.8985000000000001 0.0003608381799977329
0.8987500000000002 0.0002951159175139192
0.8990000000000001 0.0002547498955965592
0.8992500000000001 0.0002356962853605189
0.8995000000000001 0.00019794880419578788
0.8997500000000002 0.0001489908617675438
0.9000000000000001 0.00014061210920739603
0.9002500000000001 0.00018432573980183936
0.9005000000000001 0.00023296491108448496
0.9007500000000002 0.0002474434104685155
0.9010000000000001 0.00024351309532317795
0.9012500000000001 0.0002625404365374594
0.9015000000000001 0.0003103578434798971
0.9017500000000002 0.0003456747252585292
0.9020000000000001 0.00033681056607031323
0.9022500000000001 0.0003006099330330205
0.9025000000000001 0.00026720184379017006
0.9027500000000002 0.00024182300242290279
0.9030000000000001 0.00022154272409847812
0.9032500000000001 0.00021109051145599546
0.9035000000000001 0.00020127736359420951
0.9037500000000002 0.00016799253196356508
0.9040000000000001 0.00011011007764047883
0.9042500000000001 5.956567989443567e-05
0.9045000000000001 4.136195570395114e-05
0.9047500000000002 5.088621459403199e-05
# -------------------
# S3B_SLSTR Band S4
# -------------------
1.345 -0.0006922015693598001
1.34525 -0.0006236647314301193
1.3455 -0.0007963319615280542
1.34575 -0.0010993211642416258
1.346 -0.0013373007071294611
1.34625 -0.0012997005280190154
1.3465 -0.0010003249675185088
1.34675 -0.000526906621896324
1.347 2.8867969227211246e-06
1.34725 0.0004886275802549428
1.3475 0.0009180891201476782
1.34775 0.0013272301953528116
1.348 0.0017492229675915808
1.34825 0.0021499024409893626
1.3485 0.002429954405961033
1.34875 0.0024957502965716125
1.349 0.002308209608896144
1.34925 0.0018756300523604561
1.3495 0.0013281748639137297
1.34975 0.0007438653021851508
1.35 0.00016536705988357052
1.35025 -0.00037962987819480424
1.3505 -0.0008384814852653849
1.35075 -0.0011054476910583283
1.351 -0.0010746897142367494
1.35125 -0.0006848210129607532
1.3515 -0.00011575275750705171
1.35175 0.00048443320632459526
1.352 0.0010354885142112961
1.35225 0.0015389148517240458
1.3525 0.0020161419959278727
1.35275 0.002411623425153619
1.353 0.0026231238554216565
1.35325 0.0025402817581985115
1.3535 0.0022750769955825496
1.35375 0.002000276918491501
1.354 0.0018940315147705608
1.35425 0.002055160640396692
1.3545 0.002307622932057651
1.35475 0.0024390166033355655
1.355 0.002295410895491539
1.35525 0.0018430869259885988
1.3555 0.001283963633178604
1.35575 0.0007676551675728201
1.356 0.000372863021926715
1.35625 0.00013733048388026077
1.3565 5.4649501438285566e-05
1.35675 0.00015983176594725807
1.357 0.00044534142894048115
1.35725 0.0007749412732786761
1.3575 0.0009183172189442413
1.35775 0.0007550987197354096
1.358 0.00032967941440556573
1.35825 -0.00016902725542283358
1.3585 -0.0005432981630497475
1.35875 -0.0007155600244396051
1.359 -0.0006465903969312063
1.35925 -0.0002148328948509312
1.3595 0.0006099359524697988
1.35975 0.0018552106856247175
1.36 0.003495387966509983
1.36025 0.0055433200011854155
1.3605 0.007934472472367483
1.36075 0.01072290906874792
1.361 0.014033756895444283
1.36125 0.018258497206825625
1.3615 0.023647008763602328
1.36175 0.03060558826755666
1.362 0.03956731217814929
1.36225 0.05145654224286436
1.3625 0.06639509758063945
1.36275 0.08495118407124974
1.363 0.10785185047705559
1.36325 0.13706877310568505
1.3635 0.17289882092356387
1.36375 0.21630282935631417
1.364 0.26794809840290246
1.36425 0.3293668995918413
1.3645 0.3984508974318183
1.36475 0.47366352439731557
1.365 0.552607344371451
1.36525 0.6317119129847063
1.3655 0.7071100474474974
1.36575 0.7758732209112502
1.366 0.835895566316982
1.36625 0.8843051890863629
1.3665 0.9225762820696617
1.36675 0.9512434419929794
1.367 0.9713211389627613
1.36725 0.9832527831474558
1.3675 0.9899922383472171
1.36775 0.9929710466720938
1.368 0.9933263331511555
1.36825 0.9917247935909264
1.3685 0.9891822973022026
1.36875 0.9862331474259843
1.369 0.9832979552450729
1.36925 0.9808018662472276
1.3695 0.9789890449106896
1.36975 0.978091463860079
1.37 0.9782467326584399
1.37025 0.9795480216226028
1.3705 0.9815424541125884
1.37075 0.9838738677623466
1.371 0.9862472246749769
1.37125 0.988516818712844
1.3715 0.9907352079430427
1.37175 0.9929410848399813
1.372 0.9950661587249177
1.37225 0.996861089888309
1.3725 0.9982025096651331
1.37275 0.9990790390531539
1.373 0.9996115214382756
1.37325 0.9999020986983028
1.3735 0.9999380783803902
1.37375 0.9995211657903726
1.374 0.9985004796200284
1.37425 0.996956420658209
1.3745 0.9954622504368782
1.37475 0.9944845389129937
1.375 0.9942404457549265
1.37525 0.9946346743242348
1.3755 0.9951519984779043
1.37575 0.9954515802328034
1.376 0.9953788344539427
1.37625 0.9949142874453053
1.3765 0.9942290128508244
1.37675 0.9933794454995349
1.377 0.9924060293059289
1.37725 0.9914172672785938
1.3775 0.9906004753527363
1.37775 0.9901178207379163
1.378 0.9900693981802747
1.37825 0.9905258642973784
1.3785 0.9912918214568041
1.37875 0.9921637801492469
1.379 0.9928884884970434
1.37925 0.9931759832481339
1.3795 0.9930317510968427
1.37975 0.9925702560848717
1.38 0.991979725041828
1.38025 0.9914304905661266
1.3805 0.9909257733781877
1.38075 0.9903365398897742
1.381 0.9894704543049049
1.38125 0.9880247674879825
1.3815 0.9858972643629196
1.38175 0.9829080961718617
1.382 0.9787725258058051
1.38225 0.972658655604091
1.3825 0.9640782210741934
1.38275 0.9522299633118931
1.383 0.936274382676625
1.38325 0.9144285151454249
1.3835 0.8866933099058978
1.38375 0.8525508127662832
1.384 0.8117998536622019
1.38425 0.7636426560781638
1.3845 0.7098838463406395
1.38475 0.651561002854194
1.385 0.5900006144399873
1.38525 0.5267303450183075
1.3855 0.4638689585672965
1.38575 0.4029918871464494
1.386 0.34549188839565637
1.38625 0.2933434536059608
1.3865 0.2464985471386602
1.38675 0.20513554330935832
1.387 0.16911230718568002
1.38725 0.1388525014256162
1.3875 0.11304800429325296
1.38775 0.09126991637393135
1.388 0.0731011842758058
1.38825 0.05859858791539287
1.3885 0.04677949909668397
1.38875 0.0372465529525062
1.389 0.02960031781219393
1.38925 0.02363543316627671
1.3895 0.01872564364120244
1.38975 0.014633624484446977
1.39 0.011218787609996603
1.39025 0.008485782673507981
1.3905 0.006251125523863851
1.39075 0.004436742119620956
1.391 0.002985537483712062
1.39125 0.0019178453366436733
1.3915 0.0011341737878001502
1.39175 0.0005563554252884827
1.392 8.715131314788538e-05
1.39225 -0.0003475531446255672
1.3925 -0.0007671937355212203
1.39275 -0.0011374120803727722
1.393 -0.0014072672467586472
1.39325 -0.0015015509456959939
1.3935 -0.0014266781989119189
1.39375 -0.0012086804281353969
1.394 -0.0009104143274653019
1.39425 -0.0006222723578689221
1.3945 -0.00040774125442847415
1.39475 -0.00028243307739046525
1.395 -0.00023303565698924605
1.39525 -0.0002442647183119039
1.3955 -0.0002890838896154441
1.39575 -0.00034487757551033036
1.396 -0.0003648174576387082
1.39625 -0.00024976937975544275
1.3965 4.083297969379827e-05
1.39675 0.0004913876882670805
1.397 0.0010126048732471604
1.39725 0.001446956471091216
1.3975 0.0016946070525889812
1.39775 0.0017240364151572998
1.398 0.0015539883665035452
1.39825 0.0012093852984835943
1.3985 0.0007795046907016422
1.39875 0.0003429660428433766
1.399 -1.2873628284961474e-06
1.39925 -0.00012455414106200848
1.3995 -3.528025588607291e-05
1.39975 0.00020114523867230773
1.4 0.0004714243944868409
1.40025 0.0006462031198976136
1.4005 0.0007005469782424894
1.40075 0.0006843466114676277
1.401 0.0006924056506233809
1.40125 0.0008296168818466222
1.4015 0.0010734423132654377
1.40175 0.0013340556270022767
1.402 0.0014938824680975245
1.40225 0.0014368424316196363
1.4025 0.0011967154847974015
1.40275 0.0008306640152726599
1.403 0.00040209402166301603
1.40325 -4.07817956538256e-05
1.4035 -0.0004606098301723952
1.40375 -0.000821056230548561
1.404 -0.001076223034657689
1.40425 -0.001153594922373145
1.4045 -0.0010584458119647759
1.40475 -0.0008042861037699875
# -------------------
# S3B_SLSTR Band S5
# -------------------
1.49 0.005377145845601657
1.49025 0.004882784834977223
1.4905 0.004135989056929313
1.49075 0.003248819862924349
1.491 0.0023288894286766183
1.49125 0.0014931786398306782
1.4915 0.0007843625358306725
1.49175 0.0001896930059505189
1.492 -0.0003369678456796183
1.49225 -0.0008216428008321925
1.4925 -0.0012388271388799224
1.49275 -0.0015219266293404294
1.493 -0.0016219314758607129
1.49325 -0.0015291894392968517
1.4935 -0.0013532233294995036
1.49375 -0.0011724262071957062
1.494 -0.0010308430990522983
1.49425 -0.0009380711705137902
1.4945 -0.0008714848197404462
1.49475 -0.0008223416292510987
1.495 -0.0007820187835231457
1.49525 -0.0007129600611320124
1.4955 -0.0005538837788990534
1.49575 -0.00023978251884167084
1.496 0.000267007094304677
1.49625 0.0009673272388794629
1.4965 0.001734890391426938
1.49675 0.00244736873326744
1.497 0.0029829982672572018
1.49725 0.0031813450165277908
1.4975 0.003015738576047436
1.49775 0.002467212431142039
1.498 0.001583917142007962
1.49825 0.0005031704778472974
1.4985 -0.0004991857885694595
1.49875 -0.0012143048994900307
1.499 -0.001527230564710125
1.49925 -0.0014257150291644553
1.4995 -0.0011669054472963683
1.49975 -0.0009766060920338943
1.5 -0.0010440787570520985
1.50025 -0.00151863750936091
1.5005 -0.002279198368861296
1.50075 -0.003159350010283604
1.501 -0.003951871354104132
1.50125 -0.004415039206334261
1.5015 -0.004512659202873252
1.50175 -0.004279128903281693
1.502 -0.0038038007555902375
1.50225 -0.0031528182303576006
1.5025 -0.0023805934495573266
1.50275 -0.0014723856513252323
1.503 -0.00043486359306893236
1.50325 0.0006285765057751918
1.5035 0.0015037051549602483
1.50375 0.0019870434220796945
1.504 0.0019558283441626525
1.50425 0.001386204527481911
1.5045 0.0006005171971076753
1.50475 -0.00010370117697326361
1.505 -0.0004765277253758653
1.50525 -0.00035527997795496626
1.5055 5.856985006351631e-05
1.50575 0.0005401741173661056
1.506 0.0008971483340815249
1.50625 0.0010442865906142263
1.5065 0.001128313930397951
1.50675 0.0013221659609036493
1.507 0.0017697992181557075
1.50725 0.0025746852838650393
1.5075 0.0036084540744412766
1.50775 0.004710390558148303
1.508 0.005673223507983247
1.50825 0.0061995861182893115
1.5085 0.006187881175201293
1.50875 0.005610949256410171
1.509 0.004567941195244772
1.50925 0.003264788509100593
1.5095 0.0020232433047941206
1.50975 0.0010340133595242423
1.51 0.00037768835436076376
1.51025 5.653695281228566e-05
1.5105 -9.010025831591518e-05
1.51075 -0.00013685291365934157
1.511 -8.743751453934681e-05
1.51125 0.00015661133907626188
1.5115 0.0006253384402712772
1.51175 0.001264596823167038
1.512 0.0018906823962960828
1.51225 0.002156972406515974
1.5125 0.00190557416133079
1.51275 0.0011666705579118771
1.513 0.00018586492272765938
1.51325 -0.0005889881781689034
1.5135 -0.0008434685281676805
1.51375 -0.00047959714708212844
1.514 0.00040478670843772653
1.51425 0.0015979343937482474
1.5145 0.002785684971033989
1.51475 0.00378536372142221
1.515 0.004466849667542354
1.51525 0.004653429546225356
1.5155 0.004342679578128786
1.51575 0.0035136117299795957
1.516 0.00220713439314117
1.51625 0.0005185151531063564
1.5165 -0.0012479991944059892
1.51675 -0.00282659304826201
1.517 -0.00397903701715251
1.51725 -0.004480192875128796
1.5175 -0.004493715708213586
1.51775 -0.004237962507156581
1.518 -0.003983458454153868
1.51825 -0.003999258191335953
1.5185 -0.004300872533159313
1.51875 -0.004775346590937524
1.519 -0.0052241228576787755
1.51925 -0.005372203909027253
1.5195 -0.005111243801656156
1.51975 -0.0044192151380915805
1.52 -0.0033724369522968446
1.52025 -0.002109425843359627
1.5205 -0.0008427040357618302
1.52075 0.0003173977180172969
1.521 0.0013295834242112808
1.52125 0.002190386238562927
1.5215 0.0029456075342021845
1.52175 0.0035719069407669233
1.522 0.003992829813980836
1.52225 0.004038256994319994
1.5225 0.003685539986232422
1.52275 0.002956055060270355
1.523 0.0019624937264022487
1.52325 0.0009002646802987115
1.5235 -7.414133918923172e-06
1.52375 -0.0006184937934421509
1.524 -0.0008544596276624704
1.52425 -0.0006515018693627143
1.5245 -0.00015726964572891947
1.52475 0.0004937601514939296
1.525 0.0011481672027251343
1.52525 0.0016488459004561633
1.5255 0.0019690739889931174
1.52575 0.0021387906761178373
1.526 0.002212386308580866
1.52625 0.002213132715097206
1.5265 0.0021310748842542477
1.52675 0.0019163325252055058
1.527 0.0015215785101475342
1.52725 0.0008974719945083478
1.5275 0.00011640368180403354
1.52775 -0.0007315008297678583
1.528 -0.0015097705812201429
1.52825 -0.0019869513468573595
1.5285 -0.002039901102140396
1.52875 -0.0016021629770551233
1.529 -0.0007163926810217274
1.52925 0.00047247123628111655
1.5295 0.0016457969786243963
1.52975 0.0025625038238910785
1.53 0.003053730655349018
1.53025 0.003002828314208836
1.5305 0.0026039319044994036
1.53075 0.0020418832318770774
1.531 0.0014984839858732473
1.53125 0.0011169246559812448
1.5315 0.0008773912693814943
1.53175 0.0007094051040272809
1.532 0.0005335341641515302
1.53225 0.0003106525273648062
1.5325 0.00010346730735523853
1.53275 1.7621676344226155e-05
1.533 0.00015965714933146845
1.53325 0.0006347161441707036
1.5335 0.0013577870454420829
1.53375 0.0022258579618656383
1.534 0.003109697287721379
1.53425 0.003860197835497889
1.5345 0.004416591413191782
1.53475 0.00475747152586367
1.535 0.004890881631797295
1.53525 0.004810177032722801
1.5355 0.004574340976524538
1.53575 0.004217176658718679
1.536 0.0037880615184944354
1.53625 0.0033604644570456284
1.5365 0.0030078858556654205
1.53675 0.002780095019617783
1.537 0.0027069611979423968
1.53725 0.002820789049847169
1.5375 0.003066459061667098
1.53775 0.0033858663456688056
1.538 0.003700071838104466
1.53825 0.003912011342606074
1.5385 0.00400017064345094
1.53875 0.00398753280629409
1.539 0.00392966460181028
1.53925 0.0038894711282628286
1.5395 0.0038858006208599164
1.53975 0.003899105693173108
1.54 0.0038963230383500928
1.54025 0.003850859454776397
1.5405 0.003780613581493961
1.54075 0.003712342811254508
1.541 0.0036655256260434478
1.54125 0.003641175534618399
1.5415 0.003619259611135777
1.54175 0.0035917626908954165
1.542 0.0035664702038472893
1.54225 0.003566574156606219
1.5425 0.003600144393120072
1.54275 0.003661101014182736
1.543 0.0037305526777164175
1.54325 0.003774373691899073
1.5435 0.003763854483294277
1.54375 0.003678190502503976
1.544 0.003517083683099431
1.54425 0.003315771357653433
1.5445 0.0031564188071911943
1.54475 0.003108916086362607
1.545 0.0032132890155447957
1.54525 0.0034779969169837174
1.5455 0.00381456620703833
1.54575 0.004145393424494774
1.546 0.004395747618694404
1.54625 0.00447458034052076
1.5465 0.004369347436975736
1.54675 0.004084228315949101
1.547 0.0036631822107321167
1.54725 0.0031930387066815653
1.5475 0.002790872284081807
1.54775 0.0025355515881649573
1.548 0.00246969518937095
1.54825 0.0026236135228974804
1.5485 0.002928433241895884
1.54875 0.0033338283171520677
1.549 0.003781414515127213
1.54925 0.004193018406592225
1.5495 0.004501866791490364
1.54975 0.0046590842190848145
1.55 0.004642115930445764
1.55025 0.0044424675316582255
1.5505 0.004142690554238448
1.55075 0.003811958611612923
1.551 0.0035212647225004285
1.55125 0.0033548528734362857
1.5515 0.003334437831163571
1.55175 0.003464037937330444
1.552 0.003720007014404145
1.55225 0.004063087923530958
1.5525 0.0044237918309687
1.55275 0.004763223152416964
1.553 0.005057296446644119
1.55325 0.005281311509327609
1.5535 0.0054366784305049315
1.55375 0.005522275051168546
1.554 0.005548523365158293
1.55425 0.005538253793710487
1.5545 0.005529275340693555
1.55475 0.0055379825764492845
1.555 0.005560347043692251
1.55525 0.0055662268583367295
1.5555 0.0055214765594307534
1.55575 0.005401972739659984
1.556 0.005201875336486698
1.55625 0.004936096210880246
1.5565 0.004666024804395572
1.55675 0.0044470952388492285
1.557 0.004323843626828941
1.55725 0.004332718792509821
1.5575 0.004440491625715014
1.55775 0.004626732277413342
1.558 0.004885621516381523
1.55825 0.005252567366728303
1.5585 0.005738709240236145
1.55875 0.006342885395048241
1.559 0.0070236626932011215
1.55925 0.007687480568006804
1.5595 0.00823611821567211
1.55975 0.008608155520402018
1.56 0.008783742526323635
1.56025 0.008759815845453389
1.5605 0.008617237535831983
1.56075 0.008406340263062069
1.561 0.008171619699773716
1.56125 0.007954868767534715
1.5615 0.007780021306522921
1.56175 0.007659303651204153
1.562 0.007596639011251185
1.56225 0.007599718914045925
1.5625 0.007657150739872026
1.56275 0.007771120340347185
1.563 0.007948539901178884
1.56325 0.008212207024482714
1.5635 0.008557203369466965
1.56375 0.008985320068449161
1.564 0.009498033361732688
1.56425 0.010123616124830433
1.5645 0.010876967131747923
1.56475 0.011798959484876113
1.565 0.012930671075240088
1.56525 0.014336198352414125
1.5655 0.015962473596171697
1.56575 0.017760841958728568
1.566 0.019660401528041382
1.56625 0.021580927544102402
1.5665 0.02346227718010769
1.56675 0.025294168594366728
1.567 0.02710485201519268
1.56725 0.028969164562326937
1.5675 0.03095789270453689
1.56775 0.03312901257764063
1.568 0.03551789865606863
1.56825 0.03816908374646784
1.5685 0.04102363846984802
1.56875 0.044050013586442775
1.569 0.04722105509556565
1.56925 0.0505534998216632
1.5695 0.05405363123912675
1.56975 0.05777497161385792
1.57 0.061780759906438415
1.57025 0.06618910541339716
1.5705 0.0709716570694753
1.57075 0.07612212299901626
1.571 0.08161480023756609
1.57125 0.08746829692007826
1.5715 0.09362000525287587
1.57175 0.10009206100048629
1.572 0.10693546160991575
1.57225 0.11430346654677268
1.5725 0.12219653555078328
1.57275 0.13066473184690527
1.573 0.13973812613007142
1.57325 0.14953025507294707
1.5735 0.15992678327471213
1.57375 0.17089819646584908
1.574 0.18240555680553228
1.57425 0.1944905346358646
1.5745 0.20705394912500874
1.57475 0.22011099626447447
1.575 0.2336961027445959
1.57525 0.2479534314602548
1.5755 0.2628249039313277
1.57575 0.2783313912534676
1.576 0.29448473981086665
1.57625 0.31139522906228867
1.5765 0.32894068395899806
1.57675 0.3470793933571716
1.577 0.3657420339540337
1.57725 0.3848928580151815
1.5775 0.4043652307308968
1.57775 0.42411381094327877
1.578 0.44413356713284763
1.57825 0.46450858065639006
1.5785 0.48521042015026034
1.57875 0.5062264881182137
1.579 0.5275100962425523
1.57925 0.5490021674789612
1.5795 0.570570846777174
1.57975 0.5921056135974136
1.58 0.6134836320118459
1.58025 0.6345048406813754
1.5805 0.6550892585825255
1.58075 0.6751695562865123
1.581 0.6947255992997216
1.58125 0.7137117964059336
1.5815 0.7322603729820781
1.58175 0.7503895341871262
1.582 0.7680579636558222
1.58225 0.7850393156771124
1.5825 0.8012668217755352
1.58275 0.8166160336187788
1.583 0.8310272605114898
1.58325 0.8443572234032856
1.5835 0.8568297912399383
1.58375 0.8685175927979087
1.584 0.8794829521695184
1.58425 0.8896541473431357
1.5845 0.899153516488833
1.58475 0.9079862410324852
1.585 0.9161670033411968
1.58525 0.923670344306909
1.5855 0.9306836350623722
1.58575 0.9372783056716562
1.586 0.9434912144386346
1.58625 0.9492363476319216
1.5865 0.9545339972467575
1.58675 0.959330698160944
1.587 0.9636015308633609
1.58725 0.9672798527329022
1.5875 0.9705192950897612
1.58775 0.9733897566265062
1.588 0.9759383835057867
1.58825 0.9781329451844274
1.5885 0.9800125322551554
1.58875 0.9815829605917025
1.589 0.9828549829142342
1.58925 0.9838243863943988
1.5895 0.9845940815264707
1.58975 0.9852374668579393
1.59 0.9858314650732264
1.59025 0.9864378275570833
1.5905 0.9870766783188689
1.59075 0.9877380528542851
1.591 0.988412476634616
1.59125 0.9890910217879039
1.5915 0.9897789391335401
1.59175 0.9904816353754069
1.592 0.9912053355967546
1.59225 0.9919227852319186
1.5925 0.9925657423641538
1.59275 0.9930465279143782
1.593 0.9932867366583146
1.59325 0.9932056884082664
1.5935 0.9928849946887637
1.59375 0.9924245240451798
1.594 0.9919562092036961
1.59425 0.9916677689951142
1.5945 0.9916246697682067
1.59475 0.9918223282317326
1.595 0.9921786726509758
1.59525 0.9925755796316742
1.5955 0.9928915957017355
1.59575 0.99306550532764
1.596 0.9930839612863382
1.59625 0.9929687708378516
1.5965 0.9928228280121792
1.59675 0.9927110606104476
1.597 0.9926795409947534
1.59725 0.9927452770782439
1.5975 0.9928907574585968
1.59775 0.9930864699490198
1.598 0.9933065777511016
1.59825 0.9935298045482263
1.5985 0.9937652086677506
1.59875 0.994021952779846
1.599 0.994292198705488
1.59925 0.9945317627849328
1.5995 0.9946935038949165
1.59975 0.9947511159543823
1.6 0.9946876772528008
1.60025 0.994492684859536
1.6005 0.994249052954381
1.60075 0.9940233522920346
1.601 0.9938573888383954
1.60125 0.9937859414210518
1.6015 0.9937846700131859
1.60175 0.9938481209145551
1.602 0.9939641396264236
1.60225 0.9941454012021006
1.6025 0.9944071049448838
1.60275 0.99480076251455
1.603 0.9953698648340898
1.60325 0.9961513578092809
1.6035 0.9970559226309987
1.60375 0.9979928192203373
1.604 0.9988523962934199
1.60425 0.9994883047981188
1.6045 0.9998671789909455
1.60475 1.0000010662992505
1.605 0.9999546214431435
1.60525 0.9998037134806849
1.6055 0.999633084539147
1.60575 0.9994709297141217
1.606 0.999319453407214
1.60625 0.9991423754387864
1.6065 0.9989061659352416
1.60675 0.9985982059224586
1.607 0.9982370303437025
1.60725 0.99784115736011
1.6075 0.9974322008106276
1.60775 0.9970172040958815
1.608 0.9966107365226673
1.60825 0.9962292027791404
1.6085 0.9958933835998021
1.60875 0.9956402147336417
1.609 0.9955228196741546
1.60925 0.9956022387361861
1.6095 0.9958405021877266
1.60975 0.9961893132279341
1.61 0.9965988842613421
1.61025 0.9970053041263343
1.6105 0.9973473592618509
1.61075 0.9976055315064009
1.611 0.9977977896139218
1.61125 0.9979253203884583
1.6115 0.9979827194470459
1.61175 0.9979399963099408
1.612 0.9977822630471983
1.61225 0.9975015127492628
1.6125 0.997173443351594
1.61275 0.9968893161649691
1.613 0.9967595476625962
1.61325 0.9968993304592375
1.6135 0.9972666375442523
1.61375 0.9977925400713357
1.614 0.9983840789659095
1.61425 0.9989149673447281
1.6145 0.9993055538989053
1.61475 0.9995214175873937
1.615 0.9995633921428244
1.61525 0.9993975572177265
1.6155 0.9990382514357774
1.61575 0.9984824354488299
1.616 0.9977588739934327
1.61625 0.9969150057694319
1.6165 0.9960538116105274
1.61675 0.9952508485607565
1.617 0.9945507857438389
1.61725 0.9939466567397085
1.6175 0.9933472653287474
1.61775 0.9926838418354748
1.618 0.991911573710137
1.61825 0.991010152819357
1.6185 0.9900454131586358
1.61875 0.989100114418923
1.619 0.9882459608645591
1.61925 0.9875345051852905
1.6195 0.9869071659041366
1.61975 0.9863030206071458
1.62 0.9856337143270429
1.62025 0.9847806120863165
1.6205 0.9837130091858628
1.62075 0.9824481477074015
1.621 0.9810258421639938
1.62125 0.9794902145888925
1.6215 0.9779110677602862
1.62175 0.9763199094302392
1.622 0.9747115864812096
1.62225 0.9730426801689271
1.6225 0.9713054975315265
1.62275 0.9695128642889647
1.623 0.9676979974256549
1.62325 0.9659032725528691
1.6235 0.9641748938048211
1.62375 0.9625185241714277
1.624 0.9609073556270684
1.62425 0.9592756574210528
1.6245 0.9575841261234893
1.62475 0.9558005420732699
1.625 0.9539092627144428
1.62525 0.9519092686229409
1.6255 0.9498602844524966
1.62575 0.9477988416334404
1.626 0.9457438745151762
1.62625 0.9437223003536945
1.6265 0.9417323096663138
1.62675 0.9397644028481731
1.627 0.9378046114294403
1.62725 0.9358740939990926
1.6275 0.9339878053793592
1.62775 0.9321524555679703
1.628 0.9303610261748397
1.62825 0.9285947060470191
1.6285 0.9268055106941386
1.62875 0.9249514762762275
1.629 0.9230292623576559
1.62925 0.9210799038839957
1.6295 0.9191817195525971
1.62975 0.9174069000583764
1.63 0.9158287616639603
1.63025 0.9145356328504654
1.6305 0.9134870865250797
1.63075 0.9126538867437424
1.631 0.9120016233647147
1.63125 0.9114924124777817
1.6315 0.9110445335386709
1.63175 0.9106278813641739
1.632 0.9102403766443325
1.63225 0.9099135550070153
1.6325 0.9096826476947912
1.63275 0.9096141508790802
1.633 0.9097594945213787
1.63325 0.9101788553354533
1.6335 0.910814558307492
1.63375 0.9116300152364875
1.634 0.9125643430492365
1.63425 0.91355043309102
1.6345 0.9145575108408157
1.63475 0.915599250613294
1.635 0.9167169666844118
1.63525 0.9180035719435534
1.6355 0.9195141863239877
1.63575 0.9212768406476614
1.636 0.9232635575825698
1.63625 0.925428135310749
1.6365 0.9276292083020159
1.63675 0.9297495701842323
1.637 0.931687255489575
1.63725 0.9333420569912835
1.6375 0.9347281156677412
1.63775 0.9358307441928793
1.638 0.9366435999825033
1.63825 0.937079274819201
1.6385 0.9371116469993832
1.63875 0.9366424249282573
1.639 0.9355773969751864
1.63925 0.9336937817378301
1.6395 0.9310089086010356
1.63975 0.9274480101009531
1.64 0.9229387360677969
1.64025 0.9171930388220857
1.6405 0.9102488496836524
1.64075 0.9019955135899034
1.641 0.8923237791657506
1.64125 0.8808724153095523
1.6415 0.867828596697642
1.64175 0.853169934368212
1.642 0.8368934806698097
1.64225 0.818754122880251
1.6425 0.7990963180377209
1.64275 0.7780128267304433
1.643 0.7556108074869327
1.64325 0.7318457539875712
1.6435 0.7070676200654423
1.64375 0.6814030868277101
1.644 0.6549745083370042
1.64425 0.6278396105817495
1.6445 0.6002713585415552
1.64475 0.5724308933066535
1.645 0.5444988724180166
1.64525 0.5167099894148411
1.6455 0.4892429663742186
1.64575 0.4622521468592492
1.646 0.4358789245623953
1.64625 0.41037289422073636
1.6465 0.38569909909016853
1.64675 0.36191864623289627
1.647 0.3390773237316471
1.64725 0.31736988066819943
1.6475 0.29665877709843114
1.64775 0.27696686303760826
1.648 0.2583087397683718
1.64825 0.2408575632864449
1.6485 0.22443596640849706
1.64875 0.20902178793187093
1.649 0.19457485199329813
1.64925 0.18119299158930158
1.6495 0.16866079561152247
1.64975 0.15691629402449936
1.65 0.1458978168028325
1.65025 0.13565479859097704
1.6505 0.12602425298003841
1.65075 0.11697053440477506
1.651 0.10847076497244033
1.65125 0.10059743861639864
1.6515 0.09324546406925628
1.65175 0.0864014414958721
1.652 0.08005235916708286
1.65225 0.07426108278084864
1.6525 0.06892992499508288
1.65275 0.06404330304882058
1.653 0.059578514890352076
1.65325 0.05555879573820668
1.6535 0.051870040969363054
1.65375 0.04846059362275984
1.654 0.045278868603470926
1.65425 0.04230817616291606
1.6545 0.039488834492607275
1.65475 0.036809854284233605
1.655 0.034270901204526194
1.65525 0.03190333915974042
1.6555 0.02968802266183171
1.65575 0.027623123206753766
1.656 0.02570008279871393
1.65625 0.023922194214731195
1.6565 0.022248137701799973
1.65675 0.020663165512154275
1.657 0.01915873370184448
1.65725 0.01774588661710321
1.6575 0.01641489515657566
1.65775 0.015170232643132388
1.658 0.01401469862751127
1.65825 0.012964105203184865
1.6585 0.01200406847398873
1.65875 0.011135566219935375
1.659 0.01035956590465948
1.65925 0.009689973113903523
1.6595 0.009103384988498015
1.65975 0.008584039855278997
1.66 0.008109444830906129
1.66025 0.007652961870442349
1.6605 0.007186770515983619
1.66075 0.006698833268871572
1.661 0.006189183938211595
1.66125 0.005669901279172833
1.6615 0.005163256244360339
1.66175 0.004687713979517052
1.662 0.00425696925549992
1.66225 0.0038872158969361094
1.6625 0.0035709064344085144
1.66275 0.003306139371934878
1.663 0.0030903517711270826
1.66325 0.0029276494151951058
1.6635 0.0028043951307511828
1.66375 0.002711315163942453
1.664 0.0026358321138453575
1.66425 0.0025628475903988657
1.6645 0.002479818797580349
1.66475 0.002381686917055434
1.665 0.0022683012715661523
1.66525 0.0021403177147081122
1.6655 0.0020019553992334446
1.66575 0.0018535895806306095
1.666 0.0016957297068073776
1.66625 0.0015317869617487263
1.6665 0.0013725867915862864
1.66675 0.0012303774815332939
1.667 0.0011169956938606325
1.66725 0.0010465728900130164
1.6675 0.001012583940574898
1.66775 0.0010079000906672486
1.668 0.0010220561634912923
1.66825 0.0010441997455782376
1.6685 0.0010642804211139492
1.66875 0.001078225630341012
1.669 0.0010846892694476747
1.66925 0.0010824792741516431
1.6695 0.0010726286033987081
1.66975 0.0010538130157449154
1.67 0.0010238311206756294
1.67025 0.0009785104620738169
1.6705 0.0009209060226775076
1.67075 0.0008558436082635333
1.671 0.000791836751704063
1.67125 0.0007428552101916324
1.6715 0.0007161523373628409
1.67175 0.0007139921681651738
1.672 0.0007318105626090787
1.67225 0.0007590036307749523
1.6725 0.0007805076781659683
1.67275 0.0007875084093791177
1.673 0.0007765628609564089
1.67325 0.000747910197147966
1.6735 0.0007112990328582935
1.67375 0.000674750669797789
1.674 0.0006469549608678824
1.67425 0.0006421698186554462
1.6745 0.0006686880379241387
1.67475 0.0007351773923248026
1.675 0.0008457334537275348
1.67525 0.0010013938468007102
1.6755 0.0011789593646921084
1.67575 0.0013566914869721294
1.676 0.001512037348874024
1.67625 0.001619132229277328
1.6765 0.0016776520555295367
1.67675 0.0016916063968554142
1.677 0.0016709003224553661
1.67725 0.0016251079430015577
1.6775 0.0015686277464887063
1.67775 0.001507932917808311
1.678 0.001448071192900345
1.67825 0.0013963261607280065
1.6785 0.0013589179754260208
1.67875 0.0013424728047355954
1.679 0.0013517544006901088
1.67925 0.0013913590607639416
1.6795 0.0014505850895223573
1.67975 0.001518537017004125
1.68 0.0015816261503660166
1.68025 0.0016219254287940757
1.6805 0.0016332432783258558
1.68075 0.0016144340556807897
1.681 0.0015709821252027458
1.68125 0.0015127913830944163
1.6815 0.001455213496397673
1.68175 0.0014071891016070085
1.682 0.0013734285164527249
1.68225 0.0013565481125212464
1.6825 0.0013512923182447576
1.68275 0.0013547302935302632
1.683 0.0013649494029850135
1.68325 0.0013829331818487895
1.6835 0.0014092276397046914
1.68375 0.001445933605147878
1.684 0.0014945615150103867
1.68425 0.0015560226030880274
1.6845 0.0016233469704411835
1.68475 0.0016880195386868766
1.685 0.0017389654266043199
1.68525 0.0017586896775960076
1.6855 0.0017417643330707587
1.68575 0.0016847568860472704
1.686 0.0015898361703068416
1.68625 0.0014615246835598117
1.6865 0.0013192095650407566
1.68675 0.0011785807030940826
1.687 0.001056096617203586
1.68725 0.0009742699690382647
1.6875 0.0009381487967580558
1.68775 0.0009489568332370194
1.688 0.000998883467559283
1.68825 0.0010717330264838132
1.6885 0.001138952993243298
1.68875 0.0011796763171404332
1.689 0.0011799600021063737
1.68925 0.0011303475991043153
1.6895 0.0010491831321947137
1.68975 0.0009540595482199578
1.69 0.0008637151967251899
1.69025 0.0007973552559853714
1.6905 0.0007576787361387989
1.69075 0.0007416702286475611
1.691 0.0007414411699164593
1.69125 0.0007470628132275889
1.6915 0.0007487440572237498
1.69175 0.0007415414735683985
1.692 0.0007229839493663419
1.69225 0.0006908503990411934
1.6925 0.0006491710732894577
1.69275 0.0006023327839164005
1.693 0.0005574050033978202
1.69325 0.0005272427331943966
1.6935 0.0005207392737529751
1.69375 0.000544642476649998
1.694 0.000600522359943106
1.69425 0.0006867168062704594
1.6945 0.0007867607899982645
1.69475 0.0008880646274942281
1.695 0.0009798223834175063
1.69525 0.0010520343054939677
1.6955 0.0011055868439301866
1.69575 0.0011415986562080193
1.696 0.0011613847034907373
1.69625 0.0011622794091029024
1.6965 0.0011459443965049498
1.69675 0.0011122119425525372
1.697 0.0010632032734097143
1.69725 0.0010033724462509348
1.6975 0.0009424789565868046
1.69775 0.0008873799717142646
1.698 0.0008427139065802882
1.69825 0.0008119466693605623
1.6985 0.0007916411750560717
1.69875 0.0007798236524760244
1.699 0.0007754298875011326
1.69925 0.0007805238891464926
1.6995 0.0007955366580394413
1.69975 0.0008212854338955386
1.7 0.0008565308537642196
1.70025 0.0008974291756290196
1.7005 0.0009363173242126293
1.70075 0.0009673233830476594
1.701 0.000986712462928849
1.70125 0.000992655062169814
1.7015 0.0009915549703934604
1.70175 0.000989677414089252
1.702 0.0009933374050720481
1.70225 0.0010090608174362057
1.7025 0.0010359792913807243
1.70275 0.001071271564621237
1.703 0.0011097742211081917
1.70325 0.0011436592139458426
1.7035 0.00116695015072177
1.70375 0.0011754600540030409
1.704 0.0011668236233768176
1.70425 0.0011375205349404929
1.7045 0.0010914960139503038
1.70475 0.0010306176361566041
1.705 0.0009576995821862426
1.70525 0.0008762882620169616
1.7055 0.0007938836522514153
1.70575 0.0007165981785885325
1.706 0.00064970785939801
1.70625 0.0005984441056815373
1.7065 0.0005595281485183154
1.70675 0.000528923756871526
1.707 0.0005013785304746278
1.70725 0.0004715779389092628
1.7075 0.00043769928049421894
1.70775 0.0004007306906566125
1.708 0.0003633749686055727
1.70825 0.00032936748571541267
1.7085 0.00029979471559265895
1.70875 0.0002736301793761017
1.709 0.0002478453212741497
1.70925 0.00021707497122183222
1.7095 0.00017808134230356794
1.70975 0.0001295636487535562
1.71 7.291551654177577e-05
1.71025 1.2368285656405196e-05
1.7105 -4.47530115689905e-05
1.71075 -9.226103302027708e-05
1.711 -0.00012491253363000973
1.71125 -0.00013561523437752215
1.7115 -0.00012585287168051268
1.71175 -9.615603064604768e-05
1.712 -4.876090510769643e-05
1.71225 1.3768872078921492e-05
1.7125 8.26148302770304e-05
1.71275 0.0001508599838157409
1.713 0.0002115246399180907
1.71325 0.00025569868955086595
1.7135 0.0002819687731263849
1.71375 0.0002902528405063919
1.714 0.00028342601375068416
1.71425 0.00026625169097911595
1.7145 0.000247789085755878
1.71475 0.0002340296671431614
1.715 0.00022886928925304822
1.71525 0.000234434424591988
1.7155 0.0002458918298349968
1.71575 0.00025785315441782504
1.716 0.00026405174730958445
1.71625 0.0002560636171917952
1.7165 0.00023190271851319662
1.71675 0.00019117646710186683
1.717 0.00013670607658091406
1.71725 7.444414545212785e-05
1.7175 1.5140946895805496e-05
1.71775 -3.2450913842791874e-05
1.718 -6.134562875388735e-05
1.71825 -6.429156629916361e-05
1.7185 -4.673069311557967e-05
1.71875 -1.4062431249826555e-05
1.719 2.6551306766594925e-05
1.71925 6.72482711567556e-05
1.7195 0.00010234521540910769
1.71975 0.00012936841205381694
1.72 0.00014766787319704796
1.72025 0.00015639028355137025
1.7205 0.00015772865460888873
1.72075 0.00015225381467800248
1.721 0.00014034848947355527
1.72125 0.00012133501211580947
1.7215 9.667274487025076e-05
1.72175 6.712631019524469e-05
1.722 3.420426497928915e-05
1.72225 1.1506274688521284e-06
1.7225 -2.6959871622834493e-05
1.72275 -4.457007883687092e-05
1.723 -4.623736907585715e-05
1.72325 -2.4692131224823285e-05
1.7235 1.6445612017042442e-05
1.72375 7.226510377240157e-05
1.724 0.00013410673248615674
1.72425 0.00018842565059704581
1.7245 0.00022453545226583952
1.72475 0.00023569518689840453
1.725 0.0002201060467737764
1.72525 0.00017855285380679692
1.7255 0.00012395049706394388
1.72575 6.572290294298387e-05
1.726 1.200649306030194e-05
1.72625 -2.9776900504867757e-05
1.7265 -5.94464549806085e-05
1.72675 -7.782749174606275e-05
1.727 -8.687856683789203e-05
1.72725 -8.83838689755302e-05
1.7275 -8.67094126410841e-05
1.72775 -8.514779676730288e-05
1.728 -8.713272836951542e-05
1.72825 -9.693587144219635e-05
1.7285 -0.0001146266692937818
1.72875 -0.0001388147407083785
1.729 -0.0001660982047164257
1.72925 -0.00019110433110589307
1.7295 -0.0002099580546930796
1.72975 -0.00022126310694179025
# -------------------
# S3B_SLSTR Band S6
# -------------------
2.15 0.0007867424937945015
2.15025 0.0008129067449007705
2.1505 0.0008390709960069931
2.15075 0.0008799164608993034
2.151 0.0009207619257916139
2.15125 0.0009700557442751306
2.1515 0.0010193495627585597
2.15175 0.0010702811728378059
2.152 0.0011212127829171375
2.15225 0.0011693584316076018
2.1525 0.001217504080298066
2.15275 0.0012620935438742804
2.153 0.0013066830074504154
2.15325 0.0013495705910248476
2.1535 0.0013924581745993567
2.15375 0.0014357230827393532
2.154 0.0014789879908793497
2.15425 0.0015228099689372303
2.1545 0.001566631946995033
2.15475 0.0016087795626054066
2.155 0.0016509271782157802
2.15525 0.0016880362406500038
2.1555 0.0017251453030841617
2.15575 0.0017548026175298334
2.156 0.0017844599319755442
2.15625 0.0018065990496460413
2.1565 0.0018287381673165381
2.15675 0.0018454081388456593
2.157 0.001862078110374751
2.15725 0.0018758667973244217
2.1575 0.0018896554842741141
2.15775 0.0019019973482505353
2.158 0.0019143392122269564
2.15825 0.001924792682778267
2.1585 0.0019352461533295958
2.15875 0.001942012378899227
2.159 0.0019487786044688582
2.15925 0.001949878714953609
2.1595 0.001950978825438358
2.15975 0.0019453211873913863
2.16 0.0019396635493443932
2.16025 0.0019275814436224591
2.1605 0.001915499337900525
2.16075 0.001898777473155718
2.161 0.001882055608410941
2.16125 0.0018636728684101257
2.1615 0.0018452901284092811
2.16175 0.0018289877415935889
2.162 0.0018126853547778966
2.16225 0.0018022429874623362
2.1625 0.0017918006201467574
2.16275 0.0017898186307854476
2.163 0.0017878366414241377
2.16325 0.001794387504492949
2.1635 0.0018009383675617488
2.16375 0.0018129403222234444
2.164 0.0018249422768851615
2.16425 0.001837019649648259
2.1645 0.0018490970224113567
2.16475 0.001855763803083592
2.165 0.0018624305837558156
2.16525 0.0018604323817210749
2.1655 0.0018584341796863153
2.16575 0.0018479099580934882
2.166 0.0018373857365006614
2.16625 0.001821255284060006
2.1665 0.0018051248316193218
2.16675 0.0017871414313481602
2.167 0.0017691580310769989
2.16725 0.00175170706965013
2.1675 0.0017342561082232919
2.16775 0.0017171109956560311
2.168 0.0016999658830887366
2.16825 0.0016807576340088163
2.1685 0.0016615493849288963
2.16875 0.0016377411476315223
2.169 0.0016139329103341906
2.16925 0.0015851355762209686
2.1695 0.001556338242107692
2.16975 0.001525512845535953
2.17 0.0014946874489642139
2.17025 0.0014674772920692512
2.1705 0.0014402671351742401
2.17075 0.0014228715517308364
2.171 0.0014054759682874324
2.17125 0.00140224361699018
2.1715 0.0013990112656929333
2.17175 0.0014109017063656567
2.172 0.0014227921470384235
2.17225 0.001447169980567481
2.1725 0.0014715478140965388
2.17275 0.0015031535969180524
2.173 0.0015347593797395101
2.17325 0.0015672409471736458
2.1735 0.0015997225146078303
2.17375 0.0016270733843289662
2.174 0.001654424254050102
2.17425 0.0016719774476206281
2.1745 0.0016895306411911855
2.17475 0.0016945768215914153
2.175 0.0016996230019916448
2.17525 0.0016919014047923114
2.1755 0.0016841798075929917
2.17575 0.0016662318786845533
2.176 0.0016482839497760737
2.17625 0.0016252416011975327
2.1765 0.0016021992526189914
2.17675 0.00158057755059941
2.177 0.001558955848579867
2.17725 0.0015445963083328832
2.1775 0.0015302367680858926
2.17775 0.0015262978326529412
2.178 0.00152235889721999
2.17825 0.0015284293464059248
2.1785 0.00153449979559187
2.17875 0.0015472821912900312
2.179 0.0015600645869881923
2.17925 0.0015752075355710527
2.1795 0.001590350484153886
2.17975 0.0016044796803496957
2.18 0.001618608876545527
2.18025 0.001630637186964585
2.1805 0.0016426654973836431
2.18075 0.0016538785586190429
2.181 0.0016650916198544226
2.18125 0.0016780898712839155
2.1815 0.0016910881227134387
2.18175 0.0017082067137524418
2.182 0.0017253253047914447
2.18225 0.0017473932209348929
2.1825 0.0017694611370783803
2.18275 0.0017954397634920099
2.183 0.0018214183899056395
2.18325 0.001848925176598474
2.1835 0.00187643196329126
2.18375 0.0019027180218921503
2.184 0.0019290040804930812
2.18425 0.0019519206425575252
2.1845 0.0019748372046219692
2.18475 0.0019935561109656274
2.185 0.0020122750173092526
2.18525 0.002027718731027958
2.1855 0.00204316244474669
2.18575 0.002058128613963124
2.186 0.0020730947831795583
2.18625 0.002091964527339443
2.1865 0.002110834271499361
2.18675 0.0021386785132799023
2.187 0.0021665227550604436
2.18725 0.002207569685512406
2.1875 0.0022486166159642954
2.18775 0.0023044820908972065
2.188 0.002360347565830239
2.18825 0.0024288967917917895
2.1885 0.00249744601775334
2.18875 0.0025730045977947666
2.189 0.0026485631778360593
2.18925 0.0027235942175536927
2.1895 0.002798625257271326
2.18975 0.0028660346218871103
2.19 0.002933443986502775
2.19025 0.002988427049617338
2.1905 0.0030434101127319994
2.19075 0.003084228128506985
2.191 0.003125046144281971
2.19125 0.003152837342686368
2.1915 0.003180628541090715
2.19175 0.0031986893788528217
2.192 0.0032167502166149512
2.19225 0.003229603280233814
2.1925 0.003242456343852677
2.19275 0.0032548494287316177
2.193 0.0032672425136105365
2.19325 0.0032832361817120978
2.1935 0.0032992298498136594
2.19375 0.0033215624747633633
2.194 0.0033438950997130277
2.19425 0.003373743046122108
2.1945 0.0034035909925312414
2.19475 0.003440638155699804
2.195 0.0034776853188683665
2.19525 0.0035205064340594794
2.1955 0.0035633275492505164
2.19575 0.0036100751972920906
2.196 0.003656822845333752
2.19625 0.0037060323869527313
2.1965 0.0037552419285717107
2.19675 0.0038063561071538833
2.197 0.003857470285735965
2.19725 0.003910754811029556
2.1975 0.003964039336323147
2.19775 0.004019965350796161
2.198 0.004075891365269075
2.19825 0.004134401302555999
2.1985 0.004192911239843026
2.19875 0.004252939718783901
2.199 0.004312968197724776
2.19925 0.004372283844561156
2.1995 0.004431599491397429
2.19975 0.0044869094014230795
2.2 0.004542219311448814
2.20025 0.004589542344589254
2.2005 0.004636865377729695
2.20075 0.004672488337871842
2.201 0.004708111298013927
2.20125 0.004729857418951589
2.2015 0.004751603539889252
2.20175 0.004760113002227666
2.202 0.004768622464566064
2.20225 0.0047677852242303965
2.2025 0.0047669479838947275
2.20275 0.004762924712766712
2.203 0.004758901441638696
2.20325 0.00475792839828502
2.2035 0.004756955354931346
2.20375 0.004762903402910399
2.204 0.004768851450889475
2.20425 0.004781673039915469
2.2045 0.004794494628941461
2.20475 0.004810089071378959
2.205 0.00482568351381643
2.20525 0.00483676254252972
2.2055 0.004847841571243009
2.20575 0.004844847090704734
2.206 0.004841852610166464
2.20625 0.0048133189546206824
2.2065 0.0047847852990748506
2.20675 0.004717487373274018
2.207 0.004650189447473185
2.20725 0.004530154083311654
2.2075 0.004410118719150337
2.20775 0.004225378919960412
2.208 0.004040639120770032
2.20825 0.003785500296693137
2.2085 0.0035303614726162414
2.20875 0.0032096674816792523
2.209 0.002888973490742833
2.20925 0.0025203874811361555
2.2095 0.002151801471529478
2.20975 0.0017648515984406467
2.21 0.0013779017253525028
2.21025 0.0010099648397343842
2.2105 0.0006420279541157159
2.21075 0.000332698477386426
2.211 2.3369000657136054e-05
2.21125 -0.00019094985498761225
2.2115 -0.0004052687106319798
2.21175 -0.0004951801327545426
2.212 -0.0005850915548770073
2.21225 -0.0005298805230225752
2.2125 -0.00047466949116814304
2.21275 -0.0002619920821537229
2.213 -4.9314673139680615e-05
2.21325 0.0003265665587388942
2.2135 0.0007024477906174691
2.21375 0.0012432793502108886
2.214 0.0017841109098033472
2.21425 0.002490654005258032
2.2145 0.0031971971007139716
2.21475 0.004072352878938871
2.215 0.00494750865716377
2.21525 0.005999335194065744
2.2155 0.007051161730965849
2.21575 0.00829539820287101
2.216 0.00953963467477877
2.21625 0.0110011457574226
2.2165 0.012462656840066434
2.21675 0.014175635994652925
2.217 0.015888615149236375
2.21725 0.017895407547741944
2.2175 0.019902199946247517
2.21775 0.02225162348152611
2.218 0.024601047016800527
2.21825 0.02734723445650962
2.2185 0.030093421896224402
2.21875 0.03329581452342032
2.219 0.03649820715061624
2.21925 0.04022287524627385
2.2195 0.04394754334192484
2.21975 0.048269467161157625
2.22 0.05259139098039929
2.22025 0.05759696638337161
2.2205 0.06260254178634393
2.22075 0.06839133945981322
2.221 0.07418013713329279
2.22125 0.08086488727771554
2.2215 0.0875496374221383
2.22175 0.09525368840901954
2.222 0.10295773939588711
2.22225 0.11180990869410809
2.2225 0.12066207799234704
2.22275 0.1307896315063131
2.223 0.1409171850202791
2.22325 0.1524381682292855
2.2235 0.1639591514382714
2.22375 0.17697511043756237
2.224 0.18999106943687924
2.22425 0.2045804497178833
2.2245 0.2191698299988874
2.22475 0.23538154007838918
2.225 0.2515932501579198
2.22525 0.2694395421363177
2.2255 0.2872858341147156
2.22575 0.30673385791154145
2.226 0.32618188170833273
2.22625 0.3471440127799469
2.2265 0.3681061438516007
2.22675 0.3904326989122697
2.227 0.4127592539729387
2.22725 0.43623101530672825
2.2275 0.4597027766404761
2.22775 0.4840313139062943
2.228 0.5083598511721565
2.22825 0.5331947479686956
2.2285 0.5580296447652345
2.22875 0.5829727548843682
2.229 0.6079158650035462
2.22925 0.6325405301534774
2.2295 0.6571651953034087
2.22975 0.6810382486129073
2.23 0.7049113019223635
2.23025 0.7276167455169141
2.2305 0.7503221891115024
2.23075 0.7714859499994837
2.231 0.792649710887465
2.23125 0.8119636916588854
2.2315 0.8312776724302714
2.23175 0.8485192766813883
2.232 0.865760880932532
2.23225 0.880803533568724
2.2325 0.895846186204916
2.23275 0.9086585021494817
2.233 0.9214708180940703
2.23325 0.9321060222110984
2.2335 0.9427412263281265
2.23375 0.9513214440422233
2.234 0.9599016617563049
2.23425 0.9666016385461123
2.2345 0.9733016153359287
2.23475 0.9783337015156783
2.235 0.983365787695428
2.23525 0.9869652672907153
2.2355 0.9905647468859963
2.23575 0.992974206216225
2.236 0.9953836655464562
2.23625 0.9968371046514771
2.2365 0.9982905437564981
2.23675 0.9990001245544349
2.237 0.999709705352373
2.23725 0.9998581935217621
2.2375 1.000006681691151
2.23775 0.9997465135464256
2.238 0.9994863454017007
2.23825 0.9989427093563733
2.2385 0.9983990733110446
2.23875 0.9976769195109718
2.239 0.996954765710899
2.23925 0.9961411660560685
2.2395 0.9953275664012395
2.23975 0.9944917421009379
2.24 0.9936559178006349
2.24025 0.9928479849172659
2.2405 0.9920400520338968
2.24075 0.9912896462547677
2.241 0.9905392404756371
2.24125 0.9898569384542486
2.2415 0.98917463643286
2.24175 0.9885573466716729
2.242 0.9879400569104869
2.24225 0.987379237217282
2.2425 0.9868184175240763
2.24275 0.9863080782558864
2.243 0.9857977389876965
2.24325 0.98533905097496
2.2435 0.9848803629622244
2.24375 0.9844814499896881
2.244 0.9840825370171513
2.24425 0.9837544320110263
2.2445 0.9834263270049014
2.24475 0.9831775454920053
2.245 0.9829287639791088
2.24525 0.9827608841660151
2.2455 0.9825930043529214
2.24575 0.9824985428741528
2.246 0.9824040813953845
2.24625 0.9823667138383566
2.2465 0.9823293462813287
2.24675 0.9823258061673781
2.247 0.9823222660534274
2.24725 0.9823252593031779
2.2475 0.9823282525529283
2.24775 0.9823101539495274
2.248 0.9822920553461262
2.24825 0.9822292336221622
2.2485 0.9821664118981982
2.24875 0.982043462860868
2.249 0.9819205138235375
2.24925 0.9817328321847462
2.2495 0.9815451505459548
2.24975 0.9812986944090385
2.25 0.9810522382721225
2.25025 0.9807606926715741
2.2505 0.9804691470710251
2.25075 0.9801450531824623
2.251 0.9798209592938995
2.25125 0.9794752273744716
2.2515 0.9791294954550442
2.25175 0.9787700322529833
2.252 0.9784105690509224
2.25225 0.978041563009929
2.2525 0.9776725569689362
2.25275 0.9772961462945271
2.253 0.9769197356201174
2.25325 0.9765371477314566
2.2535 0.9761545598427959
2.25375 0.9757673600999263
2.254 0.9753801603570574
2.25425 0.9749913674267932
2.2545 0.9746025744965283
2.25475 0.9742174747231662
2.255 0.9738323749498042
2.25525 0.9734584743708676
2.2555 0.9730845737919317
2.25575 0.9727304653606602
2.256 0.9723763569293887
2.25625 0.9720500149334073
2.2565 0.9717236729374263
2.25675 0.9714312350827821
2.257 0.9711387972281372
2.25725 0.9708841021627275
2.2575 0.9706294070973176
2.25775 0.9704166007939106
2.258 0.970203794490504
2.25825 0.9700367672500758
2.2585 0.9698697400096475
2.25875 0.9697519408946782
2.259 0.9696341417797089
2.25925 0.9695667006256709
2.2595 0.969499259471633
2.25975 0.9694791419185508
2.26 0.9694590243654686
2.26025 0.96947912257129
2.2605 0.9694992207771114
2.26075 0.9695511052928314
2.261 0.9696029898085515
2.26125 0.9696812035248457
2.2615 0.9697594172411398
2.26175 0.9698649027621659
2.262 0.9699703882831917
2.26225 0.9701107536574094
2.2625 0.9702511190316275
2.26275 0.9704369110570329
2.263 0.9706227030824384
2.26325 0.9708608320368287
2.2635 0.9710989609912186
2.26375 0.9713857890094046
2.264 0.9716726170275907
2.26425 0.9719892649250953
2.2645 0.9723059128225994
2.26475 0.9726171649824816
2.265 0.9729284171423643
2.26525 0.9731849686383335
2.2655 0.9734415201343026
2.26575 0.9735840125992051
2.266 0.9737265050641073
2.26625 0.9736892600447431
2.2665 0.9736520150253782
2.26675 0.9733646976601844
2.267 0.9730773802949906
2.26725 0.9724639351851425
2.2675 0.9718504900752954
2.26775 0.9708262091401498
2.268 0.9698019282050043
2.26825 0.9682706877702405
2.2685 0.9667394473354795
2.26875 0.9645932629100468
2.269 0.9624470784846103
2.26925 0.9595690590956248
2.2695 0.9566910397066394
2.26975 0.9529612009902932
2.27 0.9492313622739537
2.27025 0.9445334835043875
2.2705 0.939835604734811
2.27075 0.9340630671005258
2.271 0.9282905294662407
2.27125 0.9213500279338394
2.2715 0.9144095264014505
2.27175 0.9062232189719069
2.272 0.8980369115423634
2.27225 0.8885448470004516
2.2725 0.8790527824585564
2.27275 0.8682172383737454
2.273 0.8573816942889126
2.27325 0.8451933321362951
2.2735 0.8330049699836776
2.27375 0.8194888295934736
2.274 0.8059726892032936
2.27425 0.7911916141638047
2.2745 0.7764105391242874
2.27475 0.7604649377872624
2.275 0.7445193364502375
2.27525 0.7275439518089296
2.2755 0.7105685671676518
2.27575 0.6927276766042905
2.276 0.6748867860409292
2.27625 0.6563687203186528
2.2765 0.6378506545964092
2.27675 0.6188616180305663
2.277 0.5998725814646897
2.27725 0.5806294004070764
2.2775 0.5613862193494631
2.27775 0.5421079932807231
2.278 0.5228297672120175
2.27825 0.5037289811597845
2.2785 0.48462819510751837
2.27875 0.4659022079965979
2.279 0.44717622088567743
2.27925 0.42900006159365617
2.2795 0.4108239023016672
2.27975 0.39334512772480007
2.28 0.37586635314793293
2.28025 0.3592024594700061
2.2805 0.34253856579210895
2.28075 0.32677706908779447
2.281 0.31101557238345373
2.28125 0.29621633036103506
2.2815 0.28141708833861634
2.28175 0.26761587861761604
2.282 0.2538146688966403
2.28225 0.24102681762595152
2.2825 0.22823896635524182
2.28275 0.2164621733927112
2.283 0.20468538043018059
2.28325 0.19390163587496803
2.2835 0.1831178913197363
2.28375 0.1732949999314422
2.284 0.1634721085431481
2.28425 0.15456542680766427
2.2845 0.14565874507219628
2.28475 0.13761338507138124
2.285 0.1295680250705519
2.28525 0.12232145206528314
2.2855 0.11507487906001439
2.28575 0.10855983327508475
2.286 0.10204478749016668
2.28625 0.09619262209591838
2.2865 0.09034045670166073
2.28675 0.0850848855982384
2.287 0.07982931449481608
2.28725 0.07511007040496645
2.2875 0.07039082631510843
2.28775 0.0661562204728063
2.288 0.061921614630504156
2.28825 0.05812902429159364
2.2885 0.054336433952689854
2.28875 0.05095050108836871
2.289 0.04756456822404222
2.28925 0.04455393847110298
2.2895 0.04154330871816374
2.28975 0.03887736505929635
2.29 0.0362114214004337
2.29025 0.03385827483286318
2.2905 0.03150512826528898
2.29075 0.02943132932009076
2.291 0.027357530374892535
2.29125 0.025529145521659493
2.2915 0.023700760668423203
2.29175 0.02208507252486925
2.292 0.0204693843813153
2.29225 0.019036557739262504
2.2925 0.017603731097212257
2.29275 0.016328067495833622
2.293 0.015052403894452724
2.29325 0.013913030284711818
2.2935 0.012773656674970912
2.29375 0.011754601372912505
2.294 0.010735546070855908
2.29425 0.009825228411707411
2.2945 0.008914910752557476
2.29475 0.008105176415138847
2.295 0.007295442077720219
2.29525 0.006580395848614887
2.2955 0.005865349619508285
2.29575 0.005240301972465019
2.296 0.004615254325421755
2.29625 0.004076050568745613
2.2965 0.003536846812070429
2.29675 0.0030796822722552286
2.297 0.002622517732439356
2.29725 0.002244112884767886
2.2975 0.0018657080370964162
2.29775 0.001563520900846822
2.298 0.0012613337645977643
2.29825 0.00103345031341327
2.2985 0.0008055668622284992
2.29875 0.0006499908640957596
2.299 0.0004944148659630199
2.29925 0.00040788169672026814
2.2995 0.0003213485274773626
2.29975 0.00029804723923584995
2.3 0.0002747459509943372
2.30025 0.00030554219061155747
2.3005 0.0003363384302287231
2.30075 0.0004089658438208978
2.301 0.0004815932574132508
2.30125 0.0005819333002868324
2.3015 0.0006822733431604139
2.30175 0.0007963609669926887
2.302 0.0009104485908247608
2.30225 0.001026513661678597
2.3025 0.0011425787325326283
2.30275 0.001252372923215358
2.303 0.0013621671138980876
2.30325 0.0014611135189443692
2.3035 0.0015600599239908265
2.30375 0.0016462982927179571
2.304 0.0017325366614450877
2.30425 0.0018054601897883199
2.3045 0.0018783837181314226
2.30475 0.0019374722622532174
2.305 0.0019965608063750914
2.30525 0.0020410575672597715
2.3055 0.0020855543281444516
2.30575 0.0021149607727405794
2.306 0.0021443672173366546
2.30625 0.0021592259926954682
2.3065 0.0021740847680542857
2.30675 0.002176415663996461
2.307 0.002178746559938636
2.30725 0.0021718214547621
2.3075 0.002164896349585552
2.30775 0.0021525008573763174
2.308 0.0021401053651670826
2.30825 0.0021256964029522296
2.3085 0.0021112874407374026
2.30875 0.0020973913952972746
2.309 0.002083495349857126
2.30925 0.0020714482458042065
2.3095 0.0020594011417512876
2.30975 0.0020493552113932815
2.31 0.002039309281035293
2.31025 0.002030433704930212
2.3105 0.002021558128825115
2.31075 0.0020124494856764478
2.311 0.0020033408425277803
2.31125 0.0019926528501495442
2.3115 0.001981964857771289
2.31175 0.001969109930663273
2.312 0.0019562550035552573
2.31225 0.0019418598878246773
2.3125 0.0019274647720941228
2.31275 0.0019132790269529624
2.313 0.0018990932818117806
2.31325 0.0018873064467470207
2.3135 0.0018755196116822606
2.31375 0.0018677792920504482
2.314 0.0018600389724186496
2.31425 0.0018566408032794023
2.3145 0.001853242634140155
2.31475 0.0018528707149396708
2.315 0.0018524987957391874
2.31525 0.0018526109614516758
2.3155 0.0018527231271641645
2.31575 0.0018503798797354348
2.316 0.0018480366323067048
2.31625 0.0018408142146396132
2.3165 0.0018335917969725345
2.31675 0.0018202437108811563
2.317 0.0018068956247897438
2.31725 0.0017875820609014577
2.3175 0.0017682684970131716
2.31775 0.001744345933405198
2.318 0.0017204233697972668
2.31825 0.001693896570577405
2.3185 0.0016673697713575433
2.31875 0.0016401761503200385
2.319 0.0016129825292825817
2.31925 0.0015863090141454341
2.3195 0.001559635499008239
2.31975 0.0015335250382444397
2.32 0.0015074145774806402
2.32025 0.001480891623972317
2.3205 0.0014543686704640408
2.32075 0.0014261129456042245
2.321 0.0013978572207443533
2.32125 0.0013671295668004533
2.3215 0.0013364019128565532
2.32175 0.0013037032693893917
2.322 0.001271004625922288
2.32225 0.001238053162936249
2.3225 0.0012051016999502099
2.32275 0.0011741234297850912
2.323 0.0011431451596200274
2.32325 0.0011158994222529562
2.3235 0.0010886536848858364
2.32375 0.0010657427165456544
2.324 0.0010428317482054723
2.32425 0.0010236096723922298
2.3245 0.0010043875965790215
2.32475 0.000987404637489375
2.325 0.0009704216783996993
2.32525 0.0009540910469048526
2.3255 0.0009377604154100058
2.32575 0.0009209301579821025
2.326 0.0009040999005542291
2.32625 0.0008863637942975077
2.3265 0.0008686276880407863
2.32675 0.0008503658895832313
2.327 0.0008321040911257086
2.32725 0.0008143205966331608
2.3275 0.0007965371021405847
2.32775 0.0007805667258866711
2.328 0.0007645963496327574
2.32825 0.0007517414504361094
2.3285 0.0007388865512394843
2.32875 0.0007300522629192061
2.329 0.0007212179745989196
2.32925 0.0007166436398661985
2.3295 0.0007120693051334774
2.32975 0.0007112636029971333
2.33 0.0007104579008607908
2.33025 0.0007123978346842999
2.3305 0.000714337768507809
2.33075 0.0007178525829872883
2.331 0.0007213673974667613
2.33125 0.000725525455954295
2.3315 0.0007296835144418361
2.33175 0.0007339696098904806
2.332 0.000738255705339125
2.33225 0.0007424631635887716
2.3325 0.0007466706218384107
2.33275 0.0007506336408824772
2.333 0.0007545966599265497
2.33325 0.0007579976135011011
2.3335 0.0007613985670756525
2.33375 0.0007638039400942527
2.334 0.0007662093131128487
2.33425 0.0007672789702072309
2.3345 0.000768348627301613
2.33475 0.0007680079637435092
2.335 0.000767667300185406
2.33525 0.000766072685805981
2.3355 0.0007644780714265514
2.33575 0.0007618121354284948
2.336 0.000759146199430438
2.33625 0.0007554650478472823
2.3365 0.0007517838962641332
2.33675 0.0007471238964932499
2.337 0.0007424638967223572
2.33725 0.0007371927838009795
2.3375 0.0007319216708796019
2.33775 0.0007270672465203711
2.338 0.0007222128221611489
2.33825 0.0007194409868567104
2.3385 0.0007166691515522719
2.33875 0.0007177838559622402
2.339 0.0007188985603722064
2.33925 0.0007250646110367573
2.3395 0.0007312306617013193
2.33975 0.0007423401914603441
2.34 0.0007534497212193687
2.34025 0.0007680085185377045
2.3405 0.0007825673158560143
2.34075 0.0007981897705068883
2.341 0.0008138122251577877
2.34125 0.0008280650114330243
2.3415 0.000842317797708261
2.34175 0.0008534790699378649
2.342 0.0008646403421674491
2.34225 0.0008720095531900719
2.3425 0.0008793787642126946
2.34275 0.0008830672529896394
2.343 0.0008867557417665776
2.34325 0.0008871998037779728
2.3435 0.0008876438657893635
2.34375 0.0008852208832560304
2.344 0.0008827979007226973
2.34425 0.0008778111797412884
2.3445 0.0008728244587598883
2.34475 0.0008658404238885563
2.345 0.0008588563890172106
2.34525 0.0008511175622384753
2.3455 0.00084337873545974
2.34575 0.0008369391335036892
2.346 0.000830499531547627
2.34625 0.0008278748722670789
2.3465 0.0008252502129865308
2.34675 0.0008286553478022488
2.347 0.0008320604826179608
2.34725 0.0008425662613397351
2.3475 0.0008530720400615282
2.34775 0.0008701075518055407
2.348 0.0008871430635495532
2.34825 0.0009086276631575763
2.3485 0.0009301122627655613
2.34875 0.0009531824977850674
2.349 0.0009762527328046125
2.34925 0.000998240535313808
2.3495 0.0010202283378230037
2.34975 0.0010394175223630217
# -------------------
