# SeaHawk HawkEye RSR
# QV 2024-10-16 from seahawk1_hawkeye_RSR.nc
# 
#
# SeaHawk1_HawkEye Band 1
# -------------------
360.0 0.000262346
361.0 0.000262346
362.0 0.000216049
363.0 0.000185185
364.0 0.000169753
365.0 0.000146605
366.0 0.000138889
367.0 0.000134259
368.0 0.000131173
369.0 0.000109568
370.0 0.00095679
371.0 0.000910494
372.0 0.00087963
373.0 0.000848765
374.0 0.000787037
375.0 0.000771605
376.0 0.000771605
377.0 0.000725309
378.0 0.000725309
379.0 0.000694444
380.0 0.000709876
381.0 0.000709876
382.0 0.000709876
383.0 0.000709876
384.0 0.000725309
385.0 0.000740741
386.0 0.000787037
387.0 0.000802469
388.0 0.000848765
389.0 0.000910494
390.0 0.000987654
391.0 0.00106481
392.0 0.00117284
393.0 0.00135802
394.0 0.00169753
395.0 0.00216049
396.0 0.0037037
397.0 0.00833333
398.0 0.0253086
399.0 0.0813272
400.0 0.200617
401.0 0.358025
402.0 0.492284
403.0 0.587963
404.0 0.66358
405.0 0.742284
406.0 0.805556
407.0 0.858025
408.0 0.901235
409.0 0.939815
410.0 0.973765
411.0 0.993827
412.0 1.0
413.0 0.989198
414.0 0.981481
415.0 0.986111
416.0 0.993827
417.0 0.990741
418.0 0.972222
419.0 0.925926
420.0 0.851852
421.0 0.723765
422.0 0.53858
423.0 0.337963
424.0 0.179012
425.0 0.0858025
426.0 0.0407407
427.0 0.020679
428.0 0.0112654
429.0 0.00648148
430.0 0.00401235
431.0 0.00246914
432.0 0.00169753
433.0 0.00117284
434.0 0.000895062
435.0 0.000709876
436.0 0.000601852
437.0 0.000540124
438.0 0.000478395
439.0 0.000447531
440.0 0.000416667
441.0 0.000401235
442.0 0.000354938
443.0 0.00029321
444.0 0.000216049
445.0 0.000154321
446.0 0.000114197
447.0 0.000115741
448.0 9.87654e-05
449.0 9.25926e-05
450.0 8.64198e-05
451.0 7.25309e-05
452.0 7.25309e-05
453.0 7.09877e-05
454.0 6.32716e-05
455.0 5.55556e-05
456.0 5.40123e-05
457.0 8.17901e-05
458.0 5.8642e-05
459.0 6.79012e-05
460.0 4.62963e-05
# -------------------
# SeaHawk1_HawkEye Band 2
# -------------------
390.0 0.000306452
391.0 0.000290323
392.0 0.000290323
393.0 0.000290323
394.0 0.000274194
395.0 0.000274194
396.0 0.000274194
397.0 0.000274194
398.0 0.000274194
399.0 0.000274194
400.0 0.000274194
401.0 0.000274194
402.0 0.000274194
403.0 0.000290323
404.0 0.000290323
405.0 0.000274194
406.0 0.000274194
407.0 0.000306452
408.0 0.000306452
409.0 0.000322581
410.0 0.00033871
411.0 0.000322581
412.0 0.00033871
413.0 0.000354839
414.0 0.000370968
415.0 0.000387097
416.0 0.000387097
417.0 0.000403226
418.0 0.000419355
419.0 0.000435484
420.0 0.000467742
421.0 0.000483871
422.0 0.000532258
423.0 0.000564516
424.0 0.000693548
425.0 0.00083871
426.0 0.000951613
427.0 0.00106452
428.0 0.00137097
429.0 0.00225806
430.0 0.00451613
431.0 0.00790323
432.0 0.0122581
433.0 0.0217742
434.0 0.0601613
435.0 0.179032
436.0 0.385484
437.0 0.604839
438.0 0.790323
439.0 0.903226
440.0 0.933871
441.0 0.935484
442.0 0.951613
443.0 0.980645
444.0 1.0
445.0 0.990323
446.0 0.959677
447.0 0.948387
448.0 0.967742
449.0 0.982258
450.0 0.970968
451.0 0.959677
452.0 0.96129
453.0 0.972581
454.0 0.979032
455.0 0.945161
456.0 0.830645
457.0 0.629032
458.0 0.370968
459.0 0.148226
460.0 0.0351613
461.0 0.00596774
462.0 0.00177419
463.0 0.000919355
464.0 0.000677419
465.0 0.000548387
466.0 0.000451613
467.0 0.000387097
468.0 0.000322581
469.0 0.000306452
470.0 0.000274194
471.0 0.000241935
472.0 0.000209677
473.0 0.000193548
474.0 0.000177419
475.0 0.00016129
476.0 0.00016129
477.0 0.000151613
478.0 0.000140323
479.0 0.000141935
480.0 0.000130645
481.0 0.000122581
482.0 0.00011129
483.0 0.000101613
484.0 9.51613e-05
485.0 9.03226e-05
486.0 8.87097e-05
487.0 8.70968e-05
488.0 6.77419e-05
489.0 7.41935e-05
490.0 6.45161e-05
491.0 6.12903e-05
492.0 5.32258e-05
493.0 6.77419e-05
494.0 5.64516e-05
495.0 5.96774e-05
496.0 6.6129e-05
497.0 7.25806e-05
498.0 7.09677e-05
499.0 7.41935e-05
500.0 4.83871e-05
# -------------------
# SeaHawk1_HawkEye Band 3
# -------------------
440.0 0.00020408169
441.0 0.00020408169
442.0 0.00020408169
443.0 0.00022809148
444.0 0.00022809148
445.0 0.00022809148
446.0 0.00022809148
447.0 0.00024009588
448.0 0.00025210128
449.0 0.00025210128
450.0 0.00027611005
451.0 0.00027611005
452.0 0.00028811544
453.0 0.00030011983
454.0 0.00030011983
455.0 0.00031212525
456.0 0.00031212525
457.0 0.00033613402
458.0 0.0003481394
459.0 0.0003481394
460.0 0.0003601438
461.0 0.0003841536
462.0 0.000396158
463.0 0.00043217317
464.0 0.00049219717
465.0 0.0005642255
466.0 0.00066026364
467.0 0.00082833116
468.0 0.0010804355
469.0 0.0014405772
470.0 0.002160861
471.0 0.0032412964
472.0 0.0052821133
473.0 0.009363747
474.0 0.018847499
475.0 0.04237691
476.0 0.10396165
477.0 0.24609807
478.0 0.48019174
479.0 0.732293
480.0 0.9003605
481.0 0.9663867
482.0 0.980792
483.0 0.9819924
484.0 0.9867952
485.0 0.9879956
486.0 0.99159694
487.0 0.9939978
488.0 0.99879956
489.0 1.0
490.0 0.9975991
491.0 0.99879956
492.0 0.9963987
493.0 0.9879956
494.0 0.980792
495.0 0.95918405
496.0 0.8835534
497.0 0.7190872
498.0 0.4789913
499.0 0.24849895
500.0 0.10168091
501.0 0.036494557
502.0 0.013325377
503.0 0.005522211
504.0 0.0026410567
505.0 0.0015606212
506.0 0.0010564267
507.0 0.0007803116
508.0 0.00062424946
509.0 0.00051620696
510.0 0.00044417757
511.0 0.000396158
512.0 0.0003481394
513.0 0.00030011983
514.0 0.00027611005
515.0 0.00025210128
516.0 0.00022809148
517.0 0.00021608609
518.0 0.00020408169
519.0 0.0001800719
520.0 0.0001800719
521.0 0.00015606212
522.0 0.00016806752
523.0 0.00014405772
524.0 0.00014405772
525.0 0.00014405772
526.0 0.00012004794
527.0 0.0001188475
528.0 0.00012004794
529.0 0.00010564266
530.0 0.00010204135
531.0 0.00010204135
532.0 9.603845e-05
533.0 9.363747e-05
534.0 9.723889e-05
535.0 9.243693e-05
536.0 0.00010684311
537.0 0.00010564266
538.0 0.00010204135
539.0 9.0036054e-05
540.0 7.2028764e-05
# -------------------
# SeaHawk1_HawkEye Band 4
# -------------------
440.0 9.72222e-05
441.0 9.21717e-05
442.0 9.4697e-05
443.0 9.09091e-05
444.0 8.96465e-05
445.0 7.70202e-05
446.0 8.83838e-05
447.0 9.09091e-05
448.0 9.21717e-05
449.0 9.84848e-05
450.0 9.4697e-05
451.0 7.95455e-05
452.0 9.4697e-05
453.0 9.84848e-05
454.0 9.97475e-05
455.0 9.34343e-05
456.0 0.000104798
457.0 0.000102273
458.0 9.72222e-05
459.0 0.00010101
460.0 9.09091e-05
461.0 8.83838e-05
462.0 8.71212e-05
463.0 8.71212e-05
464.0 9.84848e-05
465.0 0.000102273
466.0 9.97475e-05
467.0 9.34343e-05
468.0 9.84848e-05
469.0 0.000107323
470.0 0.000116162
471.0 0.000119949
472.0 0.000126263
473.0 0.000138889
474.0 0.000138889
475.0 0.000151515
476.0 0.000164141
477.0 0.000176768
478.0 0.000189394
479.0 0.000189394
480.0 0.000214647
481.0 0.000227273
482.0 0.000252525
483.0 0.000265151
484.0 0.000290404
485.0 0.000315657
486.0 0.000353535
487.0 0.000391414
488.0 0.000429293
489.0 0.000479798
490.0 0.000542929
491.0 0.000618687
492.0 0.000732323
493.0 0.000871212
494.0 0.00114899
495.0 0.00164141
496.0 0.00328283
497.0 0.00883838
498.0 0.0358586
499.0 0.155303
500.0 0.430556
501.0 0.724747
502.0 0.875
503.0 0.936869
504.0 0.982323
505.0 0.982323
506.0 0.949495
507.0 0.92298
508.0 0.930556
509.0 0.965909
510.0 0.992424
511.0 0.988636
512.0 0.963384
513.0 0.929293
514.0 0.911616
515.0 0.936869
516.0 0.979798
517.0 1.0
518.0 0.949495
519.0 0.777778
520.0 0.492424
521.0 0.217172
522.0 0.0640152
523.0 0.015404
524.0 0.00517677
525.0 0.00227273
526.0 0.00117424
527.0 0.000795454
528.0 0.000656566
529.0 0.000555556
530.0 0.000492424
531.0 0.000429293
532.0 0.000378788
533.0 0.000340909
534.0 0.00030303
535.0 0.000277778
536.0 0.000252525
537.0 0.000227273
538.0 0.00020202
539.0 0.00020202
540.0 0.000176768
541.0 0.000164141
542.0 0.000151515
543.0 0.000138889
544.0 0.000138889
545.0 0.000126263
546.0 0.000119949
547.0 0.000111111
548.0 0.000106061
549.0 0.00010101
550.0 9.34343e-05
551.0 9.59596e-05
552.0 8.83838e-05
553.0 8.71212e-05
554.0 8.71212e-05
555.0 8.20707e-05
556.0 8.08081e-05
557.0 7.70202e-05
558.0 7.57576e-05
559.0 7.32323e-05
560.0 7.95455e-05
561.0 7.07071e-05
562.0 6.94444e-05
563.0 6.94444e-05
564.0 6.06061e-05
565.0 7.70202e-05
566.0 7.57576e-05
567.0 7.44949e-05
568.0 8.08081e-05
569.0 5.80808e-05
570.0 5.24892e-05
571.0 4.68975e-05
572.0 4.13059e-05
573.0 3.57143e-05
574.0 3.01227e-05
575.0 2.4531e-05
576.0 1.89394e-05
577.0 1.04798e-05
578.0 8.58586e-06
579.0 5.23988e-06
# -------------------
# SeaHawk1_HawkEye Band 5
# -------------------
500.0 5.84028e-05
501.0 6.317037e-05
502.0 6.912986e-05
503.0 6.436229e-05
504.0 6.912986e-05
505.0 6.7937945e-05
506.0 7.15137e-05
507.0 7.270552e-05
508.0 8.46245e-05
509.0 8.46245e-05
510.0 8.3432584e-05
511.0 8.8200155e-05
512.0 9.535157e-05
513.0 0.00010250298
514.0 0.00010727065
515.0 0.000116806
516.0 0.00011799741
517.0 0.000119189834
518.0 0.00013110801
519.0 0.00013110801
520.0 0.00014302721
521.0 0.00015494639
522.0 0.00016686558
523.0 0.00017878375
524.0 0.00017878375
525.0 0.00020262212
526.0 0.0002145413
527.0 0.00023837868
528.0 0.00025029786
529.0 0.0002741352
530.0 0.0002979736
531.0 0.00033373013
532.0 0.0003575685
533.0 0.00040524424
534.0 0.00046483916
535.0 0.0005244341
536.0 0.0006078664
537.0 0.00075089355
538.0 0.0009535157
539.0 0.0013110802
540.0 0.0023837867
541.0 0.0052443407
542.0 0.015733022
543.0 0.06030987
544.0 0.20619738
545.0 0.46603057
546.0 0.7127532
547.0 0.85220414
548.0 0.92252684
549.0 0.96424246
550.0 0.9606672
551.0 0.93682885
552.0 0.92252684
553.0 0.92610204
554.0 0.94398034
555.0 0.9570909
556.0 0.9570909
557.0 0.9594748
558.0 0.97139394
559.0 0.985697
560.0 1.0
561.0 0.9988076
562.0 0.98927224
563.0 0.97616166
564.0 0.9404051
565.0 0.8379021
566.0 0.6245532
567.0 0.36472002
568.0 0.16686557
569.0 0.071036935
570.0 0.023837866
571.0 0.009654349
572.0 0.004410008
573.0 0.002264595
574.0 0.0013110802
575.0 0.0008939208
576.0 0.0006436229
577.0 0.00048867654
578.0 0.00040524424
579.0 0.00033373013
580.0 0.0002979736
581.0 0.00025029786
582.0 0.00022646048
583.0 0.00020262212
584.0 0.00017878375
585.0 0.00016686558
586.0 0.00014302721
587.0 0.00014302721
588.0 0.00013110801
589.0 0.00011442216
590.0 0.000112038324
591.0 0.00010727065
592.0 9.415965e-05
593.0 8.939207e-05
594.0 8.224077e-05
595.0 8.3432584e-05
596.0 7.508936e-05
597.0 9.535157e-05
598.0 7.985693e-05
599.0 9.058399e-05
600.0 6.912986e-05
# -------------------
# SeaHawk1_HawkEye Band 6
# -------------------
620.0 4.9875296e-05
621.0 5.3615953e-05
622.0 5.9850314e-05
623.0 5.8603462e-05
624.0 6.857858e-05
625.0 7.107228e-05
626.0 5.8603462e-05
627.0 6.483792e-05
628.0 7.7306744e-05
629.0 7.60598e-05
630.0 8.4787964e-05
631.0 9.476308e-05
632.0 9.1022426e-05
633.0 9.725679e-05
634.0 0.00010972561
635.0 0.00011097216
636.0 0.000117206924
637.0 0.00012219413
638.0 0.00012468823
639.0 0.00013715676
640.0 0.00014962628
641.0 0.0001620948
642.0 0.00018703286
643.0 0.00019950137
644.0 0.00022443842
645.0 0.00024937646
646.0 0.00027431452
647.0 0.0003241896
648.0 0.00038653324
649.0 0.00043640932
650.0 0.0005361595
651.0 0.0006733163
652.0 0.00089775573
653.0 0.0012468824
654.0 0.002119699
655.0 0.004239398
656.0 0.009725679
657.0 0.02693263
658.0 0.08553609
659.0 0.24812992
660.0 0.51745623
661.0 0.7481294
662.0 0.8491272
663.0 0.88279307
664.0 0.92019963
665.0 0.96134585
666.0 0.9812967
667.0 0.98753047
668.0 0.9862839
669.0 0.99127114
670.0 0.9975059
671.0 1.0
672.0 0.99376523
673.0 0.99002457
674.0 0.99002457
675.0 0.99127114
676.0 0.98004913
677.0 0.9688272
678.0 0.9825433
679.0 0.9663341
680.0 0.7730675
681.0 0.4451372
682.0 0.18204464
683.0 0.064837925
684.0 0.0261845
685.0 0.012842889
686.0 0.0071072285
687.0 0.0041147126
688.0 0.0024937647
689.0 0.0016209481
690.0 0.0010972561
691.0 0.00086034916
692.0 0.00072319136
693.0 0.00063590973
694.0 0.0005860346
695.0 0.00054862804
696.0 0.0005112215
697.0 0.0004738149
698.0 0.00044887786
699.0 0.0004239398
700.0 0.0004114713
701.0 0.00037406472
702.0 0.00036159618
703.0 0.00033665815
704.0 0.0003241896
705.0 0.00029925158
706.0 0.00028678303
707.0 0.00028678303
708.0 0.00027431452
709.0 0.00024937646
710.0 0.00023690794
711.0 0.00022443842
712.0 0.0002119699
713.0 0.00019950137
714.0 0.00019950137
715.0 0.0002119699
716.0 0.0002119699
717.0 0.00019950137
718.0 0.00018703286
719.0 0.00018703286
720.0 0.0001620948
# -------------------
# SeaHawk1_HawkEye Band 7
# -------------------
700.0 2.04153e-05
701.0 2.20026e-05
702.0 2.4159e-05
703.0 2.20719e-05
704.0 2.06342e-05
705.0 2.70781e-05
706.0 3.3865e-05
707.0 3.24675e-05
708.0 3.25988e-05
709.0 3.71161e-05
710.0 4.57456e-05
711.0 4.28521e-05
712.0 4.31695e-05
713.0 5.71081e-05
714.0 6.46321e-05
715.0 6.19429e-05
716.0 6.92479e-05
717.0 9.32646e-05
718.0 0.000105412
719.0 0.000112476
720.0 0.000104204
721.0 0.000114567
722.0 0.000130811
723.0 0.000133657
724.0 0.000157959
725.0 0.000191674
726.0 0.000225462
727.0 0.000264651
728.0 0.000334964
729.0 0.000427061
730.0 0.000551268
731.0 0.000747868
732.0 0.0010566
733.0 0.00155514
734.0 0.00235789
735.0 0.00364812
736.0 0.00576701
737.0 0.00932317
738.0 0.0156853
739.0 0.0269792
740.0 0.0484626
741.0 0.0906385
742.0 0.173693
743.0 0.323952
744.0 0.541197
745.0 0.760931
746.0 0.89869
747.0 0.938473
748.0 0.933551
749.0 0.929526
750.0 0.936269
751.0 0.949288
752.0 0.966317
753.0 0.984733
754.0 0.996898
755.0 1.0
756.0 0.992137
757.0 0.950419
758.0 0.826913
759.0 0.606621
760.0 0.356704
761.0 0.173514
762.0 0.0780102
763.0 0.0359255
764.0 0.0179436
765.0 0.00980336
766.0 0.00570096
767.0 0.0035839
768.0 0.00234366
769.0 0.00160221
770.0 0.00111556
771.0 0.000808293
772.0 0.000600491
773.0 0.000464681
774.0 0.000378568
775.0 0.000317742
776.0 0.000280341
777.0 0.000244692
778.0 0.000231665
779.0 0.000195177
780.0 0.000193681
781.0 0.000170803
782.0 0.000157959
783.0 0.000157959
784.0 0.000145808
785.0 0.000133657
786.0 0.000133147
787.0 0.000114501
788.0 0.000116559
789.0 0.000105791
790.0 0.000106707
791.0 9.73367e-05
792.0 9.59903e-05
793.0 8.98383e-05
794.0 8.63135e-05
795.0 8.74666e-05
796.0 7.54655e-05
797.0 7.53341e-05
798.0 8.26099e-05
799.0 8.87218e-05
800.0 6.80437e-05
# -------------------
# SeaHawk1_HawkEye Band 8
# -------------------
766.0 1.1914601e-06
767.0 4.626167e-06
768.0 8.734486e-06
769.0 1.4192058e-05
770.0 1.9649511e-05
771.0 1.9677327e-05
772.0 1.6994329e-05
773.0 1.4311229e-05
774.0 2.431109e-06
775.0 9.660107e-06
776.0 1.0912704e-05
777.0 1.4609407e-05
778.0 2.0870639e-05
779.0 3.100778e-05
780.0 2.2659506e-05
781.0 3.9355957e-05
782.0 3.0083529e-05
783.0 2.0811003e-05
784.0 1.1538477e-05
785.0 2.2659506e-06
786.0 1.219687e-05
787.0 5.963034e-08
788.0 9.570664e-06
789.0 1.9081672e-05
790.0 1.0761214e-05
791.0 6.320807e-06
792.0 8.169349e-06
793.0 1.0614226e-05
794.0 8.407871e-06
795.0 9.6005015e-06
796.0 1.4907585e-05
797.0 5.1282063e-06
798.0 3.3694483e-05
799.0 2.0274283e-05
800.0 6.854125e-06
801.0 1.0733497e-05
802.0 1.3178254e-05
803.0 2.3852115e-06
804.0 1.1985643e-06
805.0 5.9742106e-06
806.0 1.4913188e-05
807.0 2.3852115e-05
808.0 1.6696451e-05
809.0 1.3118619e-05
810.0 9.540846e-06
811.0 1.9081672e-05
812.0 2.981517e-05
813.0 4.293379e-05
814.0 2.951369e-05
815.0 1.4311229e-05
816.0 4.293379e-05
817.0 5.963034e-05
818.0 4.293379e-05
819.0 6.320807e-05
820.0 7.9904625e-05
821.0 9.063802e-05
822.0 0.00011031575
823.0 0.00013118619
824.0 0.0001431123
825.0 0.00019081673
826.0 0.00023255861
827.0 0.0003100778
828.0 0.000387597
829.0 0.00050089456
830.0 0.00065593293
831.0 0.00084674964
832.0 0.0011747201
833.0 0.001550384
834.0 0.0021466895
835.0 0.002981517
836.0 0.0043530143
837.0 0.006320807
838.0 0.00936196
839.0 0.014072787
840.0 0.02206325
841.0 0.03446634
842.0 0.056768034
843.0 0.09230772
844.0 0.15623112
845.0 0.25283268
846.0 0.3983304
847.0 0.5712585
848.0 0.7406084
849.0 0.86941016
850.0 0.93738866
851.0 0.9683962
852.0 0.9767441
853.0 0.981515
854.0 0.9850921
855.0 0.989863
856.0 0.9952292
857.0 0.9982109
858.0 1.0
859.0 0.99940366
860.0 0.9952292
861.0 0.99105567
862.0 0.9838994
863.0 0.9767441
864.0 0.9701852
865.0 0.9612399
866.0 0.95408463
867.0 0.9469294
868.0 0.9403695
869.0 0.9350033
870.0 0.92784697
871.0 0.92307717
872.0 0.91651726
873.0 0.9075729
874.0 0.9016104
875.0 0.8932614
876.0 0.8849134
877.0 0.87895083
878.0 0.87775815
879.0 0.882528
880.0 0.9004176
881.0 0.9254626
882.0 0.95408463
883.0 0.9695889
884.0 0.92605895
885.0 0.80977964
886.0 0.6195592
887.0 0.4209899
888.0 0.26654786
889.0 0.15861654
890.0 0.09719743
891.0 0.058914714
892.0 0.037865266
893.0 0.024090659
894.0 0.016398374
895.0 0.010971939
896.0 0.0075730435
897.0 0.0052474677
898.0 0.0038759701
899.0 0.0033393002
900.0 0.0031604036
901.0 0.002981517
902.0 0.0028026204
903.0 0.0026237338
904.0 0.002444837
905.0 0.0022659504
906.0 0.0020870639
907.0 0.0019081673
908.0 0.0017292807
909.0 0.001550384
910.0 0.0009838995
911.0 0.00065593293
912.0 0.0007632679
913.0 0.00044126398
914.0 0.00038163346
915.0 0.00020274284
916.0 0.00020870639
917.0 9.421585e-05
918.0 0.00021407258
919.0 6.082295e-05
920.0 0.00013714973
921.0 0.0001431123
922.0 6.169707e-05
923.0 2.0274283e-05
924.0 0.00023255861
925.0 0.0001431123
926.0 8.0500875e-05
927.0 0.000102564125
928.0 0.00017054264
929.0 0.00019081673
930.0 8.2289844e-05
931.0 0.00012999447
932.0 0.00028026203
933.0 8.467507e-06
934.0 0.00011842358
935.0 0.00013118619
936.0 4.41264e-05
937.0 0.00016696451
938.0 0.0001550384
939.0 0.00014072788
940.0 8.1097234e-05
941.0 3.8163344e-05
942.0 0.00011448823
943.0 0.0001216455
944.0 0.00012880277
945.0 0.00022659505
946.0 8.169349e-05
947.0 4.770423e-05
948.0 5.3667285e-05
949.0 0.00021466894
950.0 1.4735782e-05
951.0 1.9592077e-05
952.0 2.444837e-05
953.0 2.9304765e-05
954.0 3.416106e-05
955.0 2.742995e-05
956.0 6.858518e-05
957.0 2.742995e-05
958.0 2.8026203e-05
959.0 0.00020274284
960.0 0.00011866473
961.0 0.0001550384
962.0 7.949678e-05
963.0 0.00011050486
964.0 7.632679e-05
# -------------------
