;; Skysat14-SkySat19 RSR
;;
;; Quinten Vanhellemont 2022-02-19 from Skysat_RSR_Skysat14-SkySat19.csv
;; normalised to per channel maximum value
;;
;; datasets: wavelength, RSR
;; Skysat14-SkySat19 Band: Blue
0.3500	0.0
0.3510	0.0
0.3520	0.0
0.3530	0.0
0.3540	0.0
0.3550	0.0
0.3560	0.0
0.3570	0.0
0.3580	0.0
0.3590	0.0
0.3600	0.0
0.3610	0.0
0.3620	0.0
0.3630	0.0
0.3640	0.0
0.3650	0.0
0.3660	0.0
0.3670	0.0
0.3680	0.0
0.3690	0.0
0.3700	0.0
0.3710	0.0
0.3720	0.0
0.3730	0.0
0.3740	0.0
0.3750	0.0
0.3760	0.0
0.3770	0.0
0.3780	0.0
0.3790	0.0
0.3800	0.0
0.3810	0.0
0.3820	0.0
0.3830	0.0
0.3840	0.0
0.3850	0.0
0.3860	0.0
0.3870	0.0
0.3880	0.0
0.3890	0.0
0.3900	0.0
0.3910	0.0
0.3920	0.0
0.3930	0.0
0.3940	0.0
0.3950	0.0
0.3960	0.0
0.3970	0.0
0.3980	0.0
0.3990	0.0
0.4000	0.0
0.4010	0.0
0.4020	0.0
0.4030	0.0
0.4040	0.0
0.4050	0.0
0.4060	0.0
0.4070	0.0
0.4080	0.0001
0.4090	0.0001
0.4100	0.0001
0.4110	0.0
0.4120	0.0
0.4130	0.0001
0.4140	0.0001
0.4150	0.0002
0.4160	0.0002
0.4170	0.0002
0.4180	0.0003
0.4190	0.0001
0.4200	0.0001
0.4210	0.0001
0.4220	0.0
0.4230	0.0001
0.4240	0.0001
0.4250	0.0001
0.4260	0.0001
0.4270	0.0001
0.4280	0.0001
0.4290	0.0001
0.4300	0.0001
0.4310	0.0001
0.4320	0.0002
0.4330	0.0002
0.4340	0.0003
0.4350	0.0004
0.4360	0.001
0.4370	0.0016
0.4380	0.001
0.4390	0.0007
0.4400	0.001
0.4410	0.0032
0.4420	0.0088
0.4430	0.0182
0.4440	0.0437
0.4450	0.118
0.4460	0.2344
0.4470	0.3398
0.4480	0.4977
0.4490	0.7124
0.4500	0.82
0.4510	0.8609
0.4520	0.8871
0.4530	0.9058
0.4540	0.9201
0.4550	0.9301
0.4560	0.9376
0.4570	0.9445
0.4580	0.9482
0.4590	0.9504
0.4600	0.9515
0.4610	0.9512
0.4620	0.951
0.4630	0.9504
0.4640	0.9478
0.4650	0.9437
0.4660	0.9389
0.4670	0.9349
0.4680	0.9301
0.4690	0.9249
0.4700	0.919
0.4710	0.9147
0.4720	0.9124
0.4730	0.9125
0.4740	0.9134
0.4750	0.9147
0.4760	0.9161
0.4770	0.919
0.4780	0.9228
0.4790	0.9277
0.4800	0.9333
0.4810	0.9389
0.4820	0.9462
0.4830	0.9537
0.4840	0.9602
0.4850	0.9669
0.4860	0.9733
0.4870	0.9789
0.4880	0.9831
0.4890	0.9876
0.4900	0.9915
0.4910	0.9949
0.4920	0.9966
0.4930	0.9959
0.4940	0.9951
0.4950	0.9941
0.4960	0.994
0.4970	0.9931
0.4980	0.9947
0.4990	0.9978
0.5000	0.9994
0.5010	1.0
0.5020	0.9996
0.5030	0.9963
0.5040	0.9872
0.5050	0.9645
0.5060	0.9045
0.5070	0.8024
0.5080	0.703
0.5090	0.6157
0.5100	0.4914
0.5110	0.3594
0.5120	0.2784
0.5130	0.237
0.5140	0.2116
0.5150	0.1939
0.5160	0.1818
0.5170	0.1686
0.5180	0.1326
0.5190	0.0747
0.5200	0.0334
0.5210	0.0151
0.5220	0.0075
0.5230	0.0039
0.5240	0.0022
0.5250	0.0013
0.5260	0.0009
0.5270	0.0007
0.5280	0.0005
0.5290	0.0005
0.5300	0.0004
0.5310	0.0004
0.5320	0.0004
0.5330	0.0003
0.5340	0.0003
0.5350	0.0004
0.5360	0.0005
0.5370	0.0006
0.5380	0.0007
0.5390	0.0007
0.5400	0.0007
0.5410	0.0006
0.5420	0.0005
0.5430	0.0004
0.5440	0.0004
0.5450	0.0003
0.5460	0.0002
0.5470	0.0002
0.5480	0.0002
0.5490	0.0002
0.5500	0.0002
0.5510	0.0003
0.5520	0.0003
0.5530	0.0003
0.5540	0.0003
0.5550	0.0003
0.5560	0.0003
0.5570	0.0003
0.5580	0.0003
0.5590	0.0002
0.5600	0.0002
0.5610	0.0002
0.5620	0.0002
0.5630	0.0002
0.5640	0.0002
0.5650	0.0002
0.5660	0.0002
0.5670	0.0002
0.5680	0.0002
0.5690	0.0002
0.5700	0.0002
0.5710	0.0002
0.5720	0.0002
0.5730	0.0002
0.5740	0.0003
0.5750	0.0004
0.5760	0.0005
0.5770	0.0006
0.5780	0.0006
0.5790	0.0007
0.5800	0.0008
0.5810	0.0008
0.5820	0.0008
0.5830	0.0007
0.5840	0.0007
0.5850	0.0006
0.5860	0.0006
0.5870	0.0006
0.5880	0.0005
0.5890	0.0005
0.5900	0.0005
0.5910	0.0005
0.5920	0.0005
0.5930	0.0005
0.5940	0.0006
0.5950	0.0006
0.5960	0.0006
0.5970	0.0005
0.5980	0.0004
0.5990	0.0004
0.6000	0.0005
0.6010	0.0003
0.6020	0.0003
0.6030	0.0002
0.6040	0.0002
0.6050	0.0003
0.6060	0.0005
0.6070	0.0007
0.6080	0.0006
0.6090	0.0003
0.6100	0.0002
0.6110	0.0001
0.6120	0.0001
0.6130	0.0001
0.6140	0.0001
0.6150	0.0001
0.6160	0.0001
0.6170	0.0001
0.6180	0.0001
0.6190	0.0001
0.6200	0.0001
0.6210	0.0
0.6220	0.0
0.6230	0.0
0.6240	0.0
0.6250	0.0
0.6260	0.0
0.6270	0.0
0.6280	0.0
0.6290	0.0
0.6300	0.0
0.6310	0.0
0.6320	0.0
0.6330	0.0
0.6340	0.0
0.6350	0.0
0.6360	0.0
0.6370	0.0001
0.6380	0.0001
0.6390	0.0001
0.6400	0.0001
0.6410	0.0001
0.6420	0.0001
0.6430	0.0001
0.6440	0.0001
0.6450	0.0
0.6460	0.0001
0.6470	0.0
0.6480	0.0
0.6490	0.0
0.6500	0.0
0.6510	0.0
0.6520	0.0
0.6530	0.0
0.6540	0.0
0.6550	0.0
0.6560	0.0
0.6570	0.0001
0.6580	0.0017
0.6590	0.0019
0.6600	0.0001
0.6610	0.0
0.6620	0.0
0.6630	0.0
0.6640	0.0
0.6650	0.0
0.6660	0.0
0.6670	0.0
0.6680	0.0
0.6690	0.0
0.6700	0.0001
0.6710	0.0001
0.6720	0.0002
0.6730	0.0002
0.6740	0.0003
0.6750	0.0004
0.6760	0.0005
0.6770	0.0007
0.6780	0.0015
0.6790	0.0012
0.6800	0.0006
0.6810	0.0005
0.6820	0.0006
0.6830	0.0007
0.6840	0.0006
0.6850	0.0005
0.6860	0.0004
0.6870	0.0004
0.6880	0.0004
0.6890	0.0004
0.6900	0.0003
0.6910	0.0003
0.6920	0.0003
0.6930	0.0003
0.6940	0.0003
0.6950	0.0013
0.6960	0.0007
0.6970	0.0001
0.6980	0.0001
0.6990	0.0
0.7000	0.0
0.7010	0.0
0.7020	0.0
0.7030	0.0
0.7040	0.0
0.7050	0.0
0.7060	0.0
0.7070	0.0
0.7080	0.0001
0.7090	0.0001
0.7100	0.0001
0.7110	0.0001
0.7120	0.0001
0.7130	0.0001
0.7140	0.0001
0.7150	0.0001
0.7160	0.0001
0.7170	0.0001
0.7180	0.0001
0.7190	0.0001
0.7200	0.0002
0.7210	0.0002
0.7220	0.0002
0.7230	0.0002
0.7240	0.0002
0.7250	0.0002
0.7260	0.0003
0.7270	0.0003
0.7280	0.0004
0.7290	0.0004
0.7300	0.0004
0.7310	0.0004
0.7320	0.0004
0.7330	0.0004
0.7340	0.0004
0.7350	0.0004
0.7360	0.0004
0.7370	0.0004
0.7380	0.0003
0.7390	0.0003
0.7400	0.0003
0.7410	0.0003
0.7420	0.0003
0.7430	0.0004
0.7440	0.0004
0.7450	0.0004
0.7460	0.0004
0.7470	0.0004
0.7480	0.0004
0.7490	0.0004
0.7500	0.0004
0.7510	0.0003
0.7520	0.0003
0.7530	0.001
0.7540	0.0046
0.7550	0.0005
0.7560	0.0002
0.7570	0.0001
0.7580	0.0001
0.7590	0.0001
0.7600	0.0001
0.7610	0.0001
0.7620	0.0001
0.7630	0.0001
0.7640	0.0001
0.7650	0.0001
0.7660	0.0001
0.7670	0.0001
0.7680	0.0002
0.7690	0.0002
0.7700	0.0002
0.7710	0.0002
0.7720	0.0002
0.7730	0.0002
0.7740	0.0002
0.7750	0.0002
0.7760	0.0002
0.7770	0.0002
0.7780	0.0002
0.7790	0.0002
0.7800	0.0002
0.7810	0.0001
0.7820	0.0001
0.7830	0.0001
0.7840	0.0001
0.7850	0.0001
0.7860	0.0001
0.7870	0.0001
0.7880	0.0002
0.7890	0.0002
0.7900	0.0002
0.7910	0.0002
0.7920	0.0002
0.7930	0.0002
0.7940	0.0002
0.7950	0.0002
0.7960	0.0003
0.7970	0.0003
0.7980	0.0003
0.7990	0.0003
0.8000	0.0003
0.8010	0.0002
0.8020	0.0002
0.8030	0.0002
0.8040	0.0002
0.8050	0.0002
0.8060	0.0001
0.8070	0.0001
0.8080	0.0001
0.8090	0.0001
0.8100	0.0001
0.8110	0.0001
0.8120	0.0001
0.8130	0.0001
0.8140	0.0001
0.8150	0.0002
0.8160	0.0002
0.8170	0.0002
0.8180	0.0003
0.8190	0.0003
0.8200	0.0003
0.8210	0.0003
0.8220	0.0003
0.8230	0.0003
0.8240	0.0004
0.8250	0.0004
0.8260	0.0005
0.8270	0.0004
0.8280	0.0003
0.8290	0.0003
0.8300	0.0003
0.8310	0.0003
0.8320	0.0003
0.8330	0.0002
0.8340	0.0002
0.8350	0.0002
0.8360	0.0003
0.8370	0.0002
0.8380	0.0002
0.8390	0.0002
0.8400	0.0002
0.8410	0.0002
0.8420	0.0002
0.8430	0.0002
0.8440	0.0002
0.8450	0.0002
0.8460	0.0002
0.8470	0.0002
0.8480	0.0002
0.8490	0.0002
0.8500	0.0001
0.8510	0.0001
0.8520	0.0001
0.8530	0.0001
0.8540	0.0002
0.8550	0.0001
0.8560	0.0001
0.8570	0.0001
0.8580	0.0001
0.8590	0.0001
0.8600	0.0001
0.8610	0.0
0.8620	0.0
0.8630	0.0
0.8640	0.0
0.8650	0.0
0.8660	0.0
0.8670	0.0
0.8680	0.0
0.8690	0.0
0.8700	0.0
0.8710	0.0
0.8720	0.0
0.8730	0.0
0.8740	0.0
0.8750	0.0
0.8760	0.0
0.8770	0.0
0.8780	0.0
0.8790	0.0
0.8800	0.0
0.8810	0.0
0.8820	0.0
0.8830	0.0
0.8840	0.0
0.8850	0.0
0.8860	0.0
0.8870	0.0
0.8880	0.0
0.8890	0.0
0.8900	0.0
0.8910	0.0
0.8920	0.0
0.8930	0.0
0.8940	0.0
0.8950	0.0
0.8960	0.0
0.8970	0.0
0.8980	0.0
0.8990	0.0
0.9000	0.0
0.9010	0.0
0.9020	0.0
0.9030	0.0
0.9040	0.0
0.9050	0.0
0.9060	0.0
0.9070	0.0
0.9080	0.0
0.9090	0.0
0.9100	0.0
0.9110	0.0
0.9120	0.0
0.9130	0.0
0.9140	0.0
0.9150	0.0
0.9160	0.0
0.9170	0.0
0.9180	0.0
0.9190	0.0
0.9200	0.0
0.9210	0.0
0.9220	0.0
0.9230	0.0
0.9240	0.0
0.9250	0.0
0.9260	0.0
0.9270	0.0
0.9280	0.0
0.9290	0.0
0.9300	0.0
0.9310	0.0
0.9320	0.0
0.9330	0.0
0.9340	0.0
0.9350	0.0
0.9360	0.0
0.9370	0.0
0.9380	0.0
0.9390	0.0
0.9400	0.0
0.9410	0.0
0.9420	0.0
0.9430	0.0
0.9440	0.0
0.9450	0.0
0.9460	0.0
0.9470	0.0
0.9480	0.0
0.9490	0.0
0.9500	0.0
0.9510	0.0
0.9520	0.0
0.9530	0.0
0.9540	0.0
0.9550	0.0
0.9560	0.0
0.9570	0.0
0.9580	0.0
0.9590	0.0
0.9600	0.0
0.9610	0.0
0.9620	0.0
0.9630	0.0
0.9640	0.0
0.9650	0.0
0.9660	0.0
0.9670	0.0
0.9680	0.0
0.9690	0.0
0.9700	0.0
0.9710	0.0
0.9720	0.0
0.9730	0.0
0.9740	0.0
0.9750	0.0
0.9760	0.0
0.9770	0.0
0.9780	0.0
0.9790	0.0
0.9800	0.0
0.9810	0.0
0.9820	0.0
0.9830	0.0
0.9840	0.0
0.9850	0.0
0.9860	0.0
0.9870	0.0
0.9880	0.0
0.9890	0.0
0.9900	0.0
0.9910	0.0
0.9920	0.0
0.9930	0.0
0.9940	0.0
0.9950	0.0
0.9960	0.0
0.9970	0.0
0.9980	0.0
0.9990	0.0
;; Skysat14-SkySat19 Band: Green
0.3500	0.0
0.3510	0.0
0.3520	0.0
0.3530	0.0
0.3540	0.0
0.3550	0.0
0.3560	0.0
0.3570	0.0
0.3580	0.0
0.3590	0.0
0.3600	0.0
0.3610	0.0
0.3620	0.0
0.3630	0.0
0.3640	0.0
0.3650	0.0
0.3660	0.0
0.3670	0.0
0.3680	0.0
0.3690	0.0
0.3700	0.0
0.3710	0.0
0.3720	0.0
0.3730	0.0
0.3740	0.0
0.3750	0.0
0.3760	0.0
0.3770	0.0
0.3780	0.0
0.3790	0.0
0.3800	0.0
0.3810	0.0
0.3820	0.0
0.3830	0.0
0.3840	0.0
0.3850	0.0
0.3860	0.0
0.3870	0.0
0.3880	0.0
0.3890	0.0
0.3900	0.0
0.3910	0.0
0.3920	0.0
0.3930	0.0
0.3940	0.0
0.3950	0.0
0.3960	0.0
0.3970	0.0
0.3980	0.0
0.3990	0.0
0.4000	0.0
0.4010	0.0
0.4020	0.0
0.4030	0.0
0.4040	0.0
0.4050	0.0
0.4060	0.0
0.4070	0.0
0.4080	0.0
0.4090	0.0
0.4100	0.0
0.4110	0.0
0.4120	0.0
0.4130	0.0
0.4140	0.0
0.4150	0.0
0.4160	0.0
0.4170	0.0
0.4180	0.0
0.4190	0.0
0.4200	0.0
0.4210	0.0
0.4220	0.0
0.4230	0.0
0.4240	0.0
0.4250	0.0
0.4260	0.0
0.4270	0.0
0.4280	0.0001
0.4290	0.0001
0.4300	0.0
0.4310	0.0
0.4320	0.0
0.4330	0.0
0.4340	0.0
0.4350	0.0001
0.4360	0.0002
0.4370	0.0
0.4380	0.0
0.4390	0.0
0.4400	0.0
0.4410	0.0004
0.4420	0.0003
0.4430	0.0
0.4440	0.0
0.4450	0.0
0.4460	0.0
0.4470	0.0
0.4480	0.0002
0.4490	0.0002
0.4500	0.0001
0.4510	0.0001
0.4520	0.0001
0.4530	0.0001
0.4540	0.0001
0.4550	0.0001
0.4560	0.0001
0.4570	0.0
0.4580	0.0
0.4590	0.0001
0.4600	0.0
0.4610	0.0
0.4620	0.0001
0.4630	0.0001
0.4640	0.0001
0.4650	0.0001
0.4660	0.0001
0.4670	0.0001
0.4680	0.0001
0.4690	0.0001
0.4700	0.0001
0.4710	0.0001
0.4720	0.0001
0.4730	0.0002
0.4740	0.0002
0.4750	0.0003
0.4760	0.0003
0.4770	0.0002
0.4780	0.0002
0.4790	0.0002
0.4800	0.0002
0.4810	0.0002
0.4820	0.0002
0.4830	0.0002
0.4840	0.0003
0.4850	0.0004
0.4860	0.0005
0.4870	0.0003
0.4880	0.0002
0.4890	0.0002
0.4900	0.0002
0.4910	0.0002
0.4920	0.0002
0.4930	0.0003
0.4940	0.0004
0.4950	0.0004
0.4960	0.0003
0.4970	0.0003
0.4980	0.0003
0.4990	0.0005
0.5000	0.0007
0.5010	0.001
0.5020	0.0016
0.5030	0.0026
0.5040	0.0042
0.5050	0.0067
0.5060	0.0109
0.5070	0.0181
0.5080	0.0307
0.5090	0.0531
0.5100	0.0917
0.5110	0.1559
0.5120	0.2523
0.5130	0.3666
0.5140	0.4756
0.5150	0.6039
0.5160	0.7717
0.5170	0.8891
0.5180	0.9204
0.5190	0.9278
0.5200	0.9434
0.5210	0.9547
0.5220	0.9557
0.5230	0.9539
0.5240	0.9533
0.5250	0.9573
0.5260	0.9622
0.5270	0.9628
0.5280	0.961
0.5290	0.9602
0.5300	0.9615
0.5310	0.9616
0.5320	0.9593
0.5330	0.9576
0.5340	0.9594
0.5350	0.9624
0.5360	0.9632
0.5370	0.9625
0.5380	0.9634
0.5390	0.9652
0.5400	0.9679
0.5410	0.9691
0.5420	0.9714
0.5430	0.9734
0.5440	0.9744
0.5450	0.9735
0.5460	0.972
0.5470	0.972
0.5480	0.9745
0.5490	0.9778
0.5500	0.9807
0.5510	0.982
0.5520	0.983
0.5530	0.9836
0.5540	0.9844
0.5550	0.984
0.5560	0.9836
0.5570	0.9836
0.5580	0.9834
0.5590	0.984
0.5600	0.9847
0.5610	0.9874
0.5620	0.9913
0.5630	0.9933
0.5640	0.995
0.5650	0.9973
0.5660	0.9992
0.5670	1.0
0.5680	0.9994
0.5690	0.9986
0.5700	0.998
0.5710	0.9977
0.5720	0.9974
0.5730	0.9964
0.5740	0.9942
0.5750	0.9927
0.5760	0.9929
0.5770	0.9936
0.5780	0.9948
0.5790	0.9955
0.5800	0.9954
0.5810	0.9945
0.5820	0.9942
0.5830	0.9933
0.5840	0.9914
0.5850	0.9888
0.5860	0.9833
0.5870	0.9688
0.5880	0.9338
0.5890	0.8694
0.5900	0.7819
0.5910	0.694
0.5920	0.6143
0.5930	0.5221
0.5940	0.4077
0.5950	0.3036
0.5960	0.2363
0.5970	0.1989
0.5980	0.1723
0.5990	0.138
0.6000	0.093
0.6010	0.0529
0.6020	0.0277
0.6030	0.0146
0.6040	0.0082
0.6050	0.005
0.6060	0.0033
0.6070	0.0023
0.6080	0.0017
0.6090	0.0013
0.6100	0.001
0.6110	0.0009
0.6120	0.0007
0.6130	0.0006
0.6140	0.0006
0.6150	0.0006
0.6160	0.0005
0.6170	0.0005
0.6180	0.0005
0.6190	0.0005
0.6200	0.0005
0.6210	0.0004
0.6220	0.0004
0.6230	0.0003
0.6240	0.0003
0.6250	0.0003
0.6260	0.0002
0.6270	0.0002
0.6280	0.0002
0.6290	0.0001
0.6300	0.0001
0.6310	0.0001
0.6320	0.0001
0.6330	0.0001
0.6340	0.0001
0.6350	0.0001
0.6360	0.0001
0.6370	0.0001
0.6380	0.0001
0.6390	0.0001
0.6400	0.0001
0.6410	0.0001
0.6420	0.0002
0.6430	0.0002
0.6440	0.0003
0.6450	0.0003
0.6460	0.0004
0.6470	0.0004
0.6480	0.0005
0.6490	0.0006
0.6500	0.0007
0.6510	0.0007
0.6520	0.0008
0.6530	0.0008
0.6540	0.0008
0.6550	0.0008
0.6560	0.0007
0.6570	0.0006
0.6580	0.0006
0.6590	0.0005
0.6600	0.0004
0.6610	0.0004
0.6620	0.0004
0.6630	0.0003
0.6640	0.0003
0.6650	0.0003
0.6660	0.0002
0.6670	0.0002
0.6680	0.0002
0.6690	0.0001
0.6700	0.0002
0.6710	0.0001
0.6720	0.0001
0.6730	0.0001
0.6740	0.0001
0.6750	0.0001
0.6760	0.0001
0.6770	0.0001
0.6780	0.0001
0.6790	0.0001
0.6800	0.0001
0.6810	0.0001
0.6820	0.0001
0.6830	0.0001
0.6840	0.0001
0.6850	0.0002
0.6860	0.0002
0.6870	0.0001
0.6880	0.0001
0.6890	0.0001
0.6900	0.0001
0.6910	0.0002
0.6920	0.0002
0.6930	0.0002
0.6940	0.0002
0.6950	0.0002
0.6960	0.0002
0.6970	0.0002
0.6980	0.0003
0.6990	0.0003
0.7000	0.0003
0.7010	0.0004
0.7020	0.0004
0.7030	0.0004
0.7040	0.0004
0.7050	0.0004
0.7060	0.0005
0.7070	0.0005
0.7080	0.0005
0.7090	0.0005
0.7100	0.0005
0.7110	0.0005
0.7120	0.0005
0.7130	0.0005
0.7140	0.0005
0.7150	0.0005
0.7160	0.0005
0.7170	0.0005
0.7180	0.0005
0.7190	0.0006
0.7200	0.0006
0.7210	0.0006
0.7220	0.0006
0.7230	0.0006
0.7240	0.0006
0.7250	0.0006
0.7260	0.0006
0.7270	0.0006
0.7280	0.0006
0.7290	0.0006
0.7300	0.0006
0.7310	0.0005
0.7320	0.0005
0.7330	0.0005
0.7340	0.0004
0.7350	0.0004
0.7360	0.0004
0.7370	0.0004
0.7380	0.0004
0.7390	0.0004
0.7400	0.0004
0.7410	0.0004
0.7420	0.0004
0.7430	0.0004
0.7440	0.0005
0.7450	0.0005
0.7460	0.0006
0.7470	0.0007
0.7480	0.0008
0.7490	0.0009
0.7500	0.001
0.7510	0.001
0.7520	0.0011
0.7530	0.0011
0.7540	0.001
0.7550	0.001
0.7560	0.001
0.7570	0.0009
0.7580	0.0007
0.7590	0.0005
0.7600	0.0004
0.7610	0.0003
0.7620	0.0003
0.7630	0.0002
0.7640	0.0002
0.7650	0.0002
0.7660	0.0002
0.7670	0.0002
0.7680	0.0002
0.7690	0.0002
0.7700	0.0002
0.7710	0.0001
0.7720	0.0002
0.7730	0.0002
0.7740	0.0002
0.7750	0.0002
0.7760	0.0003
0.7770	0.0003
0.7780	0.0004
0.7790	0.0004
0.7800	0.0004
0.7810	0.0004
0.7820	0.0004
0.7830	0.0004
0.7840	0.0004
0.7850	0.0005
0.7860	0.0005
0.7870	0.0005
0.7880	0.0004
0.7890	0.0004
0.7900	0.0003
0.7910	0.0003
0.7920	0.0003
0.7930	0.0003
0.7940	0.0003
0.7950	0.0003
0.7960	0.0004
0.7970	0.0004
0.7980	0.0003
0.7990	0.0003
0.8000	0.0003
0.8010	0.0003
0.8020	0.0002
0.8030	0.0002
0.8040	0.0002
0.8050	0.0002
0.8060	0.0002
0.8070	0.0002
0.8080	0.0002
0.8090	0.0002
0.8100	0.0001
0.8110	0.0001
0.8120	0.0001
0.8130	0.0001
0.8140	0.0001
0.8150	0.0001
0.8160	0.0001
0.8170	0.0001
0.8180	0.0001
0.8190	0.0001
0.8200	0.0001
0.8210	0.0001
0.8220	0.0001
0.8230	0.0001
0.8240	0.0001
0.8250	0.0001
0.8260	0.0001
0.8270	0.0001
0.8280	0.0001
0.8290	0.0001
0.8300	0.0001
0.8310	0.0001
0.8320	0.0001
0.8330	0.0001
0.8340	0.0001
0.8350	0.0001
0.8360	0.0001
0.8370	0.0001
0.8380	0.0001
0.8390	0.0001
0.8400	0.0001
0.8410	0.0001
0.8420	0.0001
0.8430	0.0001
0.8440	0.0001
0.8450	0.0001
0.8460	0.0001
0.8470	0.0001
0.8480	0.0001
0.8490	0.0002
0.8500	0.0002
0.8510	0.0002
0.8520	0.0002
0.8530	0.0002
0.8540	0.0002
0.8550	0.0002
0.8560	0.0002
0.8570	0.0002
0.8580	0.0002
0.8590	0.0001
0.8600	0.0001
0.8610	0.0
0.8620	0.0
0.8630	0.0
0.8640	0.0
0.8650	0.0
0.8660	0.0
0.8670	0.0
0.8680	0.0
0.8690	0.0
0.8700	0.0
0.8710	0.0
0.8720	0.0
0.8730	0.0
0.8740	0.0
0.8750	0.0
0.8760	0.0
0.8770	0.0
0.8780	0.0
0.8790	0.0
0.8800	0.0
0.8810	0.0
0.8820	0.0
0.8830	0.0
0.8840	0.0
0.8850	0.0
0.8860	0.0
0.8870	0.0
0.8880	0.0
0.8890	0.0
0.8900	0.0
0.8910	0.0
0.8920	0.0
0.8930	0.0
0.8940	0.0
0.8950	0.0
0.8960	0.0
0.8970	0.0
0.8980	0.0
0.8990	0.0
0.9000	0.0
0.9010	0.0
0.9020	0.0
0.9030	0.0
0.9040	0.0
0.9050	0.0
0.9060	0.0
0.9070	0.0
0.9080	0.0
0.9090	0.0
0.9100	0.0
0.9110	0.0
0.9120	0.0
0.9130	0.0
0.9140	0.0
0.9150	0.0
0.9160	0.0
0.9170	0.0
0.9180	0.0
0.9190	0.0
0.9200	0.0
0.9210	0.0
0.9220	0.0
0.9230	0.0
0.9240	0.0
0.9250	0.0
0.9260	0.0
0.9270	0.0
0.9280	0.0
0.9290	0.0
0.9300	0.0
0.9310	0.0
0.9320	0.0
0.9330	0.0
0.9340	0.0
0.9350	0.0
0.9360	0.0
0.9370	0.0
0.9380	0.0
0.9390	0.0
0.9400	0.0
0.9410	0.0
0.9420	0.0
0.9430	0.0
0.9440	0.0
0.9450	0.0
0.9460	0.0
0.9470	0.0
0.9480	0.0
0.9490	0.0
0.9500	0.0
0.9510	0.0
0.9520	0.0
0.9530	0.0
0.9540	0.0
0.9550	0.0
0.9560	0.0
0.9570	0.0
0.9580	0.0
0.9590	0.0
0.9600	0.0
0.9610	0.0
0.9620	0.0
0.9630	0.0
0.9640	0.0
0.9650	0.0
0.9660	0.0
0.9670	0.0
0.9680	0.0
0.9690	0.0
0.9700	0.0
0.9710	0.0
0.9720	0.0
0.9730	0.0
0.9740	0.0
0.9750	0.0
0.9760	0.0
0.9770	0.0
0.9780	0.0
0.9790	0.0
0.9800	0.0
0.9810	0.0
0.9820	0.0
0.9830	0.0
0.9840	0.0
0.9850	0.0
0.9860	0.0
0.9870	0.0
0.9880	0.0
0.9890	0.0
0.9900	0.0
0.9910	0.0
0.9920	0.0
0.9930	0.0
0.9940	0.0
0.9950	0.0
0.9960	0.0
0.9970	0.0
0.9980	0.0
0.9990	0.0
;; Skysat14-SkySat19 Band: Red
0.3500	0.0
0.3510	0.0
0.3520	0.0
0.3530	0.0
0.3540	0.0
0.3550	0.0
0.3560	0.0
0.3570	0.0
0.3580	0.0
0.3590	0.0
0.3600	0.0
0.3610	0.0
0.3620	0.0
0.3630	0.0
0.3640	0.0
0.3650	0.0
0.3660	0.0
0.3670	0.0
0.3680	0.0
0.3690	0.0
0.3700	0.0
0.3710	0.0
0.3720	0.0
0.3730	0.0
0.3740	0.0
0.3750	0.0
0.3760	0.0
0.3770	0.0
0.3780	0.0
0.3790	0.0
0.3800	0.0
0.3810	0.0
0.3820	0.0
0.3830	0.0
0.3840	0.0
0.3850	0.0
0.3860	0.0
0.3870	0.0
0.3880	0.0
0.3890	0.0
0.3900	0.0
0.3910	0.0
0.3920	0.0
0.3930	0.0
0.3940	0.0
0.3950	0.0
0.3960	0.0
0.3970	0.0
0.3980	0.0
0.3990	0.0
0.4000	0.0
0.4010	0.0
0.4020	0.0
0.4030	0.0
0.4040	0.0
0.4050	0.0
0.4060	0.0
0.4070	0.0
0.4080	0.0
0.4090	0.0
0.4100	0.0
0.4110	0.0
0.4120	0.0
0.4130	0.0
0.4140	0.0
0.4150	0.0
0.4160	0.0
0.4170	0.0
0.4180	0.0
0.4190	0.0
0.4200	0.0
0.4210	0.0
0.4220	0.0
0.4230	0.0
0.4240	0.0
0.4250	0.0
0.4260	0.0
0.4270	0.0
0.4280	0.0
0.4290	0.0
0.4300	0.0
0.4310	0.0
0.4320	0.0
0.4330	0.0
0.4340	0.0
0.4350	0.0003
0.4360	0.0001
0.4370	0.0
0.4380	0.0
0.4390	0.0
0.4400	0.0
0.4410	0.0
0.4420	0.0
0.4430	0.0
0.4440	0.0002
0.4450	0.0009
0.4460	0.0001
0.4470	0.0
0.4480	0.0
0.4490	0.0001
0.4500	0.0003
0.4510	0.0002
0.4520	0.0001
0.4530	0.0001
0.4540	0.0
0.4550	0.0
0.4560	0.0
0.4570	0.0
0.4580	0.0
0.4590	0.0
0.4600	0.0
0.4610	0.0001
0.4620	0.0001
0.4630	0.0001
0.4640	0.0001
0.4650	0.0001
0.4660	0.0001
0.4670	0.0001
0.4680	0.0001
0.4690	0.0001
0.4700	0.0001
0.4710	0.0001
0.4720	0.0001
0.4730	0.0002
0.4740	0.0002
0.4750	0.0002
0.4760	0.0002
0.4770	0.0002
0.4780	0.0002
0.4790	0.0002
0.4800	0.0002
0.4810	0.0002
0.4820	0.0001
0.4830	0.0001
0.4840	0.0001
0.4850	0.0001
0.4860	0.0001
0.4870	0.0
0.4880	0.0
0.4890	0.0
0.4900	0.0
0.4910	0.0
0.4920	0.0001
0.4930	0.0001
0.4940	0.0001
0.4950	0.0001
0.4960	0.0
0.4970	0.0
0.4980	0.0
0.4990	0.0
0.5000	0.0001
0.5010	0.0001
0.5020	0.0001
0.5030	0.0001
0.5040	0.0001
0.5050	0.0002
0.5060	0.0003
0.5070	0.0003
0.5080	0.0003
0.5090	0.0004
0.5100	0.0005
0.5110	0.0006
0.5120	0.0006
0.5130	0.0007
0.5140	0.0007
0.5150	0.0007
0.5160	0.0006
0.5170	0.0006
0.5180	0.0006
0.5190	0.0006
0.5200	0.0006
0.5210	0.0005
0.5220	0.0004
0.5230	0.0004
0.5240	0.0003
0.5250	0.0003
0.5260	0.0003
0.5270	0.0003
0.5280	0.0003
0.5290	0.0003
0.5300	0.0003
0.5310	0.0003
0.5320	0.0004
0.5330	0.0005
0.5340	0.0005
0.5350	0.0007
0.5360	0.0008
0.5370	0.0009
0.5380	0.0011
0.5390	0.0014
0.5400	0.0013
0.5410	0.0011
0.5420	0.001
0.5430	0.0009
0.5440	0.0008
0.5450	0.0007
0.5460	0.0007
0.5470	0.0007
0.5480	0.0007
0.5490	0.0006
0.5500	0.0005
0.5510	0.0004
0.5520	0.0004
0.5530	0.0004
0.5540	0.0004
0.5550	0.0004
0.5560	0.0005
0.5570	0.0005
0.5580	0.0005
0.5590	0.0006
0.5600	0.0006
0.5610	0.0006
0.5620	0.0006
0.5630	0.0006
0.5640	0.0006
0.5650	0.0006
0.5660	0.0006
0.5670	0.0006
0.5680	0.0006
0.5690	0.0005
0.5700	0.0004
0.5710	0.0004
0.5720	0.0004
0.5730	0.0004
0.5740	0.0004
0.5750	0.0004
0.5760	0.0004
0.5770	0.0004
0.5780	0.0004
0.5790	0.0005
0.5800	0.0005
0.5810	0.0006
0.5820	0.0006
0.5830	0.0007
0.5840	0.0008
0.5850	0.001
0.5860	0.0012
0.5870	0.0015
0.5880	0.002
0.5890	0.0027
0.5900	0.0036
0.5910	0.005
0.5920	0.0072
0.5930	0.0106
0.5940	0.0161
0.5950	0.0251
0.5960	0.0404
0.5970	0.066
0.5980	0.1071
0.5990	0.1676
0.6000	0.2453
0.6010	0.3327
0.6020	0.4215
0.6030	0.5116
0.6040	0.6104
0.6050	0.7204
0.6060	0.8314
0.6070	0.921
0.6080	0.9705
0.6090	0.9864
0.6100	0.991
0.6110	0.9929
0.6120	0.9965
0.6130	0.9993
0.6140	1.0
0.6150	0.9988
0.6160	0.9959
0.6170	0.9925
0.6180	0.9904
0.6190	0.9886
0.6200	0.9868
0.6210	0.9859
0.6220	0.9839
0.6230	0.9829
0.6240	0.9817
0.6250	0.9821
0.6260	0.9823
0.6270	0.9829
0.6280	0.9821
0.6290	0.9806
0.6300	0.9791
0.6310	0.9747
0.6320	0.9708
0.6330	0.9673
0.6340	0.9645
0.6350	0.9613
0.6360	0.9577
0.6370	0.9542
0.6380	0.9512
0.6390	0.9489
0.6400	0.9465
0.6410	0.9457
0.6420	0.9445
0.6430	0.9434
0.6440	0.9423
0.6450	0.9416
0.6460	0.9405
0.6470	0.9394
0.6480	0.9384
0.6490	0.9376
0.6500	0.937
0.6510	0.9351
0.6520	0.9339
0.6530	0.9324
0.6540	0.9294
0.6550	0.9261
0.6560	0.9228
0.6570	0.9193
0.6580	0.9166
0.6590	0.9149
0.6600	0.914
0.6610	0.9153
0.6620	0.9156
0.6630	0.915
0.6640	0.9136
0.6650	0.9113
0.6660	0.91
0.6670	0.9089
0.6680	0.9076
0.6690	0.9058
0.6700	0.9037
0.6710	0.9002
0.6720	0.8968
0.6730	0.8943
0.6740	0.8927
0.6750	0.8915
0.6760	0.8894
0.6770	0.8868
0.6780	0.8828
0.6790	0.8781
0.6800	0.8735
0.6810	0.8676
0.6820	0.8613
0.6830	0.8528
0.6840	0.838
0.6850	0.8131
0.6860	0.776
0.6870	0.7284
0.6880	0.6735
0.6890	0.6161
0.6900	0.5565
0.6910	0.4936
0.6920	0.4273
0.6930	0.3606
0.6940	0.2992
0.6950	0.2465
0.6960	0.2007
0.6970	0.1554
0.6980	0.1081
0.6990	0.0671
0.7000	0.0398
0.7010	0.024
0.7020	0.0153
0.7030	0.0103
0.7040	0.0073
0.7050	0.0053
0.7060	0.004
0.7070	0.003
0.7080	0.0024
0.7090	0.0018
0.7100	0.0015
0.7110	0.0012
0.7120	0.001
0.7130	0.0008
0.7140	0.0007
0.7150	0.0006
0.7160	0.0005
0.7170	0.0004
0.7180	0.0004
0.7190	0.0003
0.7200	0.0003
0.7210	0.0003
0.7220	0.0002
0.7230	0.0002
0.7240	0.0002
0.7250	0.0002
0.7260	0.0002
0.7270	0.0002
0.7280	0.0001
0.7290	0.0001
0.7300	0.0001
0.7310	0.0001
0.7320	0.0001
0.7330	0.0001
0.7340	0.0001
0.7350	0.0001
0.7360	0.0001
0.7370	0.0001
0.7380	0.0001
0.7390	0.0001
0.7400	0.0001
0.7410	0.0001
0.7420	0.0001
0.7430	0.0001
0.7440	0.0001
0.7450	0.0001
0.7460	0.0001
0.7470	0.0001
0.7480	0.0001
0.7490	0.0001
0.7500	0.0001
0.7510	0.0001
0.7520	0.0001
0.7530	0.0001
0.7540	0.0001
0.7550	0.0001
0.7560	0.0001
0.7570	0.0001
0.7580	0.0001
0.7590	0.0001
0.7600	0.0001
0.7610	0.0001
0.7620	0.0001
0.7630	0.0001
0.7640	0.0001
0.7650	0.0001
0.7660	0.0001
0.7670	0.0001
0.7680	0.0001
0.7690	0.0001
0.7700	0.0001
0.7710	0.0001
0.7720	0.0001
0.7730	0.0001
0.7740	0.0001
0.7750	0.0001
0.7760	0.0001
0.7770	0.0001
0.7780	0.0001
0.7790	0.0001
0.7800	0.0001
0.7810	0.0
0.7820	0.0
0.7830	0.0
0.7840	0.0
0.7850	0.0
0.7860	0.0
0.7870	0.0001
0.7880	0.0
0.7890	0.0
0.7900	0.0
0.7910	0.0
0.7920	0.0
0.7930	0.0
0.7940	0.0001
0.7950	0.0001
0.7960	0.0
0.7970	0.0
0.7980	0.0
0.7990	0.0001
0.8000	0.0001
0.8010	0.0001
0.8020	0.0001
0.8030	0.0001
0.8040	0.0001
0.8050	0.0001
0.8060	0.0001
0.8070	0.0001
0.8080	0.0001
0.8090	0.0001
0.8100	0.0001
0.8110	0.0001
0.8120	0.0001
0.8130	0.0001
0.8140	0.0001
0.8150	0.0001
0.8160	0.0001
0.8170	0.0001
0.8180	0.0001
0.8190	0.0001
0.8200	0.0001
0.8210	0.0001
0.8220	0.0001
0.8230	0.0001
0.8240	0.0001
0.8250	0.0001
0.8260	0.0001
0.8270	0.0001
0.8280	0.0001
0.8290	0.0001
0.8300	0.0001
0.8310	0.0001
0.8320	0.0001
0.8330	0.0001
0.8340	0.0001
0.8350	0.0001
0.8360	0.0001
0.8370	0.0001
0.8380	0.0001
0.8390	0.0001
0.8400	0.0002
0.8410	0.0002
0.8420	0.0002
0.8430	0.0002
0.8440	0.0002
0.8450	0.0002
0.8460	0.0002
0.8470	0.0002
0.8480	0.0002
0.8490	0.0002
0.8500	0.0002
0.8510	0.0003
0.8520	0.0003
0.8530	0.0003
0.8540	0.0003
0.8550	0.0004
0.8560	0.0004
0.8570	0.0004
0.8580	0.0004
0.8590	0.0004
0.8600	0.0004
0.8610	0.0
0.8620	0.0
0.8630	0.0
0.8640	0.0001
0.8650	0.0
0.8660	0.0001
0.8670	0.0001
0.8680	0.0001
0.8690	0.0001
0.8700	0.0001
0.8710	0.0001
0.8720	0.0001
0.8730	0.0001
0.8740	0.0001
0.8750	0.0001
0.8760	0.0001
0.8770	0.0001
0.8780	0.0001
0.8790	0.0001
0.8800	0.0002
0.8810	0.0002
0.8820	0.0002
0.8830	0.0002
0.8840	0.0002
0.8850	0.0002
0.8860	0.0002
0.8870	0.0002
0.8880	0.0002
0.8890	0.0002
0.8900	0.0001
0.8910	0.0001
0.8920	0.0001
0.8930	0.0002
0.8940	0.0001
0.8950	0.0001
0.8960	0.0
0.8970	0.0
0.8980	0.0
0.8990	0.0
0.9000	0.0
0.9010	0.0
0.9020	0.0
0.9030	0.0
0.9040	0.0
0.9050	0.0
0.9060	0.0
0.9070	0.0
0.9080	0.0
0.9090	0.0
0.9100	0.0
0.9110	0.0
0.9120	0.0
0.9130	0.0
0.9140	0.0
0.9150	0.0
0.9160	0.0
0.9170	0.0
0.9180	0.0001
0.9190	0.0001
0.9200	0.0
0.9210	0.0
0.9220	0.0
0.9230	0.0
0.9240	0.0
0.9250	0.0
0.9260	0.0
0.9270	0.0
0.9280	0.0
0.9290	0.0
0.9300	0.0
0.9310	0.0
0.9320	0.0
0.9330	0.0
0.9340	0.0
0.9350	0.0
0.9360	0.0
0.9370	0.0
0.9380	0.0
0.9390	0.0
0.9400	0.0
0.9410	0.0
0.9420	0.0
0.9430	0.0
0.9440	0.0
0.9450	0.0
0.9460	0.0
0.9470	0.0
0.9480	0.0
0.9490	0.0
0.9500	0.0
0.9510	0.0
0.9520	0.0
0.9530	0.0
0.9540	0.0
0.9550	0.0
0.9560	0.0
0.9570	0.0
0.9580	0.0
0.9590	0.0
0.9600	0.0
0.9610	0.0
0.9620	0.0
0.9630	0.0
0.9640	0.0
0.9650	0.0
0.9660	0.0
0.9670	0.0
0.9680	0.0
0.9690	0.0
0.9700	0.0
0.9710	0.0
0.9720	0.0
0.9730	0.0
0.9740	0.0
0.9750	0.0
0.9760	0.0
0.9770	0.0
0.9780	0.0
0.9790	0.0
0.9800	0.0
0.9810	0.0
0.9820	0.0
0.9830	0.0
0.9840	0.0
0.9850	0.0
0.9860	0.0
0.9870	0.0
0.9880	0.0
0.9890	0.0
0.9900	0.0
0.9910	0.0
0.9920	0.0
0.9930	0.0
0.9940	0.0
0.9950	0.0
0.9960	0.0
0.9970	0.0
0.9980	0.0
0.9990	0.0
;; Skysat14-SkySat19 Band: NIR
0.3500	0.0
0.3510	0.0
0.3520	0.0
0.3530	0.0
0.3540	0.0
0.3550	0.0
0.3560	0.0
0.3570	0.0
0.3580	0.0
0.3590	0.0
0.3600	0.0
0.3610	0.0
0.3620	0.0
0.3630	0.0
0.3640	0.0
0.3650	0.0
0.3660	0.0
0.3670	0.0
0.3680	0.0
0.3690	0.0
0.3700	0.0
0.3710	0.0
0.3720	0.0
0.3730	0.0
0.3740	0.0
0.3750	0.0
0.3760	0.0
0.3770	0.0
0.3780	0.0
0.3790	0.0
0.3800	0.0
0.3810	0.0
0.3820	0.0
0.3830	0.0
0.3840	0.0
0.3850	0.0
0.3860	0.0
0.3870	0.0
0.3880	0.0
0.3890	0.0
0.3900	0.0
0.3910	0.0
0.3920	0.0
0.3930	0.0
0.3940	0.0
0.3950	0.0
0.3960	0.0
0.3970	0.0
0.3980	0.0
0.3990	0.0
0.4000	0.0
0.4010	0.0
0.4020	0.0
0.4030	0.0
0.4040	0.0
0.4050	0.0
0.4060	0.0
0.4070	0.0
0.4080	0.0001
0.4090	0.0
0.4100	0.0001
0.4110	0.0001
0.4120	0.0001
0.4130	0.0001
0.4140	0.0001
0.4150	0.0001
0.4160	0.0
0.4170	0.0
0.4180	0.0
0.4190	0.0
0.4200	0.0
0.4210	0.0
0.4220	0.0001
0.4230	0.0
0.4240	0.0001
0.4250	0.0001
0.4260	0.0001
0.4270	0.0002
0.4280	0.0001
0.4290	0.0001
0.4300	0.0001
0.4310	0.0001
0.4320	0.0
0.4330	0.0
0.4340	0.0
0.4350	0.0001
0.4360	0.0
0.4370	0.0001
0.4380	0.0002
0.4390	0.0001
0.4400	0.0003
0.4410	0.0017
0.4420	0.0003
0.4430	0.0
0.4440	0.0
0.4450	0.0
0.4460	0.0
0.4470	0.0
0.4480	0.0
0.4490	0.0
0.4500	0.0
0.4510	0.0
0.4520	0.0001
0.4530	0.0
0.4540	0.0001
0.4550	0.0002
0.4560	0.0003
0.4570	0.0003
0.4580	0.0004
0.4590	0.0005
0.4600	0.0003
0.4610	0.0002
0.4620	0.0001
0.4630	0.0001
0.4640	0.0001
0.4650	0.0001
0.4660	0.0001
0.4670	0.0001
0.4680	0.0002
0.4690	0.0003
0.4700	0.0003
0.4710	0.0002
0.4720	0.0001
0.4730	0.0001
0.4740	0.0001
0.4750	0.0001
0.4760	0.0
0.4770	0.0
0.4780	0.0001
0.4790	0.0001
0.4800	0.0001
0.4810	0.0001
0.4820	0.0001
0.4830	0.0001
0.4840	0.0001
0.4850	0.0001
0.4860	0.0001
0.4870	0.0003
0.4880	0.0005
0.4890	0.0002
0.4900	0.0001
0.4910	0.0
0.4920	0.0
0.4930	0.0
0.4940	0.0
0.4950	0.0
0.4960	0.0
0.4970	0.0
0.4980	0.0
0.4990	0.0
0.5000	0.0
0.5010	0.0
0.5020	0.0
0.5030	0.0
0.5040	0.0001
0.5050	0.0001
0.5060	0.0001
0.5070	0.0001
0.5080	0.0002
0.5090	0.0002
0.5100	0.0002
0.5110	0.0001
0.5120	0.0001
0.5130	0.0001
0.5140	0.0001
0.5150	0.0001
0.5160	0.0001
0.5170	0.0001
0.5180	0.0001
0.5190	0.0001
0.5200	0.0001
0.5210	0.0001
0.5220	0.0001
0.5230	0.0001
0.5240	0.0001
0.5250	0.0001
0.5260	0.0001
0.5270	0.0001
0.5280	0.0001
0.5290	0.0002
0.5300	0.0002
0.5310	0.0002
0.5320	0.0003
0.5330	0.0003
0.5340	0.0003
0.5350	0.0003
0.5360	0.0003
0.5370	0.0003
0.5380	0.0003
0.5390	0.0003
0.5400	0.0003
0.5410	0.0003
0.5420	0.0003
0.5430	0.0002
0.5440	0.0002
0.5450	0.0002
0.5460	0.0002
0.5470	0.0002
0.5480	0.0001
0.5490	0.0002
0.5500	0.0001
0.5510	0.0002
0.5520	0.0002
0.5530	0.0003
0.5540	0.0003
0.5550	0.0004
0.5560	0.0003
0.5570	0.0003
0.5580	0.0004
0.5590	0.0004
0.5600	0.0003
0.5610	0.0003
0.5620	0.0003
0.5630	0.0003
0.5640	0.0004
0.5650	0.0003
0.5660	0.0003
0.5670	0.0003
0.5680	0.0003
0.5690	0.0002
0.5700	0.0002
0.5710	0.0001
0.5720	0.0001
0.5730	0.0001
0.5740	0.0001
0.5750	0.0002
0.5760	0.0002
0.5770	0.0002
0.5780	0.0002
0.5790	0.0001
0.5800	0.0002
0.5810	0.0002
0.5820	0.0001
0.5830	0.0001
0.5840	0.0001
0.5850	0.0001
0.5860	0.0002
0.5870	0.0002
0.5880	0.0001
0.5890	0.0
0.5900	0.0
0.5910	0.0
0.5920	0.0
0.5930	0.0
0.5940	0.0
0.5950	0.0
0.5960	0.0
0.5970	0.0
0.5980	0.0001
0.5990	0.0001
0.6000	0.0
0.6010	0.0001
0.6020	0.0001
0.6030	0.0001
0.6040	0.0001
0.6050	0.0001
0.6060	0.0001
0.6070	0.0001
0.6080	0.0001
0.6090	0.0001
0.6100	0.0001
0.6110	0.0001
0.6120	0.0001
0.6130	0.0
0.6140	0.0
0.6150	0.0001
0.6160	0.0001
0.6170	0.0
0.6180	0.0001
0.6190	0.0001
0.6200	0.0001
0.6210	0.0001
0.6220	0.0001
0.6230	0.0001
0.6240	0.0001
0.6250	0.0001
0.6260	0.0001
0.6270	0.0001
0.6280	0.0001
0.6290	0.0001
0.6300	0.0001
0.6310	0.0
0.6320	0.0001
0.6330	0.0001
0.6340	0.0001
0.6350	0.0001
0.6360	0.0001
0.6370	0.0001
0.6380	0.0001
0.6390	0.0001
0.6400	0.0001
0.6410	0.0001
0.6420	0.0001
0.6430	0.0001
0.6440	0.0001
0.6450	0.0001
0.6460	0.0001
0.6470	0.0001
0.6480	0.0001
0.6490	0.0
0.6500	0.0001
0.6510	0.0
0.6520	0.0001
0.6530	0.0001
0.6540	0.0
0.6550	0.0
0.6560	0.0
0.6570	0.0001
0.6580	0.0001
0.6590	0.0
0.6600	0.0
0.6610	0.0
0.6620	0.0001
0.6630	0.0001
0.6640	0.0001
0.6650	0.0
0.6660	0.0
0.6670	0.0
0.6680	0.0
0.6690	0.0
0.6700	0.0
0.6710	0.0
0.6720	0.0
0.6730	0.0
0.6740	0.0
0.6750	0.0
0.6760	0.0001
0.6770	0.0
0.6780	0.0
0.6790	0.0
0.6800	0.0
0.6810	0.0
0.6820	0.0
0.6830	0.0001
0.6840	0.0001
0.6850	0.0001
0.6860	0.0001
0.6870	0.0001
0.6880	0.0001
0.6890	0.0001
0.6900	0.0001
0.6910	0.0001
0.6920	0.0001
0.6930	0.0001
0.6940	0.0001
0.6950	0.0001
0.6960	0.0001
0.6970	0.0001
0.6980	0.0001
0.6990	0.0001
0.7000	0.0002
0.7010	0.0002
0.7020	0.0002
0.7030	0.0003
0.7040	0.0004
0.7050	0.0005
0.7060	0.0007
0.7070	0.0009
0.7080	0.0011
0.7090	0.0015
0.7100	0.002
0.7110	0.0026
0.7120	0.0035
0.7130	0.0046
0.7140	0.0061
0.7150	0.0079
0.7160	0.0099
0.7170	0.012
0.7180	0.0141
0.7190	0.0162
0.7200	0.0183
0.7210	0.0206
0.7220	0.0232
0.7230	0.0258
0.7240	0.0287
0.7250	0.0318
0.7260	0.035
0.7270	0.0381
0.7280	0.0414
0.7290	0.045
0.7300	0.0492
0.7310	0.0542
0.7320	0.0598
0.7330	0.0666
0.7340	0.0747
0.7350	0.0854
0.7360	0.0994
0.7370	0.1191
0.7380	0.1462
0.7390	0.1833
0.7400	0.2306
0.7410	0.2882
0.7420	0.3529
0.7430	0.423
0.7440	0.4954
0.7450	0.5701
0.7460	0.6488
0.7470	0.7288
0.7480	0.8062
0.7490	0.8732
0.7500	0.9263
0.7510	0.9613
0.7520	0.9826
0.7530	0.9926
0.7540	0.9962
0.7550	0.996
0.7560	0.9955
0.7570	0.9956
0.7580	0.9966
0.7590	0.9979
0.7600	0.998
0.7610	0.9999
0.7620	1.0
0.7630	0.9999
0.7640	0.9993
0.7650	0.9981
0.7660	0.9965
0.7670	0.9942
0.7680	0.9922
0.7690	0.99
0.7700	0.9879
0.7710	0.9844
0.7720	0.9807
0.7730	0.9771
0.7740	0.9736
0.7750	0.9714
0.7760	0.9684
0.7770	0.9661
0.7780	0.9624
0.7790	0.9588
0.7800	0.9554
0.7810	0.9531
0.7820	0.952
0.7830	0.9496
0.7840	0.9468
0.7850	0.9451
0.7860	0.9434
0.7870	0.9425
0.7880	0.9402
0.7890	0.9381
0.7900	0.9359
0.7910	0.9315
0.7920	0.9267
0.7930	0.923
0.7940	0.9196
0.7950	0.9149
0.7960	0.9107
0.7970	0.9057
0.7980	0.9014
0.7990	0.8976
0.8000	0.8948
0.8010	0.8878
0.8020	0.8867
0.8030	0.8841
0.8040	0.881
0.8050	0.8763
0.8060	0.8678
0.8070	0.8697
0.8080	0.8622
0.8090	0.8569
0.8100	0.8554
0.8110	0.8469
0.8120	0.84
0.8130	0.83
0.8140	0.8239
0.8150	0.8131
0.8160	0.8077
0.8170	0.799
0.8180	0.7913
0.8190	0.7848
0.8200	0.7742
0.8210	0.7721
0.8220	0.7746
0.8230	0.7716
0.8240	0.7702
0.8250	0.7688
0.8260	0.767
0.8270	0.7654
0.8280	0.7654
0.8290	0.7632
0.8300	0.7642
0.8310	0.7552
0.8320	0.7497
0.8330	0.7388
0.8340	0.7331
0.8350	0.7256
0.8360	0.7212
0.8370	0.7133
0.8380	0.706
0.8390	0.6966
0.8400	0.6922
0.8410	0.6841
0.8420	0.6783
0.8430	0.6713
0.8440	0.6654
0.8450	0.658
0.8460	0.6525
0.8470	0.645
0.8480	0.6372
0.8490	0.6308
0.8500	0.6253
0.8510	0.6143
0.8520	0.6051
0.8530	0.5966
0.8540	0.5902
0.8550	0.5812
0.8560	0.574
0.8570	0.5652
0.8580	0.5563
0.8590	0.5365
0.8600	0.5441
0.8610	0.5338
0.8620	0.5238
0.8630	0.5327
0.8640	0.5214
0.8650	0.515
0.8660	0.5042
0.8670	0.5026
0.8680	0.4859
0.8690	0.4803
0.8700	0.4726
0.8710	0.4645
0.8720	0.4616
0.8730	0.4557
0.8740	0.4427
0.8750	0.4385
0.8760	0.4354
0.8770	0.4275
0.8780	0.4166
0.8790	0.408
0.8800	0.4044
0.8810	0.393
0.8820	0.3902
0.8830	0.3874
0.8840	0.378
0.8850	0.3683
0.8860	0.3552
0.8870	0.3354
0.8880	0.3145
0.8890	0.2942
0.8900	0.2748
0.8910	0.2541
0.8920	0.2346
0.8930	0.2144
0.8940	0.1926
0.8950	0.1682
0.8960	0.1429
0.8970	0.1174
0.8980	0.098
0.8990	0.0816
0.9000	0.0684
0.9010	0.059
0.9020	0.0494
0.9030	0.0391
0.9040	0.0294
0.9050	0.0219
0.9060	0.0155
0.9070	0.0109
0.9080	0.0077
0.9090	0.0053
0.9100	0.0039
0.9110	0.0028
0.9120	0.0019
0.9130	0.0014
0.9140	0.001
0.9150	0.0008
0.9160	0.0006
0.9170	0.0005
0.9180	0.0004
0.9190	0.0003
0.9200	0.0003
0.9210	0.0002
0.9220	0.0002
0.9230	0.0001
0.9240	0.0001
0.9250	0.0001
0.9260	0.0
0.9270	0.0
0.9280	0.0
0.9290	0.0
0.9300	0.0
0.9310	0.0
0.9320	0.0
0.9330	0.0
0.9340	0.0
0.9350	0.0
0.9360	0.0
0.9370	0.0
0.9380	0.0
0.9390	0.0
0.9400	0.0
0.9410	0.0
0.9420	0.0
0.9430	0.0
0.9440	0.0
0.9450	0.0
0.9460	0.0
0.9470	0.0
0.9480	0.0
0.9490	0.0
0.9500	0.0
0.9510	0.0
0.9520	0.0
0.9530	0.0
0.9540	0.0
0.9550	0.0
0.9560	0.0
0.9570	0.0
0.9580	0.0
0.9590	0.0
0.9600	0.0
0.9610	0.0
0.9620	0.0
0.9630	0.0
0.9640	0.0
0.9650	0.0
0.9660	0.0
0.9670	0.0
0.9680	0.0
0.9690	0.0
0.9700	0.0
0.9710	0.0
0.9720	0.0
0.9730	0.0
0.9740	0.0
0.9750	0.0
0.9760	0.0
0.9770	0.0
0.9780	0.0
0.9790	0.0
0.9800	0.0
0.9810	0.0
0.9820	0.0
0.9830	0.0
0.9840	0.0
0.9850	0.0
0.9860	0.0
0.9870	0.0
0.9880	0.0
0.9890	0.0
0.9900	0.0
0.9910	0.0
0.9920	0.0
0.9930	0.0
0.9940	0.0
0.9950	0.0
0.9960	0.0
0.9970	0.0
0.9980	0.0
0.9990	0.0
;; Skysat14-SkySat19 Band: PAN
0.3500	0.0
0.3510	0.0
0.3520	0.0
0.3530	0.0
0.3540	0.0
0.3550	0.0
0.3560	0.0
0.3570	0.0
0.3580	0.0
0.3590	0.0
0.3600	0.0
0.3610	0.0
0.3620	0.0
0.3630	0.0
0.3640	0.0
0.3650	0.0
0.3660	0.0
0.3670	0.0
0.3680	0.0
0.3690	0.0
0.3700	0.0
0.3710	0.0
0.3720	0.0
0.3730	0.0
0.3740	0.0
0.3750	0.0
0.3760	0.0
0.3770	0.0
0.3780	0.0
0.3790	0.0
0.3800	0.0
0.3810	0.0
0.3820	0.0
0.3830	0.0
0.3840	0.0
0.3850	0.0
0.3860	0.0
0.3870	0.0
0.3880	0.0
0.3890	0.0
0.3900	0.0
0.3910	0.0
0.3920	0.0
0.3930	0.0
0.3940	0.0
0.3950	0.0
0.3960	0.0
0.3970	0.0
0.3980	0.0
0.3990	0.0
0.4000	0.0
0.4010	0.0
0.4020	0.0
0.4030	0.0
0.4040	0.0
0.4050	0.0001
0.4060	0.0001
0.4070	0.0001
0.4080	0.0001
0.4090	0.0001
0.4100	0.0001
0.4110	0.0001
0.4120	0.0002
0.4130	0.0002
0.4140	0.0002
0.4150	0.0002
0.4160	0.0001
0.4170	0.0001
0.4180	0.0001
0.4190	0.0001
0.4200	0.0001
0.4210	0.0001
0.4220	0.0001
0.4230	0.0002
0.4240	0.0002
0.4250	0.0002
0.4260	0.0002
0.4270	0.0002
0.4280	0.0002
0.4290	0.0003
0.4300	0.0004
0.4310	0.0005
0.4320	0.0007
0.4330	0.0007
0.4340	0.0007
0.4350	0.0009
0.4360	0.0009
0.4370	0.0009
0.4380	0.0012
0.4390	0.0016
0.4400	0.0022
0.4410	0.0036
0.4420	0.0084
0.4430	0.0265
0.4440	0.0804
0.4450	0.1758
0.4460	0.27
0.4470	0.3561
0.4480	0.5076
0.4490	0.6829
0.4500	0.7693
0.4510	0.8178
0.4520	0.8539
0.4530	0.8694
0.4540	0.8726
0.4550	0.8753
0.4560	0.8806
0.4570	0.8853
0.4580	0.888
0.4590	0.8899
0.4600	0.8919
0.4610	0.8932
0.4620	0.8935
0.4630	0.8931
0.4640	0.8916
0.4650	0.889
0.4660	0.8848
0.4670	0.8796
0.4680	0.8737
0.4690	0.8677
0.4700	0.8628
0.4710	0.8601
0.4720	0.8583
0.4730	0.8578
0.4740	0.8577
0.4750	0.8579
0.4760	0.8586
0.4770	0.8611
0.4780	0.8646
0.4790	0.8705
0.4800	0.8778
0.4810	0.8847
0.4820	0.8925
0.4830	0.9006
0.4840	0.907
0.4850	0.9128
0.4860	0.9173
0.4870	0.921
0.4880	0.924
0.4890	0.9275
0.4900	0.9311
0.4910	0.934
0.4920	0.9368
0.4930	0.9384
0.4940	0.9395
0.4950	0.94
0.4960	0.9406
0.4970	0.941
0.4980	0.9417
0.4990	0.942
0.5000	0.9413
0.5010	0.9404
0.5020	0.9395
0.5030	0.9389
0.5040	0.9389
0.5050	0.9399
0.5060	0.9416
0.5070	0.9426
0.5080	0.9426
0.5090	0.942
0.5100	0.9395
0.5110	0.9368
0.5120	0.9349
0.5130	0.9338
0.5140	0.9343
0.5150	0.9363
0.5160	0.9391
0.5170	0.9418
0.5180	0.9443
0.5190	0.9465
0.5200	0.9475
0.5210	0.9468
0.5220	0.9459
0.5230	0.9459
0.5240	0.9448
0.5250	0.9443
0.5260	0.9443
0.5270	0.9439
0.5280	0.9445
0.5290	0.9446
0.5300	0.9445
0.5310	0.9446
0.5320	0.9451
0.5330	0.9457
0.5340	0.947
0.5350	0.9487
0.5360	0.951
0.5370	0.9525
0.5380	0.9538
0.5390	0.953
0.5400	0.9532
0.5410	0.9526
0.5420	0.9531
0.5430	0.9532
0.5440	0.9536
0.5450	0.9543
0.5460	0.9559
0.5470	0.9582
0.5480	0.9608
0.5490	0.9639
0.5500	0.967
0.5510	0.9688
0.5520	0.9694
0.5530	0.9695
0.5540	0.9691
0.5550	0.9681
0.5560	0.9675
0.5570	0.967
0.5580	0.9666
0.5590	0.9674
0.5600	0.968
0.5610	0.9707
0.5620	0.9745
0.5630	0.9762
0.5640	0.9785
0.5650	0.9813
0.5660	0.9836
0.5670	0.9851
0.5680	0.9859
0.5690	0.9863
0.5700	0.9865
0.5710	0.9859
0.5720	0.9856
0.5730	0.985
0.5740	0.984
0.5750	0.9835
0.5760	0.9839
0.5770	0.9842
0.5780	0.9848
0.5790	0.9851
0.5800	0.9852
0.5810	0.9847
0.5820	0.9847
0.5830	0.9849
0.5840	0.9844
0.5850	0.9843
0.5860	0.9843
0.5870	0.9846
0.5880	0.9847
0.5890	0.9851
0.5900	0.985
0.5910	0.9837
0.5920	0.9832
0.5930	0.9828
0.5940	0.9827
0.5950	0.9826
0.5960	0.9833
0.5970	0.9843
0.5980	0.9856
0.5990	0.988
0.6000	0.9896
0.6010	0.9921
0.6020	0.994
0.6030	0.9961
0.6040	0.9976
0.6050	0.9984
0.6060	0.9993
0.6070	0.9994
0.6080	0.9994
0.6090	0.9994
0.6100	1.0
0.6110	0.9986
0.6120	0.9974
0.6130	0.9962
0.6140	0.9952
0.6150	0.9942
0.6160	0.9927
0.6170	0.9909
0.6180	0.9894
0.6190	0.9873
0.6200	0.9853
0.6210	0.9844
0.6220	0.983
0.6230	0.9828
0.6240	0.9814
0.6250	0.9809
0.6260	0.9795
0.6270	0.9784
0.6280	0.9764
0.6290	0.9743
0.6300	0.9728
0.6310	0.9682
0.6320	0.964
0.6330	0.9598
0.6340	0.9561
0.6350	0.9524
0.6360	0.9488
0.6370	0.9457
0.6380	0.9427
0.6390	0.9404
0.6400	0.938
0.6410	0.9373
0.6420	0.9364
0.6430	0.9355
0.6440	0.9348
0.6450	0.9343
0.6460	0.9334
0.6470	0.9326
0.6480	0.9319
0.6490	0.9315
0.6500	0.9312
0.6510	0.9292
0.6520	0.9276
0.6530	0.9258
0.6540	0.9232
0.6550	0.921
0.6560	0.9192
0.6570	0.9169
0.6580	0.9145
0.6590	0.9119
0.6600	0.9096
0.6610	0.9089
0.6620	0.9081
0.6630	0.9072
0.6640	0.9066
0.6650	0.9056
0.6660	0.9048
0.6670	0.9043
0.6680	0.9032
0.6690	0.9016
0.6700	0.9
0.6710	0.8972
0.6720	0.8941
0.6730	0.8912
0.6740	0.8887
0.6750	0.8859
0.6760	0.8827
0.6770	0.8802
0.6780	0.8779
0.6790	0.8759
0.6800	0.8741
0.6810	0.8706
0.6820	0.8672
0.6830	0.8643
0.6840	0.8617
0.6850	0.8591
0.6860	0.8564
0.6870	0.8536
0.6880	0.8504
0.6890	0.8477
0.6900	0.8455
0.6910	0.8438
0.6920	0.8417
0.6930	0.8397
0.6940	0.8379
0.6950	0.8363
0.6960	0.8353
0.6970	0.8341
0.6980	0.8326
0.6990	0.831
0.7000	0.83
0.7010	0.8275
0.7020	0.8253
0.7030	0.8236
0.7040	0.8216
0.7050	0.8193
0.7060	0.817
0.7070	0.815
0.7080	0.8137
0.7090	0.8131
0.7100	0.8115
0.7110	0.8111
0.7120	0.8107
0.7130	0.8098
0.7140	0.8088
0.7150	0.8075
0.7160	0.806
0.7170	0.8045
0.7180	0.803
0.7190	0.8016
0.7200	0.8006
0.7210	0.7984
0.7220	0.7955
0.7230	0.7925
0.7240	0.7902
0.7250	0.7882
0.7260	0.7858
0.7270	0.7829
0.7280	0.78
0.7290	0.7774
0.7300	0.7749
0.7310	0.7727
0.7320	0.7695
0.7330	0.7663
0.7340	0.763
0.7350	0.7596
0.7360	0.7556
0.7370	0.7521
0.7380	0.7486
0.7390	0.7452
0.7400	0.7413
0.7410	0.7388
0.7420	0.7364
0.7430	0.7343
0.7440	0.7318
0.7450	0.729
0.7460	0.727
0.7470	0.7248
0.7480	0.7226
0.7490	0.7198
0.7500	0.7174
0.7510	0.7138
0.7520	0.7107
0.7530	0.7075
0.7540	0.7042
0.7550	0.7
0.7560	0.6966
0.7570	0.6927
0.7580	0.6896
0.7590	0.6865
0.7600	0.683
0.7610	0.6814
0.7620	0.6795
0.7630	0.6784
0.7640	0.6771
0.7650	0.676
0.7660	0.6749
0.7670	0.6735
0.7680	0.6719
0.7690	0.6708
0.7700	0.6694
0.7710	0.6671
0.7720	0.6644
0.7730	0.6621
0.7740	0.6591
0.7750	0.6567
0.7760	0.6538
0.7770	0.6512
0.7780	0.6481
0.7790	0.6453
0.7800	0.6424
0.7810	0.6407
0.7820	0.6399
0.7830	0.6384
0.7840	0.6367
0.7850	0.6354
0.7860	0.6341
0.7870	0.6329
0.7880	0.6308
0.7890	0.6291
0.7900	0.627
0.7910	0.6241
0.7920	0.6209
0.7930	0.6188
0.7940	0.6168
0.7950	0.6139
0.7960	0.6117
0.7970	0.6088
0.7980	0.6059
0.7990	0.6033
0.8000	0.5988
0.8010	0.5982
0.8020	0.5958
0.8030	0.5903
0.8040	0.5913
0.8050	0.5882
0.8060	0.5849
0.8070	0.5812
0.8080	0.5771
0.8090	0.5733
0.8100	0.5725
0.8110	0.5674
0.8120	0.5594
0.8130	0.5549
0.8140	0.5502
0.8150	0.544
0.8160	0.5397
0.8170	0.5347
0.8180	0.5281
0.8190	0.5244
0.8200	0.5192
0.8210	0.5177
0.8220	0.5187
0.8230	0.5182
0.8240	0.5167
0.8250	0.5155
0.8260	0.5136
0.8270	0.5136
0.8280	0.5127
0.8290	0.5109
0.8300	0.5117
0.8310	0.5049
0.8320	0.5011
0.8330	0.4945
0.8340	0.4909
0.8350	0.4851
0.8360	0.4822
0.8370	0.478
0.8380	0.4725
0.8390	0.4666
0.8400	0.4633
0.8410	0.4583
0.8420	0.4545
0.8430	0.4493
0.8440	0.4452
0.8450	0.4408
0.8460	0.4363
0.8470	0.432
0.8480	0.427
0.8490	0.4214
0.8500	0.4168
0.8510	0.4103
0.8520	0.4029
0.8530	0.398
0.8540	0.3929
0.8550	0.3876
0.8560	0.3824
0.8570	0.377
0.8580	0.3714
0.8590	0.3573
0.8600	0.3628
0.8610	0.3567
0.8620	0.3497
0.8630	0.355
0.8640	0.3482
0.8650	0.3439
0.8660	0.3371
0.8670	0.3351
0.8680	0.3247
0.8690	0.3208
0.8700	0.3159
0.8710	0.3111
0.8720	0.3085
0.8730	0.3046
0.8740	0.2956
0.8750	0.2922
0.8760	0.2897
0.8770	0.2846
0.8780	0.2767
0.8790	0.2712
0.8800	0.268
0.8810	0.2614
0.8820	0.2595
0.8830	0.2567
0.8840	0.2499
0.8850	0.2415
0.8860	0.2304
0.8870	0.2153
0.8880	0.1996
0.8890	0.186
0.8900	0.1744
0.8910	0.1627
0.8920	0.1502
0.8930	0.137
0.8940	0.1203
0.8950	0.1029
0.8960	0.0864
0.8970	0.0715
0.8980	0.0607
0.8990	0.0518
0.9000	0.0441
0.9010	0.038
0.9020	0.0318
0.9030	0.0249
0.9040	0.0186
0.9050	0.0139
0.9060	0.0099
0.9070	0.0071
0.9080	0.0051
0.9090	0.0037
0.9100	0.0028
0.9110	0.002
0.9120	0.0014
0.9130	0.001
0.9140	0.0007
0.9150	0.0005
0.9160	0.0004
0.9170	0.0003
0.9180	0.0002
0.9190	0.0001
0.9200	0.0001
0.9210	0.0001
0.9220	0.0001
0.9230	0.0
0.9240	0.0
0.9250	0.0
0.9260	0.0
0.9270	0.0
0.9280	0.0
0.9290	0.0
0.9300	0.0
0.9310	0.0
0.9320	0.0
0.9330	0.0
0.9340	0.0
0.9350	0.0
0.9360	0.0
0.9370	0.0
0.9380	0.0
0.9390	0.0
0.9400	0.0
0.9410	0.0
0.9420	0.0
0.9430	0.0
0.9440	0.0
0.9450	0.0
0.9460	0.0
0.9470	0.0
0.9480	0.0
0.9490	0.0
0.9500	0.0
0.9510	0.0
0.9520	0.0
0.9530	0.0
0.9540	0.0
0.9550	0.0
0.9560	0.0
0.9570	0.0
0.9580	0.0
0.9590	0.0
0.9600	0.0
0.9610	0.0
0.9620	0.0
0.9630	0.0
0.9640	0.0
0.9650	0.0
0.9660	0.0
0.9670	0.0
0.9680	0.0
0.9690	0.0
0.9700	0.0
0.9710	0.0
0.9720	0.0
0.9730	0.0
0.9740	0.0
0.9750	0.0
0.9760	0.0
0.9770	0.0
0.9780	0.0
0.9790	0.0
0.9800	0.0
0.9810	0.0
0.9820	0.0
0.9830	0.0
0.9840	0.0
0.9850	0.0
0.9860	0.0
0.9870	0.0
0.9880	0.0
0.9890	0.0
0.9900	0.0
0.9910	0.0
0.9920	0.0
0.9930	0.0
0.9940	0.0
0.9950	0.0
0.9960	0.0
0.9970	0.0
0.9980	0.0
0.9990	0.0
