;; Skysat3 RSR
;;
;; Quinten Vanhellemont 2022-02-19 from Skysat_RSR_Skysat3.csv
;; normalised to per channel maximum value
;;
;; datasets: wavelength, RSR
;; Skysat3 Band: Blue
0.3500	0.0
0.3510	0.0
0.3520	0.0
0.3530	0.0
0.3540	0.0
0.3550	0.0
0.3560	0.0
0.3570	0.0
0.3580	0.0
0.3590	0.0
0.3600	0.0
0.3610	0.0
0.3620	0.0
0.3630	0.0
0.3640	0.0
0.3650	0.0
0.3660	0.0
0.3670	0.0
0.3680	0.0
0.3690	0.0
0.3700	0.0
0.3710	0.0
0.3720	0.0
0.3730	0.0
0.3740	0.0
0.3750	0.0
0.3760	0.0
0.3770	0.0
0.3780	0.0
0.3790	0.0
0.3800	0.0
0.3810	0.0
0.3820	0.0
0.3830	0.0
0.3840	0.0
0.3850	0.0
0.3860	0.0
0.3870	0.0
0.3880	0.0
0.3890	0.0
0.3900	0.0
0.3910	0.0
0.3920	0.0
0.3930	0.0
0.3940	0.0
0.3950	0.0
0.3960	0.0
0.3970	-7.280344312914386e-07
0.3980	-8.328034907665453e-07
0.3990	-1.5555604953518955e-06
0.4000	-2.403603354374327e-06
0.4010	-1.153037232161075e-06
0.4020	-2.0506419004383114e-06
0.4030	-2.4727338107422165e-06
0.4040	-2.8290840626502775e-06
0.4050	-1.8124370040729926e-06
0.4060	-1.2332720076756732e-06
0.4070	-2.2342963498101884e-06
0.4080	-3.209237681309189e-06
0.4090	-3.1896102541407824e-06
0.4100	-2.7605925199271927e-06
0.4110	-2.5114110871441255e-06
0.4120	-3.5769708187130938e-06
0.4130	-4.676566757968108e-06
0.4140	-7.254404418935308e-06
0.4150	-4.22743602221606e-06
0.4160	-4.089941805854047e-06
0.4170	-7.298617243155807e-06
0.4180	-2.280454027165473e-06
0.4190	9.222130662205421e-07
0.4200	7.039499425368735e-07
0.4210	2.7661382903640993e-07
0.4220	5.883602415733513e-07
0.4230	3.544053987732746e-06
0.4240	1.1101329030851367e-05
0.4250	1.7775037616296405e-05
0.4260	2.5938871717247e-05
0.4270	3.622895931501669e-05
0.4280	5.815417551559934e-05
0.4290	8.71163866000631e-05
0.4300	0.00014053825653132158
0.4310	0.0002190993338619892
0.4320	0.0003311949438848024
0.4330	0.0005029758220816253
0.4340	0.000782681993158891
0.4350	0.0012569245908063506
0.4360	0.0020567729157738596
0.4370	0.003454920422973304
0.4380	0.005759175261235049
0.4390	0.009824311883743192
0.4400	0.017220749361573206
0.4410	0.030794237180886468
0.4420	0.05601507474321051
0.4430	0.09651127695616918
0.4440	0.15730606467616512
0.4450	0.24244191353655248
0.4460	0.352014466354304
0.4470	0.47844086342830844
0.4480	0.6035668846723508
0.4490	0.7158725695015756
0.4500	0.7994132503319424
0.4510	0.8467305891760576
0.4520	0.8690037781928376
0.4530	0.8807594110203699
0.4540	0.8915550990974741
0.4550	0.9000596070651439
0.4560	0.9062148985635397
0.4570	0.9125457635315278
0.4580	0.9181708027065179
0.4590	0.9226440415861633
0.4600	0.9240830310091932
0.4610	0.9225667994821609
0.4620	0.9195186165967796
0.4630	0.9180350310013423
0.4640	0.9182246759050479
0.4650	0.9194409706993537
0.4660	0.9215487493692197
0.4670	0.9244010694433042
0.4680	0.9275541772830901
0.4690	0.9303495803740408
0.4700	0.9335575453393695
0.4710	0.9364248798841069
0.4720	0.9397732908468367
0.4730	0.9427597393402025
0.4740	0.9465941923577719
0.4750	0.9508862736625693
0.4760	0.9553399132272468
0.4770	0.9599908467697852
0.4780	0.9632437963670174
0.4790	0.9665591754943107
0.4800	0.9697980689913571
0.4810	0.9729923177585592
0.4820	0.9761866636406353
0.4830	0.9797653876383897
0.4840	0.9830964993752728
0.4850	0.9857904813142472
0.4860	0.9880137704597848
0.4870	0.9899464024543729
0.4880	0.9904374101460601
0.4890	0.9908098175756894
0.4900	0.9904836036025795
0.4910	0.9898349324685911
0.4920	0.9900218888236794
0.4930	0.9911263098387799
0.4940	0.9917526675526371
0.4950	0.9947832905354047
0.4960	0.996970734069814
0.4970	0.9980962801256664
0.4980	0.9993040773684964
0.4990	0.9999527689477214
0.5000	1.0
0.5010	0.9993135460687125
0.5020	0.9953769946507032
0.5030	0.9832432041707383
0.5040	0.9537591616447074
0.5050	0.9016724397796161
0.5060	0.8261453180052872
0.5070	0.72859043183473
0.5080	0.6176058951958872
0.5090	0.49964801736176784
0.5100	0.3851634657749013
0.5110	0.2823269462908182
0.5120	0.1961780052873733
0.5130	0.13123485605349697
0.5140	0.08436415618191913
0.5150	0.05308061081964069
0.5160	0.033080492543946766
0.5170	0.02054907287931029
0.5180	0.012977631842859055
0.5190	0.008326833750013219
0.5200	0.005522726099565655
0.5210	0.003778445847465869
0.5220	0.0026712979489292607
0.5230	0.0019755925480649497
0.5240	0.0015119482499575134
0.5250	0.0012127552127136987
0.5260	0.0010175032028613231
0.5270	0.0008902188265432922
0.5280	0.0008176075686385056
0.5290	0.000797267113842497
0.5300	0.0008242088244166298
0.5310	0.0009066695750697286
0.5320	0.001073104023886824
0.5330	0.0013365025630940898
0.5340	0.0016954979174916426
0.5350	0.0020296983111616072
0.5360	0.00223681366957072
0.5370	0.0022709291025487218
0.5380	0.0021753041751580633
0.5390	0.0020106816854376344
0.5400	0.0017900264690678162
0.5410	0.0014774571357563662
0.5420	0.0010923787707232983
0.5430	0.0007466574862102118
0.5440	0.0005028045932248176
0.5450	0.00035890846214185946
0.5460	0.00027430607295137464
0.5470	0.00022083743454131646
0.5480	0.00019177683075555276
0.5490	0.0001770552381174163
0.5500	0.00017324066809247315
0.5510	0.00017619551591696684
0.5520	0.00018091504322841163
0.5530	0.0001975191310296012
0.5540	0.00022849826470798507
0.5550	0.0002678249329384738
0.5560	0.0003216981314684224
0.5570	0.0003860904042464388
0.5580	0.0004543008249658093
0.5590	0.0005292862859746909
0.5600	0.0005788174273745454
0.5610	0.0006125367338927685
0.5620	0.0006182409549135866
0.5630	0.0006083761282377991
0.5640	0.0005851937855496982
0.5650	0.0005437870700571827
0.5660	0.000498968555701409
0.5670	0.00045656769057757706
0.5680	0.000421859345737196
0.5690	0.0004060807343650943
0.5700	0.0004078926934617611
0.5710	0.0004259023912815214
0.5720	0.00047156682730301676
0.5730	0.0005371730360061624
0.5740	0.0006297950692662382
0.5750	0.0007534887509004658
0.5760	0.0008958974910183181
0.5770	0.0010441842366683755
0.5780	0.0011778270815795047
0.5790	0.0012863325080494303
0.5800	0.0013628436948421058
0.5810	0.001403769947273728
0.5820	0.0014174554775454491
0.5830	0.0014037546133462528
0.5840	0.001362250782979727
0.5850	0.0012969716980627212
0.5860	0.0012320146256226973
0.5870	0.0011664901978660866
0.5880	0.0010955733389473228
0.5890	0.0010236214399239748
0.5900	0.000948214295909522
0.5910	0.000864588166768299
0.5920	0.0007797634356294221
0.5930	0.0006907244300894122
0.5940	0.0005955084074314285
0.5950	0.0005017261069923869
0.5960	0.000420578962793007
0.5970	0.000357180839646307
0.5980	0.00029887869173057086
0.5990	0.0002513404497715917
0.6000	0.00022005514867461736
0.6010	0.00020208174114988192
0.6020	0.00018654055008818975
0.6030	0.00017187620411262782
0.6040	0.0001650796963246513
0.6050	0.0001623770916071266
0.6060	0.00016292681290711673
0.6070	0.00016872380418916049
0.6080	0.00016943683181676274
0.6090	0.00016212024832191503
0.6100	0.00015885718855516748
0.6110	0.00015133206364665544
0.6120	0.00013487083693644424
0.6130	0.00012273454447064632
0.6140	0.00011262667504437499
0.6150	9.225018551879938e-05
0.6160	7.244616261896898e-05
0.6170	6.250849978767367e-05
0.6180	5.380930716546815e-05
0.6190	4.71290816608461e-05
0.6200	4.1060424297031296e-05
0.6210	3.16292922033373e-05
0.6220	2.8477914541701645e-05
0.6230	2.5953694513806468e-05
0.6240	2.179446891230978e-05
0.6250	2.1227905848642595e-05
0.6260	2.5095480149558743e-05
0.6270	2.5164227257739755e-05
0.6280	1.85956838582296e-05
0.6290	2.2330185225205787e-05
0.6300	3.373975175485683e-05
0.6310	4.418113410371632e-05
0.6320	5.4716308975633174e-05
0.6330	7.316532381756137e-05
0.6340	0.00010493645485004535
0.6350	0.00014931846340368834
0.6360	0.0002050994580770244
0.6370	0.00025012498045371486
0.6380	0.0002817532503952205
0.6390	0.00029980639434282755
0.6400	0.00029568156785196717
0.6410	0.0002860263048516756
0.6420	0.0002745258592451875
0.6430	0.00025105626098238245
0.6440	0.00021708011117894786
0.6450	0.0001683187329383542
0.6460	0.0001183628417474333
0.6470	8.147401242006213e-05
0.6480	5.867144000243339e-05
0.6490	4.44182988486679e-05
0.6500	3.869618824579527e-05
0.6510	3.429483992946332e-05
0.6520	2.7709429209730317e-05
0.6530	2.365938117185789e-05
0.6540	2.375396594783481e-05
0.6550	2.585785746708574e-05
0.6560	2.718321993186901e-05
0.6570	2.803961978136549e-05
0.6580	3.14220286169626e-05
0.6590	3.851652572887614e-05
0.6600	4.7582965914115496e-05
0.6610	5.8403607402531175e-05
0.6620	7.083814475772401e-05
0.6630	9.836867814690897e-05
0.6640	0.00014957811790893705
0.6650	0.00023080218731115148
0.6660	0.0003714490591620899
0.6670	0.0005765607843810945
0.6680	0.0008413751562252476
0.6690	0.0011307902590489683
0.6700	0.0014103865369793276
0.6710	0.001634410106084557
0.6720	0.0017606006622426819
0.6730	0.0018095797822534252
0.6740	0.0018418321430431763
0.6750	0.0018810231060155086
0.6760	0.0018340399522311357
0.6770	0.0016397207563001752
0.6780	0.0013843546394353972
0.6790	0.0012129264415705063
0.6800	0.0012096807602548975
0.6810	0.0013619722166305919
0.6820	0.0016133310671151541
0.6830	0.0018908112630539192
0.6840	0.0021034136118446164
0.6850	0.002186819954692027
0.6860	0.0021419528828992476
0.6870	0.0020018646771393267
0.6880	0.0018361074767857244
0.6890	0.0017129913730864006
0.6900	0.001617496784079282
0.6910	0.0014340237861825294
0.6920	0.0011073395726300497
0.6930	0.0007230483492073813
0.6940	0.00043487018320000287
0.6950	0.0002632579782054084
0.6960	0.00017412748023146234
0.6970	0.000130064417369306
0.6980	0.00010065931134626348
0.6990	8.382214784744907e-05
0.7000	6.701411881083777e-05
0.7010	5.380445142176763e-05
0.7020	5.010258576376807e-05
0.7030	4.860088313301866e-05
0.7040	4.362987941097867e-05
0.7050	3.8489691355794327e-05
0.7060	3.550136445631288e-05
0.7070	3.661358532918924e-05
0.7080	3.3216353697032656e-05
0.7090	3.2971521988343425e-05
0.7100	4.2340807241220305e-05
0.7110	4.334977966909619e-05
0.7120	4.9575609789533e-05
0.7130	5.666678455049356e-05
0.7140	6.0572335878456906e-05
0.7150	7.146351343325905e-05
0.7160	7.992043000135454e-05
0.7170	0.00010737403818770498
0.7180	0.00013575330446264874
0.7190	0.00018298665683032703
0.7200	0.0002572061881618165
0.7210	0.00037711750101879893
0.7220	0.000556092546856125
0.7230	0.0008051436412556518
0.7240	0.0010882488329232794
0.7250	0.0013745767050153028
0.7260	0.0016232648964645807
0.7270	0.001792653681975254
0.7280	0.0018670130076122269
0.7290	0.0018848821444301298
0.7300	0.0018957360094280754
0.7310	0.0019106686991344555
0.7320	0.0018798245040178546
0.7330	0.0017070060300618684
0.7340	0.0014089323695237518
0.7350	0.0011183723334485406
0.7360	0.0009013998153273779
0.7370	0.0007691523578165024
0.7380	0.0006991171997275693
0.7390	0.0006645059697611984
0.7400	0.0006577820425632719
0.7410	0.0006651806625701125
0.7420	0.0006814678492034789
0.7430	0.0007001829076871039
0.7440	0.0007177198094097085
0.7450	0.0007233831399572591
0.7460	0.0007119593639881475
0.7470	0.0006913710106979547
0.7480	0.0006541632356790969
0.7490	0.0006130171969536618
0.7500	0.0005647102140972533
0.7510	0.0005148110584379911
0.7520	0.00046868660459223625
0.7530	0.0004140799331980516
0.7540	0.0003548858618341678
0.7550	0.0002993591547914641
0.7560	0.00024876895013398095
0.7570	0.00020410173052929707
0.7580	0.0001728453083290679
0.7590	0.00014716404659340625
0.7600	0.00012278744652043617
0.7610	0.00010545448603325316
0.7620	8.961505008216608e-05
0.7630	8.16564861570184e-05
0.7640	7.445720720735686e-05
0.7650	7.122353746827033e-05
0.7660	6.764102087912033e-05
0.7670	6.351951673921293e-05
0.7680	6.220667698186783e-05
0.7690	6.454433422547997e-05
0.7700	5.993239997182033e-05
0.7710	5.416428758652175e-05
0.7720	5.534142208571029e-05
0.7730	5.380547368359932e-05
0.7740	5.6147731105454066e-05
0.7750	5.932364305105022e-05
0.7760	6.130453091540332e-05
0.7770	6.485101277498633e-05
0.7780	7.645598465376449e-05
0.7790	8.253460907043826e-05
0.7800	8.792141779251727e-05
0.7810	9.901244753541437e-05
0.7820	0.00011174548534546006
0.7830	0.00012368448127774223
0.7840	0.00014654532261977718
0.7850	0.0001693862298560942
0.7860	0.0002019818150558344
0.7870	0.00024393748515196632
0.7880	0.00028270395389869016
0.7890	0.00033165751736364114
0.7900	0.00038279616549382483
0.7910	0.0004406817417131482
0.7920	0.0004938189117242816
0.7930	0.0005454763577340468
0.7940	0.0005826841327529047
0.7950	0.0006150208301437699
0.7960	0.0006433630394273149
0.7970	0.0006579021583284952
0.7980	0.0006617126393061116
0.7990	0.0006575085875232954
0.8000	0.0006431279192060268
0.8010	0.0006086802511327262
0.8020	0.0005766272314001542
0.8030	0.0005376739443036894
0.8040	0.0004980357417799938
0.8050	0.0004618170050832941
0.8060	0.0004301217769918129
0.8070	0.0004075349018206703
0.8080	0.0003828166107304585
0.8090	0.0003643775629413893
0.8100	0.00035360036758082036
0.8110	0.000348090376308023
0.8120	0.0003457417297497202
0.8130	0.00034543760685479307
0.8140	0.00034799837274317104
0.8150	0.00035330646730421015
0.8160	0.00036396865820871414
0.8170	0.00037953259459616145
0.8180	0.0003959935657409147
0.8190	0.0004173051692770267
0.8200	0.00043280265864541423
0.8210	0.000452120851609735
0.8220	0.00046871216113802847
0.8230	0.00048461344392993264
0.8240	0.0005046267749398011
0.8250	0.0005129556532134777
0.8260	0.0005186087611427114
0.8270	0.0005211363035215596
0.8280	0.0005143254840679394
0.8290	0.000502135011725062
0.8300	0.0004896710843422081
0.8310	0.00046572715658950003
0.8320	0.0004446327836926217
0.8330	0.0004221455790500686
0.8340	0.0003966989264047793
0.8350	0.00036875028792643404
0.8360	0.00034159134671306763
0.8370	0.0003195232694215066
0.8380	0.00030205025906338234
0.8390	0.0002837798844765416
0.8400	0.00026218971459129463
0.8410	0.00024667152442081543
0.8420	0.0002339167635468464
0.8430	0.000220331414934631
0.8440	0.00020892501741665817
0.8450	0.00020155195395560972
0.8460	0.0001955880784295429
0.8470	0.00018960656888687946
0.8480	0.00018433169783537028
0.8490	0.00018203084201769888
0.8500	0.00017784749103697437
0.8510	0.0001796842399830595
0.8520	0.00017911254005368806
0.8530	0.00017994261666101857
0.8540	0.00018100167991864718
0.8550	0.00018284788478667538
0.8560	0.0001738857153082682
0.8570	0.00018540558388955834
0.8580	0.00018725868902495047
0.8590	0.0001843273532225856
0.8600	0.0002032581089526967
0.8610	0.00020201912761269104
0.8620	0.00020884809221382366
0.8630	0.00021962222078889755
0.8640	0.00024097497036373503
0.8650	0.00022889311334047446
0.8660	0.0002217365138222859
0.8670	0.00023127881689017596
0.8680	0.00024026066490884316
0.8690	0.00023893121339673313
0.8700	0.00023206902528607066
0.8710	0.00022605148101384023
0.8720	0.00022817011866001324
0.8730	0.00023004648025207628
0.8740	0.00022582326105991592
0.8750	0.00021909805603469962
0.8760	0.0002151764040828872
0.8770	0.00021252491245694687
0.8780	0.00020091457370355234
0.8790	0.00019820609098049541
0.8800	0.00020094524155850297
0.8810	0.00019981257544899285
0.8820	0.00020255249272337417
0.8830	0.00019595277033799754
0.8840	0.0001889505323563938
0.8850	0.00018789632484246576
0.8860	0.00017915215269966598
0.8870	0.0001718861711654868
0.8880	0.00017107909544936923
0.8890	0.0001657242324095305
0.8900	0.0001613274842714411
0.8910	0.00015744851175110165
0.8920	0.0001581124708107829
0.8930	0.00016025257595542135
0.8940	0.00015518369066299726
0.8950	0.0001485648008682765
0.8960	0.00014207446049889044
0.8970	0.00013291985023066802
0.8980	0.00013084184749230458
0.8990	0.00013037697392434452
0.9000	0.00012854763637653915
0.9010	0.00012425030320158145
0.9020	0.00011888010623426735
0.9030	0.00011305193596635712
0.9040	0.0001115129207787511
0.9050	0.00010134550460078393
0.9060	8.808446855467148e-05
0.9070	8.206615758606729e-05
0.9080	7.616898464451814e-05
0.9090	6.481855596183023e-05
0.9100	5.2623227875252346e-05
0.9110	4.3396292582437996e-05
0.9120	3.592739207466878e-05
0.9130	3.1966383042336366e-05
0.9140	2.9600869163810726e-05
0.9150	2.620287083528038e-05
0.9160	1.9083532760856824e-05
0.9170	1.4924971629550734e-05
0.9180	1.1776609640318554e-05
0.9190	7.356349480100377e-06
0.9200	7.209067106699954e-06
0.9210	5.184094200855323e-06
0.9220	-1.7331145972431754e-06
0.9230	-2.5632704298656493e-06
0.9240	1.6399558765214633e-06
0.9250	1.049650781813326e-06
0.9260	1.6001592234138562e-06
0.9270	3.3708317203532427e-06
0.9280	-1.3519821628804226e-06
0.9290	-3.128300100785305e-06
0.9300	-2.1173598188834176e-06
0.9310	-3.0861829133197663e-06
0.9320	7.412855002846922e-08
0.9330	2.553295710042955e-07
0.9340	-6.1611976161283435e-06
0.9350	-8.15494042301491e-06
0.9360	-2.0873283219230085e-06
0.9370	5.41392421716454e-06
0.9380	2.968622802675666e-06
0.9390	-5.357060902776904e-06
0.9400	-4.439095334467025e-06
0.9410	-5.617354321670418e-06
0.9420	-6.9913508930962375e-06
0.9430	-4.399201566485407e-06
0.9440	-9.838554546713182e-08
0.9450	3.0719479173135134e-06
0.9460	-2.9197331305751954e-06
0.9470	-4.802534972177841e-06
0.9480	-1.258501429681729e-06
0.9490	-1.4639275004139777e-06
0.9500	-2.269155478270744e-06
0.9510	8.220978537341944e-07
0.9520	-1.8392662658456396e-06
0.9530	-6.136075531614615e-06
0.9540	-5.775574896669901e-06
0.9550	-3.038724407783659e-06
0.9560	-3.3783709013619405e-07
0.9570	9.264401188945712e-07
0.9580	-1.6488342205296724e-06
0.9590	-2.481292697928023e-06
0.9600	-1.5542417775890181e-06
0.9610	-2.299779887093532e-06
0.9620	-1.079189037439946e-06
0.9630	-1.215983004447253e-06
0.9640	-4.245300047724804e-06
0.9650	-4.790037821285457e-06
0.9660	-2.0188316678907655e-07
0.9670	-3.8811703832775994e-07
0.9680	5.907753351507138e-08
0.9690	2.497579884561389e-06
0.9700	1.0864905425727763e-06
0.9710	-3.704037964391891e-06
0.9720	-8.30613294792154e-06
0.9730	-3.817585697346617e-06
0.9740	1.3151168455751802e-07
0.9750	1.7980537801011447e-06
0.9760	-9.946505396139418e-07
0.9770	-5.026078078222177e-06
0.9780	-9.740698532874865e-07
0.9790	4.3775551721994175e-07
0.9800	-2.6804727488686592e-06
0.9810	-3.416603493867065e-06
0.9820	-2.09754071762157e-06
0.9830	-5.599873644348555e-07
0.9840	7.5602907155221e-07
0.9850	-8.322463580682753e-07
0.9860	-2.9792287691794273e-06
0.9870	-2.472777256870063e-06
0.9880	-4.1100036943009207e-07
0.9890	-2.0529803243782975e-06
0.9900	-8.578795734978477e-07
0.9910	-2.2025423416633854e-08
0.9920	-3.3372759757280897e-07
0.9930	-2.183252260899436e-06
0.9940	-3.95635774099824e-06
0.9950	1.2916176017192562e-07
0.9960	5.042383154437598e-07
;; Skysat3 Band: Green
0.3500	0.0
0.3510	0.0
0.3520	0.0
0.3530	0.0
0.3540	0.0
0.3550	0.0
0.3560	0.0
0.3570	0.0
0.3580	0.0
0.3590	0.0
0.3600	0.0
0.3610	0.0
0.3620	0.0
0.3630	0.0
0.3640	0.0
0.3650	0.0
0.3660	0.0
0.3670	0.0
0.3680	0.0
0.3690	0.0
0.3700	0.0
0.3710	0.0
0.3720	0.0
0.3730	0.0
0.3740	0.0
0.3750	0.0
0.3760	0.0
0.3770	0.0
0.3780	0.0
0.3790	0.0
0.3800	0.0
0.3810	0.0
0.3820	0.0
0.3830	0.0
0.3840	0.0
0.3850	0.0
0.3860	0.0
0.3870	0.0
0.3880	0.0
0.3890	0.0
0.3900	0.0
0.3910	0.0
0.3920	0.0
0.3930	0.0
0.3940	0.0
0.3950	0.0
0.3960	0.0
0.3970	-8.359127861640392e-07
0.3980	-7.65759629173805e-07
0.3990	-1.2509764841703055e-06
0.4000	-9.780352985189342e-07
0.4010	-1.3816679237894523e-06
0.4020	-1.2432551463010035e-06
0.4030	-1.4758333189031216e-06
0.4040	-1.5530566767080899e-06
0.4050	-2.204540505416224e-06
0.4060	-1.8553988209344933e-06
0.4070	-1.8169443130451808e-06
0.4080	-2.0190812046517502e-06
0.4090	-1.8344801075147526e-06
0.4100	-2.831573015075237e-06
0.4110	-3.5063106693988046e-06
0.4120	-3.2821548672802933e-06
0.4130	-3.9195207473608414e-06
0.4140	-3.1812660454920617e-06
0.4150	-3.609619425834281e-06
0.4160	-3.8509642482821915e-06
0.4170	-4.467448836612801e-06
0.4180	-3.965225080079941e-06
0.4190	-5.438291690195646e-06
0.4200	-5.939193214395475e-06
0.4210	-6.0001655883941e-06
0.4220	-6.090276969279137e-06
0.4230	-7.202199518018373e-06
0.4240	-5.788683258448789e-06
0.4250	-7.5508197939008525e-06
0.4260	-8.87888990742081e-06
0.4270	-5.876399652466449e-06
0.4280	-2.6167227348476783e-06
0.4290	-6.988721365683582e-06
0.4300	-7.47530286423889e-06
0.4310	-9.693434920127473e-06
0.4320	-5.366566823073696e-06
0.4330	-4.978504107219112e-06
0.4340	-6.256005070945611e-06
0.4350	-5.318891615744984e-06
0.4360	-9.940243306366589e-06
0.4370	-1.0387831424987425e-05
0.4380	-3.9325434884522e-06
0.4390	-5.285162217362766e-06
0.4400	-5.441983961616184e-06
0.4410	-1.1383971327356932e-05
0.4420	-1.1999832221190829e-05
0.4430	-9.23097792470501e-06
0.4440	-9.82598247456884e-06
0.4450	-6.508077438736978e-06
0.4460	-1.0472828510999418e-05
0.4470	-5.3879221226411354e-06
0.4480	-1.309214581495342e-05
0.4490	-1.2165909591775462e-05
0.4500	-9.638425065517423e-06
0.4510	-1.039753611135627e-05
0.4520	-7.058924418233553e-06
0.4530	-1.1929803803099936e-05
0.4540	-1.8980146185058722e-05
0.4550	-1.2227780085849353e-05
0.4560	-7.544957065631754e-06
0.4570	-1.4993016954254238e-05
0.4580	-9.15476245720673e-06
0.4590	-1.0766064715573817e-05
0.4600	-8.400166959524081e-06
0.4610	-1.4801941908241363e-05
0.4620	-1.3733453444253192e-05
0.4630	-1.1042111899818816e-05
0.4640	-8.565695478951607e-06
0.4650	-9.307442870001977e-06
0.4660	-1.1087641598078838e-05
0.4670	-8.858283041249425e-06
0.4680	-3.2668119826611637e-06
0.4690	-5.573209283724517e-06
0.4700	-9.482775866917825e-06
0.4710	-9.789708402640033e-06
0.4720	-5.303473887786248e-06
0.4730	-1.2606262854234432e-06
0.4740	-3.918847157304392e-06
0.4750	-6.351205798923823e-06
0.4760	-3.60680032670914e-06
0.4770	2.3246964975969014e-06
0.4780	6.0456453910943825e-06
0.4790	7.746634918088743e-06
0.4800	8.391185758771419e-06
0.4810	1.4470360966009072e-05
0.4820	2.0676096260519646e-05
0.4830	2.4830949415380086e-05
0.4840	3.933865720785231e-05
0.4850	4.883802334838269e-05
0.4860	6.938476537028414e-05
0.4870	0.00010289562120085386
0.4880	0.00016246617944866708
0.4890	0.0002490367219369678
0.4900	0.000367835055937201
0.4910	0.0005152315289562981
0.4920	0.0007020305254997109
0.4930	0.0009130637954073887
0.4940	0.0011799027541029238
0.4950	0.00155315147827159
0.4960	0.0021381195362943184
0.4970	0.0031553253439847912
0.4980	0.0049019767924724745
0.4990	0.007955028712886333
0.5000	0.013053182372354791
0.5010	0.02137962115803348
0.5020	0.03473752569281413
0.5030	0.05602163677039903
0.5040	0.08949399568185365
0.5050	0.13976563821082397
0.5060	0.2103016089040283
0.5070	0.3007039033553345
0.5080	0.40451565443374154
0.5090	0.5184720335050879
0.5100	0.6346056103151146
0.5110	0.7433234296218926
0.5120	0.8346629348247409
0.5130	0.8968584286165345
0.5140	0.9319849400930584
0.5150	0.9470844865621291
0.5160	0.9518333488504366
0.5170	0.9500534170636042
0.5180	0.9445729286985391
0.5190	0.9395579833692661
0.5200	0.9384313965155202
0.5210	0.9373743590824916
0.5220	0.9356749662134088
0.5230	0.9323147647115879
0.5240	0.9257101717968736
0.5250	0.9202416309235874
0.5260	0.915031903308213
0.5270	0.909141587784136
0.5280	0.9044274078994017
0.5290	0.9016832494102076
0.5300	0.8995171933500167
0.5310	0.8983917690628125
0.5320	0.8988923936666559
0.5330	0.9013591902236057
0.5340	0.9059134847767187
0.5350	0.9120477571557961
0.5360	0.9179003142150421
0.5370	0.9258124127883308
0.5380	0.9347063861234601
0.5390	0.9452971777167897
0.5400	0.954065169753139
0.5410	0.9625949229656341
0.5420	0.9705277381753254
0.5430	0.9788237381747866
0.5440	0.9858688689655308
0.5450	0.9917696974840446
0.5460	0.9959341081333727
0.5470	0.9992284300328949
0.5480	1.0
0.5490	0.9990266848214322
0.5500	0.9962841180005938
0.5510	0.9933587014167652
0.5520	0.9898129508021722
0.5530	0.985854636257116
0.5540	0.9826287935185548
0.5550	0.9792872105448497
0.5560	0.9766164858456988
0.5570	0.9739171759803743
0.5580	0.970993982243732
0.5590	0.9691763194346267
0.5600	0.9624039676689646
0.5610	0.9561877418330192
0.5620	0.951061856221449
0.5630	0.9460726744644462
0.5640	0.941319972712817
0.5650	0.9371061779332391
0.5660	0.9344104879907736
0.5670	0.9319256217568651
0.5680	0.9299035143865152
0.5690	0.9277170086311659
0.5700	0.9249835776873154
0.5710	0.9212572625263682
0.5720	0.9184956555599342
0.5730	0.9170072460651993
0.5740	0.9174999322854884
0.5750	0.9204405295933671
0.5760	0.9254632935568509
0.5770	0.9328139348598649
0.5780	0.9413600463316197
0.5790	0.9507851304575917
0.5800	0.959032305157072
0.5810	0.9629609019067491
0.5820	0.9612255393286518
0.5830	0.9503506673659596
0.5840	0.9273383537230998
0.5850	0.8890041440283133
0.5860	0.8339865805542818
0.5870	0.7624839707084026
0.5880	0.6774286690520853
0.5890	0.5821492358179436
0.5900	0.4815399863352527
0.5910	0.3797536731558079
0.5920	0.2833058405888608
0.5930	0.19987976617074613
0.5940	0.13354203032681558
0.5950	0.08647399707498757
0.5960	0.05525029133331266
0.5970	0.03543853585411722
0.5980	0.023221742770521955
0.5990	0.015529948062140161
0.6000	0.010673495978371732
0.6010	0.007533099385860254
0.6020	0.005454412945546673
0.6030	0.004044129918248047
0.6040	0.003046597929761876
0.6050	0.0023431803077014765
0.6060	0.0018391802692419787
0.6070	0.0014587366053592356
0.6080	0.0011624043813031548
0.6090	0.0009367217750566912
0.6100	0.000759956775576391
0.6110	0.0006209352722591507
0.6120	0.0005109604690428101
0.6130	0.00042124326307969504
0.6140	0.00035018200690224737
0.6150	0.00029180919156592103
0.6160	0.00024661978102330707
0.6170	0.0002110637061991174
0.6180	0.00018149609645456348
0.6190	0.00015836925503866133
0.6200	0.00014186804500023652
0.6210	0.00012490405364525096
0.6220	0.00011404378611289369
0.6230	0.00010934911289723854
0.6240	9.808394289761543e-05
0.6250	9.449969536390742e-05
0.6260	9.886580631869436e-05
0.6270	9.589527416975155e-05
0.6280	9.644337689346259e-05
0.6290	0.0001029914206755489
0.6300	0.00010774447169609634
0.6310	0.00011187732090911277
0.6320	0.00012652540985890506
0.6330	0.0001420032619671238
0.6340	0.00015314169724501493
0.6350	0.0001700772481309504
0.6360	0.000196242230179239
0.6370	0.00022538897087741124
0.6380	0.00026452629950172475
0.6390	0.0003185257690271023
0.6400	0.00038340995490910825
0.6410	0.00047844353276220165
0.6420	0.0006142293090304968
0.6430	0.0007936836791806219
0.6440	0.0009944933488981868
0.6450	0.0011654255574452307
0.6460	0.0012672723739804125
0.6470	0.0012892538628225519
0.6480	0.0012713962419926763
0.6490	0.0012518496564657032
0.6500	0.0012214233441380754
0.6510	0.0010944391446073886
0.6520	0.0008613420581840055
0.6530	0.0006107865154086433
0.6540	0.0004081556577606777
0.6550	0.0002730085446570162
0.6560	0.00019297282362747153
0.6570	0.0001398397904969271
0.6580	0.000113428074905739
0.6590	9.240707558853727e-05
0.6600	7.515094573129154e-05
0.6610	6.353825315810016e-05
0.6620	5.743602620226401e-05
0.6630	5.598132115813153e-05
0.6640	5.7046591358516655e-05
0.6650	5.271815155133116e-05
0.6660	5.1077835024977006e-05
0.6670	4.696544299145276e-05
0.6680	6.160829290747267e-05
0.6690	6.764216294646912e-05
0.6700	7.663583758906492e-05
0.6710	9.517004220897413e-05
0.6720	0.0001147091434019867
0.6730	0.000141340898411615
0.6740	0.0001778564648495474
0.6750	0.00021400055884523772
0.6760	0.00025179544743482695
0.6770	0.000297380030810558
0.6780	0.00033336470849288865
0.6790	0.00036044801831813686
0.6800	0.0003819305515629059
0.6810	0.0004063269854963163
0.6820	0.0004195019080448734
0.6830	0.0004182994250552115
0.6840	0.0004101439958161974
0.6850	0.0003951703383391212
0.6860	0.00037482292907836906
0.6870	0.00036283053129557906
0.6880	0.000352122944176017
0.6890	0.00035144685934158053
0.6900	0.00035342521828515296
0.6910	0.0003620995613454319
0.6920	0.00038067318345753334
0.6930	0.0003905949155112375
0.6940	0.0003996459700475308
0.6950	0.0004190653218971746
0.6960	0.0004334976125511043
0.6970	0.0004357628709631645
0.6980	0.0004491298914167091
0.6990	0.0004612595019887759
0.7000	0.000453952297265291
0.7010	0.0004502924579585814
0.7020	0.0004461161996085938
0.7030	0.0004470267935737942
0.7040	0.0004459216069256194
0.7050	0.0004435341043922036
0.7060	0.0004517369344129678
0.7070	0.0004722440094648783
0.7080	0.000491331555842271
0.7090	0.0005142186490936368
0.7100	0.0005419655698633873
0.7110	0.000567240165648169
0.7120	0.0005885480644338585
0.7130	0.0006050609999288215
0.7140	0.0006058892662204558
0.7150	0.0005974918435167173
0.7160	0.0005883659456408185
0.7170	0.0005710945976378529
0.7180	0.0005325103612932242
0.7190	0.0004897897830463974
0.7200	0.00044133620498578834
0.7210	0.00039576160072200475
0.7220	0.00035133708911015915
0.7230	0.0003075786832208026
0.7240	0.00027710247533343775
0.7250	0.00025516838727304876
0.7260	0.00023033287241395274
0.7270	0.00021609093332041967
0.7280	0.00021305728328840958
0.7290	0.0002091542031279821
0.7300	0.00020296939902078118
0.7310	0.00020806223880313765
0.7320	0.00021895893009410295
0.7330	0.0002295362898027514
0.7340	0.00024281225085977598
0.7350	0.0002635533360868531
0.7360	0.00029417923065342896
0.7370	0.00032530408081737493
0.7380	0.0003590185105316716
0.7390	0.00040845253634111286
0.7400	0.00045543918494545384
0.7410	0.0005036782120991937
0.7420	0.0005622231671166128
0.7430	0.0006243730763250307
0.7440	0.0006751991882511345
0.7450	0.0007270830860436629
0.7460	0.0007784854916847292
0.7470	0.0008154206797800497
0.7480	0.0008467251539590488
0.7490	0.0008668605070909187
0.7500	0.0008683698477729632
0.7510	0.0008641112617494096
0.7520	0.0008441480482986324
0.7530	0.0008135670597358198
0.7540	0.0007764322894015512
0.7550	0.0007206166215017465
0.7560	0.0006712674181438581
0.7570	0.0006183382083748394
0.7580	0.000556632369648081
0.7590	0.0005008665973080134
0.7600	0.000452016349547495
0.7610	0.000399942848627966
0.7620	0.0003577386894244173
0.7630	0.0003210779269076503
0.7640	0.00028578430272767726
0.7650	0.00025182538477066917
0.7660	0.00023579718463855124
0.7670	0.0002192957251223278
0.7680	0.00020435574714807396
0.7690	0.00018657396756899884
0.7700	0.00017954992014702144
0.7710	0.00018225101627338441
0.7720	0.00017546072954877494
0.7730	0.0001746070165216747
0.7740	0.0001818458643283199
0.7750	0.00019031339029348894
0.7760	0.0002085048124180049
0.7770	0.0002191215896188456
0.7780	0.00024452142325856723
0.7790	0.0002812912075733596
0.7800	0.00032945788616548085
0.7810	0.00039999024940971616
0.7820	0.0004898421733841213
0.7830	0.0006120887895177792
0.7840	0.0007559002665697721
0.7850	0.0009277755011958456
0.7860	0.0011084323543356326
0.7870	0.0012814901137274733
0.7880	0.001437446170019454
0.7890	0.0015627114675172012
0.7900	0.001665409003345899
0.7910	0.0017643743513062688
0.7920	0.0018404301530133907
0.7930	0.0019081933126922222
0.7940	0.0019480648544780658
0.7950	0.0019200734454656039
0.7960	0.0018194365962540444
0.7970	0.0016772018188897409
0.7980	0.001512274540957046
0.7990	0.0013596115916077074
0.8000	0.0012251829745642592
0.8010	0.0011197112456141833
0.8020	0.0010341628136670954
0.8030	0.0009661401970776317
0.8040	0.0009049632512840853
0.8050	0.0008479451003946187
0.8060	0.0007980969414393604
0.8070	0.0007458712590626335
0.8080	0.0006901728457282107
0.8090	0.0006359039401802533
0.8100	0.0005754754277827622
0.8110	0.0005130461034398171
0.8120	0.0004533834878842891
0.8130	0.00039594621429303166
0.8140	0.0003438752081514895
0.8150	0.00029435386511250845
0.8160	0.00025072019812249444
0.8170	0.00021278934413262183
0.8180	0.00018604881680276683
0.8190	0.0001608148858991708
0.8200	0.0001408559135709713
0.8210	0.00012538155415193415
0.8220	0.00011379430831420864
0.8230	0.00010387856372767291
0.8240	9.398028258704516e-05
0.8250	8.4642328582264e-05
0.8260	8.343236125864153e-05
0.8270	8.170422854715024e-05
0.8280	7.500001166308709e-05
0.8290	6.601157605426367e-05
0.8300	6.814286488843e-05
0.8310	7.494512654737637e-05
0.8320	7.29298448895986e-05
0.8330	7.476225932094025e-05
0.8340	7.706743418079005e-05
0.8350	8.112718639879174e-05
0.8360	8.672447029008936e-05
0.8370	9.448896781856396e-05
0.8380	0.00010267383543782286
0.8390	0.00011561524676681076
0.8400	0.00012697945945251184
0.8410	0.000145951747086912
0.8420	0.00016852200353394782
0.8430	0.00019344433666698623
0.8440	0.00022007259898743298
0.8450	0.000252795853407554
0.8460	0.0002866699489130092
0.8470	0.00031634782784458187
0.8480	0.0003401929158428983
0.8490	0.00035881643351473667
0.8500	0.0003757484917114906
0.8510	0.0003849118112571922
0.8520	0.00038996872623653806
0.8530	0.0003892078189505486
0.8540	0.00038580743655447156
0.8550	0.00036923712116581096
0.8560	0.00032815311727835806
0.8570	0.0003131694806893344
0.8580	0.00026421195747538157
0.8590	0.00023798410702182435
0.8600	0.00023718103798785718
0.8610	0.00021887061495336844
0.8620	0.0001940318568828895
0.8630	0.00016388471021199023
0.8640	0.00015967527131477752
0.8650	0.00014836469635579372
0.8660	0.00016342766688479926
0.8670	0.00019169948894298303
0.8680	0.00017967091687938372
0.8690	0.00017847442135689021
0.8700	0.00017978941883375912
0.8710	0.0001747322543766146
0.8720	0.00017783775401464602
0.8730	0.00018516566539542178
0.8740	0.00018785453710964918
0.8750	0.00018916953458651803
0.8760	0.00019171944716687785
0.8770	0.00019567591557622397
0.8780	0.0001940757649754581
0.8790	0.00020336532028729433
0.8800	0.00021898786951875043
0.8810	0.00022560801238465672
0.8820	0.00022783709651590756
0.8830	0.00022976905258892456
0.8840	0.00023821811719699088
0.8850	0.000233916122036466
0.8860	0.0002273097004494874
0.8870	0.0002294147941147918
0.8880	0.0002294345028608879
0.8890	0.00022060548356542424
0.8900	0.0002139324514061967
0.8910	0.00020832269362496483
0.8920	0.00020484023303312033
0.8930	0.0002015344027227448
0.8940	0.00018968969579677636
0.8950	0.00016966985088569768
0.8960	0.0001549454217295078
0.8970	0.00014464647924419184
0.8980	0.00013768280544949624
0.8990	0.0001323776600604588
0.9000	0.00012504825181289093
0.9010	0.0001183385464172567
0.9020	0.00011519861884300674
0.9030	0.00010883319280955788
0.9040	9.482551336899009e-05
0.9050	8.248284875684626e-05
0.9060	7.357025439882311e-05
0.9070	6.714245891570297e-05
0.9080	6.313360016863302e-05
0.9090	5.320089109178672e-05
0.9100	3.815488505309178e-05
0.9110	2.947580191463782e-05
0.9120	2.8765538621781508e-05
0.9130	2.768729557586475e-05
0.9140	2.651075827726609e-05
0.9150	1.835572820272993e-05
0.9160	1.02010723448918e-05
0.9170	1.2584184069050804e-05
0.9180	9.905590840129236e-06
0.9190	4.935668769184889e-06
0.9200	5.299831511925446e-06
0.9210	7.875340514430356e-06
0.9220	2.8811442536739555e-06
0.9230	-1.4000145211047504e-06
0.9240	3.066456362537205e-06
0.9250	2.2162859201783157e-06
0.9260	-3.090456126770706e-06
0.9270	-1.5526250801163646e-06
0.9280	2.9195887824513205e-06
0.9290	2.4547517688294013e-06
0.9300	-3.429446559623943e-06
0.9310	-6.535819369950755e-06
0.9320	-1.2118583653364909e-06
0.9330	-4.882754528083792e-07
0.9340	-2.3127215632600195e-06
0.9350	-3.830956128827651e-06
0.9360	3.66734858845e-07
0.9370	7.479568934596403e-06
0.9380	3.5700272991829644e-06
0.9390	-4.834231096239551e-06
0.9400	-6.994234825034521e-06
0.9410	-6.991315934789906e-06
0.9420	-3.4505773291725663e-06
0.9430	2.506628182287969e-06
0.9440	6.821521345004867e-08
0.9450	-6.2399636484901625e-06
0.9460	-6.951848547037932e-06
0.9470	-1.362438175066809e-07
0.9480	6.36293125546202e-06
0.9490	3.504339794789193e-06
0.9500	-4.80521682825248e-06
0.9510	-6.8218955617028935e-06
0.9520	-2.490165142352743e-06
0.9530	5.901871335712192e-07
0.9540	-3.2862961987384655e-06
0.9550	-8.775556203205465e-07
0.9560	-1.3318871238398388e-06
0.9570	-2.7831493743504707e-06
0.9580	-6.079225102797389e-07
0.9590	2.9514969929031376e-06
0.9600	6.582297083845778e-07
0.9610	-4.952558416155867e-06
0.9620	-7.008529902899174e-06
0.9630	-5.4752892477406375e-06
0.9640	-2.959555125800664e-07
0.9650	2.5936709862491804e-06
0.9660	4.819936018374899e-06
0.9670	3.052934665848476e-06
0.9680	-2.7694530432026615e-06
0.9690	-8.00419579745118e-06
0.9700	-3.0458245485859522e-06
0.9710	1.3961950160068823e-06
0.9720	-9.907786244757664e-07
0.9730	-2.3323355077926376e-06
0.9740	-4.0328834590833245e-06
0.9750	9.004052919021095e-07
0.9760	1.7882443870844537e-06
0.9770	-2.487528162020642e-06
0.9780	-3.5933784211398843e-06
0.9790	-1.6502856591896118e-06
0.9800	8.835281188210664e-07
0.9810	1.5017914838563004e-06
0.9820	-2.6134046801251675e-07
0.9830	-2.722825642628427e-06
0.9840	-2.3287904282733228e-06
0.9850	-3.972884048499572e-07
0.9860	-4.1386620457257827e-07
0.9870	1.9013351680063703e-07
0.9880	1.0882221578641572e-06
0.9890	-1.001296608468328e-06
0.9900	-3.3238675552204325e-06
0.9910	-1.6865996475662066e-06
0.9920	4.911244892693624e-07
0.9930	-1.0602132854057876e-07
0.9940	-2.388345768375416e-06
0.9950	-2.05569207160878e-06
0.9960	4.918355009956148e-07
;; Skysat3 Band: Red
0.3500	0.0
0.3510	0.0
0.3520	0.0
0.3530	0.0
0.3540	0.0
0.3550	0.0
0.3560	0.0
0.3570	0.0
0.3580	0.0
0.3590	0.0
0.3600	0.0
0.3610	0.0
0.3620	0.0
0.3630	0.0
0.3640	0.0
0.3650	0.0
0.3660	0.0
0.3670	0.0
0.3680	0.0
0.3690	0.0
0.3700	0.0
0.3710	0.0
0.3720	0.0
0.3730	0.0
0.3740	0.0
0.3750	0.0
0.3760	0.0
0.3770	0.0
0.3780	0.0
0.3790	0.0
0.3800	0.0
0.3810	0.0
0.3820	0.0
0.3830	0.0
0.3840	0.0
0.3850	0.0
0.3860	0.0
0.3870	0.0
0.3880	0.0
0.3890	0.0
0.3900	0.0
0.3910	0.0
0.3920	0.0
0.3930	0.0
0.3940	0.0
0.3950	0.0
0.3960	0.0
0.3970	-5.732317366531113e-07
0.3980	-7.939961084801272e-07
0.3990	-1.4604951834550736e-06
0.4000	-1.3991667723131062e-06
0.4010	-1.78484405503544e-06
0.4020	-1.708574663006512e-06
0.4030	-1.4191668434487902e-06
0.4040	-2.642043969961142e-06
0.4050	-8.536655160842881e-07
0.4060	-1.0795262870851649e-06
0.4070	-2.7760576290571065e-06
0.4080	-1.4793337033881255e-06
0.4090	-2.243674190906835e-06
0.4100	-3.3881229822556015e-06
0.4110	-2.36794524601841e-06
0.4120	-2.6668419688695825e-06
0.4130	-5.193850086321661e-06
0.4140	-1.207926196578687e-06
0.4150	-4.698437305721545e-06
0.4160	-6.540975882590504e-06
0.4170	-2.4683112291631827e-06
0.4180	-6.07093317108428e-06
0.4190	-5.5383358284298835e-06
0.4200	-3.217795302691911e-06
0.4210	-8.322427312700055e-06
0.4220	-6.4125834348820095e-06
0.4230	-4.3949167634149275e-06
0.4240	-8.638732380020654e-06
0.4250	-4.379868830275905e-06
0.4260	-5.582609086260399e-06
0.4270	-9.15386914571043e-06
0.4280	-6.474889339862595e-06
0.4290	-6.056332945046913e-06
0.4300	-1.2546966651317774e-05
0.4310	-3.89336044647541e-06
0.4320	-8.066214487468516e-07
0.4330	-2.236000988636771e-06
0.4340	-2.219607446931101e-06
0.4350	-3.699901233326113e-07
0.4360	1.1505201970995693e-06
0.4370	-2.893530998008524e-06
0.4380	2.0889117949107495e-06
0.4390	3.3219618216774155e-06
0.4400	6.986792665373738e-07
0.4410	7.704840238581125e-06
0.4420	6.572116398772417e-06
0.4430	5.3965370402884414e-06
0.4440	1.7910025149448983e-05
0.4450	1.7230803731001955e-05
0.4460	1.2604695994814756e-05
0.4470	2.289327878967459e-05
0.4480	3.433838851858123e-05
0.4490	3.739224840421644e-05
0.4500	4.286447281730165e-05
0.4510	6.70227480227078e-05
0.4520	9.47691469217264e-05
0.4530	0.0001324663336074047
0.4540	0.00018458565839445717
0.4550	0.000246937328989878
0.4560	0.0002892138131470036
0.4570	0.0003307087996855703
0.4580	0.0003718829294679496
0.4590	0.00043101011402677046
0.4600	0.000503222782262352
0.4610	0.0006006090259194307
0.4620	0.0006861285441209255
0.4630	0.0007130083810520704
0.4640	0.0007166547066688983
0.4650	0.0007277802281450721
0.4660	0.0006626612302090765
0.4670	0.0004931742450918306
0.4680	0.00031040279536375423
0.4690	0.00019301996273733793
0.4700	0.00013893968084502826
0.4710	0.00010042766723433441
0.4720	6.959507404789427e-05
0.4730	5.9334373456420944e-05
0.4740	2.998916275215206e-05
0.4750	1.7761958461884344e-05
0.4760	9.02987915116823e-06
0.4770	8.861914370196616e-06
0.4780	7.062828254805134e-06
0.4790	9.528102537462079e-07
0.4800	1.320086774590443e-07
0.4810	2.3149193143505027e-06
0.4820	6.144755097624151e-06
0.4830	4.6517265314486755e-06
0.4840	1.1227449459651105e-05
0.4850	1.4678599652773296e-05
0.4860	1.4656935603576453e-05
0.4870	2.063894916974832e-05
0.4880	2.4831825667232196e-05
0.4890	2.9791425448920265e-05
0.4900	2.5639190807220135e-05
0.4910	3.7087061396586985e-05
0.4920	4.0622455142670946e-05
0.4930	4.724230209300334e-05
0.4940	6.081678141524046e-05
0.4950	9.3180035437012e-05
0.4960	0.00013725804322597143
0.4970	0.00018719852678496032
0.4980	0.00025958555206402053
0.4990	0.0003348127814507586
0.5000	0.00039280826194705776
0.5010	0.0004604642667924425
0.5020	0.0005113536406807764
0.5030	0.0005301672879970696
0.5040	0.0005311920398075288
0.5050	0.00048383706476060837
0.5060	0.0004387330615303519
0.5070	0.0003853166297793324
0.5080	0.00033628275310119873
0.5090	0.00031307660166531617
0.5100	0.00029907083116848297
0.5110	0.00029571302790605623
0.5120	0.0003422944645717805
0.5130	0.0004083635964679591
0.5140	0.0004963430164668911
0.5150	0.0005941421455621643
0.5160	0.0006527022344588863
0.5170	0.0006800347530150399
0.5180	0.0006939261094747831
0.5190	0.0006856087064306683
0.5200	0.000633990564871304
0.5210	0.0005343807092759962
0.5220	0.0004248019088837948
0.5230	0.00034817683843521693
0.5240	0.00030730366731561816
0.5250	0.0003036523671754385
0.5260	0.0003215034442231693
0.5270	0.0003529697916846216
0.5280	0.00040101373821575836
0.5290	0.0004519827044777202
0.5300	0.0005129604117233896
0.5310	0.0005741619725198873
0.5320	0.0006331026124530179
0.5330	0.0007019052449309793
0.5340	0.00076875040247003
0.5350	0.0008296634409121267
0.5360	0.000890929670512197
0.5370	0.0009333200712540776
0.5380	0.0009581976625361458
0.5390	0.0009640924727079617
0.5400	0.0009498678231836517
0.5410	0.0009138050161451887
0.5420	0.0008557597904153719
0.5430	0.0007602837637253628
0.5440	0.0006360475302772499
0.5450	0.0005103438124403726
0.5460	0.0004066250005565248
0.5470	0.0003266048179203821
0.5480	0.0002757925491440002
0.5490	0.00024500248813221745
0.5500	0.00022380355686876338
0.5510	0.00021182415845926277
0.5520	0.00020890187471628118
0.5530	0.00020778434804531205
0.5540	0.00020355127739914608
0.5550	0.00020517147965480885
0.5560	0.00020530131471428937
0.5570	0.00019522392530832777
0.5580	0.00019507618196478103
0.5590	0.00019344428957924163
0.5600	0.00018995466144799373
0.5610	0.0001828348749008111
0.5620	0.00017933654135369762
0.5630	0.00018163128897585683
0.5640	0.00018083312670406963
0.5650	0.0001875517179429341
0.5660	0.00020012805915464393
0.5670	0.00020949657898298207
0.5680	0.0002225365457710744
0.5690	0.00024441798163838763
0.5700	0.0002749618037442591
0.5710	0.00030446818900512444
0.5720	0.00033216384776595527
0.5730	0.00037689973626818274
0.5740	0.0004344698950179079
0.5750	0.0004905476967621101
0.5760	0.0005547886913265231
0.5770	0.0006299910480965024
0.5780	0.0007228629118118738
0.5790	0.0008343842635729309
0.5800	0.0009683929481455437
0.5810	0.0011477518748543242
0.5820	0.0013840566576321862
0.5830	0.001695879679412863
0.5840	0.0021424078190353966
0.5850	0.002781952439228922
0.5860	0.0037318078261041943
0.5870	0.0051806402395611064
0.5880	0.00746998304209862
0.5890	0.011307086603989165
0.5900	0.01783274841644133
0.5910	0.02929160026610715
0.5920	0.04927623296856895
0.5930	0.08279157167503419
0.5940	0.13492555638240425
0.5950	0.20797191244828953
0.5960	0.29916558091476364
0.5970	0.3988549045206155
0.5980	0.4990617949468145
0.5990	0.598364053377929
0.6000	0.7000644374882368
0.6010	0.8049993934812404
0.6020	0.8987901063794357
0.6030	0.9615990873938439
0.6040	0.989103585171314
0.6050	0.9942325724476523
0.6060	0.9934340221630437
0.6070	0.994927543207031
0.6080	0.9966490118345651
0.6090	0.9984266751651424
0.6100	1.0
0.6110	0.9999849222197209
0.6120	0.9996920023866769
0.6130	0.9990430186084234
0.6140	0.9970306721896809
0.6150	0.995942104706404
0.6160	0.995749433955206
0.6170	0.9948450457117656
0.6180	0.9947932708727207
0.6190	0.9952592867075737
0.6200	0.9970344403911199
0.6210	0.9979563464185434
0.6220	0.9983931493650132
0.6230	0.998799281887758
0.6240	0.9993248552034397
0.6250	0.9989984817008553
0.6260	0.9990182653802251
0.6270	0.999143785040698
0.6280	0.9966259598933532
0.6290	0.9955553628756844
0.6300	0.9945072382672572
0.6310	0.994157534250153
0.6320	0.99340644091832
0.6330	0.9917669648719308
0.6340	0.9902339759596708
0.6350	0.9890336483475118
0.6360	0.9883840253430076
0.6370	0.9872163654256997
0.6380	0.987579858821535
0.6390	0.9875679746852477
0.6400	0.9876907260234752
0.6410	0.9875439402756736
0.6420	0.9869699524114711
0.6430	0.9854813959417889
0.6440	0.9842102062444844
0.6450	0.9824987538197189
0.6460	0.9810264516050885
0.6470	0.9790472006902052
0.6480	0.9759269533031792
0.6490	0.9732289111238476
0.6500	0.9693549015732104
0.6510	0.9647129226202695
0.6520	0.9602384532794135
0.6530	0.9566622709291068
0.6540	0.9530281328944908
0.6550	0.9489639697014717
0.6560	0.9444579917297057
0.6570	0.9417349003380363
0.6580	0.941375075653173
0.6590	0.9399364061909237
0.6600	0.9393232265444944
0.6610	0.9393304271670461
0.6620	0.9387188816515377
0.6630	0.9390581914020985
0.6640	0.9391863152255461
0.6650	0.9389911223910087
0.6660	0.9379184684079339
0.6670	0.9365889673479003
0.6680	0.9346389417577085
0.6690	0.9325091344063231
0.6700	0.9300620146466384
0.6710	0.9279767193302043
0.6720	0.9251843253664601
0.6730	0.9218029901213179
0.6740	0.9182455293896457
0.6750	0.9152452525822937
0.6760	0.9132314287301159
0.6770	0.9114348199273535
0.6780	0.9076085981352949
0.6790	0.9011693288698925
0.6800	0.8903573764731958
0.6810	0.8720479891272839
0.6820	0.8430655306148708
0.6830	0.8002230352417371
0.6840	0.746839987516931
0.6850	0.6861995330564166
0.6860	0.6232808563403173
0.6870	0.5571543657026314
0.6880	0.4851575594461137
0.6890	0.4061356915160773
0.6900	0.3247549692814478
0.6910	0.24645366852069642
0.6920	0.17954141212341584
0.6930	0.12690018024439187
0.6940	0.08846759236079363
0.6950	0.06192698061331247
0.6960	0.043505420253080365
0.6970	0.031038685201641186
0.6980	0.022418806265123638
0.6990	0.016406684396365345
0.7000	0.012176105986398608
0.7010	0.009120191622619128
0.7020	0.006904024058585758
0.7030	0.005283956115053463
0.7040	0.004092799036693503
0.7050	0.003217700786748228
0.7060	0.0025547460596613988
0.7070	0.0020496304712637084
0.7080	0.0016611450701093152
0.7090	0.0013701528648640637
0.7100	0.0011330869800133848
0.7110	0.000936414224778862
0.7120	0.0007918893978406639
0.7130	0.0006758884878013619
0.7140	0.0005805194133634153
0.7150	0.0005021308743866444
0.7160	0.00043956629419176894
0.7170	0.00038893559551772566
0.7180	0.0003509725205588967
0.7190	0.00031515346516466903
0.7200	0.00028986796296775786
0.7210	0.0002717905451075227
0.7220	0.0002498578716496865
0.7230	0.00023125937246835625
0.7240	0.00022115536936246285
0.7250	0.00021639574541951488
0.7260	0.00021031165463416523
0.7270	0.00020388158574970183
0.7280	0.00020222780546141477
0.7290	0.00020108267018584348
0.7300	0.0002120950212557652
0.7310	0.00021823930377367094
0.7320	0.00022721757224506483
0.7330	0.00023980087778946706
0.7340	0.0002514397700755409
0.7350	0.00026647029238283326
0.7360	0.00028537845564280954
0.7370	0.0003005955225757923
0.7380	0.000321374106616024
0.7390	0.0003435754043348543
0.7400	0.00035506157875402967
0.7410	0.0003745592230311875
0.7420	0.0003864334102717988
0.7430	0.0003954348102767783
0.7440	0.00040195641039091377
0.7450	0.0004001456838908791
0.7460	0.00040352089798503696
0.7470	0.0003895051784415003
0.7480	0.0003738702515469711
0.7490	0.00036242138605293385
0.7500	0.0003450478632469704
0.7510	0.0003251124609148591
0.7520	0.00031006950229918743
0.7530	0.00029014156175210376
0.7540	0.0002802422602821346
0.7550	0.0002733898543651082
0.7560	0.00026843274184509597
0.7570	0.0002703951913073587
0.7580	0.0002785036643707003
0.7590	0.000290524600050188
0.7600	0.0003074354921844393
0.7610	0.00033805865793777107
0.7620	0.0003676943808057817
0.7630	0.00040141916186892546
0.7640	0.0004418595494569226
0.7650	0.00046687394013116376
0.7660	0.00048051408316164394
0.7670	0.000490007960978446
0.7680	0.0004878539923671411
0.7690	0.0004821830357461538
0.7700	0.0004671525134388614
0.7710	0.0004532288225773319
0.7720	0.0004308011840459972
0.7730	0.0003857792604510445
0.7740	0.0003400012093066268
0.7750	0.00027416588000798016
0.7760	0.00022594757643336477
0.7770	0.00018261325988549096
0.7780	0.00013799825230071083
0.7790	0.00011727339311267791
0.7800	9.769466410488663e-05
0.7810	7.997018867645767e-05
0.7820	7.274121134170431e-05
0.7830	5.792757825254795e-05
0.7840	5.6399404678892406e-05
0.7850	4.891846773637325e-05
0.7860	4.5404215714534195e-05
0.7870	4.034462801347609e-05
0.7880	3.78424427675492e-05
0.7890	4.101618866596143e-05
0.7900	3.689554224754487e-05
0.7910	3.648116445234465e-05
0.7920	3.954571956318611e-05
0.7930	3.546835149792972e-05
0.7940	4.020235664561623e-05
0.7950	4.3298499979741254e-05
0.7960	4.073562554892311e-05
0.7970	5.016980908550427e-05
0.7980	5.121321535853243e-05
0.7990	5.7534093455425055e-05
0.8000	6.318763924468131e-05
0.8010	7.147668750569116e-05
0.8020	7.466883914050484e-05
0.8030	8.201322541701864e-05
0.8040	9.053135047837628e-05
0.8050	9.196475938218112e-05
0.8060	9.528351263629666e-05
0.8070	9.752403795392184e-05
0.8080	9.2540809186313e-05
0.8090	9.269601431488738e-05
0.8100	9.0362216684417e-05
0.8110	8.637190277781612e-05
0.8120	8.37038171781086e-05
0.8130	7.898796904065597e-05
0.8140	6.93212265373808e-05
0.8150	6.013278445437575e-05
0.8160	5.228895603334692e-05
0.8170	4.2205099747028074e-05
0.8180	3.561932828165513e-05
0.8190	3.331313925578693e-05
0.8200	3.0457016673383516e-05
0.8210	2.5667794316492657e-05
0.8220	2.2986426739435987e-05
0.8230	1.9840463553943247e-05
0.8240	1.3771669427900216e-05
0.8250	1.4264644692057977e-05
0.8260	1.4662830413748271e-05
0.8270	1.1796012606138606e-05
0.8280	1.1107588319490852e-05
0.8290	1.3928516149180682e-05
0.8300	8.717802428696612e-06
0.8310	8.708251343861265e-06
0.8320	1.3594750504895466e-05
0.8330	1.0271967886865013e-05
0.8340	1.1418172684956944e-05
0.8350	1.287513595683228e-05
0.8360	1.0518430646327135e-05
0.8370	1.0972132048622882e-05
0.8380	1.3858897694873035e-05
0.8390	1.1459660209710484e-05
0.8400	1.1358627640436579e-05
0.8410	1.3368136093606799e-05
0.8420	1.4038701841421797e-05
0.8430	1.5177942306821287e-05
0.8440	1.4940657542943132e-05
0.8450	1.748027607709188e-05
0.8460	1.8091570379170856e-05
0.8470	1.743090393282583e-05
0.8480	2.0191441049025494e-05
0.8490	2.3235575741508048e-05
0.8500	2.2791574659748202e-05
0.8510	2.3930491781129826e-05
0.8520	2.6489336848033062e-05
0.8530	2.5399418781666106e-05
0.8540	2.7561097904166154e-05
0.8550	2.5929454244794355e-05
0.8560	2.261537704262945e-05
0.8570	1.915967516064042e-05
0.8580	5.5798730984169394e-06
0.8590	1.2457972428555086e-05
0.8600	2.5347186286472803e-05
0.8610	2.4847719269341015e-05
0.8620	2.4925844158580144e-05
0.8630	2.5468813382422922e-05
0.8640	2.4730494626557183e-05
0.8650	1.1957013054417777e-05
0.8660	1.2893989400335386e-05
0.8670	1.843274806325017e-05
0.8680	2.0816763506956384e-05
0.8690	2.1010197847488925e-05
0.8700	1.7305545944361897e-05
0.8710	1.4960729744667416e-05
0.8720	1.5377196839675366e-05
0.8730	1.7078085864103433e-05
0.8740	1.5675469259845894e-05
0.8750	1.5805254574092877e-05
0.8760	1.6005827355635168e-05
0.8770	1.4536129303979368e-05
0.8780	1.1793575089696252e-05
0.8790	1.598712314783261e-05
0.8800	2.4641724257345327e-05
0.8810	2.297620409394815e-05
0.8820	2.180923066086269e-05
0.8830	2.081820611872839e-05
0.8840	1.5318472591508036e-05
0.8850	1.3855838363011712e-05
0.8860	1.312458343030545e-05
0.8870	1.3651584434189134e-05
0.8880	1.6606252324190584e-05
0.8890	1.8294058352203567e-05
0.8900	1.894800919202374e-05
0.8910	2.172710128032541e-05
0.8920	2.7295707083350654e-05
0.8930	2.7230043375107642e-05
0.8940	1.626584569123079e-05
0.8950	1.0529051253683105e-05
0.8960	1.705878471349867e-05
0.8970	2.214023544468769e-05
0.8980	2.3372972076483197e-05
0.8990	2.313924409680154e-05
0.9000	2.0975301566176444e-05
0.9010	2.1744661347757063e-05
0.9020	2.4392823981440848e-05
0.9030	2.4084900985967937e-05
0.9040	2.0023202669269535e-05
0.9050	2.037325987753171e-05
0.9060	2.124728363043301e-05
0.9070	1.9498465073510893e-05
0.9080	1.667502510952843e-05
0.9090	1.6059925297085375e-05
0.9100	1.3614076528116989e-05
0.9110	1.3164603470670224e-05
0.9120	1.3008129838641137e-05
0.9130	1.0263958904268707e-05
0.9140	1.299527069577688e-05
0.9150	1.2469413832264096e-05
0.9160	6.306377361322291e-06
0.9170	4.026229965200473e-06
0.9180	3.5554908204250045e-06
0.9190	4.824466854837961e-06
0.9200	7.274693204355881e-06
0.9210	5.6867507326291455e-06
0.9220	5.259886883816052e-06
0.9230	1.8413695638812991e-06
0.9240	1.52424618746934e-06
0.9250	4.841977177036098e-06
0.9260	5.490953493504529e-06
0.9270	3.503755777566875e-06
0.9280	-2.4460775970425665e-06
0.9290	-4.402876000777717e-06
0.9300	-2.5079556930149015e-06
0.9310	-6.754159080829464e-07
0.9320	1.3573633653267316e-06
0.9330	1.7303232791003336e-06
0.9340	7.523120900541941e-07
0.9350	-2.8393833113247986e-06
0.9360	-8.686040097095731e-07
0.9370	6.126896558791391e-07
0.9380	-2.595308323071514e-06
0.9390	-8.62599760024019e-06
0.9400	-5.559577043141827e-06
0.9410	2.790359383693368e-06
0.9420	3.33273166473394e-06
0.9430	-2.0315008209082797e-06
0.9440	-6.664169953396427e-06
0.9450	-3.1856847544564083e-06
0.9460	-1.053206084031091e-06
0.9470	1.3707995528997903e-06
0.9480	-5.074834615131202e-07
0.9490	-3.5731752509404524e-06
0.9500	-1.0204140260963994e-06
0.9510	-2.0999900584150817e-06
0.9520	-3.374144571637203e-06
0.9530	2.856246945487208e-06
0.9540	6.284215859790273e-06
0.9550	2.0907100851024044e-06
0.9560	-5.0362323139216734e-06
0.9570	-6.493120967946733e-06
0.9580	-2.340958456835203e-06
0.9590	1.4123592082419294e-06
0.9600	1.440781147412115e-06
0.9610	-2.1712700035222115e-06
0.9620	-2.6233148895418284e-06
0.9630	2.7884939374364644e-07
0.9640	-2.1654522984623477e-06
0.9650	-4.64834385556949e-06
0.9660	-9.812993489816417e-07
0.9670	2.86977764900395e-06
0.9680	1.416149795035958e-06
0.9690	-2.307101850903238e-06
0.9700	-3.568996651324988e-06
0.9710	-1.537943537518365e-06
0.9720	2.9978467526945814e-07
0.9730	5.788529480405812e-07
0.9740	-1.7776484070071435e-06
0.9750	-4.556364918795757e-06
0.9760	-1.4572070235195713e-07
0.9770	7.147146425617183e-07
0.9780	-1.13643980875246e-07
0.9790	-1.0970540201150323e-06
0.9800	-8.44422851696749e-07
0.9810	-2.6333882993291084e-06
0.9820	-2.765561384784928e-06
0.9830	-8.154860493596582e-07
0.9840	-7.427659797421989e-08
0.9850	-1.0595510885662396e-06
0.9860	3.270997829938805e-07
0.9870	5.348085182842461e-07
0.9880	1.3643053126640893e-06
0.9890	8.274920614690908e-08
0.9900	-2.733177237765079e-06
0.9910	-4.210635545849597e-06
0.9920	-7.830521571062919e-07
0.9930	1.020147889097081e-06
0.9940	-1.97839778412842e-07
0.9950	-1.7989468287376324e-06
0.9960	-9.658534539744788e-07
;; Skysat3 Band: NIR
0.3500	0.0
0.3510	0.0
0.3520	0.0
0.3530	0.0
0.3540	0.0
0.3550	0.0
0.3560	0.0
0.3570	0.0
0.3580	0.0
0.3590	0.0
0.3600	0.0
0.3610	0.0
0.3620	0.0
0.3630	0.0
0.3640	0.0
0.3650	0.0
0.3660	0.0
0.3670	0.0
0.3680	0.0
0.3690	0.0
0.3700	0.0
0.3710	0.0
0.3720	0.0
0.3730	0.0
0.3740	0.0
0.3750	0.0
0.3760	0.0
0.3770	0.0
0.3780	0.0
0.3790	0.0
0.3800	0.0
0.3810	0.0
0.3820	0.0
0.3830	0.0
0.3840	0.0
0.3850	0.0
0.3860	0.0
0.3870	0.0
0.3880	0.0
0.3890	0.0
0.3900	0.0
0.3910	0.0
0.3920	0.0
0.3930	0.0
0.3940	0.0
0.3950	0.0
0.3960	0.0
0.3970	-4.661093854562539e-07
0.3980	-4.97640129306059e-07
0.3990	-5.846740760568689e-07
0.4000	-6.063486206644387e-07
0.4010	-6.378548814075386e-07
0.4020	-8.988063254330637e-07
0.4030	-9.183333518239081e-07
0.4040	-7.730296111143902e-07
0.4050	-3.568902464437343e-07
0.4060	-6.18159970856429e-07
0.4070	-8.031158516685802e-07
0.4080	-1.372267638074264e-06
0.4090	-1.1962515887962337e-06
0.4100	-1.1596493442717512e-06
0.4110	-1.2010887511638744e-06
0.4120	-9.85427556956555e-07
0.4130	-1.8152544780406606e-06
0.4140	-2.130988622112719e-06
0.4150	-1.8499435426554545e-06
0.4160	-1.910993918018555e-06
0.4170	-1.6844867075407703e-06
0.4180	-1.6165181057400754e-06
0.4190	-2.828215037280706e-06
0.4200	-1.7783689289957308e-06
0.4210	-2.387403696224412e-06
0.4220	-2.7326189983563717e-06
0.4230	-3.131106043092478e-06
0.4240	-3.2653014485311164e-06
0.4250	-3.0884179977583824e-06
0.4260	-2.707107601169408e-06
0.4270	-2.427587469501219e-06
0.4280	-2.5366037484867513e-06
0.4290	-2.948273197390347e-06
0.4300	-4.152160017891974e-06
0.4310	-2.077370618428026e-06
0.4320	-1.891767684081519e-06
0.4330	-2.447768544599763e-06
0.4340	-8.268819531061206e-07
0.4350	5.357778143796336e-06
0.4360	1.1267510440331191e-05
0.4370	2.2455940446004137e-05
0.4380	3.583767207794157e-05
0.4390	4.2784228967580826e-05
0.4400	4.6893193790071236e-05
0.4410	4.399299492149016e-05
0.4420	2.249507844086596e-05
0.4430	2.434512691112158e-06
0.4440	-3.5889786119357214e-06
0.4450	-2.2382456150021396e-06
0.4460	-2.7619672481227293e-06
0.4470	-4.410561721233472e-06
0.4480	-3.983996050693014e-06
0.4490	-3.307335445157512e-06
0.4500	-3.5233289100986898e-06
0.4510	-4.492475201096194e-06
0.4520	-3.7944268530602418e-06
0.4530	-3.649486861364632e-06
0.4540	-5.124489112761173e-07
0.4550	-1.2278068157527442e-06
0.4560	-1.7292173434914252e-06
0.4570	1.2112317525132293e-06
0.4580	5.580294607881151e-07
0.4590	1.2082867845352442e-06
0.4600	5.973773108502679e-06
0.4610	2.3507000216864362e-05
0.4620	5.331056581620794e-05
0.4630	8.515014656916755e-05
0.4640	0.00010243976676581111
0.4650	0.0001111358165088805
0.4660	0.0001187703486969398
0.4670	0.00010300847435870943
0.4680	7.716200836854971e-05
0.4690	5.543220189155922e-05
0.4700	2.9756278227535555e-05
0.4710	9.239539736061198e-06
0.4720	6.707356937128095e-06
0.4730	1.2076886972142995e-05
0.4740	3.089369341333219e-05
0.4750	6.169882793212449e-05
0.4760	9.773096582903989e-05
0.4770	0.00012276074533124293
0.4780	0.00013835368623320646
0.4790	0.0001509184165943867
0.4800	0.00015362030229865452
0.4810	0.0001459448483465306
0.4820	0.00013866776951636922
0.4830	0.00013386418398078162
0.4840	0.00013122630411261489
0.4850	0.00013097307883754825
0.4860	0.00013133228098878227
0.4870	0.00012566933840783725
0.4880	0.00011354985083002698
0.4890	9.339815545952923e-05
0.4900	7.206357627649636e-05
0.4910	5.224590043319289e-05
0.4920	3.429709007644144e-05
0.4930	2.604771712727761e-05
0.4940	2.4770153643526272e-05
0.4950	3.196077213115105e-05
0.4960	4.84625609298835e-05
0.4970	8.384729553377627e-05
0.4980	0.0001601247642329288
0.4990	0.0002940323182884456
0.5000	0.0004744546272561025
0.5010	0.0006708231333796143
0.5020	0.000831677144433695
0.5030	0.0009359297103717028
0.5040	0.0010201620901980873
0.5050	0.0010849723712337933
0.5060	0.0010388252126809004
0.5070	0.0008461851339499447
0.5080	0.0005970065666630156
0.5090	0.0003840874804066943
0.5100	0.00024232994282411124
0.5110	0.00015494658716474948
0.5120	0.00010540537050516217
0.5130	7.83113153490318e-05
0.5140	6.316781433444486e-05
0.5150	5.713727539425252e-05
0.5160	5.773431343919558e-05
0.5170	6.023963477248625e-05
0.5180	6.824141356112564e-05
0.5190	8.665236004487374e-05
0.5200	0.00010800967354127586
0.5210	0.00013705678109515788
0.5220	0.0001716867364951918
0.5230	0.00020898989738878153
0.5240	0.00025263768050572637
0.5250	0.0003074200307935925
0.5260	0.00036925421532993076
0.5270	0.0004317211132952685
0.5280	0.0004804320028788775
0.5290	0.0005086645224968062
0.5300	0.0005118857998218944
0.5310	0.0004986089608142561
0.5320	0.0004734158440144617
0.5330	0.00043276689171025366
0.5340	0.0003679810937812531
0.5350	0.0002895372198973452
0.5360	0.00021367596401218353
0.5370	0.0001499135599434661
0.5380	0.00010330122236317185
0.5390	7.463185416988648e-05
0.5400	5.976781033040764e-05
0.5410	5.132393658640325e-05
0.5420	4.9435939300754354e-05
0.5430	5.0313833555474384e-05
0.5440	5.235117779202585e-05
0.5450	5.477640439052334e-05
0.5460	5.950304301932275e-05
0.5470	7.030848728439074e-05
0.5480	8.454541383354568e-05
0.5490	0.00011077731387498088
0.5500	0.00016213132970676497
0.5510	0.00023740464127233133
0.5520	0.00032626782585269725
0.5530	0.00040386283545126427
0.5540	0.00043782789962491456
0.5550	0.00043487243888691286
0.5560	0.0004463969869717834
0.5570	0.0004745280765762185
0.5580	0.0004417486942844411
0.5590	0.0003378263005282881
0.5600	0.00023395357250288016
0.5610	0.00014829872417691537
0.5620	7.294461835922137e-05
0.5630	2.850452693342499e-05
0.5640	1.1941145633395247e-05
0.5650	5.111023404073236e-06
0.5660	1.4038613384841684e-06
0.5670	-1.6245065936993604e-07
0.5680	1.0394687686285837e-06
0.5690	9.218309384960996e-07
0.5700	-5.578231031744558e-07
0.5710	-1.335186224175691e-06
0.5720	-7.920319995044058e-07
0.5730	-1.1734018550668075e-06
0.5740	-3.285080301162358e-07
0.5750	7.236926535164588e-07
0.5760	-4.899034675871718e-07
0.5770	-1.2781615710722832e-06
0.5780	5.687005977249709e-07
0.5790	1.2462321023418481e-06
0.5800	1.4598227252392302e-06
0.5810	2.116088902889184e-06
0.5820	4.695929817817565e-06
0.5830	7.3427285319983785e-06
0.5840	1.0512521381271965e-05
0.5850	1.6585241216730937e-05
0.5860	2.4159509986428383e-05
0.5870	3.431625685140504e-05
0.5880	4.3004576927928876e-05
0.5890	4.980038783199669e-05
0.5900	5.832995244946977e-05
0.5910	6.935154757087919e-05
0.5920	8.120207073359796e-05
0.5930	9.515394396896929e-05
0.5940	0.00011241803178290584
0.5950	0.00013297264913804003
0.5960	0.0001612142624813164
0.5970	0.00020023928529362594
0.5980	0.00025003582578028325
0.5990	0.0003044012637368241
0.6000	0.0003519656444092889
0.6010	0.00038710939529146765
0.6020	0.00040787106977759557
0.6030	0.00042015109658365943
0.6040	0.000428111603849567
0.6050	0.0004213472712255489
0.6060	0.0003936428871951211
0.6070	0.0003505910928471176
0.6080	0.0002974064401511086
0.6090	0.00024501538987101976
0.6100	0.00020502468337851818
0.6110	0.00018145899365729445
0.6120	0.00017522874251811997
0.6130	0.00018580719340816274
0.6140	0.00021516138907186314
0.6150	0.0002664944193836141
0.6160	0.00033828833172768456
0.6170	0.00042277078900113075
0.6180	0.0005061007914660899
0.6190	0.0005729256824249781
0.6200	0.0006188664833642116
0.6210	0.000649781651959711
0.6220	0.000674621512505614
0.6230	0.0006886153567810517
0.6240	0.0006745200824921205
0.6250	0.00062508869005404
0.6260	0.0005570291509998683
0.6270	0.00048658775542193434
0.6280	0.0004217739767995562
0.6290	0.00037407738735088265
0.6300	0.00035118918016806234
0.6310	0.00035493509549397933
0.6320	0.000387938323332777
0.6330	0.0004439941449279879
0.6340	0.0005103223785794249
0.6350	0.000574058900506768
0.6360	0.0006244276461729959
0.6370	0.0006559548924361288
0.6380	0.0006733798692369862
0.6390	0.0006853451132425528
0.6400	0.0006895492124225269
0.6410	0.0006737366230775496
0.6420	0.0006330491973199476
0.6430	0.000572740310331352
0.6440	0.0005038973118626094
0.6450	0.00043911850910695316
0.6460	0.0003824331219107478
0.6470	0.00033523843614953366
0.6480	0.0002954512892013536
0.6490	0.0002630475477181695
0.6500	0.00023499305526185544
0.6510	0.0002080647857139869
0.6520	0.0001828965017795651
0.6530	0.00015579265338075255
0.6540	0.00012984265882509598
0.6550	0.0001063783991173658
0.6560	8.282914805350137e-05
0.6570	6.198912762591636e-05
0.6580	4.368170970766513e-05
0.6590	2.9443593979041644e-05
0.6600	2.105557669419216e-05
0.6610	1.5144865073389092e-05
0.6620	9.852316921029123e-06
0.6630	6.748348652926178e-06
0.6640	4.571100949487055e-06
0.6650	3.96948106600342e-06
0.6660	4.1340425189300235e-06
0.6670	1.9844292477878845e-06
0.6680	1.1386393411318977e-07
0.6690	-3.391980540211215e-07
0.6700	2.3852351924876537e-07
0.6710	5.916062928411521e-07
0.6720	-3.5277358693056505e-07
0.6730	-1.5169837842228538e-06
0.6740	-1.3981812577285298e-06
0.6750	-7.967117704717979e-07
0.6760	-8.376859983365197e-07
0.6770	5.4593830366234955e-08
0.6780	3.9596878233212835e-08
0.6790	-7.516908348273507e-07
0.6800	-4.168039061383723e-07
0.6810	5.948940243130121e-07
0.6820	6.878074142597755e-08
0.6830	7.305759040873315e-07
0.6840	-3.3123509844454343e-07
0.6850	5.37043940754967e-08
0.6860	-1.9489147527184536e-06
0.6870	-2.165565763954003e-06
0.6880	-2.029436193085643e-06
0.6890	-1.1476666123328234e-06
0.6900	-1.0850423229672371e-07
0.6910	1.661748896584854e-06
0.6920	3.2104732798578446e-06
0.6930	9.382381175753492e-07
0.6940	-3.534416259849536e-07
0.6950	1.263901910209759e-06
0.6960	1.7777148802880307e-06
0.6970	2.4824401212811958e-06
0.6980	3.639553715215608e-06
0.6990	1.6315996994705648e-06
0.7000	1.5732249779116907e-06
0.7010	2.9241783228056205e-06
0.7020	3.6346920697412623e-06
0.7030	3.420433407789492e-06
0.7040	4.465648711320486e-06
0.7050	5.978075140109474e-06
0.7060	7.5430003448480545e-06
0.7070	1.0139503762682757e-05
0.7080	1.265822085292792e-05
0.7090	1.4184182942138289e-05
0.7100	1.7013485728874048e-05
0.7110	2.094029623747673e-05
0.7120	2.5713697600083337e-05
0.7130	3.1119217801955085e-05
0.7140	4.0030229221897344e-05
0.7150	5.265686686717538e-05
0.7160	6.629885392339056e-05
0.7170	8.338141698904039e-05
0.7180	0.00010804220109732723
0.7190	0.00014156552007427977
0.7200	0.00018871928407142926
0.7210	0.00025484640648921526
0.7220	0.00034472633951518713
0.7230	0.000479179866850233
0.7240	0.0006777868284439473
0.7250	0.0009736301971112535
0.7260	0.0014346820722395187
0.7270	0.002152876519507293
0.7280	0.00333475302708082
0.7290	0.005298284194502361
0.7300	0.008630060775325148
0.7310	0.01438399657113391
0.7320	0.024165896579691804
0.7330	0.04068484453863803
0.7340	0.06635442358043835
0.7350	0.10319642417371298
0.7360	0.15235159820194386
0.7370	0.21151015691474911
0.7380	0.2809516868979438
0.7390	0.35594126723748865
0.7400	0.4331750635724851
0.7410	0.5108003098078332
0.7420	0.5900930304891485
0.7430	0.6779108773504499
0.7440	0.767891177123567
0.7450	0.846655468420101
0.7460	0.9057764455641135
0.7470	0.947215124958209
0.7480	0.9744103303208991
0.7490	0.9912480972953623
0.7500	0.9994297884448327
0.7510	1.0
0.7520	0.9963282649898135
0.7530	0.9930727532863778
0.7540	0.9891668093798613
0.7550	0.984664957148897
0.7560	0.9808408287898166
0.7570	0.9761842817979279
0.7580	0.9746378098604718
0.7590	0.971500037417182
0.7600	0.9690738000161363
0.7610	0.9684004201468993
0.7620	0.9675881581060831
0.7630	0.9668833384302498
0.7640	0.9668290314019905
0.7650	0.9669991540177261
0.7660	0.9663759890003416
0.7670	0.966223420772114
0.7680	0.9638297878740264
0.7690	0.961461760807966
0.7700	0.9576216974440069
0.7710	0.9546980472567889
0.7720	0.9516859186195243
0.7730	0.9477931046533753
0.7740	0.94331808590736
0.7750	0.9372960775810611
0.7760	0.9308732038510891
0.7770	0.9274488461510534
0.7780	0.9253833953080041
0.7790	0.9242007947999895
0.7800	0.9220783577772902
0.7810	0.9199340783258232
0.7820	0.9198300810837122
0.7830	0.9190133701126489
0.7840	0.9195861943650604
0.7850	0.9161644283767488
0.7860	0.9135499088899656
0.7870	0.9102714740034804
0.7880	0.9044464672464928
0.7890	0.8988108373198709
0.7900	0.8946048564382674
0.7910	0.8907487286587229
0.7920	0.8848918588871515
0.7930	0.8798801389638751
0.7940	0.8736446939084925
0.7950	0.8670226605982325
0.7960	0.8606569619175907
0.7970	0.854060810748705
0.7980	0.8485004943558954
0.7990	0.8433075434816126
0.8000	0.83967403009858
0.8010	0.834108383383682
0.8020	0.829698584136343
0.8030	0.8249443145728333
0.8040	0.819334787135546
0.8050	0.8153889217747532
0.8060	0.8105381502973711
0.8070	0.8059351443622603
0.8080	0.7969077962144275
0.8090	0.7871232974989721
0.8100	0.778717662870055
0.8110	0.7700662493280961
0.8120	0.7612455246105098
0.8130	0.7526121341326726
0.8140	0.7435698093187096
0.8150	0.7337234627781299
0.8160	0.7247133472398312
0.8170	0.7146788410290477
0.8180	0.713315656623561
0.8190	0.7134551683607414
0.8200	0.7084679770127971
0.8210	0.7030741247600638
0.8220	0.6970275528825661
0.8230	0.6934381685505764
0.8240	0.6918351231486977
0.8250	0.6846317139866126
0.8260	0.6796007398487058
0.8270	0.6740671729987651
0.8280	0.6653966381504695
0.8290	0.6551209523531182
0.8300	0.6426044292290408
0.8310	0.6319961614126176
0.8320	0.6226237728419866
0.8330	0.6167306505845579
0.8340	0.6055898157383202
0.8350	0.5924296911979328
0.8360	0.5842150178061438
0.8370	0.5759746616354208
0.8380	0.5668969517370953
0.8390	0.5585887773607986
0.8400	0.5482511388107228
0.8410	0.5422764038658853
0.8420	0.5345851513147631
0.8430	0.52619696964334
0.8440	0.5169470525676224
0.8450	0.5080461666610961
0.8460	0.500727826800963
0.8470	0.49256790463094047
0.8480	0.4832861490237459
0.8490	0.4711598236639915
0.8500	0.4620434304570714
0.8510	0.4538332164882895
0.8520	0.44501083741220726
0.8530	0.43671620918909193
0.8540	0.4286622988711035
0.8550	0.42029233612865585
0.8560	0.39194261587892876
0.8570	0.4074489425445421
0.8580	0.3996408950816754
0.8590	0.3855708488854107
0.8600	0.4005247911951249
0.8610	0.3863401255860259
0.8620	0.38050589219539693
0.8630	0.36726115054064923
0.8640	0.36577831719269366
0.8650	0.34460172749723034
0.8660	0.336931079229194
0.8670	0.33091314209378153
0.8680	0.32325395891485664
0.8690	0.32094000803633493
0.8700	0.31779121819502787
0.8710	0.3042898551085548
0.8720	0.30162368326179667
0.8730	0.30165273071910925
0.8740	0.2960337213243536
0.8750	0.28682177404954934
0.8760	0.2798948945825278
0.8770	0.2784151915746439
0.8780	0.2684816187200464
0.8790	0.2694226199310928
0.8800	0.2721402028043454
0.8810	0.2672771827784372
0.8820	0.2662308762278645
0.8830	0.2633396241859909
0.8840	0.25864891276748825
0.8850	0.2538149751747593
0.8860	0.2524028000727554
0.8870	0.25204674574952635
0.8880	0.24663578330279262
0.8890	0.23607783176823555
0.8900	0.22589595474301924
0.8910	0.21393066177123915
0.8920	0.2010256896761748
0.8930	0.18928904793550258
0.8940	0.17397721157196974
0.8950	0.15901012882912813
0.8960	0.1439215399252946
0.8970	0.12972516789360372
0.8980	0.11689476784397719
0.8990	0.10234722761763827
0.9000	0.08363708357960423
0.9010	0.06503947439274795
0.9020	0.04810613936005383
0.9030	0.03321713674208223
0.9040	0.021698625491807903
0.9050	0.013601471012204519
0.9060	0.008277133294581006
0.9070	0.005036307957581884
0.9080	0.0030762079226857625
0.9090	0.0019512896140688716
0.9100	0.0012450429228733032
0.9110	0.0008050570122716466
0.9120	0.0005387192847709466
0.9130	0.0003669213250195791
0.9140	0.00025377824351952797
0.9150	0.00017807927565595595
0.9160	0.00012561652484908715
0.9170	8.815947014192101e-05
0.9180	6.294221999408852e-05
0.9190	4.4827868860142236e-05
0.9200	3.1846540950437276e-05
0.9210	2.2866627073052844e-05
0.9220	1.6389481290688386e-05
0.9230	1.1305424279857745e-05
0.9240	7.707876580575156e-06
0.9250	5.26023045150892e-06
0.9260	2.5578970561470526e-06
0.9270	7.383685271929738e-07
0.9280	-4.177132786731421e-07
0.9290	-8.468601681776776e-07
0.9300	-6.090452599886982e-07
0.9310	-1.420100633403153e-07
0.9320	4.446691791557209e-07
0.9330	2.688154178992803e-07
0.9340	1.295485117859647e-07
0.9350	-4.2366267360253957e-07
0.9360	-1.23708941078074e-06
0.9370	-1.5287111923347112e-06
0.9380	-1.8547632170897343e-06
0.9390	-1.976451252588616e-06
0.9400	-2.024606025891347e-06
0.9410	-2.4691492919268687e-06
0.9420	-2.174155836820905e-06
0.9430	-1.1104732756607405e-06
0.9440	-1.0140902797351634e-06
0.9450	-1.5409457505140366e-06
0.9460	-1.456769332074407e-06
0.9470	-8.302291435514077e-07
0.9480	-1.3475746761685929e-06
0.9490	-1.3771852449353651e-06
0.9500	-9.936189049428272e-07
0.9510	-1.6222331623624362e-06
0.9520	-1.9856114320830855e-06
0.9530	-1.6852631717819968e-06
0.9540	-1.2260440320699597e-06
0.9550	-1.2657451383860038e-06
0.9560	-1.762640281730886e-06
0.9570	-1.99264158129419e-06
0.9580	-1.9669972758136827e-06
0.9590	-2.0377744397121475e-06
0.9600	-1.8291119164358827e-06
0.9610	-1.5387912371239667e-06
0.9620	-1.6080924194467665e-06
0.9630	-1.5322367597002802e-06
0.9640	-1.562483889241391e-06
0.9650	-1.7154333544163194e-06
0.9660	-1.3016023969493098e-06
0.9670	-1.2815052639308982e-06
0.9680	-1.8036809637423796e-06
0.9690	-1.7103898344350195e-06
0.9700	-1.5841899121290106e-06
0.9710	-1.1513670590320021e-06
0.9720	-1.4103703472811165e-06
0.9730	-1.3887027978468913e-06
0.9740	-1.5003632523566002e-06
0.9750	-1.3175898656278963e-06
0.9760	-1.8598067370710342e-06
0.9770	-1.8159889712418207e-06
0.9780	-1.1041321510240576e-06
0.9790	-1.2621391265269746e-06
0.9800	-1.5108245340931248e-06
0.9810	-1.440113824341432e-06
0.9820	-1.8193956206605354e-06
0.9830	-1.4647228441669705e-06
0.9840	-1.029713999399842e-06
0.9850	-1.08648332867618e-06
0.9860	-1.4060962963676988e-06
0.9870	-1.2697988413390737e-06
0.9880	-1.3570146625968375e-06
0.9890	-1.4152809589688731e-06
0.9900	-1.4423347918782735e-06
0.9910	-1.2066079429325922e-06
0.9920	-1.5568038084857523e-06
0.9930	-1.409884182733682e-06
0.9940	-9.670477389941894e-07
0.9950	-9.39605673964176e-07
0.9960	-1.0318755079632563e-06
;; Skysat3 Band: PAN
0.3500	0.0
0.3510	0.0
0.3520	0.0
0.3530	0.0
0.3540	0.0
0.3550	0.0
0.3560	0.0
0.3570	0.0
0.3580	0.0
0.3590	0.0
0.3600	0.0
0.3610	0.0
0.3620	0.0
0.3630	0.0
0.3640	0.0
0.3650	0.0
0.3660	0.0
0.3670	0.0
0.3680	0.0
0.3690	0.0
0.3700	0.0
0.3710	0.0
0.3720	0.0
0.3730	0.0
0.3740	0.0
0.3750	0.0
0.3760	0.0
0.3770	0.0
0.3780	0.0
0.3790	0.0
0.3800	0.0
0.3810	0.0
0.3820	0.0
0.3830	0.0
0.3840	0.0
0.3850	0.0
0.3860	0.0
0.3870	0.0
0.3880	0.0
0.3890	0.0
0.3900	0.0
0.3910	0.0
0.3920	0.0
0.3930	0.0
0.3940	0.0
0.3950	0.0
0.3960	0.0
0.3970	-1.5458301534327657e-07
0.3980	-1.7378746703701634e-07
0.3990	-1.531295872457183e-07
0.4000	-1.9240106861283573e-07
0.4010	-2.4830773939621997e-07
0.4020	-2.620229480158205e-07
0.4030	-1.6774966422772844e-07
0.4040	-4.359482233691104e-07
0.4050	-4.503658412198051e-07
0.4060	-3.7899717456980506e-07
0.4070	-1.58382830540137e-07
0.4080	-2.163332934426462e-07
0.4090	-2.65250627804378e-07
0.4100	-8.454479441334904e-07
0.4110	-3.016252179516297e-07
0.4120	-1.6653563858436667e-07
0.4130	-6.56482847596772e-07
0.4140	-9.844666403276977e-07
0.4150	-2.903623654364376e-07
0.4160	4.818770373483043e-07
0.4170	6.955309676893648e-07
0.4180	1.3204272742228143e-06
0.4190	1.8351911603805843e-06
0.4200	3.277699103352985e-06
0.4210	4.269846066069117e-06
0.4220	5.967294533183953e-06
0.4230	1.0541291087762163e-05
0.4240	1.560755741973075e-05
0.4250	2.2099738795638242e-05
0.4260	3.089774253013181e-05
0.4270	4.40495654757959e-05
0.4280	6.380403519374543e-05
0.4290	9.547564311896512e-05
0.4300	0.00014180548658996022
0.4310	0.00021264673869619748
0.4320	0.0003201138927645486
0.4330	0.0004858095568497244
0.4340	0.0007581717743087101
0.4350	0.0012213365325213943
0.4360	0.0020038082635514876
0.4370	0.0033372945163164095
0.4380	0.005550454757478727
0.4390	0.009501166414935999
0.4400	0.016806657474552213
0.4410	0.030471421445047695
0.4420	0.05565935711103137
0.4430	0.09602850966780753
0.4440	0.15781897092225566
0.4450	0.2452672820487713
0.4460	0.3573850195827075
0.4470	0.4853056790914077
0.4480	0.6103308084500326
0.4490	0.7202387057809023
0.4500	0.7958157759178639
0.4510	0.8343229922928791
0.4520	0.8530302427617202
0.4530	0.8666825821094152
0.4540	0.8792110156472422
0.4550	0.8873101853893232
0.4560	0.8915080575987818
0.4570	0.8943937710329942
0.4580	0.895578988175954
0.4590	0.895973489393725
0.4600	0.8953407863797512
0.4610	0.8939852994060179
0.4620	0.8921667740591239
0.4630	0.8903343293431416
0.4640	0.8887000296533357
0.4650	0.8887046354162871
0.4660	0.8894561768363313
0.4670	0.8922495514071952
0.4680	0.8951661125160132
0.4690	0.8971839981299677
0.4700	0.8992897432293716
0.4710	0.9016976045040443
0.4720	0.9042233757407518
0.4730	0.9078671491471116
0.4740	0.9123664351226081
0.4750	0.9165949678595764
0.4760	0.9215703657696664
0.4770	0.9259895114698103
0.4780	0.9296248340910611
0.4790	0.932084250745007
0.4800	0.9339145371931787
0.4810	0.936271465291911
0.4820	0.9394382420683134
0.4830	0.9421923230404261
0.4840	0.9445976225873147
0.4850	0.9468926220105858
0.4860	0.9485188330570661
0.4870	0.9488805543672255
0.4880	0.9497107729125976
0.4890	0.9513049599312963
0.4900	0.9532549792028293
0.4910	0.9548815669739837
0.4920	0.9568240468910708
0.4930	0.9580865266189692
0.4940	0.9588264697800143
0.4950	0.9606106985986731
0.4960	0.9622032328897693
0.4970	0.9627703056045486
0.4980	0.9638698288213149
0.4990	0.9651856892202947
0.5000	0.9670145684195225
0.5010	0.968477589628621
0.5020	0.970531322418179
0.5030	0.9737198738807454
0.5040	0.9765080277767706
0.5050	0.9774953137759498
0.5060	0.9792159125819094
0.5070	0.9793479703783187
0.5080	0.979097450900513
0.5090	0.9782982282891346
0.5100	0.9776414683666163
0.5110	0.9775731864118121
0.5120	0.9770791375217673
0.5130	0.9762938683062216
0.5140	0.9741237518971794
0.5150	0.9712022447579624
0.5160	0.9693904712894212
0.5170	0.9671209603284564
0.5180	0.963021612558447
0.5190	0.9574350165370709
0.5200	0.9528121721599094
0.5210	0.9455297342198674
0.5220	0.9371415291553957
0.5230	0.9277431867021576
0.5240	0.9172866878318527
0.5250	0.9098383379148481
0.5260	0.9039960187542
0.5270	0.8983536480372004
0.5280	0.894483387756762
0.5290	0.8923529586845175
0.5300	0.8904350606600369
0.5310	0.8903175857542386
0.5320	0.8912371658227929
0.5330	0.8943594186036784
0.5340	0.8987355277631477
0.5350	0.9039102470525899
0.5360	0.9073685528256777
0.5370	0.9133230921905406
0.5380	0.9206628554735744
0.5390	0.9296291627790907
0.5400	0.938124615282079
0.5410	0.9464442467339343
0.5420	0.9546268014445286
0.5430	0.9629508320683849
0.5440	0.969431753022259
0.5450	0.9741215790464782
0.5460	0.9776806064145342
0.5470	0.9805935922846708
0.5480	0.9819234984377908
0.5490	0.981424355257959
0.5500	0.9801015436811213
0.5510	0.9788281608120095
0.5520	0.976831291573907
0.5530	0.9745685592265946
0.5540	0.9727026783729233
0.5550	0.9699955980572498
0.5560	0.9670516454189008
0.5570	0.9637638452333179
0.5580	0.9604361948686589
0.5590	0.9588377229106024
0.5600	0.9537153683508622
0.5610	0.9495542134294802
0.5620	0.9470427747437614
0.5630	0.9442240769833518
0.5640	0.9415269154637754
0.5650	0.9396478006368746
0.5660	0.9390795904566277
0.5670	0.9386660221093829
0.5680	0.9389479434116373
0.5690	0.9393990092316065
0.5700	0.9398902411932817
0.5710	0.9396041734891302
0.5720	0.9404909882329634
0.5730	0.9426954522103581
0.5740	0.9449174910014206
0.5750	0.9475988179322753
0.5760	0.9509633265529535
0.5770	0.9546032573676372
0.5780	0.9576472923842491
0.5790	0.9614075004502103
0.5800	0.9661063775885353
0.5810	0.9697628065134636
0.5820	0.9729856520737835
0.5830	0.976259020058625
0.5840	0.9801967626653656
0.5850	0.9840239134906762
0.5860	0.9873722229503675
0.5870	0.989748779619862
0.5880	0.9911388329053068
0.5890	0.9925119578852342
0.5900	0.9938231784945178
0.5910	0.994755683865117
0.5920	0.9949921211315559
0.5930	0.9959216224266891
0.5940	0.9963737333538186
0.5950	0.9968688467948782
0.5960	0.9981230167056101
0.5970	0.9984297167694944
0.5980	0.9991400736759715
0.5990	0.9998001341927315
0.6000	1.0
0.6010	0.9998036170731057
0.6020	0.9994793276126629
0.6030	0.9985249333232568
0.6040	0.996957928812657
0.6050	0.995218928829228
0.6060	0.9941552698014375
0.6070	0.9944594397338007
0.6080	0.992715240949869
0.6090	0.9904098293427018
0.6100	0.9891969363038441
0.6110	0.9879911937423493
0.6120	0.9870040875988211
0.6130	0.9859941008999242
0.6140	0.98448547170044
0.6150	0.983375414775689
0.6160	0.9823930261972734
0.6170	0.9807197172750832
0.6180	0.9800047740495089
0.6190	0.9800788016632136
0.6200	0.9806461004127973
0.6210	0.9801328968959349
0.6220	0.9801734081660523
0.6230	0.9807559922154779
0.6240	0.9814579590988902
0.6250	0.9812422635638637
0.6260	0.9817789139383468
0.6270	0.982882532516893
0.6280	0.9810398651945925
0.6290	0.9805973303656308
0.6300	0.9797693114062591
0.6310	0.9787263649440998
0.6320	0.9773221856986165
0.6330	0.9754973022114161
0.6340	0.9734845011653211
0.6350	0.9711979039175238
0.6360	0.9700454934174751
0.6370	0.9686845913303617
0.6380	0.9688440892659371
0.6390	0.9686911414787277
0.6400	0.9686837771189691
0.6410	0.9688143620434267
0.6420	0.9688635258286399
0.6430	0.9675732365283463
0.6440	0.966301610897553
0.6450	0.9645226975425218
0.6460	0.963279119671337
0.6470	0.9619340278681275
0.6480	0.9594165299913598
0.6490	0.957184394979031
0.6500	0.9539768006918083
0.6510	0.950420507615742
0.6520	0.9473430170175868
0.6530	0.9449731781997004
0.6540	0.9423786121765357
0.6550	0.9392408043123318
0.6560	0.9358506978576678
0.6570	0.9329662215386757
0.6580	0.9316535207659948
0.6590	0.9294329402639934
0.6600	0.9273804786164002
0.6610	0.9258626549043857
0.6620	0.9241315272514049
0.6630	0.9233444716317595
0.6640	0.922718022247376
0.6650	0.921671838383501
0.6660	0.9206276669585303
0.6670	0.9199064725338473
0.6680	0.9181455933535384
0.6690	0.9166082966215948
0.6700	0.9148243521693028
0.6710	0.9141392285245461
0.6720	0.9131546646649477
0.6730	0.9120265516911387
0.6740	0.9101216202868929
0.6750	0.9085249031366732
0.6760	0.9080233756542266
0.6770	0.9072751858685412
0.6780	0.9046113705588287
0.6790	0.9019122427795017
0.6800	0.8996696007944875
0.6810	0.8982748639706749
0.6820	0.8979540233638614
0.6830	0.8969036858066441
0.6840	0.8956115517706883
0.6850	0.8936027999072197
0.6860	0.8930079249114906
0.6870	0.8925916465770739
0.6880	0.8923402618477589
0.6890	0.8909985800104706
0.6900	0.8900161233785654
0.6910	0.8892388820443011
0.6920	0.8883359945245328
0.6930	0.8883179506278835
0.6940	0.8879731284574605
0.6950	0.8872635444441858
0.6960	0.8858670552430179
0.6970	0.8847914722716713
0.6980	0.8825006897342687
0.6990	0.8803236197168866
0.7000	0.8780818527053091
0.7010	0.8759633208413213
0.7020	0.8722840939974046
0.7030	0.8690620772313677
0.7040	0.8667574725441477
0.7050	0.8654450172501256
0.7060	0.8633446337935031
0.7070	0.8610319040057309
0.7080	0.8591497340632471
0.7090	0.8572923282995025
0.7100	0.8560092453776526
0.7110	0.8535586732468623
0.7120	0.8511804711412104
0.7130	0.8479565221421677
0.7140	0.8449659139757907
0.7150	0.8428424846910394
0.7160	0.8400314818359086
0.7170	0.8377323044144777
0.7180	0.834737715118964
0.7190	0.8305329597851367
0.7200	0.8264828778805748
0.7210	0.8232664366397148
0.7220	0.8200840488789133
0.7230	0.816721839493988
0.7240	0.8123782064319093
0.7250	0.8074913412507183
0.7260	0.8030814654080394
0.7270	0.7998010441651057
0.7280	0.7960449873620051
0.7290	0.7919969689364645
0.7300	0.7877376906051248
0.7310	0.7840507931607468
0.7320	0.7798737210142628
0.7330	0.7753442144284567
0.7340	0.7703115835336823
0.7350	0.7669317239901543
0.7360	0.7634934186515394
0.7370	0.7587373522772017
0.7380	0.7556787902710596
0.7390	0.7523665175645496
0.7400	0.7502475530748071
0.7410	0.7468180193448947
0.7420	0.7429506780730601
0.7430	0.7407080919891267
0.7440	0.7389700496155145
0.7450	0.7361054522069068
0.7460	0.7328097942737664
0.7470	0.7302380820706708
0.7480	0.7260615835178842
0.7490	0.7228758052350157
0.7500	0.7208378535635804
0.7510	0.7185472290074927
0.7520	0.7153078707540377
0.7530	0.7126388833791217
0.7540	0.7087370973196642
0.7550	0.7047580608276769
0.7560	0.7017985944241997
0.7570	0.6983982945289987
0.7580	0.6970488740377595
0.7590	0.6947964736684448
0.7600	0.6931926327761616
0.7610	0.6919791977398697
0.7620	0.6903504419789778
0.7630	0.6886734484464265
0.7640	0.6870157116209271
0.7650	0.6852206647279167
0.7660	0.6828212080591995
0.7670	0.6810839385787897
0.7680	0.6786114823901557
0.7690	0.6761242415809241
0.7700	0.6730523994223988
0.7710	0.6711449767743405
0.7720	0.6687324295308181
0.7730	0.6666023115602399
0.7740	0.6640785260271372
0.7750	0.6602543768468107
0.7760	0.6562363797320745
0.7770	0.6538408409999681
0.7780	0.6520642973646611
0.7790	0.6509569018174467
0.7800	0.6486164207888419
0.7810	0.6464392219559262
0.7820	0.6461794472035461
0.7830	0.6444389840700926
0.7840	0.6437260678663133
0.7850	0.6406632184903315
0.7860	0.638077657402119
0.7870	0.6354417075658821
0.7880	0.631272604969117
0.7890	0.6273051302789024
0.7900	0.6242020904563969
0.7910	0.6215846681826812
0.7920	0.6179643173291245
0.7930	0.6145056785800344
0.7940	0.6104421269455114
0.7950	0.6061481218906634
0.7960	0.6020384518645832
0.7970	0.5979755491686923
0.7980	0.5938721036064213
0.7990	0.5903654482595128
0.8000	0.5875180100521906
0.8010	0.5832884540823978
0.8020	0.5801063895756714
0.8030	0.5767476606406386
0.8040	0.572548150286468
0.8050	0.5694868734321904
0.8060	0.565737923357781
0.8070	0.5622484466560121
0.8080	0.5556872517502883
0.8090	0.5483834304316471
0.8100	0.5425057793575304
0.8110	0.536365884161557
0.8120	0.5302716723009041
0.8130	0.5243569077701826
0.8140	0.5181146285297115
0.8150	0.511345151058355
0.8160	0.505132212593793
0.8170	0.4982454668075886
0.8180	0.4972502185501358
0.8190	0.49752477306215
0.8200	0.4942063998464013
0.8210	0.49046807583828367
0.8220	0.48619641177185174
0.8230	0.48357383930726877
0.8240	0.48246636355415584
0.8250	0.47721707465357455
0.8260	0.47362405699798626
0.8270	0.4697035343545754
0.8280	0.4635786449530407
0.8290	0.45660940861561355
0.8300	0.447777200711192
0.8310	0.44023815736699606
0.8320	0.43344855064563287
0.8330	0.4293709799922692
0.8340	0.42160433418286286
0.8350	0.41231227426687905
0.8360	0.4064773267574348
0.8370	0.4006229767120327
0.8380	0.3945691181401821
0.8390	0.38876361834784495
0.8400	0.38142608624707464
0.8410	0.37729161072406525
0.8420	0.3719198814434325
0.8430	0.36591679320524406
0.8440	0.35940357600963024
0.8450	0.35322215360216036
0.8460	0.3481809382457796
0.8470	0.3423977697199313
0.8480	0.3358609525463455
0.8490	0.327443129631043
0.8500	0.3207914381671511
0.8510	0.31524276981377225
0.8520	0.3091573927543479
0.8530	0.30344681299699733
0.8540	0.29781707835471216
0.8550	0.29187410565258554
0.8560	0.27215260055886203
0.8570	0.28308095315970183
0.8580	0.27726613733074607
0.8590	0.26747952541499126
0.8600	0.27781181451451725
0.8610	0.26798349067065164
0.8620	0.26394258626524736
0.8630	0.25469752457522093
0.8640	0.25340837517087683
0.8650	0.23870058696280536
0.8660	0.2333056708861013
0.8670	0.22913811164525913
0.8680	0.22380880399341374
0.8690	0.2221636497720298
0.8700	0.22002869028176872
0.8710	0.21072965731359114
0.8720	0.20880453832777632
0.8730	0.20881519842081292
0.8740	0.2048735087116803
0.8750	0.1984595548219735
0.8760	0.19357189244276254
0.8770	0.1924691366852441
0.8780	0.1856410821727852
0.8790	0.18623884458085518
0.8800	0.188074001714491
0.8810	0.18471342804379595
0.8820	0.1840625984967927
0.8830	0.18209090904981184
0.8840	0.1788064021670253
0.8850	0.1754580708329982
0.8860	0.17432437990353036
0.8870	0.1737634976258155
0.8880	0.16956449767281614
0.8890	0.16173605929492763
0.8900	0.15408839285953427
0.8910	0.14528032693051915
0.8920	0.13602680716393833
0.8930	0.1276204877188461
0.8940	0.11654491840680695
0.8950	0.10505053576786653
0.8960	0.09241189446472894
0.8970	0.07949526680932006
0.8980	0.0670593276856747
0.8990	0.05380653523590215
0.9000	0.03973494507458762
0.9010	0.02795047714513239
0.9020	0.018742057398247722
0.9030	0.011904278528233041
0.9040	0.007318093107585844
0.9050	0.004445501844441574
0.9060	0.0026980607978306257
0.9070	0.0016804302337718542
0.9080	0.0010599841393565137
0.9090	0.0006950351494085926
0.9100	0.0004596138243489173
0.9110	0.00030823612836192806
0.9120	0.00021226928487755068
0.9130	0.00014675103089248782
0.9140	0.00010360098671921083
0.9150	7.367811042642116e-05
0.9160	5.2290113911868134e-05
0.9170	3.641615138549297e-05
0.9180	2.589897067687425e-05
0.9190	2.035047245721916e-05
0.9200	1.4780634607636705e-05
0.9210	9.880904886445194e-06
0.9220	6.632906270303182e-06
0.9230	4.915382023780601e-06
0.9240	3.352752380364019e-06
0.9250	1.9076413914175636e-06
0.9260	3.858292588210362e-07
0.9270	-5.543540036847367e-07
0.9280	-2.3666087076160616e-07
0.9290	-2.932838045221651e-07
0.9300	-4.930451010745252e-07
0.9310	-7.778343718158106e-07
0.9320	-9.96990912880737e-07
0.9330	-7.509143557479928e-07
0.9340	-4.240850418571007e-07
0.9350	-9.843912953928743e-07
0.9360	-9.7638771892923e-07
0.9370	-1.1446767070613871e-06
0.9380	-1.4411736084814985e-06
0.9390	-9.995356272923482e-07
0.9400	-1.4249671560491938e-06
0.9410	-1.2254877953819787e-06
0.9420	-1.1139432650988053e-06
0.9430	-1.3565077760760787e-06
0.9440	-8.132878093728039e-07
0.9450	-9.717916779050117e-07
0.9460	-1.4984284675018655e-06
0.9470	-9.322841967581738e-07
0.9480	-1.1835741372843336e-06
0.9490	-1.3733412928046543e-06
0.9500	-5.868179486664848e-07
0.9510	-4.882400386182164e-07
0.9520	-9.000924657344967e-07
0.9530	-1.2970776358729114e-06
0.9540	-8.348437521775596e-07
0.9550	-9.08283189294315e-07
0.9560	-1.1152216985090321e-06
0.9570	-1.1444579637022228e-06
0.9580	-1.2526605815537193e-06
0.9590	-8.040228128713122e-07
0.9600	-7.75564301844039e-07
0.9610	-1.0934518733086489e-06
0.9620	-1.3147326554392375e-06
0.9630	-1.1984195199262828e-06
0.9640	-1.15061923498535e-06
0.9650	-1.197337955539304e-06
0.9660	-1.3052464850968133e-06
0.9670	-9.870137852210775e-07
0.9680	-1.1445649049000364e-06
0.9690	-1.5559652624073773e-06
0.9700	-1.5228839750564321e-06
0.9710	-1.1974400357735806e-06
0.9720	-8.42387967586959e-07
0.9730	-1.0918137285966853e-06
0.9740	-1.3443164795253226e-06
0.9750	-9.592576834248984e-07
0.9760	-9.589854694668273e-07
0.9770	-1.2543959455364228e-06
0.9780	-1.1436826400180739e-06
0.9790	-1.3234289192069019e-06
0.9800	-1.0728802756201324e-06
0.9810	-7.975771752212714e-07
0.9820	-9.5907782777403e-07
0.9830	-9.975888113957863e-07
0.9840	-1.1370279809359425e-06
0.9850	-8.440066684447747e-07
0.9860	-1.0185930348390944e-06
0.9870	-9.120237007360242e-07
0.9880	-1.0056312755677264e-06
0.9890	-1.0232911560975895e-06
0.9900	-6.254285820407493e-07
0.9910	-7.159567364717719e-07
0.9920	-8.357041427236059e-07
0.9930	-8.103080387246326e-07
0.9940	-7.783156072059719e-07
0.9950	-8.743998429597675e-07
0.9960	-8.486999287397328e-07
