;; Skysat10 RSR
;;
;; Quinten Vanhellemont 2022-02-19 from Skysat_RSR_Skysat10.csv
;; normalised to per channel maximum value
;;
;; datasets: wavelength, RSR
;; Skysat10 Band: Blue
0.3500	0.0
0.3510	0.0
0.3520	0.0
0.3530	0.0
0.3540	0.0
0.3550	0.0
0.3560	0.0
0.3570	0.0
0.3580	0.0
0.3590	0.0
0.3600	0.0
0.3610	0.0
0.3620	0.0
0.3630	0.0
0.3640	0.0
0.3650	0.0
0.3660	0.0
0.3670	0.0
0.3680	0.0
0.3690	0.0
0.3700	0.0
0.3710	0.0
0.3720	0.0
0.3730	0.0
0.3740	0.0
0.3750	0.0
0.3760	0.0
0.3770	0.0
0.3780	0.0
0.3790	0.0
0.3800	0.0
0.3810	0.0
0.3820	0.0
0.3830	0.0
0.3840	0.0
0.3850	0.0
0.3860	0.0
0.3870	0.0
0.3880	0.0
0.3890	0.0
0.3900	0.0
0.3910	0.0
0.3920	0.0
0.3930	0.0
0.3940	0.0
0.3950	0.0
0.3960	0.0
0.3970	1.937203607847999e-05
0.3980	8.626609816198122e-06
0.3990	6.7348094179090595e-06
0.4000	1.193095451187635e-05
0.4010	8.525713794956038e-06
0.4020	1.1729162469392183e-05
0.4030	1.536141923410718e-05
0.4040	3.7836007965781235e-05
0.4050	6.633913396666976e-05
0.4060	7.34018554536156e-05
0.4070	8.777953848061246e-05
0.4080	4.388976924030623e-05
0.4090	5.751073210798748e-05
0.4100	0.00010846322283523955
0.4110	0.00018489195892611764
0.4120	0.00031530006638151033
0.4130	0.00035818087540939573
0.4140	0.00039349448284412486
0.4150	0.00042880809027885403
0.4160	0.00022398916715742493
0.4170	0.00011249906368492288
0.4180	5.397937136451456e-05
0.4190	3.556584748783436e-05
0.4200	4.1619608762359365e-05
0.4210	4.615992971825311e-05
0.4220	6.684361407288019e-05
0.4230	0.00011804834485323746
0.4240	0.000104175141932451
0.4250	0.00012662450665881455
0.4260	0.0001316693077209187
0.4270	7.34018554536156e-05
0.4280	3.5818087540939566e-05
0.4290	8.349145757782393e-05
0.4300	0.00014629923080102078
0.4310	0.0001861531591916437
0.4320	0.00025271678680557707
0.4330	0.0002717104628043993
0.4340	0.00023814639237800786
0.4350	0.0002220701248334005
0.4360	0.00022119409512896612
0.4370	0.0006526862718129127
0.4380	0.0033975322608974165
0.4390	0.010987854177321286
0.4400	0.023219352712472493
0.4410	0.05813630257409158
0.4420	0.1624895285064354
0.4430	0.3213798941431232
0.4440	0.444803585513656
0.4450	0.572929891612651
0.4460	0.7698680913669167
0.4470	0.8857127788322084
0.4480	0.9036327471193782
0.4490	0.9149284981175223
0.4500	0.9294373812857414
0.4510	0.9371013043272609
0.4520	0.9400110472062619
0.4530	0.9430923107989738
0.4540	0.9460103321965178
0.4550	0.9470632628949959
0.4560	0.9475416210213067
0.4570	0.9482428836825465
0.4580	0.9471610462739827
0.4590	0.946053775500864
0.4600	0.9450145565716727
0.4610	0.9435350400177835
0.4620	0.9412772569592425
0.4630	0.9378642674278909
0.4640	0.9345332407793951
0.4650	0.9320889539479886
0.4660	0.9289838839390646
0.4670	0.925459083959373
0.4680	0.92314220357879
0.4690	0.9227927300300137
0.4700	0.9233739819187872
0.4710	0.9229055923193752
0.4720	0.9228899080328731
0.4730	0.9228337114714418
0.4740	0.9234305341386935
0.4750	0.9253003568611554
0.4760	0.92745774585616
0.4770	0.9293671475653549
0.4780	0.9319345199754749
0.4790	0.9375643363479451
0.4800	0.9426239464235671
0.4810	0.9459142337810857
0.4820	0.9476665101164001
0.4830	0.9467176259174274
0.4840	0.9435299119775039
0.4850	0.9409107597292823
0.4860	0.9419827370741704
0.4870	0.9494948923205375
0.4880	0.9613672666024806
0.4890	0.9729358026060555
0.4900	0.9808108959752335
0.4910	0.9860546135432164
0.4920	0.9901563420171714
0.4930	0.9927301793398526
0.4940	0.9935737306150493
0.4950	0.9954456393627504
0.4960	0.9989079065108768
0.4970	1.0
0.4980	0.9992528044250896
0.4990	0.9974024924707353
0.5000	0.9919863738712561
0.5010	0.9800234958582587
0.5020	0.9485186350310016
0.5030	0.8629989404101641
0.5040	0.7202728160814051
0.5050	0.5891702186101985
0.5060	0.481385440800995
0.5070	0.32153452234047775
0.5080	0.15162133953270776
0.5090	0.058753632357660734
0.5100	0.024423680413224905
0.5110	0.010861073281829548
0.5120	0.004798735845498972
0.5130	0.0021609102661459463
0.5140	0.0010945326504367748
0.5150	0.0006534354247706351
0.5160	0.00045315934500563085
0.5170	0.0003619014161926975
0.5180	0.0002720610764782155
0.5190	0.0001914370838240916
0.5200	0.0001303087248744692
0.5210	0.00010752943015864408
0.5220	0.00011064863065534307
0.5230	0.000107840946624229
0.5240	0.00011873897811863952
0.5250	0.00011723461844192007
0.5260	9.656531177031998e-05
0.5270	0.00010045434890909607
0.5280	9.017481002489953e-05
0.5290	8.642299147501265e-05
0.5300	8.184962707216214e-05
0.5310	5.855475368778994e-05
0.5320	9.176795820031203e-05
0.5330	0.00010624124020743577
0.5340	0.00010746637014536777
0.5350	9.943101101364824e-05
0.5360	7.568437569416464e-05
0.5370	0.00010082362834684211
0.5380	0.00012465753872470013
0.5390	0.0001161320771697972
0.5400	9.137068011667132e-05
0.5410	8.821162569158169e-05
0.5420	0.00010682996849138331
0.5430	0.00011887039518630734
0.5440	0.00015561092460145265
0.5450	0.00021625573936927232
0.5460	0.00023005579267465829
0.5470	0.00027998645894678116
0.5480	0.00035061367381623946
0.5490	0.00039601688337517695
0.5500	0.00042880809027885403
0.5510	0.0004010616844372811
0.5520	0.00039349448284412486
0.5530	0.00038088248018886445
0.5540	0.00034052407169203114
0.5550	0.0002850009912025127
0.5560	0.00015979911844321153
0.5570	9.896461915545672e-05
0.5580	8.484220306220232e-05
0.5590	6.046017504894668e-05
0.5600	4.906119480906921e-05
0.5610	5.222655523548647e-05
0.5620	5.6070441404756744e-05
0.5630	6.822034028272841e-05
0.5640	6.7193218786484e-05
0.5650	3.843684377227784e-05
0.5660	5.9365453218470076e-05
0.5670	5.032769211571046e-05
0.5680	9.14811612599314e-05
0.5690	0.0001189460672022389
0.5700	0.00016099246613445226
0.5710	0.00026459981570736344
0.5720	0.00035807493458709153
0.5730	0.000495109388237558
0.5740	0.0006202608129862381
0.5750	0.0006539323376752523
0.5760	0.0007310900475196046
0.5770	0.000813595246489787
0.5780	0.0008244163447680004
0.5790	0.000799010726619244
0.5800	0.0007023321590650797
0.5810	0.0006663223690837803
0.5820	0.0005994964118146174
0.5830	0.0005380482124776576
0.5840	0.0005088741279355093
0.5850	0.00043788116498904835
0.5860	0.00043172650769328125
0.5870	0.00042136953111278146
0.5880	0.00037968686233714577
0.5890	0.00038941576118541363
0.5900	0.0003744831500415853
0.5910	0.00041490714095222597
0.5920	0.0004405372527482462
0.5930	0.0003983147902589654
0.5940	0.00037021020354198307
0.5950	0.0003109312686617281
0.5960	0.0003699478738867537
0.5970	0.00042457297978721757
0.5980	0.00028278884593678
0.5990	0.00018438747881990722
0.6000	6.381673343561769e-05
0.6010	2.74941657884677e-05
0.6020	3.279120690367707e-05
0.6030	-4.161960876235936e-06
0.6040	3.758376791267603e-05
0.6050	1.7833371754538222e-05
0.6060	2.3508772949405408e-05
0.6070	3.3043446956782276e-05
0.6080	4.565544961204269e-06
0.6090	3.733152785957082e-06
0.6100	-2.1970108625463636e-05
0.6110	-2.74941657884677e-05
0.6120	-6.255553317009165e-06
0.6130	2.0053084221864057e-05
0.6140	3.279120690367707e-05
0.6150	4.4898729452727066e-05
0.6160	7.996009683435102e-06
0.6170	1.3444394830507599e-05
0.6180	-5.095249072725207e-07
0.6190	-2.4694301198999885e-05
0.6200	2.825088594778332e-05
0.6210	3.304344695678228e-06
0.6220	3.859272812509686e-05
0.6230	1.349484284112864e-05
0.6240	-2.050711631745343e-06
0.6250	6.1294332904565605e-06
0.6260	-2.242414072105301e-06
0.6270	2.598072546983645e-05
0.6280	1.006437811889781e-05
0.6290	-2.2726828784779262e-05
0.6300	1.6900083558048954e-06
0.6310	2.6737445629152072e-06
0.6320	2.229802069450041e-05
0.6330	2.74941657884677e-05
0.6340	1.0190498145450414e-05
0.6350	1.5184851196933536e-05
0.6360	1.8665763929785412e-05
0.6370	1.1022890320697599e-05
0.6380	2.8150746646700555e-05
0.6390	-1.447552694359638e-05
0.6400	2.1442699898425958e-05
0.6410	1.0198746395186954e-05
0.6420	-1.885080723274339e-05
0.6430	1.7656803717364578e-05
0.6440	-3.455688727541353e-06
0.6450	6.633913396666977e-06
0.6460	1.9195468041306346e-05
0.6470	1.594157135624916e-05
0.6480	1.5159627191623015e-05
0.6490	-7.466305571914164e-07
0.6500	-1.218319456498156e-05
0.6510	1.4856939127896766e-05
0.6520	2.2146676662637287e-05
0.6530	4.843009019619998e-05
0.6540	-4.994353051483123e-06
0.6550	1.410021896858114e-05
0.6560	7.94556167281406e-06
0.6570	-2.444206114589468e-05
0.6580	1.6294707430596454e-05
0.6590	1.8312627855438118e-05
0.6600	-2.514833329458926e-06
0.6610	2.32565328963002e-05
0.6620	1.992696419531145e-05
0.6630	1.3721858888923328e-05
0.6640	1.3948874936718017e-05
0.6650	8.349145757782393e-06
0.6660	-9.708719644019464e-06
0.6670	8.633369849621342e-07
0.6680	1.680640160232568e-05
0.6690	8.693655222313487e-06
0.6700	3.9630443703571685e-05
0.6710	0.0001308555813096013
0.6720	0.0001977049969037029
0.6730	0.0003398732923550197
0.6740	0.00045195868235285003
0.6750	0.0004559440751919123
0.6760	0.00048361985381861576
0.6770	0.0004162742820400562
0.6780	0.00041605735559438576
0.6790	0.0005905217107251341
0.6800	0.0007374263176536073
0.6810	0.0005863143466393392
0.6820	0.0002987405068951534
0.6830	0.00015573199982694315
0.6840	9.80293130385426e-05
0.6850	2.9521923575380468e-05
0.6860	4.695246796510967e-05
0.6870	5.170391384545248e-05
0.6880	1.6737540067827957e-06
0.6890	1.9344945496776494e-05
0.6900	2.1837329461509057e-05
0.6910	7.348862603188379e-06
0.6920	2.7154902917041195e-05
0.6930	1.6389852378627738e-05
0.6940	2.3447831752575188e-05
0.6950	2.690190614377667e-05
0.6960	1.775769973860666e-05
0.6970	3.960168833751769e-05
0.6980	3.07732864788354e-05
0.6990	2.1541300535184784e-05
0.7000	2.8503126000888534e-05
0.7010	2.4669077193689365e-05
0.7020	4.7168889930673946e-05
0.7030	4.86823302493052e-05
0.7040	4.515096950583228e-05
0.7050	7.617649603777289e-05
0.7060	6.936601460393227e-05
0.7070	8.29869774716135e-05
0.7080	0.00011199458357871247
0.7090	0.00011830058490634267
0.7100	0.00013545290851749682
0.7110	0.0001349484284112864
0.7120	0.00014478579048238954
0.7130	0.00014856939127896765
0.7140	0.0001528574721817562
0.7150	0.00017429787669569888
0.7160	0.00019321588067858952
0.7170	0.00020431444301521868
0.7180	0.00019775620163448325
0.7190	0.00020153980243106139
0.7200	0.000210258732106696
0.7210	0.0001964301756753092
0.7220	0.0002104375703043476
0.7230	0.0002073234146087107
0.7240	0.00019498231777048528
0.7250	0.00019534882256764716
0.7260	0.00015766794223452563
0.7270	0.0001461985870198318
0.7280	0.00014937252360805464
0.7290	0.00012699731745730405
0.7300	0.00014066898057565942
0.7310	0.00011266503763986611
0.7320	0.0001018840455300964
0.7330	0.0001252081787606288
0.7340	0.00011304617236010808
0.7350	0.00012643986693994152
0.7360	0.0001673009898626135
0.7370	0.00023359774750036162
0.7380	0.00030889064663210694
0.7390	0.00034876223182644727
0.7400	0.00040411126667932307
0.7410	0.00042987002090242693
0.7420	0.0004195937611389208
0.7430	0.00042878286627354346
0.7440	0.00043549245168614205
0.7450	0.00046280500463637397
0.7460	0.00047401959739743155
0.7470	0.00041121939137582785
0.7480	0.0003183698278278007
0.7490	0.00022161407481738628
0.7500	0.00016271097761625804
0.7510	0.0001372675234595357
0.7520	0.00011314505046092532
0.7530	0.0001076230112183461
0.7540	8.390387006465094e-05
0.7550	5.985202428091002e-05
0.7560	5.82674522673031e-05
0.7570	5.145697083346249e-05
0.7580	6.10420928514604e-05
0.7590	6.684361407288019e-05
0.7600	9.610346023308433e-05
0.7610	0.00012712898676502495
0.7620	0.00011577818437529058
0.7630	0.000158658993403176
0.7640	0.00018892779977580098
0.7650	0.00022298020694500406
0.7660	0.0002598072546983645
0.7670	0.00026485205576046866
0.7680	0.0002850312600088853
0.7690	0.00028755366053993743
0.7700	0.00029007606107098947
0.7710	0.0003253896685057186
0.7720	0.00033043446956782283
0.7730	0.00034052407169203114
0.7740	0.00032286726797466656
0.7750	0.00029259846160204156
0.7760	0.00026232965522941657
0.7770	0.0002224757268387937
0.7780	0.00019725172152827285
0.7790	0.00018463971887301245
0.7800	0.0001657217148901218
0.7810	0.00017177547616464682
0.7820	0.00016042467377491246
0.7830	0.0001626948342528593
0.7840	0.00017883819765159264
0.7850	0.00019321588067858952
0.7860	0.00021289060482079577
0.7870	0.0002300429284319499
0.7880	0.00024419586557163005
0.7890	0.00028103325516716775
0.7900	0.0002630535841818285
0.7910	0.00025164451433982684
0.7920	0.000245840470717876
0.7930	0.0002634268994604242
0.7940	0.00026267270170163965
0.7950	0.00023044550355670585
0.7960	0.00023059104606734754
0.7970	0.00021700438784688858
0.7980	0.0001634591216137681
0.7990	0.0001686792295127804
0.8000	0.0001258614804981713
0.8010	0.0001124952800841263
0.8020	8.47831788897757e-05
0.8030	6.191055535430163e-05
0.8040	9.667024363241175e-05
0.8050	7.082875467188936e-05
0.8060	5.401291929157756e-05
0.8070	8.060129104934445e-05
0.8080	7.036311953385715e-05
0.8090	7.569698769681988e-05
0.8100	0.00012458665926977757
0.8110	0.00012863031956110717
0.8120	0.00017863766680937398
0.8130	0.00021709973458696236
0.8140	0.0002660955992222773
0.8150	0.00034354842992876256
0.8160	0.00035256853422780483
0.8170	0.00037594109754853346
0.8180	0.00038095058500320285
0.8190	0.0003244185443012636
0.8200	0.00035046989698596945
0.8210	0.00038781151444766454
0.8220	0.0004753388128751718
0.8230	0.000503150801130552
0.8240	0.0003793740846712953
0.8250	0.0002861663402478588
0.8260	0.00020982487921535504
0.8270	0.00014209338015554453
0.8280	0.00013933917101568877
0.8290	0.00011121566629472358
0.8300	0.00010524741439820124
0.8310	9.452620318101748e-05
0.8320	8.633571641663825e-05
0.8330	0.00010735790692253252
0.8340	8.810316246874646e-05
0.8350	9.630071195461261e-05
0.8360	9.90796406196727e-05
0.8370	9.322767138763186e-05
0.8380	0.00012669336819331225
0.8390	0.00011332868121958592
0.8400	0.00012528864333756934
0.8410	0.00012511106634018328
0.8420	0.00010039154113587288
0.8430	0.00012889466713676142
0.8440	0.00011830058490634267
0.8450	0.00013923650931407496
0.8460	0.0001470559509603364
0.8470	0.00010493186209176663
0.8480	0.00013873202920786453
0.8490	0.0001470559509603364
0.8500	0.0001309125875616031
0.8510	0.00017480235680190933
0.8520	0.00014831715122586245
0.8530	0.00015739779313764994
0.8540	0.00016647843504943746
0.8550	0.00011981402522497393
0.8560	5.978089258593435e-05
0.8570	0.000122336425756026
0.8580	-0.0007693321619708851
0.8590	-0.0007113169497566873
0.8600	-0.0007441081566603643
0.8610	-0.0006331225332940726
0.8620	-0.0006558241380735414
0.8630	-0.0006230329311698643
0.8640	-0.0006356449338251247
0.8650	-0.0005624953184246144
0.8660	-0.000612943329045656
0.8670	-0.0005826745226730311
0.8680	-0.0005473609152383019
0.8690	-0.0005877193237351352
0.8700	-0.0004918681035551561
0.8710	-0.0005372713131140935
0.8720	-0.000459076896651479
0.8730	-0.0005145697083346248
0.8740	-0.00044142009293411444
0.8750	-0.0004439424934651665
0.8760	-0.00041115128656148944
0.8770	-0.00039601688337517695
0.8780	-0.00038592728125096863
0.8790	-0.00035565847487834364
0.8800	-0.0003783600796578123
0.8810	-0.00033547927062992696
0.8820	-0.00034052407169203114
0.8830	-0.00032286726797466656
0.8840	-0.00027998645894678116
0.8850	-0.000274941657884677
0.8860	-0.00026485205576046866
0.8870	-0.00024215045098099992
0.8880	-0.00022121452657326764
0.8890	-0.0002355922096002645
0.8900	-0.00020860252391800724
0.8910	-0.00022878172816642386
0.8920	-0.0002197010862546364
0.8930	-0.00020582788333384995
0.8940	-0.0001987651618469041
0.8950	-0.0001808561180764343
0.8960	-0.00017278443637706764
0.8970	-0.00017530683690811973
0.8980	-0.00016925307563359475
0.8990	-0.00017833371754538222
0.9000	-0.00017227995627085724
0.9010	-0.0001594157135624916
0.9020	-0.0001521007520224406
0.9030	-0.000146551470854126
0.9040	-0.00013948874936718016
0.9050	-0.00013393946819886558
0.9060	-0.00013267826793333953
0.9070	-0.00012183194564981558
0.9080	-0.00011905730506565829
0.9090	-0.00011729162469392183
0.9100	-0.00012107522549049996
0.9110	-0.00010871546288834475
0.9120	-9.963482097655725e-05
0.9130	-0.00010215722150760934
0.9140	-9.635570028618955e-05
0.9150	-9.131089922408538e-05
0.9160	-8.702281832129684e-05
0.9170	-8.702281832129684e-05
0.9180	-8.122129709987705e-05
0.9190	-8.223025731229788e-05
0.9200	-7.163617508187913e-05
0.9210	-5.297041115209373e-05
0.9220	-4.0610648549938525e-05
0.9230	-3.6322567647149983e-05
0.9240	-3.859272812509686e-05
0.9250	-4.338528913409582e-05
0.9260	-5.473609152383019e-05
0.9270	-5.624953184246144e-05
0.9280	-5.6754011948671855e-05
0.9290	-4.666440982446352e-05
0.9300	-1.0493186209176663e-05
0.9310	2.4013253055615825e-05
0.9320	-4.237632892167498e-05
0.9330	-4.464648939962186e-05
0.9340	-4.313304908099061e-05
0.9350	-4.4394249346516656e-05
0.9360	-4.2124088868569776e-05
0.9370	-4.136736870925415e-05
0.9380	-4.2124088868569776e-05
0.9390	-4.0106168443728114e-05
0.9400	-3.707928780646561e-05
0.9410	-3.455688727541353e-05
0.9420	-3.556584748783436e-05
0.9430	-3.480912732851874e-05
0.9440	-3.354792706299269e-05
0.9450	-3.2538966850571866e-05
0.9460	-3.3043446956782276e-05
0.9470	-3.153000663815103e-05
0.9480	-2.9512086213309364e-05
0.9490	-3.001656631951978e-05
0.9500	-2.9007606107098947e-05
0.9510	-2.8503126000888534e-05
0.9520	-2.875536605399374e-05
0.9530	-2.925984616020416e-05
0.9540	-2.74941657884677e-05
0.9550	-2.6737445629152074e-05
0.9560	-2.6232965522941657e-05
0.9570	-2.547624536362603e-05
0.9580	-2.5224005310520826e-05
0.9590	-2.479519722024197e-05
0.9600	-2.421504509809999e-05
0.9610	-2.3761013002510616e-05
0.9620	-2.44672851512052e-05
0.9630	-2.418982109278947e-05
0.9640	-2.2852948811331864e-05
0.9650	-2.1743092577668952e-05
0.9660	-2.2045780641395198e-05
0.9670	-2.169264456704791e-05
0.9680	-2.0986372418353326e-05
0.9690	-1.9674724142206243e-05
0.9700	-1.929636406254843e-05
0.9710	-1.9170244035995826e-05
0.9720	-1.8817107961648535e-05
0.9730	-1.8262179844817077e-05
0.9740	-1.813605981826447e-05
0.9750	-1.7606355706743537e-05
0.9760	-1.7909043770469783e-05
0.9770	-1.7202771621775202e-05
0.9780	-1.619381140935437e-05
0.9790	-1.6572171489012183e-05
0.9800	-1.6042467377491245e-05
0.9810	-1.500828315975989e-05
0.9820	-1.4579475069481035e-05
0.9830	-1.4251563000444267e-05
0.9840	-1.3847978915475932e-05
0.9850	-1.3293050798644475e-05
0.9860	-1.2662450665881454e-05
0.9870	-1.256155464463937e-05
0.9880	-1.2586778649949891e-05
0.9890	-1.2460658623397287e-05
0.9900	-1.2157970559671036e-05
0.9910	-1.1855282495944788e-05
0.9920	-1.1703938464081661e-05
0.9930	-1.1376026395044891e-05
0.9940	-1.0367066182624057e-05
0.9950	-9.534674007376872e-06
0.9960	-8.57616180557708e-06
;; Skysat10 Band: Green
0.3500	0.0
0.3510	0.0
0.3520	0.0
0.3530	0.0
0.3540	0.0
0.3550	0.0
0.3560	0.0
0.3570	0.0
0.3580	0.0
0.3590	0.0
0.3600	0.0
0.3610	0.0
0.3620	0.0
0.3630	0.0
0.3640	0.0
0.3650	0.0
0.3660	0.0
0.3670	0.0
0.3680	0.0
0.3690	0.0
0.3700	0.0
0.3710	0.0
0.3720	0.0
0.3730	0.0
0.3740	0.0
0.3750	0.0
0.3760	0.0
0.3770	0.0
0.3780	0.0
0.3790	0.0
0.3800	0.0
0.3810	0.0
0.3820	0.0
0.3830	0.0
0.3840	0.0
0.3850	0.0
0.3860	0.0
0.3870	0.0
0.3880	0.0
0.3890	0.0
0.3900	0.0
0.3910	0.0
0.3920	0.0
0.3930	0.0
0.3940	0.0
0.3950	0.0
0.3960	0.0
0.3970	5.832945113327601e-06
0.3980	-3.5365100293403567e-06
0.3990	7.738986233037014e-06
0.4000	6.6137330418832646e-06
0.4010	2.2895457787352827e-06
0.4020	5.9936955692067085e-06
0.4030	-6.177410375925688e-06
0.4040	2.801650802464438e-06
0.4050	-4.799549325533341e-06
0.4060	-3.0083299600232903e-06
0.4070	3.3068665209416323e-06
0.4080	-1.1114745806498264e-05
0.4090	-2.7097933991049484e-06
0.4100	6.131481674245943e-06
0.4110	-1.2125177243452652e-05
0.4120	8.221237600674336e-06
0.4130	4.110618800337168e-06
0.4140	5.465515499889642e-06
0.4150	7.486378373798418e-06
0.4160	-1.7429942287463188e-05
0.4170	1.4054182714001936e-05
0.4180	-3.926903993618188e-06
0.4190	-1.0356922228782474e-06
0.4200	2.319399434827117e-06
0.4210	-1.428382622240066e-05
0.4220	-7.348592268759183e-06
0.4230	-1.2285927699331758e-05
0.4240	4.4321197120953825e-06
0.4250	2.365328136506862e-06
0.4260	-1.0356922228782473e-05
0.4270	6.407053884324413e-07
0.4280	-1.1688854577495076e-05
0.4290	-1.4720148888358238e-05
0.4300	-7.853807987236377e-06
0.4310	7.118948760360458e-06
0.4320	-3.28390217010176e-06
0.4330	1.079324489474005e-05
0.4340	4.983264132252321e-06
0.4350	1.2125177243452652e-05
0.4360	-3.766153537739081e-06
0.4370	-9.39241949350783e-06
0.4380	1.830258761937834e-05
0.4390	4.638798869654234e-06
0.4400	7.05005570784084e-06
0.4410	1.2469642506050737e-05
0.4420	-9.369455142667957e-06
0.4430	-2.870543854984056e-06
0.4440	-3.329830871781505e-05
0.4450	1.7154370077384718e-05
0.4460	6.889305251961734e-06
0.4470	-1.556982986943352e-05
0.4480	1.9221161652973235e-05
0.4490	-9.507241247707192e-07
0.4500	-1.926709035465298e-05
0.4510	-3.077223012542908e-05
0.4520	-4.6617632204941065e-05
0.4530	-1.6947690919825864e-05
0.4540	-1.3457109592165253e-05
0.4550	1.8187765865178978e-05
0.4560	3.812082239418826e-05
0.4570	1.4766077590037984e-05
0.4580	2.365328136506862e-05
0.4590	2.0438272247486477e-05
0.4600	1.1803676331694437e-05
0.4610	2.1999848104597802e-05
0.4620	1.1114745806498264e-05
0.4630	4.1335831511770405e-05
0.4640	3.7891178885789537e-05
0.4650	2.7097933991049487e-05
0.4660	4.799549325533341e-05
0.4670	5.603301604928877e-05
0.4680	6.498911287683902e-05
0.4690	9.553169949386938e-05
0.4700	0.00013365252188805765
0.4710	0.00019152268600453618
0.4720	0.00018233694566858723
0.4730	0.00020667915755885204
0.4740	0.00020966452316803543
0.4750	0.0001745290663830306
0.4760	0.00015937259482871479
0.4770	0.0001490386369507722
0.4780	0.00015546865518593648
0.4790	0.0001359489569720449
0.4800	0.00010770280543900178
0.4810	0.00011114745806498263
0.4820	0.00011551068472455841
0.4830	0.00011091781455658392
0.4840	0.00010839173596419795
0.4850	7.463414022958545e-05
0.4860	5.488479850729515e-05
0.4870	3.444652625980867e-05
0.4880	2.526078592385969e-05
0.4890	1.917523295129349e-05
0.4900	1.787921684729445e-05
0.4910	2.467588390796814e-05
0.4920	1.9520456037469292e-05
0.4930	2.3026354587140103e-05
0.4940	3.76459196188197e-05
0.4950	5.757346470362741e-05
0.4960	9.893914987148966e-05
0.4970	0.00017736309692017926
0.4980	0.0003059104139730248
0.4990	0.0005152786970152259
0.5000	0.0008045468459345952
0.5010	0.0012268084398729178
0.5020	0.001905698950881899
0.5030	0.0031999513927364383
0.5040	0.006037966244755815
0.5050	0.012858304958275245
0.5060	0.028840645758280475
0.5070	0.06321836393366764
0.5080	0.13057487403502419
0.5090	0.24078561393281336
0.5100	0.372289331659128
0.5110	0.4842272456443699
0.5120	0.5948035045216072
0.5130	0.7439403737795319
0.5140	0.8596555950877159
0.5150	0.8905162379638784
0.5160	0.8982369399807767
0.5170	0.917124248197675
0.5180	0.9291614559023654
0.5190	0.9306894303213279
0.5200	0.9320545323783935
0.5210	0.9346399255925638
0.5220	0.9406394678854944
0.5230	0.9482402225050858
0.5240	0.9528376602824424
0.5250	0.9543047975431598
0.5260	0.9570146460567067
0.5270	0.9625925720539577
0.5280	0.9680951818697588
0.5290	0.9702215291928155
0.5300	0.9711573770111122
0.5310	0.9753116372637853
0.5320	0.9807124805588397
0.5330	0.9829951485144985
0.5340	0.9832266039101785
0.5350	0.9853685532131957
0.5360	0.9887725267880989
0.5370	0.9922588987502505
0.5380	0.9934079935304463
0.5390	0.9949671971701158
0.5400	0.9979393031631243
0.5410	1.0
0.5420	0.9992731874816584
0.5430	0.9966433995844445
0.5440	0.9931970613751119
0.5450	0.9894020875770687
0.5460	0.9835568152002103
0.5470	0.9750520436490213
0.5480	0.9624338539431279
0.5490	0.9479326540649822
0.5500	0.9314133998530355
0.5510	0.9131862845726924
0.5520	0.8955983222906648
0.5530	0.8803703305620935
0.5540	0.8691170729770693
0.5550	0.8626002839422566
0.5560	0.8616934607669865
0.5570	0.8656460021618823
0.5580	0.8769195051186067
0.5590	0.8909422243755231
0.5600	0.9052025006561374
0.5610	0.918164005110652
0.5620	0.9302095856176584
0.5630	0.941571763118716
0.5640	0.9516199847648985
0.5650	0.9586252324313805
0.5660	0.9637727330079695
0.5670	0.9667714730550819
0.5680	0.9702527010026456
0.5690	0.972684706131816
0.5700	0.974795421621256
0.5710	0.976129772116112
0.5720	0.9759668767898644
0.5730	0.977013872066226
0.5740	0.9779007690742724
0.5750	0.9781029977406385
0.5760	0.9765381976886692
0.5770	0.974385037189572
0.5780	0.9701278070841678
0.5790	0.9661521543665867
0.5800	0.9605116390311219
0.5810	0.9550486725741755
0.5820	0.9480797131748905
0.5830	0.9373109620567563
0.5840	0.9170222106975883
0.5850	0.8732034896480565
0.5860	0.792766117878695
0.5870	0.6864767797160629
0.5880	0.583342573422633
0.5890	0.4926998510293375
0.5900	0.38800058289033873
0.5910	0.25684579699286053
0.5920	0.14056854845865666
0.5930	0.06927298392565252
0.5940	0.03422663111834147
0.5950	0.018119428549949686
0.5960	0.010373435893471426
0.5970	0.006418035436896039
0.5980	0.0041584397645261185
0.5990	0.002851246910973311
0.6000	0.0020366738294620274
0.6010	0.001455384105957588
0.6020	0.001086852203679315
0.6030	0.0008656572799545797
0.6040	0.0006898261348789284
0.6050	0.0005947812796228643
0.6060	0.0005333332696455336
0.6070	0.0004651842620931282
0.6080	0.00046188887774760646
0.6090	0.0004397650221484734
0.6100	0.0004582099887430589
0.6110	0.0004402013448144309
0.6120	0.00048753087189540805
0.6130	0.0005199794996321478
0.6140	0.0004766825125586523
0.6150	0.0005039044540442371
0.6160	0.0004822513676373214
0.6170	0.0005006228483092194
0.6180	0.00047765849746934686
0.6190	0.00042484049053764024
0.6200	0.00036283674326998463
0.6210	0.00033298308717815046
0.6220	0.0002503114241546097
0.6230	0.0002457185539866352
0.6240	0.00019726377371450432
0.6250	0.00019290054705492854
0.6260	0.00014490505379959515
0.6270	0.00012010355489253288
0.6280	8.910168125870509e-05
0.6290	0.00011665890226655203
0.6300	9.162775985109106e-05
0.6310	9.070918581749616e-05
0.6320	7.325627917919311e-05
0.6330	0.00011114745806498263
0.6340	9.254633388468595e-05
0.6350	9.254633388468595e-05
0.6360	0.0001219407029597227
0.6370	0.00011436246718256477
0.6380	0.00012374547129222825
0.6390	0.000175063217183566
0.6400	0.00018186135396269348
0.6410	0.00023243367702576896
0.6420	0.00025241495869154196
0.6430	0.00030731353580934105
0.6440	0.0003428623509094636
0.6450	0.00043822870707728586
0.6460	0.0005392557757271367
0.6470	0.0006105991244813685
0.6480	0.0007016803327824706
0.6490	0.0007497584977008275
0.6500	0.0007585699191180866
0.6510	0.0008117806164491551
0.6520	0.0008093004665584488
0.6530	0.0007942817811091722
0.6540	0.0007592634425134507
0.6550	0.000677296785060694
0.6560	0.0006338160831804795
0.6570	0.0005281800693170662
0.6580	0.0004478048413775127
0.6590	0.00043861910104156374
0.6600	0.00036513317835397185
0.6610	0.0003444652625980867
0.6620	0.0003031294310863163
0.6630	0.0002503114241546097
0.6640	0.00022482099472235123
0.6650	0.0001811887281265936
0.6660	0.00017016583972345481
0.6670	0.00016832869165626504
0.6680	0.00012653357312769717
0.6690	0.00013503038293844998
0.6700	0.00011918498085893799
0.6710	9.024989880069871e-05
0.6720	0.00010747316193060305
0.6730	0.00010724351842220431
0.6740	8.014558443115484e-05
0.6750	6.843376550281989e-05
0.6760	5.8915042079692765e-05
0.6770	6.368841204526865e-05
0.6780	6.631851914695924e-05
0.6790	7.831417745167501e-05
0.6800	7.13670020355968e-05
0.6810	6.460813429640554e-05
0.6820	8.713478460927002e-05
0.6830	7.41727864212124e-05
0.6840	6.39327527382049e-05
0.6850	7.028997398120678e-05
0.6860	5.212241674476689e-05
0.6870	8.35753102290898e-05
0.6880	0.00010534918912142324
0.6890	0.00011307141137834715
0.6900	0.00014250504949332005
0.6910	0.00012241767252666683
0.6920	0.00013343183447648646
0.6930	0.00018143444668058023
0.6940	0.00017063546069813023
0.6950	0.00021957846306911675
0.6960	0.00026942924622880347
0.6970	0.00031147237974644195
0.6980	0.00038141031022927347
0.6990	0.000386719668143452
0.7000	0.0004377602343201525
0.7010	0.00045091880735139935
0.7020	0.00048431126990765793
0.7030	0.0005145622092690219
0.7040	0.0004912005751596197
0.7050	0.0005081827126057053
0.7060	0.000531824511795354
0.7070	0.0005284234914359689
0.7080	0.0005285222381445804
0.7090	0.0005272454202378834
0.7100	0.0005350992282251198
0.7110	0.0005345618624154668
0.7120	0.0005408058694088281
0.7130	0.0005663077810165065
0.7140	0.0005672102800045135
0.7150	0.000588179028756401
0.7160	0.0006167191239801945
0.7170	0.0006455279021088144
0.7180	0.000695121714182603
0.7190	0.0007045462837672866
0.7200	0.0007072928201277354
0.7210	0.0007360671517300956
0.7220	0.0007449222054139505
0.7230	0.0007830085812818788
0.7240	0.0007786040187907913
0.7250	0.0007571851687624423
0.7260	0.000760120012799778
0.7270	0.0006958198304481351
0.7280	0.0006407053884324413
0.7290	0.0006154446025085816
0.7300	0.0005787016411647857
0.7310	0.0005396622447370025
0.7320	0.0005006228483092194
0.7330	0.00047995493255333413
0.7340	0.00044321197120953824
0.7350	0.00041002159494067056
0.7360	0.0004162839734147038
0.7370	0.00040153626730533767
0.7380	0.00039033196053056394
0.7390	0.000422360340646934
0.7400	0.00045691709579077407
0.7410	0.0005038608217776413
0.7420	0.0005737137841623654
0.7430	0.000675308072277961
0.7440	0.0007922379538844235
0.7450	0.0009145323078470803
0.7460	0.0010561902024379174
0.7470	0.0011798279709247068
0.7480	0.001251616828085232
0.7490	0.00128727816850447
0.7500	0.0012562464412145503
0.7510	0.00121564776536474
0.7520	0.0012001491249829098
0.7530	0.0011616218335788557
0.7540	0.0010102408328424167
0.7550	0.0007550173340431583
0.7560	0.0005574182808063919
0.7570	0.0004087287019883858
0.7580	0.00030335218528946303
0.7590	0.0002730047956545716
0.7600	0.00020124028070593662
0.7610	0.00017044692337773486
0.7620	0.00015152751329479755
0.7630	0.00013830900330785858
0.7640	0.00015084202742222735
0.7650	0.00013472610528982167
0.7660	0.0001295189387368806
0.7670	0.00013663788749724106
0.7680	0.00014605327134158876
0.7690	0.00016924726568985993
0.7700	0.00016442475201348673
0.7710	0.00019588591266411195
0.7720	0.00023653281365068618
0.7730	0.00028016508024644385
0.7740	0.0003697260485219464
0.7750	0.0004179511852856785
0.7760	0.00047306562730137236
0.7770	0.0004891406728892831
0.7780	0.00046617632204941063
0.7790	0.0004749670755509138
0.7800	0.0004546137714015349
0.7810	0.0004849427895557544
0.7820	0.000558649170011409
0.7830	0.0005657566365963495
0.7840	0.0004921283349335505
0.7850	0.000334510216509002
0.7860	0.000217519020085797
0.7870	0.00015898174157742015
0.7880	0.00010003845334619435
0.7890	9.203951066164997e-05
0.7900	8.374869107793083e-05
0.7910	5.1321190543963744e-05
0.7920	4.328619382860077e-05
0.7930	6.445519171981199e-05
0.7940	5.484529982385057e-05
0.7950	4.029531677521578e-05
0.7960	1.5059056778053075e-05
0.7970	4.1393931319395276e-05
0.7980	3.24603395556681e-05
0.7990	2.299787879209866e-05
0.8000	2.855548133885619e-05
0.8010	2.498176906115524e-05
0.8020	4.339688199964896e-05
0.8030	3.627540716069611e-05
0.8040	2.384733012966554e-05
0.8050	4.194323859148503e-05
0.8060	4.935360496400348e-06
0.8070	1.7410835947564413e-05
0.8080	2.0618014221510157e-05
0.8090	5.384129840513135e-06
0.8100	3.192343303303188e-05
0.8110	3.748861381556657e-05
0.8120	2.7200584639303715e-05
0.8130	5.492429719073972e-05
0.8140	1.4812212970875286e-05
0.8150	3.279998230458982e-05
0.8160	4.139806490254646e-05
0.8170	4.1335831511770405e-05
0.8180	4.271369256216275e-05
0.8190	4.156547502016913e-05
0.8200	4.340262308735892e-05
0.8210	4.776584974693469e-05
0.8220	4.8454780272130863e-05
0.8230	5.07512153561181e-05
0.8240	6.682626094402882e-05
0.8250	3.490581327660612e-05
0.8260	5.855909464167474e-05
0.8270	5.0291928339320655e-05
0.8280	5.924802516687091e-05
0.8290	9.346490791828085e-05
0.8300	5.9477668675269635e-05
0.8310	7.945665390595867e-05
0.8320	7.164877462040203e-05
0.8330	7.899736688916123e-05
0.8340	8.35902370571357e-05
0.8350	5.9477668675269635e-05
0.8360	8.680524617471784e-05
0.8370	9.070918581749616e-05
0.8380	8.381988056553442e-05
0.8390	0.00011160674508178009
0.8400	0.00010035421317024259
0.8410	0.00011574032823295713
0.8420	0.00011574032823295713
0.8430	0.00010356922228782473
0.8440	0.0001210221289261278
0.8450	0.00010814372097512734
0.8460	0.000106939240773576
0.8470	0.0001246064048052151
0.8480	8.594408301822263e-05
0.8490	0.00014209215046521916
0.8500	0.00010429236969577231
0.8510	0.00011926512644336915
0.8520	0.00011563423293207692
0.8530	9.79578831601019e-05
0.8540	0.00012809055611464053
0.8550	7.915536162293953e-05
0.8560	9.124861841872477e-06
0.8570	9.031419898305036e-05
0.8580	-0.000759036095440136
0.8590	-0.0006498911287683903
0.8600	-0.000723377051455982
0.8610	-0.0006384089533484539
0.8620	-0.0006682626094402883
0.8630	-0.0005878873815007346
0.8640	-0.0005901838165847219
0.8650	-0.0005488479850729515
0.8660	-0.0005901838165847219
0.8670	-0.0005741087709968111
0.8680	-0.0005235871991490918
0.8690	-0.0005809980762487729
0.8700	-0.0004638798869654234
0.8710	-0.0005144014588131428
0.8720	-0.00045928701679744897
0.8730	-0.0004937335430572576
0.8740	-0.00042713692562162747
0.8750	-0.0004087654449497295
0.8760	-0.00042943336070561474
0.8770	-0.0003605403081859974
0.8780	-0.0004133583151177041
0.8790	-0.00033068665209416324
0.8800	-0.00037202248360593363
0.8810	-0.00031920447667422696
0.8820	-0.0003398723924301122
0.8830	-0.0003077223012542908
0.8840	-0.00028475795041441835
0.8850	-0.0003077223012542908
0.8860	-0.0002594971644905586
0.8870	-0.00028705438549840557
0.8880	-0.0002549042943225842
0.8890	-0.0002640900346585331
0.8900	-0.00023882924873467343
0.8910	-0.0002480149890706224
0.8920	-0.000229184221381927
0.8930	-0.0002009380698488839
0.8940	-0.0002020862873908775
0.8950	-0.00018440373724417573
0.8960	-0.0001850926677693719
0.8970	-0.00017843300602580892
0.8980	-0.00016741011762267012
0.8990	-0.0001538611506271454
0.9000	-0.00015707615974472754
0.9010	-0.00015363150711874667
0.9020	-0.00014146040117361428
0.9030	-0.0001286003647032857
0.9040	-0.00012171105945132396
0.9050	-0.0001230889205017163
0.9060	-0.00011941462436733671
0.9070	-0.00011344389314896988
0.9080	-0.00011482175419936224
0.9090	-0.00010770280543900178
0.9100	-0.00010793244894740049
0.9110	-0.00010173207422063494
0.9120	-9.553169949386938e-05
0.9130	-9.369455142667959e-05
0.9140	-8.473845459912934e-05
0.9150	-8.772382020831274e-05
0.9160	-7.968629741435739e-05
0.9170	-7.876772338076249e-05
0.9180	-7.371556619599056e-05
0.9190	-7.371556619599056e-05
0.9200	-7.14191311120033e-05
0.9210	-6.29223213012505e-05
0.9220	-5.649230306608622e-05
0.9230	-4.064690098657423e-05
0.9240	-3.5824387310201016e-05
0.9250	-3.123151714222653e-05
0.9260	-3.8580109410985703e-05
0.9270	-4.6847275713339794e-05
0.9280	-5.07512153561181e-05
0.9290	-4.937335430572576e-05
0.9300	-3.949868344458061e-05
0.9310	-1.1895533735053928e-05
0.9320	2.036937919496686e-05
0.9330	-4.59287016797449e-05
0.9340	-4.1335831511770405e-05
0.9350	-4.179511852856785e-05
0.9360	-3.7431891868992085e-05
0.9370	-3.720224836059336e-05
0.9380	-3.651331783539719e-05
0.9390	-3.352795222621377e-05
0.9400	-3.490581327660612e-05
0.9410	-3.28390217010176e-05
0.9420	-3.513545678500484e-05
0.9430	-3.19204476674227e-05
0.9440	-3.28390217010176e-05
0.9450	-3.0083299600232904e-05
0.9460	-3.0083299600232904e-05
0.9470	-2.985365609183418e-05
0.9480	-2.824615153304311e-05
0.9490	-2.870543854984056e-05
0.9500	-2.7097933991049487e-05
0.9510	-2.732757749944821e-05
0.9520	-2.5949716449055866e-05
0.9530	-2.7786864516245658e-05
0.9540	-2.6409003465853314e-05
0.9550	-2.5949716449055866e-05
0.9560	-2.5031142415460967e-05
0.9570	-2.319399434827117e-05
0.9580	-2.3423637856669897e-05
0.9590	-2.236727771803576e-05
0.9600	-2.2229491612996527e-05
0.9610	-2.1540561087800354e-05
0.9620	-2.2045776806277546e-05
0.9630	-2.149463238612061e-05
0.9640	-2.0621987054205458e-05
0.9650	-1.9749341722290306e-05
0.9660	-1.9335983407172603e-05
0.9670	-1.9106339898773874e-05
0.9680	-1.8761874636175787e-05
0.9690	-1.896855379373464e-05
0.9700	-1.977230607313018e-05
0.9710	-1.997898523068903e-05
0.9720	-1.9680448669770686e-05
0.9730	-1.8141837163499234e-05
0.9740	-1.729215618242395e-05
0.9750	-1.6465439552188544e-05
0.9760	-1.614393864043033e-05
0.9770	-1.6672118709747397e-05
0.9780	-1.5822437728672115e-05
0.9790	-1.5248328957675304e-05
0.9800	-1.4743113239198111e-05
0.9810	-1.435271927492028e-05
0.9820	-1.4398647976600025e-05
0.9830	-1.398528966148232e-05
0.9840	-1.3480073943005125e-05
0.9850	-1.3204501732926657e-05
0.9860	-1.3020786926207677e-05
0.9870	-1.2883000821168442e-05
0.9880	-1.2308892050171631e-05
0.9890	-1.1482175419936224e-05
0.9900	-1.1551068472455841e-05
0.9910	-1.1022888403138773e-05
0.9920	-1.0632494438860942e-05
0.9930	-1.0219136123743238e-05
0.9940	-1.0173207422063494e-05
0.9950	-1.0173207422063494e-05
0.9960	-1.0035421317024259e-05
;; Skysat10 Band: Red
0.3500	0.0
0.3510	0.0
0.3520	0.0
0.3530	0.0
0.3540	0.0
0.3550	0.0
0.3560	0.0
0.3570	0.0
0.3580	0.0
0.3590	0.0
0.3600	0.0
0.3610	0.0
0.3620	0.0
0.3630	0.0
0.3640	0.0
0.3650	0.0
0.3660	0.0
0.3670	0.0
0.3680	0.0
0.3690	0.0
0.3700	0.0
0.3710	0.0
0.3720	0.0
0.3730	0.0
0.3740	0.0
0.3750	0.0
0.3760	0.0
0.3770	0.0
0.3780	0.0
0.3790	0.0
0.3800	0.0
0.3810	0.0
0.3820	0.0
0.3830	0.0
0.3840	0.0
0.3850	0.0
0.3860	0.0
0.3870	0.0
0.3880	0.0
0.3890	0.0
0.3900	0.0
0.3910	0.0
0.3920	0.0
0.3930	0.0
0.3940	0.0
0.3950	0.0
0.3960	0.0
0.3970	-4.998439364080578e-07
0.3980	-2.5837343572783663e-06
0.3990	2.7769107578225435e-06
0.4000	-3.259851759182986e-07
0.4010	-4.78111591346838e-06
0.4020	-2.9700871583667207e-06
0.4030	-2.8493519080266098e-06
0.4040	-1.6927082097683505e-06
0.4050	-5.602115615781131e-06
0.4060	-8.813673274828074e-06
0.4070	5.602115615781132e-07
0.4080	-7.219967970338613e-06
0.4090	-8.451467523807741e-06
0.4100	7.219967970338613e-06
0.4110	-1.2773789485983701e-05
0.4120	9.755408227480937e-06
0.4130	3.163263558910897e-06
0.4140	5.070880514284644e-06
0.4150	1.4922876942037669e-05
0.4160	-3.453028159727163e-06
0.4170	1.4126024289792938e-05
0.4180	-2.5595873072103444e-06
0.4190	-1.1783760433194794e-05
0.4200	-3.839380960815517e-06
0.4210	-8.741232124624006e-06
0.4220	9.948584628025114e-06
0.4230	-5.5779685657131086e-06
0.4240	-9.682967077276869e-06
0.4250	8.306585223399609e-06
0.4260	-4.7328218133323355e-07
0.4270	7.219967970338613e-06
0.4280	4.9259982138765115e-06
0.4290	-2.8010578078905658e-05
0.4300	1.0238349228841377e-05
0.4310	-3.163263558910897e-06
0.4320	-1.4777994641629536e-05
0.4330	-4.249880811971893e-06
0.4340	-2.9459401082986983e-05
0.4350	-1.6323405845982952e-05
0.4360	-1.0117613978501266e-05
0.4370	-7.219967970338613e-06
0.4380	-6.254085967617729e-06
0.4390	1.989716925605023e-05
0.4400	3.453028159727163e-05
0.4410	2.3712403166797716e-05
0.4420	-1.25564660353715e-06
0.4430	9.70711412734489e-06
0.4440	-2.3929726617409918e-05
0.4450	-2.1949668511832103e-05
0.4460	-2.0138639756730447e-05
0.4470	-5.384792165168932e-05
0.4480	-5.264056914828822e-05
0.4490	-5.940174316733442e-05
0.4500	-6.785321069114215e-05
0.4510	-8.813673274828072e-05
0.4520	-7.727056021767078e-05
0.4530	-2.284310936434892e-05
0.4540	-4.2981749121079365e-05
0.4550	-5.9643213668014635e-05
0.4560	-4.370881679862751e-05
0.4570	-7.231051466319836e-05
0.4580	-5.5260524080668615e-05
0.4590	-3.8905002658095194e-05
0.4600	-3.331254586234127e-05
0.4610	-3.9221329013986285e-05
0.4620	-3.981920997367052e-05
0.4630	-2.10433814286791e-05
0.4640	-1.591602096428535e-05
0.4650	4.1425471744195345e-06
0.4660	1.577768251444565e-05
0.4670	-8.227720957877448e-06
0.4680	1.694157032772432e-05
0.4690	3.453028159727163e-05
0.4700	3.597910460135295e-05
0.4710	6.954350419590369e-05
0.4720	6.906056319454325e-05
0.4730	6.27823301768575e-05
0.4740	8.403173423671697e-05
0.4750	0.0001096276073088204
0.4760	0.00012170113234283147
0.4770	0.00013618936238364476
0.4780	0.00017941258200540434
0.4790	0.00017361728998907902
0.4800	0.0001185620158339886
0.4810	0.00010672996130065776
0.4820	0.00010552260879725665
0.4830	7.292409120542679e-05
0.4840	5.5296744655770654e-05
0.4850	4.056704411427715e-05
0.4860	4.491351312652114e-05
0.4870	4.1532926116998047e-05
0.4880	3.791086860679472e-05
0.4890	6.809468119182238e-05
0.4900	4.0808514614957384e-05
0.4910	4.9018511638084897e-05
0.4920	5.167468714556733e-05
0.4930	2.1273551109927487e-05
0.4940	4.22573376190387e-05
0.4950	2.3422638565981455e-05
0.4960	3.573763410067273e-05
0.4970	6.15749776734564e-05
0.4980	7.96181364252839e-05
0.4990	8.327834627459468e-05
0.5000	6.482782678811965e-05
0.5010	0.00011524759174165188
0.5020	0.00019524821744001326
0.5030	0.0002529572523975793
0.5040	0.00031427868604532144
0.5050	0.0003886685031898772
0.5060	0.0005289990846601878
0.5070	0.0006844408900630665
0.5080	0.0007753714365042174
0.5090	0.0008830383033475144
0.5100	0.0009446229398409981
0.5110	0.0009655077234448304
0.5120	0.0009499521937910106
0.5130	0.0008706170607925238
0.5140	0.0008044034348010004
0.5150	0.0007394575289380482
0.5160	0.0007351134746308109
0.5170	0.0007320540433871925
0.5180	0.000625382035006698
0.5190	0.0004923994008720866
0.5200	0.0003853193073454425
0.5210	0.00034012568843813233
0.5220	0.00032205886557723815
0.5230	0.00030764066198162216
0.5240	0.00030827089998839753
0.5250	0.0003073412385607787
0.5260	0.000327286701916965
0.5270	0.0003635797181692022
0.5280	0.0003975087382197801
0.5290	0.00044444094473198784
0.5300	0.0005158679188331974
0.5310	0.0006297598951840303
0.5320	0.000816006092358685
0.5330	0.0009511329845393368
0.5340	0.0010246800696365186
0.5350	0.001116163583524227
0.5360	0.0011904737154035585
0.5370	0.0012177357349303552
0.5380	0.001172068833841712
0.5390	0.0010675555717372985
0.5400	0.0009394530564214345
0.5410	0.0008120870261326451
0.5420	0.0007342296925983213
0.5430	0.0006766872722862246
0.5440	0.0006018314170753561
0.5450	0.0006284511250703437
0.5460	0.0005807776041210476
0.5470	0.0005313365191067723
0.5480	0.0005219819519104205
0.5490	0.0004805262963536402
0.5500	0.00048535570636724457
0.5510	0.0004925998213876512
0.5520	0.0005336498065032888
0.5530	0.0005722850866121241
0.5540	0.0005988468416869485
0.5550	0.0006592144668570039
0.5560	0.0006737026968978171
0.5570	0.0007316556170610701
0.5580	0.0007678761921631033
0.5590	0.0007702908971699056
0.5600	0.0007823644222039167
0.5610	0.0007606320771426968
0.5620	0.0007219967970338614
0.5630	0.0007050938619862458
0.5640	0.0006495556468297949
0.5650	0.0006109203667209596
0.5660	0.0005746997916189265
0.5670	0.0005143321664488711
0.5680	0.00050225864141486
0.5690	0.0004925998213876512
0.5700	0.00043521194219598987
0.5710	0.00043617058008369033
0.5720	0.0004258573749996381
0.5730	0.0004732821813332335
0.5740	0.0005229912986032639
0.5750	0.0005038958114094719
0.5760	0.0005587023709488618
0.5770	0.0005748688209694026
0.5780	0.000651740954860951
0.5790	0.0007214824648674124
0.5800	0.0007880679554299834
0.5810	0.0009454825748234195
0.5820	0.0011132248875309488
0.5830	0.0013606959301530736
0.5840	0.0017385465549124767
0.5850	0.002238240779610113
0.5860	0.002984073129766119
0.5870	0.0040263008606870685
0.5880	0.0055034411103831666
0.5890	0.007739515899602176
0.5900	0.011041639484634243
0.5910	0.01625362570069638
0.5920	0.02460655394258654
0.5930	0.03894322743835288
0.5940	0.06368459436146919
0.5950	0.10574894875636426
0.5960	0.17126500993611266
0.5970	0.25875955430253933
0.5980	0.3585223479294306
0.5990	0.459295120901877
0.6000	0.5581278160395432
0.6010	0.6633661802516291
0.6020	0.7737278723707475
0.6030	0.8729554780240462
0.6040	0.9406274771779528
0.6050	0.9776766510589552
0.6060	0.992570848549627
0.6070	0.9968002816396013
0.6080	0.9963037965578577
0.6090	0.9967291033801158
0.6100	0.9975819506267634
0.6110	0.9989956155259456
0.6120	1.0
0.6130	0.998724531083062
0.6140	0.9965153874987838
0.6150	0.9945539226217583
0.6160	0.9934435156949704
0.6170	0.9926762455937639
0.6180	0.9951508087229798
0.6190	0.9952530400888528
0.6200	0.9957616469897306
0.6210	0.9961154833731973
0.6220	0.9975678728965737
0.6230	0.9975472585599305
0.6240	0.9966587654379727
0.6250	0.9943672635100276
0.6260	0.9918568299379357
0.6270	0.9885380328148317
0.6280	0.9829754217729618
0.6290	0.9794364349444025
0.6300	0.9752214224727288
0.6310	0.9709909969389967
0.6320	0.9665642269117515
0.6330	0.9611038737975098
0.6340	0.955439792021844
0.6350	0.9514324562542804
0.6360	0.9463022271203385
0.6370	0.9426277632673726
0.6380	0.9404948833113244
0.6390	0.9378411828764739
0.6400	0.9346934748472169
0.6410	0.9307207659494506
0.6420	0.929347078906361
0.6430	0.9274428473674068
0.6440	0.926650952104541
0.6450	0.9256446020606112
0.6460	0.9251500052781829
0.6470	0.924852238344974
0.6480	0.9222475588364667
0.6490	0.9199745897694487
0.6500	0.9194749559123763
0.6510	0.9170866774371685
0.6520	0.9154960388080378
0.6530	0.9139741347569255
0.6540	0.9108443076182438
0.6550	0.9097688607905442
0.6560	0.9076261553998233
0.6570	0.9060280794792716
0.6580	0.9057401210778003
0.6590	0.907231343887096
0.6600	0.9071398048349932
0.6610	0.9063057512374137
0.6620	0.9043003580469045
0.6630	0.9020665627392119
0.6640	0.9017084813043432
0.6650	0.9006599922433396
0.6660	0.9003135110513236
0.6670	0.8992464577382278
0.6680	0.8976146532181409
0.6690	0.893276005435414
0.6700	0.8914819544712151
0.6710	0.890359437798818
0.6720	0.8895266784831222
0.6730	0.8873657444843048
0.6740	0.8860714312094938
0.6750	0.8818694388272167
0.6760	0.8785611625738274
0.6770	0.8737746208182087
0.6780	0.8701467148924789
0.6790	0.8636396137195435
0.6800	0.8538927897683617
0.6810	0.8344308324545073
0.6820	0.7999956274521736
0.6830	0.7555902431149388
0.6840	0.6975104881564985
0.6850	0.6323950192932636
0.6860	0.5648992549695734
0.6870	0.494995568545445
0.6880	0.42016621713673113
0.6890	0.33986268118349644
0.6900	0.2601074957608465
0.6910	0.1877046017282029
0.6920	0.1288262482857979
0.6930	0.08552162171414397
0.6940	0.05652458351644946
0.6950	0.0377213311666958
0.6960	0.025795132114559756
0.6970	0.01811151180645504
0.6980	0.01300485502278961
0.6990	0.009603004120976614
0.7000	0.007267769470653269
0.7010	0.005565684961343506
0.7020	0.0043306889150245284
0.7030	0.0033865175250198027
0.7040	0.0026596285356421602
0.7050	0.0021406504767602016
0.7060	0.0017040404203652732
0.7070	0.0013802091613130422
0.7080	0.0011205317848815323
0.7090	0.0009273408961073146
0.7100	0.0008142288694736786
0.7110	0.0006983351026722065
0.7120	0.0006119538604638709
0.7130	0.0005455663757118577
0.7140	0.0004797173701763614
0.7150	0.00044208902205536253
0.7160	0.0003652651822639501
0.7170	0.00032965794223364475
0.7180	0.00030703940043492843
0.7190	0.00027520392962524805
0.7200	0.00025769490362092525
0.7210	0.000209638651928051
0.7220	0.00019088436255172028
0.7230	0.00019221051854145606
0.7240	0.00016564876346663172
0.7250	0.00015985347145030642
0.7260	0.00013474053937956342
0.7270	0.00011566436982582594
0.7280	0.0001207352503401106
0.7290	0.00013184289337140077
0.7300	0.0001482628874176558
0.7310	0.00012339142584759304
0.7320	0.00010672996130065776
0.7330	0.00010817878430473908
0.7340	8.743695123730946e-05
0.7350	0.00010590751277534093
0.7360	0.00010208117122156213
0.7370	8.910358063300434e-05
0.7380	9.400108532780058e-05
0.7390	6.751297875568372e-05
0.7400	5.9925492683309805e-05
0.7410	6.501858848365703e-05
0.7420	7.866601824110177e-05
0.7430	8.516205765040109e-05
0.7440	6.17031985093176e-05
0.7450	7.151221318794954e-05
0.7460	7.423261984861291e-05
0.7470	6.010731997032201e-05
0.7480	6.063589889631102e-05
0.7490	5.8019566021440826e-05
0.7500	4.7033624122493475e-05
0.7510	3.9001832328867966e-05
0.7520	4.456169060703006e-05
0.7530	6.754509433227419e-05
0.7540	4.064479761549619e-05
0.7550	1.3664960515794126e-05
0.7560	3.568740823653125e-05
0.7570	2.3305163167400528e-05
0.7580	2.1755695258635685e-05
0.7590	2.4599807256797534e-05
0.7600	3.361414251769087e-05
0.7610	4.473723966102458e-05
0.7620	3.054770862955274e-05
0.7630	3.468047624869472e-05
0.7640	2.310450118133526e-05
0.7650	2.0369292378980196e-05
0.7660	4.158894727315586e-05
0.7670	2.6622364170495067e-05
0.7680	4.471671466846676e-05
0.7690	5.499973593993397e-05
0.7700	4.710220174468666e-05
0.7710	6.640873415607307e-05
0.7720	2.6889672014748068e-05
0.7730	2.517909498792938e-05
0.7740	4.0958226325379116e-05
0.7750	2.3136109669874304e-05
0.7760	3.7186457104754065e-05
0.7770	4.0808514614957384e-05
0.7780	1.733758194883988e-05
0.7790	2.656175507482433e-05
0.7800	2.042840435754671e-06
0.7810	1.562314139401031e-05
0.7820	5.264056914828822e-05
0.7830	5.650409715917175e-05
0.7840	6.471409418229928e-05
0.7850	2.873498958094632e-05
0.7860	3.887675060951561e-05
0.7870	4.853557063672446e-05
0.7880	2.921793058230676e-05
0.7890	4.418910162448048e-05
0.7900	3.090822408706831e-05
0.7910	6.398968268025861e-05
0.7920	5.9643213668014635e-05
0.7930	4.0325573613596933e-05
0.7940	4.1774396617678265e-05
0.7950	4.9018511638084897e-05
0.7960	6.254085967617729e-05
0.7970	8.33073227346763e-05
0.7980	6.688732868842126e-05
0.7990	8.717085074555985e-05
0.8000	6.133350717277618e-05
0.8010	6.205791867481685e-05
0.8020	0.00010093466928433246
0.8030	9.779555277548959e-05
0.8040	9.900290527889068e-05
0.8050	8.234144073195542e-05
0.8060	7.606320771426967e-05
0.8070	0.00010672996130065776
0.8080	9.055143775508294e-05
0.8090	0.00010165908078637311
0.8100	0.00012363289634827323
0.8110	0.00010165908078637311
0.8120	0.00011421554682174461
0.8130	0.0001209767208407908
0.8140	0.00010769584330337864
0.8150	0.0001139740763210644
0.8160	9.900290527889068e-05
0.8170	9.851996427753024e-05
0.8180	0.00012218407334419192
0.8190	0.00011928642733602927
0.8200	0.0001219426028435117
0.8210	0.0001096276073088204
0.8220	0.00013715524438636563
0.8230	0.0001629925879591493
0.8240	0.0001173546633305875
0.8250	0.0001185620158339886
0.8260	0.0001151814288244655
0.8270	0.0001289452473632381
0.8280	0.00014898729891969645
0.8290	0.00013763818538772607
0.8300	0.00018206875751288677
0.8310	0.00014947023992105692
0.8320	0.000155024061436702
0.8330	0.00018110287551016587
0.8340	0.00014947023992105692
0.8350	0.00016685611597003284
0.8360	0.0001994546335618627
0.8370	0.0002076646305849902
0.8380	0.00024871461570062783
0.8390	0.00021587462760811775
0.8400	0.00025112932070743
0.8410	0.0002704469607618477
0.8420	0.000226016388636687
0.8430	0.0002921793058230676
0.8440	0.0002970087158366721
0.8450	0.0002970087158366721
0.8460	0.0003259851759182986
0.8470	0.0003235704709114964
0.8480	0.00039118221110195835
0.8490	0.00043947631123800255
0.8500	0.00040808514614957376
0.8510	0.0004950145263944534
0.8520	0.0005288203964896844
0.8530	0.0005795292016325308
0.8540	0.0005650409715917175
0.8550	0.0005988468416869485
0.8560	0.0005771144966257286
0.8570	0.0006374821217957839
0.8580	-8.379026373603676e-05
0.8590	-1.4319200690337116e-05
0.8600	1.9655698755370003e-05
0.8610	6.543850568433995e-05
0.8620	3.670351610339362e-05
0.8630	8.692938024487963e-05
0.8640	0.00012822083586119747
0.8650	0.0001357064213822843
0.8660	8.596349824215873e-05
0.8670	0.00010624702029929732
0.8680	0.00017723934749928232
0.8690	0.0001622681764571086
0.8700	0.00017506611299316035
0.8710	0.0001253231898530348
0.8720	0.000180136993507445
0.8730	0.0001649243519645911
0.8740	0.0001690293504761548
0.8750	0.00015212641542853935
0.8760	0.00014560671191017336
0.8770	0.0002291555051455299
0.8780	0.00020162786806798467
0.8790	0.0002462999106938256
0.8800	0.0002223943311264837
0.8810	0.00028010578078905657
0.8820	0.0002728616657686499
0.8830	0.0002897646008162654
0.8840	0.0002656175507482433
0.8850	0.0002202210966203617
0.8860	0.0001905202250366945
0.8870	0.0001448823004081327
0.8880	0.00017047817348023615
0.8890	0.00016685611597003284
0.8900	0.00021297698159995508
0.8910	0.00015309229743126022
0.8920	8.813673274828072e-05
0.8930	3.042528308570787e-06
0.8940	-6.181644817413662e-05
0.8950	-7.606320771426967e-05
0.8960	-0.00010528113829657644
0.8970	-0.00011976936833738971
0.8980	-0.00011614731082718637
0.8990	-0.00011011054831018086
0.9000	-0.00010479819729521598
0.9010	-0.00010431525629385554
0.9020	-9.248320176052471e-05
0.9030	-7.896085372243232e-05
0.9040	-7.075085669930481e-05
0.9050	-3.5496163599992515e-05
0.9060	-2.178063916135595e-05
0.9070	-6.012615466937507e-06
0.9080	-5.312351014964866e-06
0.9090	-4.008410311291672e-06
0.9100	-1.4922876942037669e-05
0.9110	-1.6830493897411416e-05
0.9120	-1.0431525629385555e-05
0.9130	-5.264056914828821e-06
0.9140	1.5357523843262068e-05
0.9150	3.2839988092510083e-05
0.9160	3.791086860679472e-05
0.9170	2.5112932070743005e-05
0.9180	6.205791867481684e-06
0.9190	-2.190137441169606e-05
0.9200	-3.066675358638809e-05
0.9210	-2.438852056870234e-05
0.9220	-2.332605036570937e-05
0.9230	-1.2266701434555236e-05
0.9240	-6.471409418229928e-06
0.9250	5.264056914828821e-06
0.9260	8.379026373603675e-06
0.9270	6.809468119182237e-06
0.9280	-3.7910868606794727e-06
0.9290	-9.224173125984448e-06
0.9300	-8.861967374964117e-06
0.9310	-8.620496874283897e-06
0.9320	3.2839988092510077e-06
0.9330	1.2339142584759302e-05
0.9340	1.6492435196459105e-05
0.9350	3.2839988092510077e-06
0.9360	-8.137555872923453e-06
0.9370	-1.9752286955642092e-05
0.9380	-2.3857285467205852e-05
0.9390	-2.3736550216865743e-05
0.9400	-2.8976460081626542e-05
0.9410	-2.7286166576864992e-05
0.9420	-3.018381258502765e-05
0.9430	-2.704469607618477e-05
0.9440	-2.873498958094632e-05
0.9450	-2.7286166576864992e-05
0.9460	-2.8252048579585877e-05
0.9470	-2.873498958094632e-05
0.9480	-2.6803225575504552e-05
0.9490	-2.6803225575504552e-05
0.9500	-2.462999106938256e-05
0.9510	-2.656175507482433e-05
0.9520	-2.4122903017954094e-05
0.9530	-2.6803225575504552e-05
0.9540	-2.4050461867750028e-05
0.9550	-2.2770668214144855e-05
0.9560	-2.1973815561900126e-05
0.9570	-2.0887198308839133e-05
0.9580	-2.1635756860947818e-05
0.9590	-2.0331816157274626e-05
0.9600	-1.9921316306118248e-05
0.9610	-1.9993757456322314e-05
0.9620	-2.1104521759451328e-05
0.9630	-1.9534963505029894e-05
0.9640	-1.7989552300676476e-05
0.9650	-1.7965405250608456e-05
0.9660	-1.789296410040439e-05
0.9670	-1.8279316901492744e-05
0.9680	-1.7868817050336367e-05
0.9690	-1.712025849822768e-05
0.9700	-1.6951229147751525e-05
0.9710	-1.6902935047615482e-05
0.9720	-1.7917111150472413e-05
0.9730	-1.6733905697139327e-05
0.9740	-1.598534714503064e-05
0.9750	-1.586461189469053e-05
0.9760	-1.516434744271789e-05
0.9770	-1.5043612192377778e-05
0.9780	-1.4657259391289427e-05
0.9790	-1.3618936238364475e-05
0.9800	-1.3377465737684254e-05
0.9810	-1.3474053937956342e-05
0.9820	-1.2459877835099411e-05
0.9830	-1.2725495385847656e-05
0.9840	-1.2556466035371502e-05
0.9850	-1.1687172232922706e-05
0.9860	-1.151814288244655e-05
0.9870	-1.1445701732242486e-05
0.9880	-1.0986907780950063e-05
0.9890	-1.0769584330337864e-05
0.9900	-1.1252525331698308e-05
0.9910	-9.900290527889068e-06
0.9920	-9.827849377685001e-06
0.9930	-9.682967077276869e-06
0.9940	-9.441496576596647e-06
0.9950	-9.634672977140824e-06
0.9960	-9.658820027208847e-06
;; Skysat10 Band: NIR
0.3500	0.0
0.3510	0.0
0.3520	0.0
0.3530	0.0
0.3540	0.0
0.3550	0.0
0.3560	0.0
0.3570	0.0
0.3580	0.0
0.3590	0.0
0.3600	0.0
0.3610	0.0
0.3620	0.0
0.3630	0.0
0.3640	0.0
0.3650	0.0
0.3660	0.0
0.3670	0.0
0.3680	0.0
0.3690	0.0
0.3700	0.0
0.3710	0.0
0.3720	0.0
0.3730	0.0
0.3740	0.0
0.3750	0.0
0.3760	0.0
0.3770	0.0
0.3780	0.0
0.3790	0.0
0.3800	0.0
0.3810	0.0
0.3820	0.0
0.3830	0.0
0.3840	0.0
0.3850	0.0
0.3860	0.0
0.3870	0.0
0.3880	0.0
0.3890	0.0
0.3900	0.0
0.3910	0.0
0.3920	0.0
0.3930	0.0
0.3940	0.0
0.3950	0.0
0.3960	0.0
0.3970	4.9167067776769256e-05
0.3980	4.007452784544891e-05
0.3990	5.1187632205951553e-05
0.4000	2.4751914257483153e-05
0.4010	1.4884824628309597e-05
0.4020	1.124780865578146e-05
0.4030	2.0138292144183573e-05
0.4040	4.1421570798237115e-05
0.4050	6.836242985400109e-05
0.4060	6.297425804284829e-05
0.4070	7.644468757073028e-05
0.4080	9.56400496479621e-05
0.4090	0.00011955006205995266
0.4100	9.833413555353851e-05
0.4110	0.00012258090870372607
0.4120	0.00011214132581961757
0.4130	4.411565670381351e-05
0.4140	-6.16272150900601e-06
0.4150	-2.5526463955336368e-05
0.4160	4.074804932184302e-06
0.4170	-8.048581642909488e-07
0.4180	1.9532122815428883e-05
0.4190	5.3881718111527946e-05
0.4200	3.434959529609907e-05
0.4210	6.667862616301583e-05
0.4220	6.398454025743944e-05
0.4230	4.8830307038572205e-05
0.4240	3.738044193987252e-05
0.4250	8.957835636041523e-06
0.4260	7.779173052351848e-05
0.4270	3.434959529609907e-05
0.4280	2.9500240666061554e-06
0.4290	4.344213522741941e-05
0.4300	5.3881718111527946e-05
0.4310	5.5565521802513207e-05
0.4320	0.00011685597615437625
0.4330	4.344213522741941e-05
0.4340	6.836242985400109e-05
0.4350	0.00022293560868644687
0.4360	0.00015827754695261334
0.4370	7.038299428318338e-05
0.4380	0.00017107445500410125
0.4390	0.0001633289580255691
0.4400	6.432130099563649e-05
0.4410	8.149609864368603e-06
0.4420	5.825960770808959e-06
0.4430	-2.677247868666545e-05
0.4440	-3.670692046347842e-05
0.4450	-8.048581642909489e-06
0.4460	-2.91298038540448e-05
0.4470	-8.452694528745948e-06
0.4480	-5.15243929441486e-06
0.4490	2.9331860296963026e-05
0.4500	-6.129045435186304e-06
0.4510	2.6671450465206338e-05
0.4520	0.00021283278654053543
0.4530	0.00028826719189667453
0.4540	0.0002027299643946239
0.4550	0.0002188944798280823
0.4560	0.00026806154760485154
0.4570	6.63418654248188e-05
0.4580	-1.3773514192259331e-05
0.4590	-1.660230439311455e-05
0.4600	-4.512593891840466e-05
0.4610	-6.49948224720306e-05
0.4620	-3.2228002645457655e-05
0.4630	-3.906424563085777e-07
0.4640	2.067710932529885e-06
0.4650	7.004623354498634e-05
0.4660	0.00012426471239471135
0.4670	0.00013706162044619923
0.4680	9.597681038615917e-05
0.4690	6.49948224720306e-05
0.4700	8.722103119303586e-05
0.4710	5.051411072955746e-05
0.4720	4.782002482398105e-05
0.4730	4.243185301282826e-05
0.4740	4.579946039479876e-05
0.4750	8.048581642909489e-05
0.4760	6.903595133039519e-05
0.4770	0.0001118045650814205
0.4780	0.00016602304393114548
0.4790	0.0001518790929268694
0.4800	0.0001347042952788199
0.4810	0.0001030487858882972
0.4820	9.900765702993261e-05
0.4830	0.000101701742935509
0.4840	7.913877347630667e-05
0.4850	5.28714358969368e-05
0.4860	3.2867848048032053e-06
0.4870	-3.7717202678069564e-05
0.4880	-5.15243929441486e-05
0.4890	-4.579946039479876e-05
0.4900	-2.875936704202804e-05
0.4910	-5.051411072955746e-05
0.4920	-6.667862616301583e-05
0.4930	-5.15243929441486e-05
0.4940	-5.7922846969892555e-05
0.4950	-3.5359877510690215e-05
0.4960	-1.0271202515010016e-05
0.4970	-2.0239320365642686e-05
0.4980	2.121592650641413e-05
0.4990	-2.4078392781089055e-05
0.5000	-4.650430061984519e-05
0.5010	-1.6578663789293117e-05
0.5020	-4.617764270379405e-05
0.5030	-6.09877064482239e-05
0.5040	-4.969241452835665e-05
0.5050	-2.6523982937949848e-05
0.5060	-2.3641243666835464e-05
0.5070	-5.446296714565606e-05
0.5080	-6.053611029830165e-05
0.5090	-4.324142582745397e-05
0.5100	-3.704368120167547e-05
0.5110	-1.7679938755345107e-05
0.5120	4.9503828514966306e-05
0.5130	8.520046676385357e-05
0.5140	7.274031945056273e-05
0.5150	7.071975502138043e-05
0.5160	8.486370602565652e-05
0.5170	0.00011685597615437625
0.5180	0.0001205603442745438
0.5190	6.63418654248188e-05
0.5200	4.478917818020761e-05
0.5210	3.0039057847176832e-05
0.5220	2.30344344926782e-06
0.5230	1.2594851608569659e-05
0.5240	1.6635980466934254e-05
0.5250	2.310178664031761e-05
0.5260	1.2109444680532431e-05
0.5270	1.8252061573468076e-05
0.5280	4.415876207830273e-05
0.5290	4.1906169500502665e-05
0.5300	2.5251229404007918e-05
0.5310	3.9113075937896335e-05
0.5320	6.60559555580895e-05
0.5330	0.00010902696251277124
0.5340	7.774155317352713e-05
0.5350	8.654750971664178e-05
0.5360	9.462976743337097e-05
0.5370	7.408736240335094e-05
0.5380	0.00012022358353634674
0.5390	0.00014009246708997268
0.5400	4.1421570798237115e-05
0.5410	4.8493546300375154e-05
0.5420	7.610792683253323e-05
0.5430	5.253467515873975e-05
0.5440	4.8493546300375154e-05
0.5450	5.1187632205951553e-05
0.5460	7.139327649777453e-05
0.5470	5.253467515873975e-05
0.5480	0.00011887654058355854
0.5490	0.00011281484729601165
0.5500	0.00012662203756209068
0.5510	0.0001498585284976871
0.5520	0.0002168739153989
0.5530	0.0001380675247711938
0.5540	0.00012117425910027702
0.5550	0.00015276780451497143
0.5560	0.00016530035538697463
0.5570	0.00012051791242153097
0.5580	0.00013782573056116834
0.5590	0.0002650307009610781
0.5600	0.00031184044357046803
0.5610	0.0003670692046347842
0.5620	0.0003535987751069022
0.5630	0.00032901524121851754
0.5640	0.0003872748489266072
0.5650	0.00041084810060040063
0.5660	0.000271092394248625
0.5670	0.00016231867581097795
0.5680	0.0001030487858882972
0.5690	5.253467515873975e-05
0.5700	6.263749730465125e-05
0.5710	9.799737481534146e-06
0.5720	5.994341139907484e-05
0.5730	7.139327649777453e-05
0.5740	2.5324407512418138e-05
0.5750	2.343854737851466e-05
0.5760	4.6136221132995805e-05
0.5770	0.00015524670030883991
0.5780	0.00024011040633449644
0.5790	0.00017915671272083044
0.5800	0.0001909433385577272
0.5810	0.00013773514192259333
0.5820	0.00014009246708997268
0.5830	0.00033642397745885266
0.5840	0.0002461720996220433
0.5850	4.5462699656601704e-05
0.5860	2.5324407512418138e-05
0.5870	2.7782760901256603e-05
0.5880	-2.798481734417483e-05
0.5890	-1.0810019696125297e-05
0.5900	4.1421570798237115e-05
0.5910	5.051411072955745e-06
0.5920	-9.597681038615916e-06
0.5930	2.5358083586237843e-05
0.5940	1.3672485970800218e-05
0.5950	4.984058925316336e-05
0.5960	6.061693287546895e-05
0.5970	-2.357325167379348e-05
0.5980	3.357504559824585e-05
0.5990	1.1113104360502641e-05
0.6000	3.5583823401591257e-06
0.6010	6.883052728009498e-05
0.6020	5.8149150185960966e-05
0.6030	6.310828881665072e-05
0.6040	-1.0068910339575047e-06
0.6050	3.454862089237352e-05
0.6060	7.648913998817229e-05
0.6070	1.3328686933174848e-05
0.6080	5.6239043278907295e-05
0.6090	4.714650334758696e-05
0.6100	-2.91298038540448e-05
0.6110	4.377889596561646e-06
0.6120	6.836242985400109e-05
0.6130	8.520046676385357e-05
0.6140	-3.205962227635913e-05
0.6150	1.4413359594833727e-05
0.6160	6.432130099563649e-05
0.6170	-1.2677593721944673e-05
0.6180	2.3281650550588654e-06
0.6190	1.6366066735269318e-05
0.6200	1.1571469401262644e-05
0.6210	4.417930448333276e-05
0.6220	3.797852901091048e-05
0.6230	2.6500881151309528e-05
0.6240	4.734923331198158e-05
0.6250	2.2120566877432865e-05
0.6260	4.513940934793254e-05
0.6270	-9.220845772573418e-06
0.6280	-3.077861810433137e-05
0.6290	4.663429026478924e-05
0.6300	1.0803385509582813e-05
0.6310	6.716558219044877e-06
0.6320	6.431490254161076e-06
0.6330	1.617987172312017e-05
0.6340	1.8158913553282774e-05
0.6350	8.221339901604573e-06
0.6360	2.0114213751402484e-05
0.6370	4.040455336888202e-05
0.6380	2.1899988593913798e-05
0.6390	4.9994488910519406e-05
0.6400	2.926050069653907e-05
0.6410	4.28160970151111e-05
0.6420	1.3882725699656636e-05
0.6430	2.5452646001523574e-06
0.6440	8.843640069718903e-05
0.6450	2.8078672561910347e-05
0.6460	-2.5582399913950896e-05
0.6470	1.5423641809424875e-05
0.6480	-6.836242985400109e-06
0.6490	2.4516181740745216e-05
0.6500	3.3372989155327625e-05
0.6510	-3.468635603429612e-05
0.6520	1.545731788324458e-05
0.6530	-9.15989207895975e-06
0.6540	4.782002482398105e-05
0.6550	6.768890837760699e-05
0.6560	-1.545731788324458e-05
0.6570	3.6706920463478413e-06
0.6580	2.892774741112657e-05
0.6590	3.6033398987084316e-05
0.6600	4.478917818020761e-05
0.6610	5.15243929441486e-05
0.6620	2.7479676236879254e-05
0.6630	-5.724932549349845e-06
0.6640	1.2897936272947003e-05
0.6650	7.173003723597158e-06
0.6660	7.745496978532144e-06
0.6670	5.69125647553014e-06
0.6680	2.7277619793961027e-05
0.6690	1.875757311757567e-05
0.6700	1.8791249191395373e-05
0.6710	2.919715600168421e-05
0.6720	5.253467515873975e-05
0.6730	6.903595133039519e-05
0.6740	3.502311677249317e-05
0.6750	2.798481734417483e-05
0.6760	-3.6706920463478416e-07
0.6770	-2.7412324089239846e-06
0.6780	3.468635603429612e-05
0.6790	5.186115368234566e-05
0.6800	6.56683439484247e-05
0.6810	7.10565157595775e-05
0.6820	7.206679797416863e-05
0.6830	9.496652817156802e-05
0.6840	7.745496978532143e-05
0.6850	0.00010372230736469132
0.6860	8.284314159647423e-05
0.6870	0.00010069146072091785
0.6880	0.00013840866339898743
0.6890	0.00011113104360502641
0.6900	0.00011618245467798213
0.6910	9.799737481534146e-05
0.6920	6.63418654248188e-05
0.6930	0.00012224414796552905
0.6940	0.00011146780434322344
0.6950	6.869919059219814e-05
0.6960	5.5565521802513207e-05
0.6970	7.206679797416863e-05
0.6980	4.175833153643416e-05
0.6990	5.08508714677545e-05
0.7000	4.1084810060040064e-05
0.7010	8.385342381106537e-05
0.7020	0.00010001793924452376
0.7030	9.530328890976507e-05
0.7040	8.520046676385357e-05
0.7050	4.209509227463122e-05
0.7060	7.341384092695684e-05
0.7070	0.0001118045650814205
0.7080	9.462976743337097e-05
0.7090	0.0001104575221286323
0.7100	0.00014851148554489893
0.7110	0.0001801669949354216
0.7120	0.00017309501943328355
0.7130	0.0001794934734590275
0.7140	0.00020879165768217082
0.7150	0.00025795872545894007
0.7160	0.0003354136952442615
0.7170	0.0003704368120167547
0.7180	0.00040411288583645967
0.7190	0.0005118763220595155
0.7200	0.0006263749730465125
0.7210	0.0007846525199991258
0.7220	0.001023752644119031
0.7230	0.0013138787552905533
0.7240	0.0016933508579131348
0.7250	0.0021905141033208213
0.7260	0.002895761808860465
0.7270	0.0038804939862446034
0.7280	0.005252696333783504
0.7290	0.007200544016766914
0.7300	0.010029482392346937
0.7310	0.014295540482968107
0.7320	0.020913451378972926
0.7330	0.031105111007620798
0.7340	0.04706143084990362
0.7350	0.07140388782863512
0.7360	0.10642906894445343
0.7370	0.153930534948137
0.7380	0.21345801652707203
0.7390	0.2820816009659376
0.7400	0.3576406515741056
0.7410	0.43806982484703566
0.7420	0.5221626249260263
0.7430	0.6095452878029672
0.7440	0.699623151263528
0.7450	0.7887562897224024
0.7460	0.8667677128486985
0.7470	0.9289217699080236
0.7480	0.9706066943387456
0.7490	0.9936658841132886
0.7500	1.0
0.7510	0.9991085034005932
0.7520	0.9943941696209284
0.7530	0.9876440868703958
0.7540	0.9843181873058511
0.7550	0.9808130434707937
0.7560	0.9774736499034693
0.7570	0.9730666675467348
0.7580	0.9722107699249627
0.7590	0.9707488646195902
0.7600	0.9672784677574998
0.7610	0.9641376956735642
0.7620	0.9613496198459568
0.7630	0.9591563476721902
0.7640	0.955757435011997
0.7650	0.9527074132117906
0.7660	0.9512887513528101
0.7670	0.9488743856515949
0.7680	0.9472872087192205
0.7690	0.9422824491113272
0.7700	0.9381275692108143
0.7710	0.9335592144759434
0.7720	0.928790514042704
0.7730	0.9249816086541852
0.7740	0.9221407960949763
0.7750	0.9170275119715917
0.7760	0.914906613048071
0.7770	0.9109895502132654
0.7780	0.90820805805809
0.7790	0.904879174793405
0.7800	0.9034559060475258
0.7810	0.8995978234884081
0.7820	0.8975499006168548
0.7830	0.894986161322605
0.7840	0.8920118231307009
0.7850	0.8888351624548956
0.7860	0.8867535736123446
0.7870	0.8851474000067285
0.7880	0.8818980865692645
0.7890	0.8760936313391967
0.7900	0.8739504287519851
0.7910	0.8690943894212946
0.7920	0.8655895924497974
0.7930	0.8630695815374024
0.7940	0.8610499970819683
0.7950	0.8567447568794577
0.7960	0.8540834041176342
0.7970	0.8501155409254718
0.7980	0.8447366165641899
0.7990	0.843919187121542
0.8000	0.8415404473388207
0.8010	0.8381822928307714
0.8020	0.8349215227929939
0.8030	0.8309296216193389
0.8040	0.8276866864302563
0.8050	0.8244347529942492
0.8060	0.8192699141694539
0.8070	0.815817207348941
0.8080	0.8078956787973385
0.8090	0.8015116179255452
0.8100	0.7953771910537624
0.8110	0.7887996139913714
0.8120	0.7809767698064902
0.8130	0.7734525414709904
0.8140	0.7680961868143825
0.8150	0.7619534486875812
0.8160	0.7547777508780784
0.8170	0.7494268450102145
0.8180	0.7475443019695822
0.8190	0.7476072088754775
0.8200	0.7472019947820271
0.8210	0.7486593672878634
0.8220	0.7490057997944615
0.8230	0.748755216129169
0.8240	0.7474535045393496
0.8250	0.7483973371250796
0.8260	0.7508365625039886
0.8270	0.7546730822730394
0.8280	0.7491422720836158
0.8290	0.7417817296725241
0.8300	0.7379738615070791
0.8310	0.7319576073459371
0.8320	0.7245538989434234
0.8330	0.720526085604647
0.8340	0.7147493659889773
0.8350	0.7083737005623871
0.8360	0.7031461535205321
0.8370	0.6950709644116977
0.8380	0.69120461100885
0.8390	0.6870115121321593
0.8400	0.6821828144058026
0.8410	0.6751171801083649
0.8420	0.6710292179341393
0.8430	0.668815945540131
0.8440	0.6629135771254325
0.8450	0.6562425186497255
0.8460	0.6503026923381173
0.8470	0.6461981244918912
0.8480	0.638728148311315
0.8490	0.6325761762050722
0.8500	0.6260462238462771
0.8510	0.6201960802868582
0.8520	0.6114643559132643
0.8530	0.6042814952028601
0.8540	0.5966349014855291
0.8550	0.587759609274027
0.8560	0.5848844942660254
0.8570	0.5765003137094656
0.8580	0.5650682262101354
0.8590	0.5588884915486356
0.8600	0.554443640446891
0.8610	0.5498772052482275
0.8620	0.5455796970722662
0.8630	0.5395896428965559
0.8640	0.5338262994174073
0.8650	0.5296627445602786
0.8660	0.5250755345916758
0.8670	0.519229782392283
0.8680	0.5119548075171597
0.8690	0.5056360681257543
0.8700	0.4973805200683638
0.8710	0.48957343291842276
0.8720	0.4827927217787514
0.8730	0.474746803913281
0.8740	0.4674424668693944
0.8750	0.45988532690695066
0.8760	0.45215698115281483
0.8770	0.4443825328536199
0.8780	0.4384782516379284
0.8790	0.4320238077718519
0.8800	0.4248770545477972
0.8810	0.4160029612045231
0.8820	0.40350120036681325
0.8830	0.38577548235671766
0.8840	0.3637774997555959
0.8850	0.3359520780040245
0.8860	0.30641582751222757
0.8870	0.276288925626492
0.8880	0.2475078476196724
0.8890	0.22302557768526363
0.8900	0.1986335865695507
0.8910	0.17079778585202807
0.8920	0.13971232820108848
0.8930	0.10543602551205061
0.8940	0.07468899556496211
0.8950	0.05004380415302098
0.8960	0.03292446763094512
0.8970	0.02111565599661596
0.8980	0.013820307096831812
0.8990	0.008992589344223458
0.9000	0.005994135715857184
0.9010	0.004040000709891636
0.9020	0.0027706114157242953
0.9030	0.0018857119591786716
0.9040	0.0013348993605688132
0.9050	0.0009251558351896987
0.9060	0.0006630448498287892
0.9070	0.0004657973502520132
0.9080	0.00031954047784934353
0.9090	0.00022762466520510262
0.9100	0.00014435350071037993
0.9110	8.746147836010856e-05
0.9120	5.9758529753804666e-05
0.9130	2.2342929992864375e-05
0.9140	8.789455266942997e-06
0.9150	-1.2359119091831724e-05
0.9160	-1.9734179258347113e-05
0.9170	-3.1150368283227094e-05
0.9180	-3.074625539739064e-05
0.9190	-4.377889596561646e-05
0.9200	-5.051411072955746e-05
0.9210	-4.0748049321843014e-05
0.9220	-5.15243929441486e-05
0.9230	-4.243185301282826e-05
0.9240	-4.6472981871192856e-05
0.9250	-4.344213522741941e-05
0.9260	-4.8830307038572205e-05
0.9270	-4.276861375102531e-05
0.9280	-5.051411072955746e-05
0.9290	-4.714650334758696e-05
0.9300	-4.276861375102531e-05
0.9310	-4.748326408578401e-05
0.9320	-3.738044193987252e-05
0.9330	-4.310537448922236e-05
0.9340	-3.940100636905481e-05
0.9350	-4.175833153643416e-05
0.9360	-3.940100636905481e-05
0.9370	-4.0748049321843014e-05
0.9380	-4.0748049321843014e-05
0.9390	-3.6033398987084316e-05
0.9400	-4.041128858364596e-05
0.9410	-3.468635603429612e-05
0.9420	-3.8727484892660716e-05
0.9430	-3.276681982657293e-05
0.9440	-3.704368120167547e-05
0.9450	-3.6033398987084316e-05
0.9460	-3.5359877510690215e-05
0.9470	-3.502311677249317e-05
0.9480	-3.172286153816208e-05
0.9490	-3.32046087862291e-05
0.9500	-2.9432888518422143e-05
0.9510	-3.044317073301329e-05
0.9520	-2.875936704202804e-05
0.9530	-3.202594620253943e-05
0.9540	-2.8018493417994534e-05
0.9550	-2.653674616992752e-05
0.9560	-2.5728520398254594e-05
0.9570	-2.515602714331961e-05
0.9580	-2.6402041874648696e-05
0.9590	-2.630101365318958e-05
0.9600	-2.6671450465206338e-05
0.9610	-2.4516181740745216e-05
0.9620	-2.4751914257483153e-05
0.9630	-2.4751914257483153e-05
0.9640	-2.310178664031761e-05
0.9650	-2.2798701975940264e-05
0.9660	-2.3202814861776724e-05
0.9670	-2.3000758418858494e-05
0.9680	-2.2596645533022034e-05
0.9690	-2.0946517915856492e-05
0.9700	-2.0374024660921507e-05
0.9710	-2.0778137546757966e-05
0.9720	-2.2226208721005283e-05
0.9730	-2.0542405030020032e-05
0.9740	-2.007093999654416e-05
0.9750	-2.0171968218003277e-05
0.9760	-1.89596295604939e-05
0.9770	-1.83197841579195e-05
0.9780	-1.8218755936460388e-05
0.9790	-1.7376854090967764e-05
0.9800	-1.6534952245475138e-05
0.9810	-1.7578910533885994e-05
0.9820	-1.7174797648049535e-05
0.9830	-1.6231867581097795e-05
0.9840	-1.619819150727809e-05
0.9850	-1.5490993957064288e-05
0.9860	-1.4851148554489892e-05
0.9870	-1.3975570635177563e-05
0.9880	-1.326837308496376e-05
0.9890	-1.3133668789684937e-05
0.9900	-1.4177627078095794e-05
0.9910	-1.2864260199127297e-05
0.9920	-1.2123386575093789e-05
0.9930	-1.1752949763077035e-05
0.9940	-1.1214132581961755e-05
0.9950	-1.043958288410854e-05
0.9960	-1.0203850367370606e-05
;; Skysat10 Band: PAN
0.3500	0.0
0.3510	0.0
0.3520	0.0
0.3530	0.0
0.3540	0.0
0.3550	0.0
0.3560	0.0
0.3570	0.0
0.3580	0.0
0.3590	0.0
0.3600	0.0
0.3610	0.0
0.3620	0.0
0.3630	0.0
0.3640	0.0
0.3650	0.0
0.3660	0.0
0.3670	0.0
0.3680	0.0
0.3690	0.0
0.3700	0.0
0.3710	0.0
0.3720	0.0
0.3730	0.0
0.3740	0.0
0.3750	0.0
0.3760	0.0
0.3770	0.0
0.3780	0.0
0.3790	0.0
0.3800	0.0
0.3810	0.0
0.3820	0.0
0.3830	0.0
0.3840	0.0
0.3850	0.0
0.3860	0.0
0.3870	0.0
0.3880	0.0
0.3890	0.0
0.3900	0.0
0.3910	0.0
0.3920	0.0
0.3930	0.0
0.3940	0.0
0.3950	0.0
0.3960	0.0
0.3970	1.0964683748333121e-05
0.3980	1.3856214272682572e-05
0.3990	7.633640584282551e-06
0.4000	2.0333242647225344e-05
0.4010	3.5392333618037285e-05
0.4020	7.541111607503369e-05
0.4030	7.332921409750209e-05
0.4040	0.00010039393980541295
0.4050	0.00016516422355084066
0.4060	0.00010872154771553936
0.4070	0.00013370437144591865
0.4080	0.00021489854856965123
0.4090	0.00027758693033754737
0.4100	0.00027758693033754737
0.4110	0.00030765884779078163
0.4120	0.0003145985210492203
0.4130	0.00024751501288431305
0.4140	0.0001660895133186325
0.4150	0.00010710229062190368
0.4160	8.443269131100399e-05
0.4170	8.929046259191107e-05
0.4180	0.0001006252622473609
0.4190	0.0001191310576031974
0.4200	0.00014619578331110828
0.4210	0.00017302918657707118
0.4220	0.00024057533962587433
0.4230	0.0002868398280154656
0.4240	0.00031228529662974077
0.4250	0.00025445468614275176
0.4260	0.00028915305243494517
0.4270	0.0004510787617985144
0.4280	0.0007147863456191843
0.4290	0.0009599881340840179
0.4300	0.0009461087875671406
0.4310	0.0009553616852450588
0.4320	0.0011386130105318101
0.4330	0.0010049988548382512
0.4340	0.0007173817834178405
0.4350	0.0006543186592939887
0.4360	0.0007471275362279282
0.4370	0.0013330672816821009
0.4380	0.00290229395757329
0.4390	0.008576642711454332
0.4400	0.03223857366027121
0.4410	0.10592257392666213
0.4420	0.23557342901816508
0.4430	0.35400979525627535
0.4440	0.44670558096157087
0.4450	0.6104983446450394
0.4460	0.7798722433911816
0.4470	0.8229587199781928
0.4480	0.8374574230804882
0.4490	0.8529198154759388
0.4500	0.8573951806883884
0.4510	0.8568192733972415
0.4520	0.8581419149764649
0.4530	0.8601250121993673
0.4540	0.8590785256645658
0.4550	0.8567219953707291
0.4560	0.8570448544161802
0.4570	0.8596445022832797
0.4580	0.8612755452553328
0.4590	0.8615619108723421
0.4600	0.8606064011407343
0.4610	0.8599351658712606
0.4620	0.8595618021970589
0.4630	0.8576980465351819
0.4640	0.8548974141643959
0.4650	0.8516148978222172
0.4660	0.8478359172551299
0.4670	0.8451364329353099
0.4680	0.8438315869915455
0.4690	0.8431683994298271
0.4700	0.8425703268222928
0.4710	0.8406392956546241
0.4720	0.8391638193380055
0.4730	0.8379534848043478
0.4740	0.8378667874663301
0.4750	0.8397365436323514
0.4760	0.8435136042231706
0.4770	0.8485525773125288
0.4780	0.853709853325148
0.4790	0.8606085154278537
0.4800	0.8670681807399038
0.4810	0.8711697288861655
0.4820	0.8718369298922517
0.4830	0.8687320136681028
0.4840	0.8637933257970025
0.4850	0.8599222788980198
0.4860	0.859934726358621
0.4870	0.8662273814940334
0.4880	0.8768223726553186
0.4890	0.8880717310536107
0.4900	0.8973668265713891
0.4910	0.9042365779953
0.4920	0.909008542529591
0.4930	0.9124503382523974
0.4940	0.9147254846847078
0.4950	0.9157701807838088
0.4960	0.915580928954378
0.4970	0.9136673487517297
0.4980	0.9117942013987097
0.4990	0.9104329983684135
0.5000	0.9099371055099365
0.5010	0.9109416648521349
0.5020	0.9127480271029402
0.5030	0.9147904122677138
0.5040	0.9169723103104507
0.5050	0.9190171313005381
0.5060	0.91960152581208
0.5070	0.9182217915409593
0.5080	0.9158804174935191
0.5090	0.9132677854977531
0.5100	0.9118867835796505
0.5110	0.9119370406933881
0.5120	0.9135725250563265
0.5130	0.9174230212695665
0.5140	0.9219013797944149
0.5150	0.9266187915572214
0.5160	0.9306290644943394
0.5170	0.9340166798747926
0.5180	0.9355961009307004
0.5190	0.9364095324184638
0.5200	0.9389147267060672
0.5210	0.9408176244383463
0.5220	0.9438887490801752
0.5230	0.9478186490348384
0.5240	0.95199196265549
0.5250	0.9568140385703802
0.5260	0.9617742995724167
0.5270	0.9658594353914223
0.5280	0.9702871273618108
0.5290	0.9750682268193344
0.5300	0.9794711048313751
0.5310	0.9844662677634528
0.5320	0.9894762422714883
0.5330	0.993342838526688
0.5340	0.9961928674917275
0.5350	0.9981418215221984
0.5360	0.9982534623591314
0.5370	0.9985332075278522
0.5380	0.998028154300674
0.5390	0.9980343398627718
0.5400	0.9985615144550734
0.5410	0.9990339049534486
0.5420	0.999548951310119
0.5430	1.0
0.5440	0.9992043271361049
0.5450	0.9967487237536065
0.5460	0.9917634035914336
0.5470	0.9841664021687312
0.5480	0.9717030543421987
0.5490	0.9563727470611004
0.5500	0.938845225878384
0.5510	0.919805353268578
0.5520	0.9015749958575934
0.5530	0.8854671953433128
0.5540	0.873259394044849
0.5550	0.8661583456244585
0.5560	0.8651731410309779
0.5570	0.8690788238391934
0.5580	0.8797510327448251
0.5590	0.8932738095967864
0.5600	0.9075876328638036
0.5610	0.9216012620582317
0.5620	0.9347305501835417
0.5630	0.9464144177171154
0.5640	0.956678215285366
0.5650	0.9647843990408355
0.5660	0.9715665347766343
0.5670	0.9759041636674749
0.5680	0.9794431101894506
0.5690	0.9810451453272833
0.5700	0.9819341891816462
0.5710	0.9827856616449882
0.5720	0.9826594798793542
0.5730	0.9832087110664957
0.5740	0.983448957928254
0.5750	0.9828337350748737
0.5760	0.9813383002579639
0.5770	0.9802562918489767
0.5780	0.9774470057056375
0.5790	0.974824561011884
0.5800	0.9701088170838841
0.5810	0.9657522683305166
0.5820	0.9606862860328367
0.5830	0.9548873007472339
0.5840	0.9499869499444376
0.5850	0.9453749541316513
0.5860	0.9395135048470495
0.5870	0.9340260831320578
0.5880	0.9287251489433157
0.5890	0.9232776164702134
0.5900	0.9188044650135333
0.5910	0.9156855792271152
0.5920	0.9134862973028659
0.5930	0.9127293385628552
0.5940	0.9120559103566319
0.5950	0.9129010746569818
0.5960	0.9160637752271291
0.5970	0.9183099901616253
0.5980	0.9220095901195339
0.5990	0.9266513825760674
0.6000	0.9308743032943948
0.6010	0.9356089555187994
0.6020	0.9385877616872714
0.6030	0.9426818843831466
0.6040	0.9455504191435421
0.6050	0.9491852881425203
0.6060	0.9518419130402961
0.6070	0.9545670648982745
0.6080	0.9560815884430938
0.6090	0.9579434935254352
0.6100	0.9586577085046227
0.6110	0.9591765277303214
0.6120	0.9599629361304165
0.6130	0.960304055769435
0.6140	0.9603443752710666
0.6150	0.959912905712672
0.6160	0.9587531382648241
0.6170	0.957072596916643
0.6180	0.9578859566944495
0.6190	0.9572192900432043
0.6200	0.957250296503323
0.6210	0.9568828593100841
0.6220	0.9570768717553703
0.6230	0.9557615260859658
0.6240	0.9541318756750135
0.6250	0.9521065898651486
0.6260	0.9502095816022414
0.6270	0.947504645012465
0.6280	0.9415671854866635
0.6290	0.936824312062672
0.6300	0.9311181356540033
0.6310	0.9258255522054155
0.6320	0.9212908134617911
0.6330	0.916759898478132
0.6340	0.9124236436425965
0.6350	0.9091109836730076
0.6360	0.9040249572857327
0.6370	0.9003644045560251
0.6380	0.8985330062773278
0.6390	0.8965681095041579
0.6400	0.8943816590357635
0.6410	0.891182303111465
0.6420	0.8898606053278046
0.6430	0.8874164454665093
0.6440	0.8860947106712582
0.6450	0.8847379166467054
0.6460	0.884535238862744
0.6470	0.8848209660298137
0.6480	0.8829291648350749
0.6490	0.8810941463601611
0.6500	0.8803882404830883
0.6510	0.8779504743740884
0.6520	0.8764948964139262
0.6530	0.8753996656141573
0.6540	0.8729240135156151
0.6550	0.8720190500507973
0.6560	0.8691438740230936
0.6570	0.866602144669009
0.6580	0.8651424005916674
0.6590	0.8658960583604314
0.6600	0.8661221575416402
0.6610	0.8667152659695704
0.6620	0.8659995080696951
0.6630	0.8649686589319691
0.6640	0.8650750024849814
0.6650	0.8641036587322222
0.6660	0.8637974433364691
0.6670	0.8628782350356761
0.6680	0.8616608150956214
0.6690	0.857482181058805
0.6700	0.8551245496701446
0.6710	0.8527826042562728
0.6720	0.8503762679274605
0.6730	0.8472145458512425
0.6740	0.8459787751018681
0.6750	0.8432780161953931
0.6760	0.841881631334901
0.6770	0.8388740717868949
0.6780	0.8368085590043752
0.6790	0.8334236477832683
0.6800	0.8312470701566963
0.6810	0.8285053694912209
0.6820	0.8235819581541867
0.6830	0.8228770400239409
0.6840	0.8195599918676283
0.6850	0.8156064299403782
0.6860	0.8115885765668377
0.6870	0.8091629363802447
0.6880	0.8070193383942212
0.6890	0.8035777809335299
0.6900	0.8022423217777982
0.6910	0.8010711038690738
0.6920	0.7992824539776484
0.6930	0.7964440952298051
0.6940	0.7949642908702977
0.6950	0.7930925036932364
0.6960	0.7919258590291892
0.6970	0.7890190218988561
0.6980	0.787335540442438
0.6990	0.7852032865089675
0.7000	0.7826205992033116
0.7010	0.7803184065510885
0.7020	0.7772761301309948
0.7030	0.774726309117891
0.7040	0.7724112526246713
0.7050	0.7702172587314449
0.7060	0.768687726986592
0.7070	0.7684730921456061
0.7080	0.7681768930115895
0.7090	0.7676671578181862
0.7100	0.7673612917193205
0.7110	0.7663970009878163
0.7120	0.7655682999056598
0.7130	0.7655351490865042
0.7140	0.7635459495775833
0.7150	0.7631490789168308
0.7160	0.7622487627198717
0.7170	0.7613569129242879
0.7180	0.7597343247874881
0.7190	0.7574435640903461
0.7200	0.7555073351074069
0.7210	0.7536257583646022
0.7220	0.7522961724856714
0.7230	0.7494771476675262
0.7240	0.7468164977592605
0.7250	0.745910664522061
0.7260	0.7450454168073011
0.7270	0.7418587327263726
0.7280	0.7413646511226158
0.7290	0.7382852335712431
0.7300	0.7361293708693475
0.7310	0.7341940301645853
0.7320	0.7318724735107468
0.7330	0.7278631374295187
0.7340	0.7261297782281677
0.7350	0.7240146814802165
0.7360	0.720344417834396
0.7370	0.7171581778925559
0.7380	0.7154182583867512
0.7390	0.7132905013615524
0.7400	0.7117405461582998
0.7410	0.7107285220408996
0.7420	0.7088539751871058
0.7430	0.7063056415773036
0.7440	0.7042301564843115
0.7450	0.7025724489743752
0.7460	0.6992680587820861
0.7470	0.6968761916720174
0.7480	0.6944827284370992
0.7490	0.6921173454334094
0.7500	0.6877080320310335
0.7510	0.6839855450307186
0.7520	0.6803743657630202
0.7530	0.6761645448345803
0.7540	0.6740140765720309
0.7550	0.6713479235028714
0.7560	0.6683647892915106
0.7570	0.6646317678671894
0.7580	0.6636191469378889
0.7590	0.6627526246364739
0.7600	0.6609985736426908
0.7610	0.6597361892463703
0.7620	0.658804290596412
0.7630	0.6579792004575743
0.7640	0.6560733626170582
0.7650	0.6539222212062026
0.7660	0.6528468610041971
0.7670	0.6510105563765061
0.7680	0.6496260476101836
0.7690	0.6458354916681011
0.7700	0.6425581060576847
0.7710	0.6391303516071046
0.7720	0.6354526185596334
0.7730	0.632277736549693
0.7740	0.6299061101532949
0.7750	0.6261829407517762
0.7760	0.6244650662746893
0.7770	0.6216842836826468
0.7780	0.6199331519780811
0.7790	0.6179411765998567
0.7800	0.6172430917345462
0.7810	0.6150042397933773
0.7820	0.6138993397155349
0.7830	0.6122108640075952
0.7840	0.6100938842949666
0.7850	0.6078625965976495
0.7860	0.6063046445775787
0.7870	0.6047703522168705
0.7880	0.6023853600097767
0.7890	0.5983694404918507
0.7900	0.596679928459371
0.7910	0.5932718780543961
0.7920	0.5906500671841334
0.7930	0.5890428758690697
0.7940	0.5876640738273902
0.7950	0.5847201719021836
0.7960	0.5827819766784879
0.7970	0.5800938433508943
0.7980	0.5764900548352162
0.7990	0.5759865445287258
0.8000	0.5745351072402745
0.8010	0.572291332757541
0.8020	0.5702628893963435
0.8030	0.5674645748764258
0.8040	0.5650607322035376
0.8050	0.5626790455941391
0.8060	0.5588988390181093
0.8070	0.5563241184573542
0.8080	0.5506392028943249
0.8090	0.5461343209382827
0.8100	0.5420332377501293
0.8110	0.5373628769720152
0.8120	0.5321674605151676
0.8130	0.5270428773032689
0.8140	0.5236412275902625
0.8150	0.5196149124417956
0.8160	0.5149306676907157
0.8170	0.5113153246190623
0.8180	0.5103754800432231
0.8190	0.5104425242265729
0.8200	0.5104255081477431
0.8210	0.5115326312342526
0.8220	0.5117594521414802
0.8230	0.5114029403071745
0.8240	0.5105386733995685
0.8250	0.5109582067199586
0.8260	0.512712914669477
0.8270	0.5150473883684739
0.8280	0.5109418591629861
0.8290	0.5059205891801103
0.8300	0.5031688352413078
0.8310	0.49920618465531374
0.8320	0.49424277072839345
0.8330	0.49152561800045763
0.8340	0.48787715649479046
0.8350	0.48365895244105434
0.8360	0.48013414897317935
0.8370	0.47488654386020396
0.8380	0.4722075107574767
0.8390	0.4695378577797705
0.8400	0.46595588759681683
0.8410	0.4610349005189742
0.8420	0.45779877589252815
0.8430	0.4560261126950658
0.8440	0.45186194556376874
0.8450	0.4471896486168156
0.8460	0.4426775540270334
0.8470	0.4393925902934189
0.8480	0.4340725789428893
0.8490	0.4299122957153926
0.8500	0.4257472032943277
0.8510	0.421186473161126
0.8520	0.4158770933900283
0.8530	0.410703344906318
0.8540	0.40576250804973185
0.8550	0.3995431520564993
0.8560	0.39777273962639714
0.8570	0.3927970563571559
0.8580	0.3846057713885183
0.8590	0.3804701818316995
0.8600	0.377425027760428
0.8610	0.37441318412079694
0.8620	0.37143269161172315
0.8630	0.3673852127730423
0.8640	0.3635953392321636
0.8650	0.3609175992218869
0.8660	0.35802605250496644
0.8670	0.3541338118438525
0.8680	0.3493673874820462
0.8690	0.34495405138240487
0.8700	0.3392353881883199
0.8710	0.3335857724299319
0.8720	0.32855016970855294
0.8730	0.3225693256587641
0.8740	0.31722732017045413
0.8750	0.3118510535152672
0.8760	0.30647342437089725
0.8770	0.3013275317356463
0.8780	0.29739836507312417
0.8790	0.2927473428511569
0.8800	0.28678698240360256
0.8810	0.27844187957719163
0.8820	0.266354002772307
0.8830	0.2501714480976864
0.8840	0.23152370635179736
0.8850	0.21040910738660906
0.8860	0.1908615467870111
0.8870	0.17321024496560825
0.8880	0.1573996822231086
0.8890	0.14323029900206805
0.8900	0.12679724988151087
0.8910	0.1058580627240517
0.8920	0.08308385940490312
0.8930	0.060060787836584854
0.8940	0.041517434969073695
0.8950	0.02772012695623317
0.8960	0.018493225294341036
0.8970	0.01219237440481025
0.8980	0.008249872003509809
0.8990	0.0055643919443255
0.9000	0.003856855267169209
0.9010	0.00269401354406777
0.9020	0.0019122130870162623
0.9030	0.0013805832244826307
0.9040	0.000995616416592842
0.9050	0.000721619610554327
0.9060	0.0005321780967210483
0.9070	0.0003950709721540753
0.9080	0.000299638898728446
0.9090	0.00021958329066398125
0.9100	0.0001559319135702558
0.9110	0.00011225083421233935
0.9120	8.397004642710807e-05
0.9130	5.713664316114516e-05
0.9140	4.0481427340892315e-05
0.9150	2.176744178730267e-05
0.9160	1.2005634737098923e-05
0.9170	7.17099570038664e-06
0.9180	-3.492968873414137e-06
0.9190	-1.3856214272682572e-05
0.9200	-1.7256654169317527e-05
0.9210	-1.9824333274939837e-05
0.9220	-2.093468099629003e-05
0.9230	-1.7719299053213438e-05
0.9240	-2.4520178846483348e-05
0.9250	-2.1628648322133897e-05
0.9260	-2.128166465921196e-05
0.9270	-2.0425771624004525e-05
0.9280	-2.567679105622313e-05
0.9290	-2.6602080824014955e-05
0.9300	-2.47515012884313e-05
0.9310	-2.914662768544247e-05
0.9320	-2.4520178846483348e-05
0.9330	-2.5445468614275173e-05
0.9340	-2.2392012380562153e-05
0.9350	-2.2623334822510107e-05
0.9360	-2.0842152019510845e-05
0.9370	-2.2438276868951743e-05
0.9380	-2.2299483403782966e-05
0.9390	-1.9523614100407498e-05
0.9400	-2.1327929147601555e-05
0.9410	-1.84595308674469e-05
0.9420	-2.1466722612770325e-05
0.9430	-1.998625898430341e-05
0.9440	-2.130479690340676e-05
0.9450	-1.929229165845954e-05
0.9460	-2.0009391228498204e-05
0.9470	-2.068022631014728e-05
0.9480	-1.855205984422608e-05
0.9490	-1.8575192088420874e-05
0.9500	-1.63313644015257e-05
0.9510	-1.7302918657707117e-05
0.9520	-1.6724612552837227e-05
0.9530	-1.7534241099655074e-05
0.9540	-1.6539554599278864e-05
0.9550	-1.5568000343097445e-05
0.9560	-1.459644608691603e-05
0.9570	-1.4295726912383688e-05
0.9580	-1.4920297505643169e-05
0.9590	-1.4874033017253579e-05
0.9600	-1.459644608691603e-05
0.9610	-1.4133801203020119e-05
0.9620	-1.4133801203020119e-05
0.9630	-1.3694288563319002e-05
0.9640	-1.302345348166993e-05
0.9650	-1.2491411865189631e-05
0.9660	-1.3139114702643907e-05
0.9670	-1.3416701632981456e-05
0.9680	-1.3462966121371046e-05
0.9690	-1.1982502492904128e-05
0.9700	-1.1427328632229032e-05
0.9710	-1.2398882888410449e-05
0.9720	-1.3509230609760638e-05
0.9730	-1.2445147376800039e-05
0.9740	-1.21212959580729e-05
0.9750	-1.1196006190281077e-05
0.9760	-9.90060051537252e-06
0.9770	-9.831203782788134e-06
0.9780	-9.96999724795691e-06
0.9790	-9.322294410502633e-06
0.9800	-9.206633189528653e-06
0.9810	-1.017818744571007e-05
0.9820	-9.761807050203749e-06
0.9830	-9.06783972435988e-06
0.9840	-8.651459328853558e-06
0.9850	-8.420136886905603e-06
0.9860	-7.95749200300969e-06
0.9870	-7.402318142334595e-06
0.9880	-7.101598967802252e-06
0.9890	-7.147863456191844e-06
0.9900	-7.517979363308573e-06
0.9910	-7.101598967802252e-06
0.9920	-6.824012037464706e-06
0.9930	-6.662086328101136e-06
0.9940	-6.523292862932363e-06
0.9950	-5.551738606750947e-06
0.9960	-5.32041616480299e-06
