;; Skysat13 RSR
;;
;; Quinten Vanhellemont 2022-02-19 from Skysat_RSR_Skysat13.csv
;; normalised to per channel maximum value
;;
;; datasets: wavelength, RSR
;; Skysat13 Band: Blue
0.3500	0.0
0.3510	0.0
0.3520	0.0
0.3530	0.0
0.3540	0.0
0.3550	0.0
0.3560	0.0
0.3570	0.0
0.3580	0.0
0.3590	0.0
0.3600	0.0
0.3610	0.0
0.3620	0.0
0.3630	0.0
0.3640	0.0
0.3650	0.0
0.3660	0.0
0.3670	0.0
0.3680	0.0
0.3690	0.0
0.3700	0.0
0.3710	0.0
0.3720	0.0
0.3730	0.0
0.3740	0.0
0.3750	0.0
0.3760	0.0
0.3770	0.0
0.3780	0.0
0.3790	0.0
0.3800	0.0
0.3810	0.0
0.3820	0.0
0.3830	0.0
0.3840	0.0
0.3850	0.0
0.3860	0.0
0.3870	0.0
0.3880	0.0
0.3890	0.0
0.3900	0.0
0.3910	0.0
0.3920	0.0
0.3930	0.0
0.3940	0.0
0.3950	0.0
0.3960	0.0
0.3970	1.723144504230453e-05
0.3980	7.4356603790798635e-06
0.3990	5.608467384903242e-06
0.4000	1.004956146797142e-05
0.4010	7.790947905725318e-06
0.4020	1.2282797349742847e-05
0.4030	1.8170419219867517e-05
0.4040	4.7456262487642815e-05
0.4050	8.323879195693499e-05
0.4060	8.932943527085708e-05
0.4070	0.00010277960592243497
0.4080	4.974025373036359e-05
0.4090	6.369797799143501e-05
0.4100	0.00011800621420724016
0.4110	0.00019794590770246735
0.4120	0.0003324476142182465
0.4130	0.00037305190297772694
0.4140	0.00040604288759480485
0.4150	0.00044664717635428534
0.4160	0.00024184929492365563
0.4170	0.00012714217917812325
0.4180	6.31904243819415e-05
0.4190	4.161939597846749e-05
0.4200	4.5679824854415546e-05
0.4210	4.466471763542854e-05
0.4220	6.065265633447398e-05
0.4230	0.00010633248118888953
0.4240	9.643518580376615e-05
0.4250	0.00012333552710692196
0.4260	0.0001329790456872986
0.4270	7.486415740029213e-05
0.4280	3.6290083078785686e-05
0.4290	8.450767598066876e-05
0.4300	0.000147951877167357
0.4310	0.00018830238912209075
0.4320	0.00025527916343085383
0.4330	0.00027389115429098066
0.4340	0.0002401241202049872
0.4350	0.00022414709390854588
0.4360	0.0002230403732630453
0.4370	0.0006579189040740047
0.4380	0.0034253777997497736
0.4390	0.01108378061812391
0.4400	0.023433798367908074
0.4410	0.0586407239775139
0.4420	0.1639052844565806
0.4430	0.3245425834877153
0.4440	0.44959590040828756
0.4450	0.578294459738938
0.4460	0.7773914660367521
0.4470	0.8942761542597027
0.4480	0.9125790449716481
0.4490	0.9239207871740289
0.4500	0.9384154397097433
0.4510	0.9464654099867695
0.4520	0.9492571020295306
0.4530	0.9525495870677066
0.4540	0.9565568649296685
0.4550	0.9577874819490145
0.4560	0.95909184650782
0.4570	0.9595721444884836
0.4580	0.9597272731736892
0.4590	0.9605689417110082
0.4600	0.9609241708689885
0.4610	0.9609787607974576
0.4620	0.9607158708676524
0.4630	0.9588090503254505
0.4640	0.9559759444459228
0.4650	0.951050502104387
0.4660	0.9419009473856098
0.4670	0.9277799050618436
0.4680	0.9109559164439364
0.4690	0.8948153157702274
0.4700	0.8804338730671105
0.4710	0.8724386449846363
0.4720	0.8720975207414637
0.4730	0.8787440799105599
0.4740	0.8921060022160552
0.4750	0.9069031643163319
0.4760	0.9224265620365203
0.4770	0.9398802622666541
0.4780	0.954386659592892
0.4790	0.9669896623637921
0.4800	0.9759892882840931
0.4810	0.9820627128418131
0.4820	0.9870539417444433
0.4830	0.9935433344005917
0.4840	0.9970310194814429
0.4850	0.9984005843769239
0.4860	1.0
0.4870	0.9990334580481374
0.4880	0.9956540722187118
0.4890	0.988408371391289
0.4900	0.9749226745248147
0.4910	0.9554732125957194
0.4920	0.934220004111438
0.4930	0.9150240804368931
0.4940	0.9039151429241146
0.4950	0.9080487914837683
0.4960	0.9252948946743149
0.4970	0.9460030134219126
0.4980	0.965548814101626
0.4990	0.9779767184905549
0.5000	0.9808473706483448
0.5010	0.9730335193859911
0.5020	0.9443649399781694
0.5030	0.8609798152400814
0.5040	0.7196787378522278
0.5050	0.589226136691369
0.5060	0.48193032890273296
0.5070	0.32249915235375004
0.5080	0.15242479232397238
0.5090	0.05917364257864185
0.5100	0.02464083444655701
0.5110	0.010977432910326735
0.5120	0.00486122919663057
0.5130	0.0021938547972108254
0.5140	0.001112524521025148
0.5150	0.0006649561348696322
0.5160	0.00046178750052547666
0.5170	0.0003690650693751555
0.5180	0.0002775150870627643
0.5190	0.000195355861633222
0.5200	0.00013283769200705465
0.5210	0.00010952499339260368
0.5220	0.00011260584380222926
0.5230	0.00010959376690669004
0.5240	0.00012050946860926213
0.5250	0.0001188038347045592
0.5260	9.761321773140057e-05
0.5270	0.0001013130297678035
0.5280	9.078306880844646e-05
0.5290	8.679014456256106e-05
0.5300	8.197117681722496e-05
0.5310	5.8485148645131956e-05
0.5320	9.139238691664343e-05
0.5330	0.00010548283644659739
0.5340	0.00010640734534628981
0.5350	9.811290425994694e-05
0.5360	7.44807006483198e-05
0.5370	9.887753377264889e-05
0.5380	0.00012178824992838102
0.5390	0.0001129268714602339
0.5400	8.839604418299851e-05
0.5410	8.486423239133795e-05
0.5420	0.00010211496447080322
0.5430	0.00011296874463301712
0.5440	0.00014724104833726138
0.5450	0.00020416800740124825
0.5460	0.00021762122337448314
0.5470	0.0002664656449840907
0.5480	0.00033752315031318155
0.5490	0.00038827851126253213
0.5500	0.00042888280002201256
0.5510	0.0004111184236897399
0.5520	0.0004136561917372074
0.5530	0.0004136561917372074
0.5540	0.00037558967102519446
0.5550	0.00031890608391695974
0.5560	0.00017990669109065394
0.5570	0.00011143770916997995
0.5580	9.49975402048758e-05
0.5590	6.703717318829278e-05
0.5600	5.382352251873885e-05
0.5610	5.6717593200070823e-05
0.5620	6.023164061539911e-05
0.5630	7.256950753177201e-05
0.5640	7.089508817405293e-05
0.5650	4.022489243638409e-05
0.5660	6.166091157973282e-05
0.5670	5.2001151283852415e-05
0.5680	9.382737535818851e-05
0.5690	0.00012134642451131691
0.5700	0.00016348301761785828
0.5710	0.000267064558243293
0.5720	0.00035987581127527553
0.5730	0.0004951794524940544
0.5740	0.0006167131642872744
0.5750	0.0006472450516663563
0.5760	0.0007212489056985569
0.5770	0.0007982777792433389
0.5780	0.000805698213014134
0.5790	0.0007777091692186145
0.5800	0.0006820023228444716
0.5810	0.000645745230750303
0.5820	0.0005801896065481217
0.5830	0.0005210672243462707
0.5840	0.0004934816856702986
0.5850	0.00042537560458041245
0.5860	0.00042093704826539176
0.5870	0.0004128872480188248
0.5880	0.0003741583698464228
0.5890	0.0003861036440458525
0.5900	0.00037348839908189134
0.5910	0.000416503567486466
0.5920	0.0004450585335565707
0.5930	0.00040456336882313125
0.5940	0.00037830254506793725
0.5950	0.0003192106160826558
0.5960	0.0003807641800739808
0.5970	0.0004384349589526804
0.5980	0.000292858432677753
0.5990	0.00019109393397430502
0.6000	6.623574603890255e-05
0.6010	2.867677893638309e-05
0.6020	3.4259868640811656e-05
0.6030	-4.339583361169477e-06
0.6040	3.908162793099997e-05
0.6050	1.8500329066038296e-05
0.6060	2.436257325568829e-05
0.6070	3.4259868640811656e-05
0.6080	4.720248568289607e-06
0.6090	3.857407432150646e-06
0.6100	-2.2636890983410367e-05
0.6110	-2.8423002131636338e-05
0.6120	-6.445930840567526e-06
0.6130	2.0606676545436348e-05
0.6140	3.34985382265714e-05
0.6150	4.59336016591623e-05
0.6160	8.146235432370772e-06
0.6170	1.3703947456324663e-05
0.6180	-5.177046816833762e-07
0.6190	-2.502239294802985e-05
0.6200	2.8423002131636338e-05
0.6210	3.3498538226571403e-06
0.6220	3.882785112625321e-05
0.6230	1.3526303693001936e-05
0.6240	-2.0505165823537645e-06
0.6250	6.116020994396748e-06
0.6260	-2.2281603456764915e-06
0.6270	2.588523408416881e-05
0.6280	9.973428426547393e-06
0.6290	-2.2408491859138294e-05
0.6300	1.6622380710912323e-06
0.6310	2.6139010888915566e-06
0.6320	2.185018288869544e-05
0.6330	2.6900341303155822e-05
0.6340	9.948050746072717e-06
0.6350	1.4795187716735702e-05
0.6360	1.8170419219867517e-05
0.6370	1.0709381160312978e-05
0.6380	2.7313236164478785e-05
0.6390	-1.403725791167905e-05
0.6400	2.0775768030439106e-05
0.6410	9.894859127797799e-06
0.6420	-1.8291978309341213e-05
0.6430	1.718068968135518e-05
0.6440	-3.3498538226571403e-06
0.6450	6.471308521042203e-06
0.6460	1.8728728190310372e-05
0.6470	1.555651813097596e-05
0.6480	1.4820565397210377e-05
0.6490	-7.308771976706486e-07
0.6500	-1.1927509823097392e-05
0.6510	1.4566788592463624e-05
0.6520	2.1748672166796733e-05
0.6530	4.7456262487642815e-05
0.6540	-4.897892331612334e-06
0.6550	1.3856213539172716e-05
0.6560	7.841703266674669e-06
0.6570	-2.4134174131416215e-05
0.6580	1.6114827101418817e-05
0.6590	1.8119663858918165e-05
0.6600	-2.4870126865181793e-06
0.6610	2.2992178510055824e-05
0.6620	1.971845772882271e-05
0.6630	1.3602436734425964e-05
0.6640	1.3830835858698042e-05
0.6650	8.27312383474415e-06
0.6660	-9.625906470127191e-06
0.6670	8.56684510855804e-07
0.6680	1.666351793096177e-05
0.6690	8.63881621038422e-06
0.6700	3.933718117337994e-05
0.6710	0.00012994235244169892
0.6720	0.00019618342779350117
0.6730	0.00033732774217352647
0.6740	0.00044835763201827846
0.6750	0.00045273528190015996
0.6760	0.0004792524202281482
0.6770	0.00041299383427681837
0.6780	0.0004118086965986511
0.6790	0.0005847753534098956
0.6800	0.000728511997850409
0.6810	0.0005787024744723058
0.6820	0.00029543934278202747
0.6830	0.00015343574014112962
0.6840	9.653593519525061e-05
0.6850	2.9060997018769678e-05
0.6860	4.622163833254987e-05
0.6870	5.0808654078347425e-05
0.6880	1.6420628151138656e-06
0.6890	1.8983291703151842e-05
0.6900	2.1387014842352137e-05
0.6910	7.182974814593522e-06
0.6920	2.652119875686417e-05
0.6930	1.6012834203591098e-05
0.6940	2.2910563889649268e-05
0.6950	2.624458203969021e-05
0.6960	1.7307578083728556e-05
0.6970	3.857407432150646e-05
0.6980	3.019943976486361e-05
0.6990	2.0987341752556475e-05
0.7000	2.7915448522142834e-05
0.7010	2.4083418770466864e-05
0.7020	4.6187378463909046e-05
0.7030	4.771003929238957e-05
0.7040	4.4157164025935023e-05
0.7050	7.486415740029213e-05
0.7060	6.826596047687656e-05
0.7070	8.146235432370773e-05
0.7080	0.00011039291006483757
0.7090	0.0001167373301835064
0.7100	0.00013374037610153886
0.7110	0.00013348659929679209
0.7120	0.0001436376714866622
0.7130	0.00014719054675311674
0.7140	0.00015201230604330507
0.7150	0.00017332955764203233
0.7160	0.00019210904119329204
0.7170	0.0002037827742116427
0.7180	0.0001971845772882271
0.7190	0.00020073745255468165
0.7200	0.00020996503095207833
0.7210	0.000196038267461186
0.7220	0.00021006400390592958
0.7230	0.00020719911755714347
0.7240	0.00019507619959439106
0.7250	0.0001952081635328594
0.7260	0.00015785830851745128
0.7270	0.00014674237691593398
0.7280	0.00014954077374187643
0.7290	0.00012715562934877486
0.7300	0.0001407885192997704
0.7310	0.00011276445430519598
0.7320	0.00010198579207718713
0.7330	0.00012569489006065255
0.7340	0.00011331032821220624
0.7350	0.00012676252907822214
0.7360	0.00016774748304482272
0.7370	0.000234551689126358
0.7380	0.0003102852858597125
0.7390	0.00034987192963215855
0.7400	0.00040610125625989657
0.7410	0.0004311541024244961
0.7420	0.00042079747102278104
0.7430	0.0004304511406753475
0.7440	0.0004376609396982028
0.7450	0.0004644470814392226
0.7460	0.0004767806341499148
0.7470	0.00041331866858689427
0.7480	0.000319352731093314
0.7490	0.0002225046504282249
0.7500	0.00016322035862494544
0.7510	0.00013801169350223145
0.7520	0.00011370139826832098
0.7530	0.000108463445018348
0.7540	8.41610168653847e-05
0.7550	6.0016691661778615e-05
0.7560	5.83686650917532e-05
0.7570	5.177046816833762e-05
0.7580	6.116020994396747e-05
0.7590	6.69970764531428e-05
0.7600	9.643518580376615e-05
0.7610	0.00012739595598287002
0.7620	0.00011597599976926613
0.7630	0.00015911805657621418
0.7640	0.00018931749634107774
0.7650	0.0002238311417866362
0.7660	0.00026139010888915563
0.7670	0.0002664656449840907
0.7680	0.0002867677893638309
0.7690	0.0002867677893638309
0.7700	0.00029184332545876597
0.7710	0.0003248343100758439
0.7720	0.00032990984617077893
0.7730	0.0003400609183606491
0.7740	0.00032229654202837636
0.7750	0.00029184332545876597
0.7760	0.00026139010888915563
0.7770	0.00022180092734866213
0.7780	0.0001971845772882271
0.7790	0.0001852570674651297
0.7800	0.00016571625349962973
0.7810	0.0001723144504230453
0.7820	0.00016064071740469466
0.7830	0.00016292470864741546
0.7840	0.00017967397776070114
0.7850	0.00019388547882651932
0.7860	0.00021368006959676604
0.7870	0.0002306831155147985
0.7880	0.0002451303752322264
0.7890	0.0002829535239884872
0.7900	0.00026441766616978435
0.7910	0.00025325351697536524
0.7920	0.00024769580495141133
0.7930	0.00026549875535800555
0.7940	0.0002635015319046486
0.7950	0.00023225323260576665
0.7960	0.0002322877462512122
0.7970	0.00021875154526282517
0.7980	0.00016498563007876383
0.7990	0.0001696160416581731
0.8000	0.00012668791869762657
0.8010	0.00011339991142428185
0.8020	8.547075895468269e-05
0.8030	6.24760426765794e-05
0.8040	9.720083042368711e-05
0.8050	7.121002518874365e-05
0.8060	5.458459915617436e-05
0.8070	8.138444484465047e-05
0.8080	7.089965615653836e-05
0.8090	7.64814769769432e-05
0.8100	0.00012533782609637384
0.8110	0.00012991240677873882
0.8120	0.0001802871025209693
0.8130	0.00021919489334071775
0.8140	0.00026814818519956164
0.8150	0.00034548920421418206
0.8160	0.00035597526178631796
0.8170	0.00037706918979686806
0.8180	0.0003833577790184926
0.8190	0.00032762077939196317
0.8200	0.00035407701128681226
0.8210	0.00038890026443416165
0.8220	0.0004766867367321585
0.8230	0.0005055411594318643
0.8240	0.0003821498014278981
0.8250	0.0002867880915082107
0.8260	0.0002095186375525288
0.8270	0.0001410521933999023
0.8280	0.00013832358519526522
0.8290	0.00011076012510130612
0.8300	0.0001044695056652436
0.8310	9.390223951558881e-05
0.8320	8.593466295375975e-05
0.8330	0.00010656519451884228
0.8340	8.755781939691999e-05
0.8350	9.543733540750192e-05
0.8360	9.762184614276196e-05
0.8370	9.239759684024532e-05
0.8380	0.00012567458791627278
0.8390	0.00011226375266943063
0.8400	0.00012401387250601003
0.8410	0.00012409685752116223
0.8420	9.99880610702207e-05
0.8430	0.00012688840237337653
0.8440	0.00011699110698825316
0.8450	0.00013805458178223364
0.8460	0.00014668299314362325
0.8470	0.000104809820360409
0.8480	0.0001378008049774869
0.8490	0.00014617543953412973
0.8500	0.0001296799472255908
0.8510	0.00017206067361829854
0.8520	0.0001482056539721038
0.8530	0.00015759539574773364
0.8540	0.0001669851375233635
0.8550	0.0001205439822547077
0.8560	5.9383772310740205e-05
0.8570	0.0001220666430831882
0.8580	-0.0007689437183826616
0.8590	-0.000713112821338376
0.8600	-0.0007461038059554539
0.8610	-0.000631904243819415
0.8620	-0.0006547441562466228
0.8630	-0.0006242909396770125
0.8640	-0.0006369797799143501
0.8650	-0.0005633845065377917
0.8660	-0.0006116020994396749
0.8670	-0.0005811488828700645
0.8680	-0.000545620130205519
0.8690	-0.0005836866509175319
0.8700	-0.0004897892331612334
0.8710	-0.0005380068260631164
0.8720	-0.0004567982485441555
0.8730	-0.0005126291455884412
0.8740	-0.00043903387221188277
0.8750	-0.0004415716402593503
0.8760	-0.0004111184236897399
0.8770	-0.0003958918154049347
0.8780	-0.0003857407432150646
0.8790	-0.0003552875266454542
0.8800	-0.000378127439072662
0.8810	-0.00033498538226571403
0.8820	-0.0003400609183606491
0.8830	-0.00032229654202837636
0.8840	-0.00027915448522142835
0.8850	-0.00027407894912649325
0.8860	-0.00026392787693662315
0.8870	-0.00024083418770466864
0.8880	-0.0002210395969344219
0.8890	-0.00023575865160973354
0.8900	-0.000208604533501831
0.8910	-0.00022865290107682446
0.8920	-0.00021951693610594138
0.8930	-0.00020555921184486995
0.8940	-0.00019870723811670765
0.8950	-0.0001809428617844349
0.8960	-0.00017307578083728558
0.8970	-0.00017586732568949985
0.8980	-0.00016952290557083102
0.8990	-0.00017916642415120762
0.9000	-0.00017332955764203233
0.9010	-0.00016064071740469466
0.9020	-0.0001527736364575453
0.9030	-0.00014769810036261027
0.9040	-0.00014033857302495444
0.9050	-0.00013475548332052587
0.9060	-0.00013348659929679209
0.9070	-0.00012232041988793495
0.9080	-0.00011978265184046744
0.9090	-0.00011800621420724016
0.9100	-0.0001220666430831882
0.9110	-0.00010937780284585054
0.9120	-0.00010024183787496744
0.9130	-0.00010277960592243497
0.9140	-9.694273941325966e-05
0.9150	-9.18672033183246e-05
0.9160	-8.729922083288305e-05
0.9170	-8.755299763762979e-05
0.9180	-8.171613112845446e-05
0.9190	-8.273123834744149e-05
0.9200	-7.18188357433311e-05
0.9210	-5.303935219207138e-05
0.9220	-4.0604288759480485e-05
0.9230	-3.6290083078785686e-05
0.9240	-3.832029751675971e-05
0.9250	-4.3142056806948015e-05
0.9260	-5.4308236215805145e-05
0.9270	-5.583089704428567e-05
0.9280	-5.583089704428567e-05
0.9290	-4.59336016591623e-05
0.9300	-1.0303338272718174e-05
0.9310	2.3474354439074654e-05
0.9320	-4.1365619173720746e-05
0.9330	-4.339583361169476e-05
0.9340	-4.1873172783214254e-05
0.9350	-4.288828000220126e-05
0.9360	-4.0604288759480485e-05
0.9370	-3.9842958345240224e-05
0.9380	-4.0604288759480485e-05
0.9390	-3.832029751675971e-05
0.9400	-3.578252946929218e-05
0.9410	-3.324476142182465e-05
0.9420	-3.4259868640811656e-05
0.9430	-3.324476142182465e-05
0.9440	-3.222965420283763e-05
0.9450	-3.146832378859737e-05
0.9460	-3.172210059334413e-05
0.9470	-3.0453216569610364e-05
0.9480	-2.867677893638309e-05
0.9490	-2.9438109350623352e-05
0.9500	-2.8423002131636338e-05
0.9510	-2.8169225326889587e-05
0.9520	-2.8423002131636338e-05
0.9530	-2.8930555741129845e-05
0.9540	-2.7407894912649326e-05
0.9550	-2.6646564498409065e-05
0.9560	-2.613901088891556e-05
0.9570	-2.5377680474675303e-05
0.9580	-2.5377680474675303e-05
0.9590	-2.49716375870805e-05
0.9600	-2.4438706297112314e-05
0.9610	-2.4007285729042835e-05
0.9620	-2.474323846280842e-05
0.9630	-2.4514839338536343e-05
0.9640	-2.319519995385323e-05
0.9650	-2.2053204332492838e-05
0.9660	-2.2357736498188943e-05
0.9670	-2.2002448971543486e-05
0.9680	-2.124111855730323e-05
0.9690	-1.9896101492145435e-05
0.9700	-1.9515436285025307e-05
0.9710	-1.9363170202177257e-05
0.9720	-1.9007882675531803e-05
0.9730	-1.8398818344139593e-05
0.9740	-1.819579690034219e-05
0.9750	-1.7662865610374013e-05
0.9760	-1.794202009559544e-05
0.9770	-1.718068968135518e-05
0.9780	-1.6140204781893494e-05
0.9790	-1.6495492308538947e-05
0.9800	-1.5911805657621414e-05
0.9810	-1.4871320758159727e-05
0.9820	-1.4414522509615571e-05
0.9830	-1.4059234982970118e-05
0.9840	-1.3653192095375313e-05
0.9850	-1.3094883124932456e-05
0.9860	-1.2435063432590898e-05
0.9870	-1.2308175030217523e-05
0.9880	-1.2308175030217523e-05
0.9890	-1.215590894736947e-05
0.9900	-1.1851376781673367e-05
0.9910	-1.1521466935502588e-05
0.9920	-1.139457853312921e-05
0.9930	-1.1039291006483756e-05
0.9940	-1.004956146797142e-05
0.9950	-9.23747569278181e-06
0.9960	-8.298501515218823e-06
;; Skysat13 Band: Green
0.3500	0.0
0.3510	0.0
0.3520	0.0
0.3530	0.0
0.3540	0.0
0.3550	0.0
0.3560	0.0
0.3570	0.0
0.3580	0.0
0.3590	0.0
0.3600	0.0
0.3610	0.0
0.3620	0.0
0.3630	0.0
0.3640	0.0
0.3650	0.0
0.3660	0.0
0.3670	0.0
0.3680	0.0
0.3690	0.0
0.3700	0.0
0.3710	0.0
0.3720	0.0
0.3730	0.0
0.3740	0.0
0.3750	0.0
0.3760	0.0
0.3770	0.0
0.3780	0.0
0.3790	0.0
0.3800	0.0
0.3810	0.0
0.3820	0.0
0.3830	0.0
0.3840	0.0
0.3850	0.0
0.3860	0.0
0.3870	0.0
0.3880	0.0
0.3890	0.0
0.3900	0.0
0.3910	0.0
0.3920	0.0
0.3930	0.0
0.3940	0.0
0.3950	0.0
0.3960	0.0
0.3970	5.177496178081624e-06
0.3980	-3.0374644244745526e-06
0.3990	6.443106354946021e-06
0.4000	5.5456736840785385e-06
0.4010	2.0802029088825727e-06
0.4020	6.236006507822755e-06
0.4030	-7.27150574343908e-06
0.4040	3.4976863069706973e-06
0.4050	-6.005895566574684e-06
0.4060	-3.63575287171954e-06
0.4070	3.842852718842805e-06
0.4080	-1.2541046298019935e-05
0.4090	-2.9914422362249382e-06
0.4100	6.650206202069285e-06
0.4110	-1.2955245992266464e-05
0.4120	8.629160296802707e-06
0.4130	4.257052413089335e-06
0.4140	5.614706966452961e-06
0.4150	7.754738720060031e-06
0.4160	-1.8731030617593073e-05
0.4170	1.5831632757867365e-05
0.4180	-4.5792077308366365e-06
0.4190	-1.2103835509648596e-06
0.4200	2.531220353728794e-06
0.4210	-1.3783645380759524e-05
0.4220	-6.650206202069285e-06
0.4230	-1.1045325179907464e-05
0.4240	4.095974754215684e-06
0.4250	2.2850016465933567e-06
0.4260	-1.0447036732662476e-05
0.4270	6.489128543195635e-07
0.4280	-1.1850713474275716e-05
0.4290	-1.4865166804625462e-05
0.4300	-7.915816378933682e-06
0.4310	7.156450272815044e-06
0.4320	-3.313597553972239e-06
0.4330	1.0838225332784199e-05
0.4340	5.016418519207973e-06
0.4350	1.2195879886147825e-05
0.4360	-3.7738194364683834e-06
0.4370	-9.411537497046151e-06
0.4380	1.8385864205720967e-05
0.4390	4.671252107335865e-06
0.4400	7.087416990440623e-06
0.4410	1.2518035203895125e-05
0.4420	-9.411537497046151e-06
0.4430	-2.8763867656009024e-06
0.4440	-3.359619742221854e-05
0.4450	1.7235309499480606e-05
0.4460	6.926339331566972e-06
0.4470	-1.5647544004868907e-05
0.4480	1.932931906483806e-05
0.4490	-9.572615155919803e-07
0.4500	-1.9375341253087677e-05
0.4510	-3.106497706848974e-05
0.4520	-4.6712521073358645e-05
0.4530	-1.705122074648215e-05
0.4540	-1.3553534439511452e-05
0.4550	1.8316830923346546e-05
0.4560	3.842852718842805e-05
0.4570	1.4865166804625462e-05
0.4580	2.3931537889799506e-05
0.4590	2.0663962524076882e-05
0.4600	1.1942757850774947e-05
0.4610	2.2297750206938194e-05
0.4620	1.1298447215280342e-05
0.4630	4.211030224839721e-05
0.4640	3.865863812967612e-05
0.4650	2.761331294976866e-05
0.4660	4.832329766209515e-05
0.4670	5.614706966452961e-05
0.4680	6.374073072571599e-05
0.4690	9.227448744047694e-05
0.4700	0.00012679112862768775
0.4710	0.00018040697793848858
0.4720	0.00017166276217106183
0.4730	0.0001960545219433575
0.4740	0.0002018072954745593
0.4750	0.0001702820965235734
0.4760	0.0001578561056961775
0.4770	0.00015003233369374305
0.4780	0.0001587765494611698
0.4790	0.0001396773413375798
0.4800	0.00011114358462281887
0.4810	0.00011482535968278802
0.4820	0.0001198878003902456
0.4830	0.00011597591438902838
0.4840	0.00011390491591779572
0.4850	7.892805284808875e-05
0.4860	5.798795719451419e-05
0.4870	3.612741777594733e-05
0.4880	2.6002536361032156e-05
0.4890	1.9398352347212486e-05
0.4900	1.7700225645178208e-05
0.4910	2.381418130976299e-05
0.4920	1.8343431748154823e-05
0.4930	2.113835924055391e-05
0.4940	3.411072548684923e-05
0.4950	5.230697827698178e-05
0.4960	9.127833717581403e-05
0.4970	0.00016710955697658625
0.4980	0.00029440163712337106
0.4990	0.0005032066063212842
0.5000	0.0007923041862488873
0.5010	0.0012131448822598366
0.5020	0.0018897032650609434
0.5030	0.0031795924473364246
0.5040	0.006008659198979073
0.5050	0.012807671243425248
0.5060	0.02875686307895743
0.5070	0.06315233935005408
0.5080	0.13073748294679455
0.5090	0.241529020840598
0.5100	0.3740848220362595
0.5110	0.4874414365065775
0.5120	0.600119978464101
0.5130	0.7522370942744575
0.5140	0.8702634881420875
0.5150	0.9025601271202792
0.5160	0.9116488534833956
0.5170	0.9315081962836479
0.5180	0.9439643684620979
0.5190	0.9459101750757446
0.5200	0.946313663105676
0.5210	0.9481461147685545
0.5220	0.9534186398620432
0.5230	0.959767442151047
0.5240	0.9631441936528448
0.5250	0.9631782983954471
0.5260	0.9634984356402397
0.5270	0.9669058609305059
0.5280	0.9706956408618592
0.5290	0.9704145166260458
0.5300	0.9686759548294155
0.5310	0.9702219436826436
0.5320	0.9727617885944504
0.5330	0.9720422270789488
0.5340	0.9696101017009591
0.5350	0.9683873174713704
0.5360	0.9691236241600666
0.5370	0.9691819987036423
0.5380	0.9666287015062103
0.5390	0.9636056650377519
0.5400	0.9615567042913626
0.5410	0.9581733739177545
0.5420	0.9513182792347075
0.5430	0.9433412625498393
0.5440	0.9359869329753168
0.5450	0.930331379015683
0.5460	0.9266442170585792
0.5470	0.9243020949730398
0.5480	0.922965610626271
0.5490	0.9250322507962765
0.5500	0.9290602991017451
0.5510	0.9345616350096639
0.5520	0.9406536380904537
0.5530	0.9475126745739244
0.5540	0.9548809120537359
0.5550	0.9613209809442576
0.5560	0.9662088203728243
0.5570	0.9708174869063595
0.5580	0.9779254758149477
0.5590	0.9838768465939937
0.5600	0.9890628706835579
0.5610	0.9930954429701315
0.5620	0.9952171486883775
0.5630	0.9975570363966775
0.5640	1.0
0.5650	0.9991735243389758
0.5660	0.9970031133389051
0.5670	0.9948878737381082
0.5680	0.9911254447932315
0.5690	0.9883124443875068
0.5700	0.9858840721189688
0.5710	0.9812563224850759
0.5720	0.9769241687640915
0.5730	0.9732153832818385
0.5740	0.9683861508088983
0.5750	0.964194514334187
0.5760	0.9595083579411864
0.5770	0.9521851186559359
0.5780	0.9442801013834751
0.5790	0.9366021184689777
0.5800	0.9289469418498674
0.5810	0.921822371146853
0.5820	0.9138445789881129
0.5830	0.9040701266222962
0.5840	0.8856963915642884
0.5850	0.8448460502691479
0.5860	0.7698358663067488
0.5870	0.6699459378044965
0.5880	0.5725321180855438
0.5890	0.4865386284441225
0.5900	0.3854093707356056
0.5910	0.2567941158588938
0.5920	0.1414385253408443
0.5930	0.07007596337251433
0.5940	0.03483389744301896
0.5950	0.0185269153093778
0.5960	0.010633679717108789
0.5970	0.006600875018484524
0.5980	0.004289122974971079
0.5990	0.0029457053855424715
0.6000	0.0021054529824657236
0.6010	0.0015042720406892476
0.6020	0.0011241287657474323
0.6030	0.0008952028958467877
0.6040	0.0007134520700114102
0.6050	0.0006142374365828915
0.6060	0.000550742924564311
0.6070	0.00047977440917399306
0.6080	0.0004757313599362644
0.6090	0.0004520828585042
0.6100	0.0004706390048064446
0.6110	0.0004514063323369307
0.6120	0.000499414378009516
0.6130	0.0005316552219877834
0.6140	0.0004859390812900289
0.6150	0.0005126296493653927
0.6160	0.0004901363048583937
0.6170	0.0005062440707457587
0.6180	0.0004832329766209516
0.6190	0.00042800635072141424
0.6200	0.00036587639658443473
0.6210	0.00033596197422218536
0.6220	0.0002508209259603987
0.6230	0.0002462187071354372
0.6240	0.00019651474382585365
0.6250	0.00019145230311839605
0.6260	0.00014335911639754896
0.6270	0.00011850713474275716
0.6280	8.813249049801165e-05
0.6290	0.00011459524874153994
0.6300	8.997337802799622e-05
0.6310	8.882282332175586e-05
0.6320	7.133439178690238e-05
0.6330	0.00010838225332784199
0.6340	8.997337802799622e-05
0.6350	8.974326708674814e-05
0.6360	0.0001182770238015091
0.6370	0.00011068336274032271
0.6380	0.00011958014206179693
0.6390	0.000169078616300846
0.6400	0.00017549456956472475
0.6410	0.00022459794331765084
0.6420	0.00024394290992649378
0.6430	0.00029760248031613176
0.6440	0.00033238144797636534
0.6450	0.00042511385618992594
0.6460	0.0005237255989523748
0.6470	0.0005931178543951435
0.6480	0.0006826678282912432
0.6490	0.0007305124951955423
0.6500	0.0007396985239701653
0.6510	0.0007927759136784457
0.6520	0.00079136993582742
0.6530	0.0007769787975617657
0.6540	0.000743506860047821
0.6550	0.0006632855837099181
0.6560	0.0006212995413697949
0.6570	0.0005200507272206431
0.6580	0.00044181300719629856
0.6590	0.0004326085695463756
0.6600	0.00035897306834699257
0.6610	0.0003405641930471468
0.6620	0.0002991442236224938
0.6630	0.0002462187071354372
0.6640	0.00022182694736314158
0.6650	0.00017902631229100012
0.6660	0.00016798098711109268
0.6670	0.00016637021052235616
0.6680	0.0001249502410977032
0.6690	0.00013369445686512994
0.6700	0.00011781680191901295
0.6710	8.928304520425201e-05
0.6720	0.00010631125485660933
0.6730	0.0001058510329741132
0.6740	7.915816378933683e-05
0.6750	6.765261672693322e-05
0.6760	5.81474240767991e-05
0.6770	6.293166065628777e-05
0.6780	6.537635929610729e-05
0.6790	7.723926865026914e-05
0.6800	7.021996449843796e-05
0.6810	6.35124606719979e-05
0.6820	8.582447775729347e-05
0.6830	7.278432082770648e-05
0.6840	6.270500137915841e-05
0.6850	6.89133945740314e-05
0.6860	5.110441849801935e-05
0.6870	8.179707606356973e-05
0.6880	0.0001029378284579126
0.6890	0.00011051008920156292
0.6900	0.00013900357650160544
0.6910	0.00011917192525202285
0.6920	0.0001297931559672101
0.6930	0.00017654617656622843
0.6940	0.00016605311764531636
0.6950	0.0002133478194000326
0.6960	0.00026161543021434574
0.6970	0.0003031550573284477
0.6980	0.00037051543315999585
0.6990	0.0003752672240967686
0.7000	0.0004249757896251771
0.7010	0.0004385178185176262
0.7020	0.0004714190808972755
0.7030	0.0005014899786995736
0.7040	0.00047912779742908596
0.7050	0.0004967059722310262
0.7060	0.0005212979285222076
0.7070	0.0005174757857880772
0.7080	0.0005181454086271091
0.7090	0.0005182029363624211
0.7100	0.0005265421568732512
0.7110	0.000526737751173312
0.7120	0.0005337906515225655
0.7130	0.000558794506398581
0.7140	0.0005618687885736552
0.7150	0.0005823601678917961
0.7160	0.0006111263366572175
0.7170	0.0006407093992640698
0.7180	0.0006903075115406793
0.7190	0.000699228912732867
0.7200	0.000703456050723594
0.7210	0.0007316354365888329
0.7220	0.0007406005588598579
0.7230	0.0007793834568978079
0.7240	0.0007758374472931752
0.7250	0.0007535903214933115
0.7260	0.0007593661061186381
0.7270	0.000694935042569178
0.7280	0.0006374073072571599
0.7290	0.000612095103719872
0.7300	0.0005775784625326611
0.7310	0.0005361584931080081
0.7320	0.0004993407425083166
0.7330	0.00048093186720847087
0.7340	0.00044181300719629856
0.7350	0.0004094110855591575
0.7360	0.00041571152313052976
0.7370	0.0004015481946967109
0.7380	0.0003905143750638658
0.7390	0.0004219935518266021
0.7400	0.0004573155813081812
0.7410	0.0005033262640107332
0.7420	0.0005730406747712491
0.7430	0.0006752030293571558
0.7440	0.0007929692068690942
0.7450	0.000914074294138542
0.7460	0.001058061613405698
0.7470	0.0011810697181592676
0.7480	0.001250418252523199
0.7490	0.0012872383042323032
0.7500	0.0012550964079587725
0.7510	0.0012173098902964266
0.7520	0.0012011883177525866
0.7530	0.001165969838194569
0.7540	0.0010092504805481572
0.7550	0.0007540413389381577
0.7560	0.0005581156791218992
0.7570	0.0004090889302414102
0.7580	0.0003031044329213732
0.7590	0.00027249737662596703
0.7600	0.00020098464885959743
0.7610	0.00017017256371553932
0.7620	0.0001511559654198574
0.7630	0.0001380196221168287
0.7640	0.0001506759539964139
0.7650	0.000134642513943072
0.7660	0.00012955245992266463
0.7670	0.0001364557881601068
0.7680	0.00014566022581002968
0.7690	0.0001686713199348369
0.7700	0.00016406910110987544
0.7710	0.00019490396723711713
0.7720	0.00023701426948551433
0.7730	0.000280735348322648
0.7740	0.0003681775059969155
0.7750	0.00041650080365901064
0.7760	0.0004694263201460672
0.7770	0.0004855340860334323
0.7780	0.00046482410132110577
0.7790	0.00047479480840538474
0.7800	0.0004529595811903552
0.7810	0.00048465506223786467
0.7820	0.0005574966806899419
0.7830	0.000563921378169588
0.7840	0.0004924144031767496
0.7850	0.0003340497523004139
0.7860	0.00021737913297975757
0.7870	0.0001588062337725908
0.7880	0.00010001633994782708
0.7890	9.22954275361305e-05
0.7900	8.384368277503008e-05
0.7910	5.144107080506528e-05
0.7920	4.343712193563359e-05
0.7930	6.470029335072045e-05
0.7940	5.479631843940343e-05
0.7950	4.0447750697879884e-05
0.7960	1.5108693213748297e-05
0.7970	4.155895643316683e-05
0.7980	3.263134224556537e-05
0.7990	2.303226433140204e-05
0.8000	2.862695164596642e-05
0.8010	2.5081172152274874e-05
0.8020	4.357242716908745e-05
0.8030	3.645923775322705e-05
0.8040	2.3881373704607424e-05
0.8050	4.199892855283314e-05
0.8060	4.967473922004509e-06
0.8070	1.7509118508471687e-05
0.8080	2.0691460781556024e-05
0.8090	5.417985122779984e-06
0.8100	3.198657138818827e-05
0.8110	3.770966060796907e-05
0.8120	2.7341091706272192e-05
0.8130	5.5230767896479786e-05
0.8140	1.4866409403708202e-05
0.8150	3.2852248749163516e-05
0.8160	4.162960049212998e-05
0.8170	4.1189858483404924e-05
0.8180	4.2800635072141424e-05
0.8190	4.1650080365901064e-05
0.8200	4.372107883713372e-05
0.8210	4.763296483835094e-05
0.8220	4.855340860334323e-05
0.8230	5.0854518015823946e-05
0.8240	6.6962283903189e-05
0.8250	3.4746752128458895e-05
0.8260	5.8218068135762254e-05
0.8270	4.9703963309583586e-05
0.8280	5.8448179077010335e-05
0.8290	9.273470932297308e-05
0.8300	5.8908400959506475e-05
0.8310	7.846783096559262e-05
0.8320	7.11042808456543e-05
0.8330	7.800760908309646e-05
0.8340	8.26098279080579e-05
0.8350	5.86782900182584e-05
0.8360	8.51410482617867e-05
0.8370	8.951315614550006e-05
0.8380	8.283993884930598e-05
0.8390	0.00010999302991657851
0.8400	9.894770473667104e-05
0.8410	0.00011436513780029187
0.8420	0.00011482535968278802
0.8430	0.00010147892509039983
0.8440	0.00011919746756650138
0.8450	0.00010687410621890213
0.8460	0.0001062502754571786
0.8470	0.00012383581380923878
0.8480	8.508421085929842e-05
0.8490	0.00014058029667103725
0.8500	0.00010302089850770316
0.8510	0.0001169573375534514
0.8520	0.00011501957331720139
0.8530	9.774307395923738e-05
0.8540	0.00012802544371654244
0.8550	7.917081989110548e-05
0.8560	9.028471813150487e-06
0.8570	8.96951739000273e-05
0.8580	-0.00075616756403529
0.8590	-0.0006489128543195635
0.8600	-0.0007225483555189466
0.8610	-0.0006351061978446792
0.8620	-0.0006650206202069286
0.8630	-0.0005867829001825841
0.8640	-0.0005890840095950647
0.8650	-0.000545362930757931
0.8660	-0.0005867829001825841
0.8670	-0.000570675134295219
0.8680	-0.0005200507272206431
0.8690	-0.0005752773531201805
0.8700	-0.0004602218824961444
0.8710	-0.0005108462895707202
0.8720	-0.0004556196636711829
0.8730	-0.0004924374142708744
0.8740	-0.0004234041318964528
0.8750	-0.000404995256596607
0.8760	-0.00042800635072141424
0.8770	-0.00035897306834699257
0.8780	-0.00041189858483404914
0.8790	-0.0003290586459847432
0.8800	-0.0003704786154093962
0.8810	-0.0003175530989223396
0.8820	-0.00033596197422218536
0.8830	-0.0003037464424474553
0.8840	-0.0002830364577351288
0.8850	-0.000306047551859936
0.8860	-0.0002577242541978408
0.8870	-0.0002830364577351288
0.8880	-0.00025312203537287937
0.8890	-0.0002623264730228023
0.8900	-0.00023701426948551433
0.8910	-0.0002462187071354372
0.8920	-0.0002280399427768395
0.8930	-0.0001999664079445747
0.8940	-0.00020111696265081506
0.8950	-0.0001836285311159616
0.8960	-0.00018454897488095389
0.8970	-0.00017833597946725592
0.8980	-0.0001670605433461004
0.8990	-0.00015417433063620836
0.9000	-0.0001571657728724333
0.9010	-0.00015417433063620836
0.9020	-0.0001415182288675644
0.9030	-0.0001290922380401685
0.9040	-0.00012195879886147826
0.9050	-0.0001233394645089667
0.9060	-0.0001198878003902456
0.9070	-0.00011344469403529957
0.9080	-0.00011482535968278802
0.9090	-0.00010792203144534585
0.9100	-0.00010838225332784199
0.9110	-0.00010193914697289597
0.9120	-9.572615155919802e-05
0.9130	-9.388526402921345e-05
0.9140	-8.491093732053863e-05
0.9150	-8.767226861551549e-05
0.9160	-7.984849661308105e-05
0.9170	-7.869794190684067e-05
0.9180	-7.386561214063117e-05
0.9190	-7.363550119938308e-05
0.9200	-7.11042808456543e-05
0.9210	-6.28202869607237e-05
0.9220	-5.614706966452961e-05
0.9230	-4.0499525659660703e-05
0.9240	-3.566719589345119e-05
0.9250	-3.0834866127241674e-05
0.9260	-3.796830530593191e-05
0.9270	-4.6252299190862505e-05
0.9280	-4.993407425083166e-05
0.9290	-4.832329766209515e-05
0.9300	-3.865863812967612e-05
0.9310	-1.157458034477803e-05
0.9320	1.9789540947334208e-05
0.9330	-4.441141166087793e-05
0.9340	-4.0039303777164557e-05
0.9350	-4.026941471841262e-05
0.9360	-3.612741777594733e-05
0.9370	-3.566719589345119e-05
0.9380	-3.497686306970697e-05
0.9390	-3.1985420833482035e-05
0.9400	-3.336608648097046e-05
0.9410	-3.1295088009737814e-05
0.9420	-3.359619742221854e-05
0.9430	-3.06047551859936e-05
0.9440	-3.1295088009737814e-05
0.9450	-2.8993978597257094e-05
0.9460	-2.8993978597257094e-05
0.9470	-2.8993978597257094e-05
0.9480	-2.7383202008520587e-05
0.9490	-2.784342389101673e-05
0.9500	-2.64627582435283e-05
0.9510	-2.6692869184776373e-05
0.9520	-2.5312203537287936e-05
0.9530	-2.7153091067272517e-05
0.9540	-2.6002536361032156e-05
0.9550	-2.5772425419784083e-05
0.9560	-2.508209259603987e-05
0.9570	-2.324120506605529e-05
0.9580	-2.3471316007303363e-05
0.9590	-2.2435816771687036e-05
0.9600	-2.2343772395187807e-05
0.9610	-2.1699461759693206e-05
0.9620	-2.2228716924563774e-05
0.9630	-2.1699461759693206e-05
0.9640	-2.0825040182950532e-05
0.9650	-1.9950618606207858e-05
0.9660	-1.9559430006086135e-05
0.9670	-1.9306307970713253e-05
0.9680	-1.891511937059153e-05
0.9690	-1.9122219217714796e-05
0.9700	-1.992760751208305e-05
0.9710	-2.00886851709567e-05
0.9720	-1.9789540947334208e-05
0.9730	-1.820177545272251e-05
0.9740	-1.7304342781855027e-05
0.9750	-1.645293229923716e-05
0.9760	-1.6084754793240246e-05
0.9770	-1.6590998863986002e-05
0.9780	-1.5693566193118523e-05
0.9790	-1.5095277745873533e-05
0.9800	-1.4589033675127776e-05
0.9810	-1.4174833980881247e-05
0.9820	-1.4174833980881247e-05
0.9830	-1.3737623192509908e-05
0.9840	-1.323137912176415e-05
0.9850	-1.2932234898141658e-05
0.9860	-1.2725135051018392e-05
0.9870	-1.2564057392144741e-05
0.9880	-1.1988780039024561e-05
0.9890	-1.1160380650531501e-05
0.9900	-1.1206402838781114e-05
0.9910	-1.0677147673910548e-05
0.9920	-1.0285959073788827e-05
0.9930	-9.871759379542294e-06
0.9940	-9.825737191292682e-06
0.9950	-9.825737191292682e-06
0.9960	-9.66465953241903e-06
;; Skysat13 Band: Red
0.3500	0.0
0.3510	0.0
0.3520	0.0
0.3530	0.0
0.3540	0.0
0.3550	0.0
0.3560	0.0
0.3570	0.0
0.3580	0.0
0.3590	0.0
0.3600	0.0
0.3610	0.0
0.3620	0.0
0.3630	0.0
0.3640	0.0
0.3650	0.0
0.3660	0.0
0.3670	0.0
0.3680	0.0
0.3690	0.0
0.3700	0.0
0.3710	0.0
0.3720	0.0
0.3730	0.0
0.3740	0.0
0.3750	0.0
0.3760	0.0
0.3770	0.0
0.3780	0.0
0.3790	0.0
0.3800	0.0
0.3810	0.0
0.3820	0.0
0.3830	0.0
0.3840	0.0
0.3850	0.0
0.3860	0.0
0.3870	0.0
0.3880	0.0
0.3890	0.0
0.3900	0.0
0.3910	0.0
0.3920	0.0
0.3930	0.0
0.3940	0.0
0.3950	0.0
0.3960	0.0
0.3970	-4.307031610853641e-07
0.3980	-2.1511622362405612e-06
0.3990	2.2453050036909146e-06
0.4000	-2.659533180472467e-07
0.4010	-4.212888843403288e-06
0.4020	-3.0361042502738775e-06
0.4030	-3.27146116889976e-06
0.4040	-2.05466589960395e-06
0.4050	-6.80181494828799e-06
0.4060	-1.0379240111401397e-05
0.4070	6.354636802898814e-07
0.4080	-7.931528157692224e-06
0.4090	-9.084777058959047e-06
0.4100	7.6020284716159885e-06
0.4110	-1.3250594518637157e-05
0.4120	9.979133349737396e-06
0.4130	3.200854093311995e-06
0.4140	5.083709442319051e-06
0.4150	1.5062842792056447e-05
0.4160	-3.624496546838583e-06
0.4170	1.5462949553720445e-05
0.4180	-2.8948900990983488e-06
0.4190	-1.3391808669812685e-05
0.4200	-4.071674692227758e-06
0.4210	-8.213956460043281e-06
0.4220	8.75527737288281e-06
0.4230	-4.871888215555758e-06
0.4240	-8.708205989157635e-06
0.4250	7.83738539024187e-06
0.4260	-4.6365312969298753e-07
0.4270	7.107778942501636e-06
0.4280	4.871888215555758e-06
0.4290	-2.7536759479228194e-05
0.4300	1.004974042532516e-05
0.4310	-3.083175633999054e-06
0.4320	-1.4450914803629154e-05
0.4330	-4.142281767815523e-06
0.4340	-2.8713544072357602e-05
0.4350	-1.5980734774697388e-05
0.4360	-9.884990582287044e-06
0.4370	-7.037171866913872e-06
0.4380	-6.119279884272932e-06
0.4390	1.9440481478497852e-05
0.4400	3.3656039363501124e-05
0.4410	2.318265648464938e-05
0.4420	-1.2262095460408451e-06
0.4430	9.484883820623046e-06
0.4440	-2.3441549095137846e-05
0.4450	-2.146455097868044e-05
0.4460	-1.9699374088986322e-05
0.4470	-5.271994977219756e-05
0.4480	-5.154316517906816e-05
0.4490	-5.789780198196697e-05
0.4500	-6.637065105249873e-05
0.4510	-8.637598913569868e-05
0.4520	-7.554957087890813e-05
0.4530	-2.235890726945879e-05
0.4540	-4.212888843403288e-05
0.4550	-5.836851581921873e-05
0.4560	-4.286037773712211e-05
0.4570	-7.088997460395291e-05
0.4580	-5.4245533318730534e-05
0.4590	-3.826856425473116e-05
0.4600	-3.281581516400673e-05
0.4610	-3.8699267415816524e-05
0.4620	-3.9372623560005167e-05
0.4630	-2.0841678893537042e-05
0.4640	-1.577289107985887e-05
0.4650	4.0948573487124075e-06
0.4660	1.54976411635259e-05
0.4670	-7.990838101185946e-06
0.4680	1.6195992212472618e-05
0.4690	3.2479254770371715e-05
0.4700	3.318532552624936e-05
0.4710	6.378172494761403e-05
0.4720	6.331101111036225e-05
0.4730	5.789780198196697e-05
0.4740	7.860921082104459e-05
0.4750	0.00010402775803263983
0.4760	0.00011720774547568923
0.4770	0.0001334473728608751
0.4780	0.00017816518739979266
0.4790	0.00017345804902727503
0.4800	0.00011885524390607042
0.4810	0.00010732275489340218
0.4820	0.00010661668413752456
0.4830	7.413742936715283e-05
0.4840	5.648566047021168e-05
0.4850	4.165817459678111e-05
0.4860	4.6129956050672865e-05
0.4870	4.236424535265876e-05
0.4880	3.7892463898767e-05
0.4890	6.707672180837637e-05
0.4900	3.9304605410522294e-05
0.4910	4.589459913204699e-05
0.4920	4.70713837251764e-05
0.4930	1.8993303333108678e-05
0.4940	3.718639314288936e-05
0.4950	2.0711408839077615e-05
0.4960	3.2008540933119955e-05
0.4970	5.648566047021168e-05
0.4980	7.453094613509531e-05
0.4990	7.910699070393833e-05
0.5000	6.209868762252034e-05
0.5010	0.00011085310867279042
0.5020	0.00018832413343536025
0.5030	0.00024448641349937995
0.5040	0.0003042152923082563
0.5050	0.0003765710698014112
0.5060	0.0005130616076201189
0.5070	0.0006650621663762723
0.5080	0.0007551450269803286
0.5090	0.0008615828398596975
0.5100	0.0009232675346623549
0.5110	0.000945384024305629
0.5120	0.0009322817046457262
0.5130	0.000856294369898174
0.5140	0.0007921007703429647
0.5150	0.0007289992268901794
0.5160	0.0007257230585829071
0.5170	0.0007232376895222178
0.5180	0.0006180025504970273
0.5190	0.00048679106836309804
0.5200	0.00038053448031107105
0.5210	0.000335621319529694
0.5220	0.0003175247260565499
0.5230	0.00030288081857964753
0.5240	0.00030309734694478334
0.5250	0.00030173227681675325
0.5260	0.00032050905178472605
0.5270	0.0003552406722663475
0.5280	0.0003876963913448567
0.5290	0.0004323953773302841
0.5300	0.0005005053160114281
0.5310	0.0006093720122910161
0.5320	0.0007872947820646241
0.5330	0.0009148605855290384
0.5340	0.0009829046242729672
0.5350	0.0010669858834520636
0.5360	0.001134964022258777
0.5370	0.0011569463584584344
0.5380	0.0011093407145279773
0.5390	0.00100568246685758
0.5400	0.000880491414702101
0.5410	0.0007568796074706014
0.5420	0.0006799131879415655
0.5430	0.000623010945725386
0.5440	0.00055168132439744
0.5450	0.0005748004345140602
0.5460	0.0005322337822113834
0.5470	0.0004899307296575673
0.5480	0.0004869111003915972
0.5490	0.00045659242213421107
0.5500	0.000470713837251764
0.5510	0.0004895423907418345
0.5520	0.0005436744820257874
0.5530	0.0006001601424959991
0.5540	0.0006401708186623991
0.5550	0.0007154850326226813
0.5560	0.0007343135861127519
0.5570	0.00079785995414174
0.5580	0.0008331634919356223
0.5590	0.0008261027843768458
0.5600	0.0008331634919356223
0.5610	0.0008002135233279988
0.5620	0.0007507885704165635
0.5630	0.0007272528785539753
0.5640	0.0006637065105249873
0.5650	0.0006213422651723285
0.5660	0.0005766244506334109
0.5670	0.0005154316517906815
0.5680	0.0004989566674868699
0.5690	0.0004871888215555757
0.5700	0.000428147184949087
0.5710	0.00042649027224196076
0.5720	0.00041463769781996136
0.5730	0.0004585717738198547
0.5740	0.0005037650093343966
0.5750	0.0004831712789546319
0.5760	0.0005339754234092148
0.5770	0.0005464375722504552
0.5780	0.0006170587692533374
0.5790	0.0006803227089799745
0.5800	0.0007413648793947832
0.5810	0.0008876792149969353
0.5820	0.0010437349734610127
0.5830	0.001276613583733764
0.5840	0.0016333205296031508
0.5850	0.002106437360994085
0.5860	0.0028186579931554255
0.5870	0.003822081033594197
0.5880	0.0052540019407908084
0.5890	0.007434101310176421
0.5900	0.010668496117961791
0.5910	0.015806751879741576
0.5920	0.024082976719745706
0.5930	0.03831924366001887
0.5940	0.06304521077431212
0.5950	0.10517547839988815
0.5960	0.17076915977834234
0.5970	0.25886628110998355
0.5980	0.3596949313976476
0.5990	0.46155755405378807
0.6000	0.5612257040935223
0.6010	0.666932773751234
0.6020	0.7784186724497187
0.6030	0.8781076068589371
0.6040	0.9462855919323941
0.6050	0.9820965451214186
0.6060	0.9969905169707919
0.6070	1.0
0.6080	0.9981486801245196
0.6090	0.9966733641086667
0.6100	0.996674074886561
0.6110	0.9964623101454582
0.6120	0.9964123932965868
0.6130	0.9932725460701518
0.6140	0.9881357895319437
0.6150	0.9841551273601487
0.6160	0.9812098520519108
0.6170	0.979399809072819
0.6180	0.9780872353054884
0.6190	0.9767305580051765
0.6200	0.9756249782942082
0.6210	0.9733483755274784
0.6220	0.9722591648902005
0.6230	0.9686553397415248
0.6240	0.965675718798152
0.6250	0.9610419694200003
0.6260	0.9551472482789266
0.6270	0.9502608150057998
0.6280	0.9438062833123594
0.6290	0.9359850033960591
0.6300	0.9301499664159799
0.6310	0.9247118659398706
0.6320	0.9174556356209458
0.6330	0.9106297318920363
0.6340	0.9035221012243936
0.6350	0.8974290095044561
0.6360	0.8923858967770308
0.6370	0.8873938706223624
0.6380	0.8840282054932135
0.6390	0.8810545249584668
0.6400	0.8773485949177837
0.6410	0.8747973023841872
0.6420	0.8736416928530266
0.6430	0.8736212709331974
0.6440	0.8738011353975497
0.6450	0.8734295444801464
0.6460	0.8739789098924645
0.6470	0.8738512475926635
0.6480	0.8727664498976098
0.6490	0.8718889098586674
0.6500	0.8721271169495778
0.6510	0.8711671149070562
0.6520	0.8707752173947139
0.6530	0.8696584817658027
0.6540	0.867593886157802
0.6550	0.8666277930782265
0.6560	0.8664275961296741
0.6570	0.8666771050598169
0.6580	0.8685454812511901
0.6590	0.8693534992099398
0.6600	0.8690392506521905
0.6610	0.8678914996885427
0.6620	0.8667299850522937
0.6630	0.8662279452091729
0.6640	0.8657483160518437
0.6650	0.8657730473568528
0.6660	0.8647640581252886
0.6670	0.8644590520337337
0.6680	0.8621983099697501
0.6690	0.8599283842788018
0.6700	0.8572601711351704
0.6710	0.8565425843652644
0.6720	0.8551232079818305
0.6730	0.8532223831320864
0.6740	0.8515689113431104
0.6750	0.8483289479906304
0.6760	0.8434441010231352
0.6770	0.8398254154386174
0.6780	0.8343698255898852
0.6790	0.8285349627739257
0.6800	0.8172335354161184
0.6810	0.7978864035522552
0.6820	0.7664567206069264
0.6830	0.721206476939555
0.6840	0.6654406697263757
0.6850	0.6030834001644995
0.6860	0.5387465812171679
0.6870	0.4712394151403166
0.6880	0.3993416257358234
0.6890	0.3230966928408351
0.6900	0.2467905695005733
0.6910	0.1777397609408229
0.6920	0.1218924237374624
0.6930	0.08094574251996409
0.6940	0.05350509103845676
0.6950	0.03565047272049034
0.6960	0.02436340919542682
0.6970	0.017146700010277568
0.6980	0.012288469556709668
0.6990	0.009064216278547888
0.7000	0.006862890068671406
0.7010	0.005264861309016207
0.7020	0.004100334104208832
0.7030	0.003210383694947157
0.7040	0.002523447456553795
0.7050	0.0020351948217260307
0.7060	0.001624711173519816
0.7070	0.001314715515290108
0.7080	0.0010685392391149944
0.7090	0.0008865565624950898
0.7100	0.0007793350110766968
0.7110	0.0006693315408801458
0.7120	0.0005875261831041618
0.7130	0.0005236314868356073
0.7140	0.000462229220335301
0.7150	0.0004257677265017793
0.7160	0.0003520727681416431
0.7170	0.00031826610035022145
0.7180	0.0002965897281447777
0.7190	0.0002656708897448956
0.7200	0.0002493018160544655
0.7210	0.00020268843689293505
0.7220	0.00018459655055816352
0.7230	0.00018616732263307265
0.7240	0.00016051341850285153
0.7250	0.00015486485245583034
0.7260	0.0001306230898373645
0.7270	0.0001125006071031716
0.7280	0.00011720774547568923
0.7290	0.0001277988068138539
0.7300	0.000143567720361788
0.7310	0.00011956131466194806
0.7320	0.00010355704419538807
0.7330	0.00010520454262576926
0.7340	8.490524375120557e-05
0.7350	0.00010286297664236036
0.7360	9.915822338627034e-05
0.7370	8.667418635159768e-05
0.7380	9.147758570383331e-05
0.7390	6.561327248836063e-05
0.7400	5.834050834590226e-05
0.7410	6.31768576667455e-05
0.7420	7.642886432689442e-05
0.7430	8.282445323363414e-05
0.7440	6.007438276541913e-05
0.7450	6.952537518976005e-05
0.7460	7.233412465664132e-05
0.7470	5.852808781004708e-05
0.7480	5.892419350409444e-05
0.7490	5.643411730503261e-05
0.7500	4.570796109557666e-05
0.7510	3.798896023540361e-05
0.7520	4.3382870096471576e-05
0.7530	6.594724395589076e-05
0.7540	3.949642129920238e-05
0.7550	1.3274765674180033e-05
0.7560	3.4756803671914375e-05
0.7570	2.268897181213973e-05
0.7580	2.1144489105041102e-05
0.7590	2.388378474523588e-05
0.7600	3.265506638858525e-05
0.7610	4.344594575066331e-05
0.7620	2.964085033174358e-05
0.7630	3.3663100071059904e-05
0.7640	2.2449072504984365e-05
0.7650	1.9800954135065255e-05
0.7660	4.0417137564866836e-05
0.7670	2.5859135363262907e-05
0.7680	4.338828330559997e-05
0.7690	5.330834206876228e-05
0.7700	4.570090038801789e-05
0.7710	6.430256980853309e-05
0.7720	2.6102965130959322e-05
0.7730	2.4460879909706542e-05
0.7740	3.9644931514855325e-05
0.7750	2.2445565686896837e-05
0.7760	3.600960854975994e-05
0.7770	3.9539962329148174e-05
0.7780	1.6804483989887976e-05
0.7790	2.5889261048847017e-05
0.7800	1.9793516856436676e-06
0.7810	1.5204056943231977e-05
0.7820	5.1072451341816394e-05
0.7830	5.483816203983051e-05
0.7840	6.28402972731105e-05
0.7850	2.7772116397854077e-05
0.7860	3.765710698014112e-05
0.7870	4.70713837251764e-05
0.7880	2.824283023510584e-05
0.7890	4.307031610853641e-05
0.7900	3.0125685584112895e-05
0.7910	6.236958343585873e-05
0.7920	5.813315890059285e-05
0.7930	3.9304605410522294e-05
0.7940	4.048139000365171e-05
0.7950	4.777745448105404e-05
0.7960	6.095744192410344e-05
0.7970	8.143349384455518e-05
0.7980	6.54292233779952e-05
0.7990	8.496384762394341e-05
0.8000	5.978065733097403e-05
0.8010	6.0486728086851677e-05
0.8020	9.837919198561867e-05
0.8030	9.555490896210808e-05
0.8040	9.649633663661162e-05
0.8050	8.025670925142576e-05
0.8060	7.437278628577871e-05
0.8070	0.0001044984718698916
0.8080	8.825884448470574e-05
0.8090	9.955597657874808e-05
0.8100	0.00012050274233645158
0.8110	9.932061966012221e-05
0.8120	0.00011155917942866807
0.8130	0.00011838453006881866
0.8140	0.00010520454262576926
0.8150	0.00011108846559141631
0.8160	9.673169355523751e-05
0.8170	9.579026588073398e-05
0.8180	0.00011909060082469628
0.8190	0.00011673703163843747
0.8200	0.00011956131466194806
0.8210	0.00010638132721889866
0.8220	0.00013321201594224921
0.8230	0.00015863056315384446
0.8240	0.00011461881937080453
0.8250	0.0001150895332080563
0.8260	0.00011132382251004218
0.8270	0.00012403309611583983
0.8280	0.00014333236344316215
0.8290	0.00013274130210499745
0.8300	0.00017510554745765622
0.8310	0.00014380307728041389
0.8320	0.00014968700024606095
0.8330	0.00017416411978315267
0.8340	0.00014380307728041389
0.8350	0.00016027806158422565
0.8360	0.00019040374716833852
0.8370	0.00019934731007612206
0.8380	0.00024006405699839964
0.8390	0.00020711408839077614
0.8400	0.00024006405699839964
0.8410	0.0002588926104884702
0.8420	0.00021794050664756672
0.8430	0.00027772116397854074
0.8440	0.0002847818715373172
0.8450	0.000287135440723576
0.8460	0.00031537827095868187
0.8470	0.00031302470177242307
0.8480	0.0003765710698014112
0.8490	0.0004236424535265876
0.8500	0.00039304605410522294
0.8510	0.0004730674064380228
0.8520	0.0005130780826044228
0.8530	0.000562503035515858
0.8540	0.000548381620398305
0.8550	0.0005836851581921873
0.8560	0.0005554423279570815
0.8570	0.0006142815576135521
0.8580	-8.119813692592929e-05
0.8590	-1.3909593890789626e-05
0.8600	1.9063910408696443e-05
0.8610	6.331101111036225e-05
0.8620	3.577425163113406e-05
0.8630	8.425777686806576e-05
0.8640	0.0001242684530344657
0.8650	0.00013156451751186802
0.8660	8.308099227493634e-05
0.8670	0.00010261561652088456
0.8680	0.00017157519367826796
0.8690	0.00015651235088621153
0.8700	0.00016922162449200916
0.8710	0.00012120881309232922
0.8720	0.0001739287628645268
0.8730	0.00015933663390972213
0.8740	0.00016310234460773624
0.8750	0.00014686271722255036
0.8760	0.0001407434373382774
0.8770	0.00022147086042695495
0.8780	0.00019487552862223028
0.8790	0.00023771048781214083
0.8800	0.00021511622362405615
0.8810	0.00027066045641976433
0.8820	0.0002635997488609878
0.8830	0.0002800747331647996
0.8840	0.0002565390413022114
0.8850	0.00021252729751917144
0.8860	0.00018357839652818797
0.8870	0.00013980200966377392
0.8880	0.00016522055687536916
0.8890	0.00016169020309598093
0.8900	0.00020617266071627265
0.8910	0.00014827485873430567
0.8920	8.543456146119517e-05
0.8930	2.941961482823525e-06
0.8940	-6.001601424959991e-05
0.8950	-7.366671552990107e-05
0.8960	-0.00010214490268363279
0.8970	-0.00011650167471981159
0.8980	-0.00011273596402179747
0.8990	-0.00010732275489340218
0.9000	-0.00010214490268363279
0.9010	-0.00010190954576500691
0.9020	-9.014169983371281e-05
0.9030	-7.719706930928929e-05
0.9040	-6.895957715738342e-05
0.9050	-3.459746703800465e-05
0.9060	-2.1229194060054555e-05
0.9070	-5.8603872737844615e-06
0.9080	-5.177852209769404e-06
0.9090	-3.906924849189641e-06
0.9100	-1.4545057571079508e-05
0.9110	-1.6404377228223977e-05
0.9120	-1.0167418884638103e-05
0.9130	-5.130780826044228e-06
0.9140	1.4968700024606095e-05
0.9150	3.2008540933119955e-05
0.9160	3.695103622426347e-05
0.9170	2.447711953709173e-05
0.9180	6.048672808685167e-06
0.9190	-2.129980113564232e-05
0.9200	-2.965497174686113e-05
0.9210	-2.377104878121408e-05
0.9220	-2.2594264188084672e-05
0.9230	-1.1861988698744453e-05
0.9240	-6.260494035448461e-06
0.9250	5.083709442319051e-06
0.9260	8.049206617005164e-06
0.9270	6.54292233779952e-06
0.9280	-3.624496546838583e-06
0.9290	-8.778813064745398e-06
0.9300	-8.425777686806576e-06
0.9310	-8.166885076318104e-06
0.9320	3.1067113258616423e-06
0.9330	1.162663178011857e-05
0.9340	1.5510020937445624e-05
0.9350	3.083175633999054e-06
0.9360	-7.625564163478576e-06
0.9370	-1.842844672840656e-05
0.9380	-2.221769311828326e-05
0.9390	-2.210001465897032e-05
0.9400	-2.706604564197643e-05
0.9410	-2.5418547211595257e-05
0.9420	-2.8007473316479958e-05
0.9430	-2.5183190292969373e-05
0.9440	-2.6830688723350546e-05
0.9450	-2.5418547211595257e-05
0.9460	-2.635997488609878e-05
0.9470	-2.706604564197643e-05
0.9480	-2.5183190292969373e-05
0.9490	-2.5418547211595257e-05
0.9500	-2.3300334943962316e-05
0.9510	-2.5183190292969373e-05
0.9520	-2.3017906641611257e-05
0.9530	-2.565390413022114e-05
0.9540	-2.311204940906161e-05
0.9550	-2.1958800507794792e-05
0.9560	-2.1252729751917144e-05
0.9570	-2.026423069368844e-05
0.9580	-2.106444421701644e-05
0.9590	-1.9840588240161855e-05
0.9600	-1.9464017170360442e-05
0.9610	-1.9558159937810793e-05
0.9620	-2.068787314721503e-05
0.9630	-1.9181588868009383e-05
0.9640	-1.765176889694115e-05
0.9650	-1.765176889694115e-05
0.9660	-1.7604697513215975e-05
0.9670	-1.7981268583017385e-05
0.9680	-1.753409043762821e-05
0.9690	-1.6804483989887976e-05
0.9700	-1.6616198454987268e-05
0.9710	-1.6545591379399503e-05
0.9720	-1.753409043762821e-05
0.9730	-1.633377015263621e-05
0.9740	-1.55570923211708e-05
0.9750	-1.541587816999527e-05
0.9760	-1.4709807414117625e-05
0.9770	-1.4545057571079508e-05
0.9780	-1.4144950809415508e-05
0.9790	-1.3132916059324215e-05
0.9800	-1.2874023448835746e-05
0.9810	-1.2944630524423509e-05
0.9820	-1.1932595774332217e-05
0.9830	-1.214441700109551e-05
0.9840	-1.1979667158057394e-05
0.9850	-1.1155917942866808e-05
0.9860	-1.0944096716103514e-05
0.9870	-1.084995394865316e-05
0.9880	-1.0402775803263985e-05
0.9890	-1.0167418884638103e-05
0.9900	-1.0638132721889867e-05
0.9910	-9.320133977584927e-06
0.9920	-9.273062593859752e-06
0.9930	-9.131848442684222e-06
0.9940	-8.87295583219575e-06
0.9950	-9.037705675233868e-06
0.9960	-9.037705675233868e-06
;; Skysat13 Band: NIR
0.3500	0.0
0.3510	0.0
0.3520	0.0
0.3530	0.0
0.3540	0.0
0.3550	0.0
0.3560	0.0
0.3570	0.0
0.3580	0.0
0.3590	0.0
0.3600	0.0
0.3610	0.0
0.3620	0.0
0.3630	0.0
0.3640	0.0
0.3650	0.0
0.3660	0.0
0.3670	0.0
0.3680	0.0
0.3690	0.0
0.3700	0.0
0.3710	0.0
0.3720	0.0
0.3730	0.0
0.3740	0.0
0.3750	0.0
0.3760	0.0
0.3770	0.0
0.3780	0.0
0.3790	0.0
0.3800	0.0
0.3810	0.0
0.3820	0.0
0.3830	0.0
0.3840	0.0
0.3850	0.0
0.3860	0.0
0.3870	0.0
0.3880	0.0
0.3890	0.0
0.3900	0.0
0.3910	0.0
0.3920	0.0
0.3930	0.0
0.3940	0.0
0.3950	0.0
0.3960	0.0
0.3970	4.350990725141477e-05
0.3980	3.4403182477862846e-05
0.3990	4.2498048943242334e-05
0.4000	2.074309531753495e-05
0.4010	1.3525172719238234e-05
0.4020	1.1703827764527849e-05
0.4030	2.3711213021507427e-05
0.4040	5.160477371679426e-05
0.4050	8.53333839892088e-05
0.4060	7.622665921565689e-05
0.4070	8.904353111917442e-05
0.4080	0.00010793155287172656
0.4090	0.0001318788661651409
0.4100	0.00010658240846082998
0.4110	0.00013086700785696847
0.4120	0.00011771284985072678
0.4130	4.5533623867759644e-05
0.4140	-6.307250120941521e-06
0.4150	-2.6443230453573007e-05
0.4160	4.384719335413892e-06
0.4170	-9.072996163279513e-07
0.4180	2.2766811933879822e-05
0.4190	6.307250120941521e-05
0.4200	3.7438757402380156e-05
0.4210	6.44216456203118e-05
0.4220	5.7675923565828875e-05
0.4230	4.3847193354138915e-05
0.4240	3.4403182477862846e-05
0.4250	8.701981450282954e-06
0.4260	7.825037583200177e-05
0.4270	3.5077754683311134e-05
0.4280	2.9849820091086875e-06
0.4290	4.3847193354138915e-05
0.4300	5.430306253858742e-05
0.4310	5.5652206949484014e-05
0.4320	0.00011771284985072678
0.4330	4.3847193354138915e-05
0.4340	6.880636495572569e-05
0.4350	0.00022395797220883261
0.4360	0.00015886175438307253
0.4370	7.083008157207055e-05
0.4380	0.00017167862628659006
0.4390	0.00016425833202665885
0.4400	6.475893172303593e-05
0.4410	8.162323685924322e-06
0.4420	5.835049577127717e-06
0.4430	-2.691543099738681e-05
0.4440	-3.676418519693186e-05
0.4450	-8.094866465379491e-06
0.4460	-2.927643371645583e-05
0.4470	-8.465881178376053e-06
0.4480	-5.194205981951841e-06
0.4490	2.9512533988362728e-05
0.4500	-6.172335679851863e-06
0.4510	2.681424516656957e-05
0.4520	0.00021383938912710823
0.4530	0.000289728762240041
0.4540	0.00020405809214810804
0.4550	0.00022058511118159117
0.4560	0.00027016616828204055
0.4570	6.678264833938081e-05
0.4580	-1.3896187432234796e-05
0.4590	-1.6796847915662447e-05
0.4600	-4.587090997048379e-05
0.4610	-6.610807613393252e-05
0.4620	-3.275048057451453e-05
0.4630	-3.979976012144917e-07
0.4640	2.1046652809986677e-06
0.4650	7.116736767479471e-05
0.4660	0.00012547043021338215
0.4670	0.00013660087160327893
0.4680	9.41028226600366e-05
0.4690	6.273521510669107e-05
0.4700	8.263509516741565e-05
0.4710	4.755734048410452e-05
0.4720	4.485905166231135e-05
0.4730	4.013704622417331e-05
0.4740	4.3847193354138915e-05
0.4750	7.825037583200177e-05
0.4760	6.813179275027739e-05
0.4770	0.0001126535583098646
0.4780	0.00016898033746479688
0.4790	0.00015616346556127938
0.4800	0.0001386245882196238
0.4810	0.00010624512235810584
0.4820	0.00010287226133086438
0.4830	0.00010624512235810584
0.4840	8.330966737286395e-05
0.4850	5.5989493052208154e-05
0.4860	3.474046858058699e-06
0.4870	-3.9462474018725025e-05
0.4880	-5.329120423041499e-05
0.4890	-4.620819607320793e-05
0.4900	-2.8433218459645468e-05
0.4910	-4.89064848950011e-05
0.4920	-6.273521510669107e-05
0.4930	-4.722005438138037e-05
0.4940	-5.26166320249667e-05
0.4950	-3.200845114852141e-05
0.4960	-9.477739486548489e-06
0.4970	-1.905666480391422e-05
0.4980	2.0405809214810803e-05
0.4990	-2.3475112749600527e-05
0.5000	-4.577512071731013e-05
0.5010	-1.6386269542816346e-05
0.5020	-4.5768037709152925e-05
0.5030	-6.057085018551023e-05
0.5040	-4.942792920981263e-05
0.5050	-2.640697219753016e-05
0.5060	-2.356135680606709e-05
0.5070	-5.438030105611126e-05
0.5080	-6.05829924852083e-05
0.5090	-4.335441835805894e-05
0.5100	-3.7101471299656e-05
0.5110	-1.7808706223834884e-05
0.5120	4.9918343203173535e-05
0.5130	8.600795619465711e-05
0.5140	7.352837039386372e-05
0.5150	7.150465377751884e-05
0.5160	8.600795619465711e-05
0.5170	0.00011872470815889922
0.5180	0.0001224348552888648
0.5190	6.74572205448291e-05
0.5200	4.5533623867759644e-05
0.5210	3.045693507599034e-05
0.5220	2.334019830851087e-06
0.5230	1.27494146829727e-05
0.5240	1.6830576525934858e-05
0.5250	2.3306469698238454e-05
0.5260	1.2185708419489836e-05
0.5270	1.8325158704326094e-05
0.5280	4.42563213967433e-05
0.5290	4.189464410546884e-05
0.5300	2.5174764878448044e-05
0.5310	3.88907740746076e-05
0.5320	6.548949342153644e-05
0.5330	0.00010776088610374815
0.5340	7.662870425010407e-05
0.5350	8.499609788648467e-05
0.5360	9.241639214641586e-05
0.5370	7.217922598296714e-05
0.5380	0.00011670099154255435
0.5390	0.0001355890132951065
0.5400	4.013704622417331e-05
0.5410	4.620819607320793e-05
0.5420	7.251651208569128e-05
0.5430	4.958105710044939e-05
0.5440	4.587090997048379e-05
0.5450	4.789462658682866e-05
0.5460	6.74572205448291e-05
0.5470	4.9918343203173535e-05
0.5480	0.00011400270272076119
0.5490	0.00011029255559079559
0.5500	0.00012614500241883041
0.5510	0.0001534651767394862
0.5520	0.00022766811933879822
0.5530	0.000148526970909502
0.5540	0.00013306847424944895
0.5550	0.0001701706201213104
0.5560	0.00018526181221549683
0.5570	0.00013509590101292378
0.5580	0.00015362808592710197
0.5590	0.0002927643371645583
0.5600	0.000340658963751387
0.5610	0.00039462474018725025
0.5620	0.0003811332960782844
0.5630	0.0003474046858058699
0.5640	0.00040474332326897463
0.5650	0.00042498048943242334
0.5660	0.00028028475136376494
0.5670	0.00016695662084845203
0.5680	0.0001052332640499334
0.5690	5.329120423041499e-05
0.5700	6.307250120941521e-05
0.5710	9.848754199545049e-06
0.5720	6.00369262848979e-05
0.5730	7.116736767479471e-05
0.5740	2.506035743240401e-05
0.5750	2.3104098036603965e-05
0.5760	4.51963377650355e-05
0.5770	0.00015177874622586548
0.5780	0.00023373926918783284
0.5790	0.0001733650568002108
0.5800	0.0001844954981901076
0.5810	0.00013289072447331333
0.5820	0.0001349144410896582
0.5830	0.00032413194471790386
0.5840	0.00023744941631779844
0.5850	4.418447945686306e-05
0.5860	2.4588156888590206e-05
0.5870	2.7117802659021295e-05
0.5880	-2.742136015147303e-05
0.5890	-1.0658240846082998e-05
0.5900	4.114890453234575e-05
0.5910	5.059291540862182e-06
0.5920	-9.646382537910562e-06
0.5930	2.5633743807035058e-05
0.5940	1.3896187432234796e-05
0.5950	5.093020151134597e-05
0.5960	6.206064290124278e-05
0.5970	-2.4217142175593647e-05
0.5980	3.474046858058699e-05
0.5990	1.1501456102893362e-05
0.6000	3.676789534406183e-06
0.6010	7.11086798929207e-05
0.6020	6.011483937462717e-05
0.6030	6.523146955295247e-05
0.6040	-1.040878404450822e-06
0.6050	3.5661934213229355e-05
0.6060	7.894822077853802e-05
0.6070	1.3740192609724877e-05
0.6080	5.801320966855303e-05
0.6090	4.856919879227695e-05
0.6100	-2.9917277311631705e-05
0.6110	4.485905166231135e-06
0.6120	6.981822326389812e-05
0.6130	8.701981450282954e-05
0.6140	-3.264929474369729e-05
0.6150	1.4671945468500329e-05
0.6160	6.543350392848424e-05
0.6170	-1.2852961516509013e-05
0.6180	2.3513462179480265e-06
0.6190	1.6504387135990342e-05
0.6200	1.1650098088363893e-05
0.6210	4.436020551638234e-05
0.6220	3.803575380420189e-05
0.6230	2.6442960624690832e-05
0.6240	4.714247857775382e-05
0.6250	2.1968793014834494e-05
0.6260	4.466747315596404e-05
0.6270	-9.108242561014187e-06
0.6280	-3.0367115786834902e-05
0.6290	4.5794346025165405e-05
0.6300	1.0588220251157466e-05
0.6310	6.572829198226513e-06
0.6320	6.273083038735565e-06
0.6330	1.5752913699120942e-05
0.6340	1.7645729578998575e-05
0.6350	7.968519091299027e-06
0.6360	1.9491257947274282e-05
0.6370	3.908572544198216e-05
0.6380	2.1152796746513966e-05
0.6390	4.8262605724900705e-05
0.6400	2.8222718202935327e-05
0.6410	4.135329991059659e-05
0.6420	1.3410461715701752e-05
0.6430	2.4636726087382485e-06
0.6440	8.56922564025073e-05
0.6450	2.72253969257903e-05
0.6460	-2.4833836085814478e-05
0.6470	1.497550296095206e-05
0.6480	-6.644536223665667e-06
0.6490	2.384612746259709e-05
0.6500	3.2548108912880045e-05
0.6510	-3.372861027241455e-05
0.6520	1.511041740204172e-05
0.6530	-8.938081722189855e-06
0.6540	4.654548217593208e-05
0.6550	6.610807613393252e-05
0.6560	-1.5177874622586548e-05
0.6570	3.6089612991483565e-06
0.6580	2.8500675680190297e-05
0.6590	3.5415040786035274e-05
0.6600	4.418447945686306e-05
0.6610	5.059291540862183e-05
0.6620	2.7084074048748883e-05
0.6630	-5.6664065257656444e-06
0.6640	1.27494146829727e-05
0.6650	7.083008157207055e-06
0.6660	7.622665921565689e-06
0.6670	5.598949305220815e-06
0.6680	2.691543099738681e-05
0.6690	1.8550735649828e-05
0.6700	1.8584464260100416e-05
0.6710	2.8871690393186852e-05
0.6720	5.194205981951842e-05
0.6730	6.813179275027739e-05
0.6740	3.474046858058699e-05
0.6750	2.765746042337993e-05
0.6760	-3.6426899094207715e-07
0.6770	-2.7084074048748884e-06
0.6780	3.406589637513869e-05
0.6790	5.1267487614070116e-05
0.6800	6.44216456203118e-05
0.6810	6.981822326389812e-05
0.6820	7.083008157207055e-05
0.6830	9.309096435186416e-05
0.6840	7.588937311293274e-05
0.6850	0.00010186040302269194
0.6860	8.128595075651906e-05
0.6870	9.84875419954505e-05
0.6880	0.00013525172719238234
0.6890	0.00010826883897445072
0.6900	0.00011299084441258875
0.6910	9.545196707093319e-05
0.6920	6.44216456203118e-05
0.6930	0.00011906199426162335
0.6940	0.00010860612507717484
0.6950	6.678264833938081e-05
0.6960	5.396577643586328e-05
0.6970	7.015550936662227e-05
0.6980	4.047433232689746e-05
0.6990	4.924377099772525e-05
0.7000	3.979976012144917e-05
0.7010	8.162323685924321e-05
0.7020	9.71383975845539e-05
0.7030	9.309096435186416e-05
0.7040	8.29723812701398e-05
0.7050	4.114890453234575e-05
0.7060	7.184193988024299e-05
0.7070	0.00010928069728262314
0.7080	9.275367824914002e-05
0.7090	0.00010860612507717484
0.7100	0.00014604488247955502
0.7110	0.00017741249003290052
0.7120	0.00017100405408114176
0.7130	0.00017673791782745225
0.7140	0.00020641909486717705
0.7150	0.00025532557976217814
0.7160	0.00033222681118328333
0.7170	0.00036764185196931865
0.7180	0.0004013704622417332
0.7190	0.0005093020151134597
0.7200	0.0006239792900396691
0.7210	0.0007791308972927762
0.7220	0.0010186040302269195
0.7230	0.0013071759011346166
0.7240	0.0016865350723125718
0.7250	0.002179077340981669
0.7260	0.00288619765534284
0.7270	0.0038773803254182862
0.7280	0.0052349197874116725
0.7290	0.007177036776924494
0.7300	0.009992788856852368
0.7310	0.014243693303871482
0.7320	0.02084005158062403
0.7330	0.03108534967828083
0.7340	0.046958903870624145
0.7350	0.07126361900992909
0.7360	0.10623245389208752
0.7370	0.15386279995312668
0.7380	0.21345616803005413
0.7390	0.28170434809579853
0.7400	0.35778296569524776
0.7410	0.437397829082959
0.7420	0.52130280305427
0.7430	0.6091607263023147
0.7440	0.699937270518757
0.7450	0.7879885227880222
0.7460	0.8678903357004871
0.7470	0.929458122656985
0.7480	0.9692175534791316
0.7490	0.9931647757052982
0.7500	0.9986105364083838
0.7510	1.0
0.7520	0.9947825179040992
0.7530	0.9908705286516805
0.7540	0.9828854386941545
0.7550	0.9790821230240333
0.7560	0.9782328770917064
0.7570	0.9734627881467639
0.7580	0.9709539461831489
0.7590	0.9684856696191085
0.7600	0.9655908340666749
0.7610	0.9621300897725076
0.7620	0.9585376015266162
0.7630	0.9566953245963707
0.7640	0.9542525569802794
0.7650	0.9516648676444305
0.7660	0.949976352702695
0.7670	0.9470899425571073
0.7680	0.9444921515024819
0.7690	0.9384892177677233
0.7700	0.935318822842225
0.7710	0.9288760477923479
0.7720	0.9264804462648614
0.7730	0.9233759739081406
0.7740	0.9171890877058174
0.7750	0.9141910358602281
0.7760	0.9111543512644328
0.7770	0.9044114354303245
0.7780	0.90425040155344
0.7790	0.9041224655618155
0.7800	0.8997452575879094
0.7810	0.898634847653382
0.7820	0.8952702973557117
0.7830	0.8916598317605452
0.7840	0.8921044557926003
0.7850	0.8871878362731904
0.7860	0.8857629070478726
0.7870	0.8837503748386942
0.7880	0.8812849382236386
0.7890	0.878112995154929
0.7900	0.8745280418805724
0.7910	0.8707110560047081
0.7920	0.8681938358543012
0.7930	0.865940137335953
0.7940	0.8598739793212387
0.7950	0.8595748267852885
0.7960	0.8564921431108037
0.7970	0.8530999184884047
0.7980	0.8487849465461732
0.7990	0.8447833437491217
0.8000	0.8432487999132797
0.8010	0.8411151887389452
0.8020	0.8379008690442893
0.8030	0.8347419182362565
0.8040	0.8284812641904064
0.8050	0.8251385700321926
0.8060	0.8242113030785833
0.8070	0.8200329792280093
0.8080	0.8103886946096578
0.8090	0.8061680514717751
0.8100	0.7965682717546779
0.8110	0.7930736065971596
0.8120	0.7846369816153339
0.8130	0.777398734156487
0.8140	0.7705409083200416
0.8150	0.7628068266801631
0.8160	0.7586403921647102
0.8170	0.7482893278909611
0.8180	0.7488777977001061
0.8190	0.7515861039191503
0.8200	0.7514913400157288
0.8210	0.7473764461896332
0.8220	0.7477468335504787
0.8230	0.7489213514545509
0.8240	0.7495318123175934
0.8250	0.7466435841999121
0.8260	0.746362634994926
0.8270	0.7457684380677568
0.8280	0.7403318481738044
0.8290	0.735415417534612
0.8300	0.7292198900623368
0.8310	0.7238511688779744
0.8320	0.7179402501649
0.8330	0.7119826645466526
0.8340	0.7071265946284038
0.8350	0.6988606971260549
0.8360	0.6896791049562813
0.8370	0.6857784586354971
0.8380	0.6825583983313728
0.8390	0.6774893086292265
0.8400	0.6721997080188411
0.8410	0.6668465019952041
0.8420	0.6650956059887697
0.8430	0.6555577756101599
0.8440	0.6519290999383073
0.8450	0.6482304002986682
0.8460	0.6458067601774622
0.8470	0.6418965484228047
0.8480	0.6320374496584892
0.8490	0.625548105516409
0.8500	0.6181204044536619
0.8510	0.6079068787068818
0.8520	0.6079249032762113
0.8530	0.6026707446895002
0.8540	0.596048924684853
0.8550	0.5875963831718398
0.8560	0.578430737889003
0.8570	0.5722762345254021
0.8580	0.5626664677668033
0.8590	0.558582186027391
0.8600	0.5523908577670947
0.8610	0.547508054552344
0.8620	0.543383227650523
0.8630	0.5373635510336252
0.8640	0.5323513682427305
0.8650	0.5270901131564182
0.8660	0.5213644049880716
0.8670	0.5160464487350302
0.8680	0.5087113158431759
0.8690	0.5011582860103786
0.8700	0.4940852918775614
0.8710	0.48697962821283436
0.8720	0.4787583098146826
0.8730	0.4711790863431477
0.8740	0.4633931604564195
0.8750	0.4557301922184393
0.8760	0.44914639110329113
0.8770	0.4415469338384539
0.8780	0.4357936930055419
0.8790	0.42960596358796177
0.8800	0.42220224019425734
0.8810	0.4126526182934963
0.8820	0.4001588226291951
0.8830	0.38265945160875164
0.8840	0.36080193602492794
0.8850	0.3332344163137004
0.8860	0.3036390414856476
0.8870	0.27355088491579277
0.8880	0.24622075053652354
0.8890	0.2220661985430124
0.8900	0.19771172021211153
0.8910	0.16992355805106496
0.8920	0.13902422503129752
0.8930	0.10482182559752536
0.8940	0.07435820551097902
0.8950	0.04981853687251643
0.8960	0.03282837342707764
0.8970	0.021093994287365043
0.8980	0.01378498757702767
0.8990	0.008995730662867466
0.9000	0.0060002725474081675
0.9010	0.004051261429955665
0.9020	0.0027737430958335828
0.9030	0.0018912272623338015
0.9040	0.0013377812420958056
0.9050	0.0009256850817874445
0.9060	0.0006641601834571966
0.9070	0.0004656605662819825
0.9080	0.00031986089079910797
0.9090	0.0002279278296378958
0.9100	0.00014463839943119533
0.9110	8.756891627806445e-05
0.9120	5.986862051963856e-05
0.9130	2.2391985887922478e-05
0.9140	8.803167281100198e-06
0.9150	-1.237839996997614e-05
0.9160	-1.9731237009362512e-05
0.9170	-3.116523589171104e-05
0.9180	-3.079422117871449e-05
0.9190	-4.3847193354138915e-05
0.9200	-5.025562930589768e-05
0.9210	-4.0811618429621606e-05
0.9220	-5.1267487614070116e-05
0.9230	-4.216076284051819e-05
0.9240	-4.587090997048379e-05
0.9250	-4.283533504596648e-05
0.9260	-4.8231912689552806e-05
0.9270	-4.216076284051819e-05
0.9280	-4.958105710044939e-05
0.9290	-4.620819607320793e-05
0.9300	-4.182347673779404e-05
0.9310	-4.620819607320793e-05
0.9320	-3.608961299148357e-05
0.9330	-4.182347673779404e-05
0.9340	-3.811332960782844e-05
0.9350	-4.013704622417331e-05
0.9360	-3.7776043505104296e-05
0.9370	-3.9125187916000884e-05
0.9380	-3.9125187916000884e-05
0.9390	-3.474046858058699e-05
0.9400	-3.878790181327673e-05
0.9410	-3.322268111832833e-05
0.9420	-3.7101471299656e-05
0.9430	-3.133387894307312e-05
0.9440	-3.5415040786035274e-05
0.9450	-3.4403182477862846e-05
0.9460	-3.406589637513869e-05
0.9470	-3.362742444159731e-05
0.9480	-3.072676395816965e-05
0.9490	-3.224455142042831e-05
0.9500	-2.8669318731552368e-05
0.9510	-2.978236287054205e-05
0.9520	-2.8230846798010976e-05
0.9530	-3.150252199443519e-05
0.9540	-2.7691189033652345e-05
0.9550	-2.630831601248335e-05
0.9560	-2.5566286586490232e-05
0.9570	-2.506035743240401e-05
0.9580	-2.6409501843300593e-05
0.9590	-2.6375773233028178e-05
0.9600	-2.681424516656957e-05
0.9610	-2.465561410913504e-05
0.9620	-2.4925442991314356e-05
0.9630	-2.4992900211859182e-05
0.9640	-2.3306469698238454e-05
0.9650	-2.3036640816059136e-05
0.9660	-2.3441384139328113e-05
0.9670	-2.3239012477693624e-05
0.9680	-2.2800540544152237e-05
0.9690	-2.1114110030531508e-05
0.9700	-2.0506995045628047e-05
0.9710	-2.091173836889702e-05
0.9720	-2.236206861061085e-05
0.9730	-2.060818087644529e-05
0.9740	-2.0068523112086656e-05
0.9750	-2.0169708942903903e-05
0.9760	-1.8888021752552148e-05
0.9770	-1.8213449547103857e-05
0.9780	-1.8078535106014202e-05
0.9790	-1.7201591238931423e-05
0.9800	-1.635837598212106e-05
0.9810	-1.733650568002108e-05
0.9820	-1.689803374647969e-05
0.9830	-1.5953632658852083e-05
0.9840	-1.5886175438307253e-05
0.9850	-1.5177874622586548e-05
0.9860	-1.4503302417138257e-05
0.9870	-1.362635855005548e-05
0.9880	-1.2918057734334771e-05
0.9890	-1.2783143293245116e-05
0.9900	-1.3761272991145136e-05
0.9910	-1.2479585800793384e-05
0.9920	-1.1737556374800264e-05
0.9930	-1.1366541661803704e-05
0.9940	-1.0826883897445072e-05
0.9950	-1.0084854471451952e-05
0.9960	-9.815025589272634e-06
;; Skysat13 Band: PAN
0.3500	0.0
0.3510	0.0
0.3520	0.0
0.3530	0.0
0.3540	0.0
0.3550	0.0
0.3560	0.0
0.3570	0.0
0.3580	0.0
0.3590	0.0
0.3600	0.0
0.3610	0.0
0.3620	0.0
0.3630	0.0
0.3640	0.0
0.3650	0.0
0.3660	0.0
0.3670	0.0
0.3680	0.0
0.3690	0.0
0.3700	0.0
0.3710	0.0
0.3720	0.0
0.3730	0.0
0.3740	0.0
0.3750	0.0
0.3760	0.0
0.3770	0.0
0.3780	0.0
0.3790	0.0
0.3800	0.0
0.3810	0.0
0.3820	0.0
0.3830	0.0
0.3840	0.0
0.3850	0.0
0.3860	0.0
0.3870	0.0
0.3880	0.0
0.3890	0.0
0.3900	0.0
0.3910	0.0
0.3920	0.0
0.3930	0.0
0.3940	0.0
0.3950	0.0
0.3960	0.0
0.3970	9.658118999311549e-06
0.3980	1.1824856913238246e-05
0.3990	6.3158105150629226e-06
0.4000	1.6942046454639592e-05
0.4010	3.180955660871107e-05
0.4020	7.814086732139893e-05
0.4030	8.597800445687847e-05
0.4040	0.00012470268206748325
0.4050	0.00020514858972284672
0.4060	0.0001309262909691876
0.4070	0.0001548987104424191
0.4080	0.0002420292350662799
0.4090	0.0003042653240833233
0.4100	0.0002996552434153941
0.4110	0.00032501068708900443
0.4120	0.000327315727422969
0.4130	0.0002558594770700673
0.4140	0.00016965096857979236
0.4150	0.00011041143199690291
0.4160	9.01270770580147e-05
0.4170	0.00010003875049406234
0.4180	0.00011686554493200371
0.4190	0.00013853292407127067
0.4200	0.00015904778304355534
0.4210	0.0001661934080788455
0.4220	0.00021529076719229085
0.4230	0.0002558594770700673
0.4240	0.0002858250014116067
0.4250	0.000246639315734209
0.4260	0.0002881300417455713
0.4270	0.0004563979861249849
0.4280	0.0007191725841969458
0.4290	0.0009635068595971903
0.4300	0.0009496766175934028
0.4310	0.0009565917385952966
0.4320	0.0011391509330452906
0.4330	0.0010033656170521056
0.4340	0.0007164157559575242
0.4350	0.0006541151258111299
0.4360	0.0007461530813060012
0.4370	0.0013308911031454653
0.4380	0.002898074195965973
0.4390	0.008568706226592546
0.4400	0.032224876471044474
0.4410	0.10581891804135891
0.4420	0.23535139030628383
0.4430	0.35407164445228606
0.4440	0.4471964264646217
0.4450	0.6103162384411909
0.4460	0.7799554490102396
0.4470	0.8229617989722322
0.4480	0.8376530104214008
0.4490	0.8530582196392166
0.4500	0.8573910223952925
0.4510	0.8570976714371904
0.4520	0.8582877176608097
0.4530	0.8604345722968156
0.4540	0.8603410798608699
0.4550	0.8581297693820054
0.4560	0.8591882738688863
0.4570	0.8615883464057396
0.4580	0.8643487520677594
0.4590	0.8664072821682485
0.4600	0.8667185179343019
0.4610	0.8674497965903327
0.4620	0.8689151983221667
0.4630	0.8684592429037858
0.4640	0.8661420019913335
0.4650	0.8606218222483453
0.4660	0.8513962809483475
0.4670	0.8391458444382492
0.4680	0.8247216926571336
0.4690	0.8097788883605531
0.4700	0.7956977980373817
0.4710	0.7870642556362754
0.4720	0.7853889546265902
0.4730	0.7902813935152688
0.4740	0.8016966908619683
0.4750	0.8151623746016567
0.4760	0.8309074320511912
0.4770	0.8499372342127142
0.4780	0.8659087757053028
0.4790	0.8791222603719716
0.4800	0.889165733709275
0.4810	0.8958042590912543
0.4820	0.899380568355086
0.4830	0.902973616821823
0.4840	0.9040360029966262
0.4850	0.9037295386640642
0.4860	0.9041602884663933
0.4870	0.902697403838604
0.4880	0.8994015903229318
0.4890	0.8935588524557697
0.4900	0.883441477220319
0.4910	0.8678057086481389
0.4920	0.8494469060328732
0.4930	0.8329777893136339
0.4940	0.8242163517495976
0.4950	0.8273723807042971
0.4960	0.8399904319619769
0.4970	0.8560586307108896
0.4980	0.8726067526875756
0.4990	0.8841560881296952
0.5000	0.8911072668775329
0.5010	0.8957870219996368
0.5020	0.900052358530178
0.5030	0.9039141723948149
0.5040	0.9074459252289909
0.5050	0.9103066324161031
0.5060	0.9118299943871346
0.5070	0.9121608921472365
0.5080	0.9119204234244764
0.5090	0.9109920569047705
0.5100	0.9111881881767069
0.5110	0.912884312920769
0.5120	0.9166114156182082
0.5130	0.9224947775162161
0.5140	0.9280863789339524
0.5150	0.933927298124291
0.5160	0.9392710915708437
0.5170	0.9433889861964226
0.5180	0.9452147371887056
0.5190	0.9464302356676926
0.5200	0.9479765719757327
0.5210	0.9491045411581179
0.5220	0.9513907308722314
0.5230	0.9540047895234478
0.5240	0.9569369944516388
0.5250	0.960339485233967
0.5260	0.9629046032688128
0.5270	0.9647910759386134
0.5280	0.9674821367672263
0.5290	0.9698376667046661
0.5300	0.9715344368600217
0.5310	0.9738816686522591
0.5320	0.9759955496862878
0.5330	0.9768111029219687
0.5340	0.9769326039030123
0.5350	0.9754843655015051
0.5360	0.9729741005114866
0.5370	0.9698856069335319
0.5380	0.9657228193424086
0.5390	0.9611999337402326
0.5400	0.9568046159852593
0.5410	0.9519233749825232
0.5420	0.9462880169841273
0.5430	0.9412537120830546
0.5440	0.936410621802886
0.5450	0.9320263682415157
0.5460	0.9291788412750334
0.5470	0.9277529433244428
0.5480	0.9266716166332153
0.5490	0.9280775091387473
0.5500	0.931264584681705
0.5510	0.9360998332146575
0.5520	0.9416640530582666
0.5530	0.9476975814189113
0.5540	0.9540955320462751
0.5550	0.9599172225901477
0.5560	0.9647146961221071
0.5570	0.9692461726096078
0.5580	0.9756262568693429
0.5590	0.9809648916356283
0.5600	0.9861532031965341
0.5610	0.9912688345306697
0.5620	0.9944916543340863
0.5630	0.9971105766204074
0.5640	0.9997237178655711
0.5650	1.0
0.5660	0.9994753589897477
0.5670	0.9987002223312824
0.5680	0.9949486009198107
0.5690	0.9912628575610837
0.5700	0.9875802974630579
0.5710	0.9824521013540618
0.5720	0.97815231830077
0.5730	0.9739386884350005
0.5740	0.9684635307398151
0.5750	0.9634690915113182
0.5760	0.9588616293692085
0.5770	0.9525945381866443
0.5780	0.9461124789425346
0.5790	0.9397530340139496
0.5800	0.9330102032518182
0.5810	0.9269688515842801
0.5820	0.9208454404808528
0.5830	0.9159003083701399
0.5840	0.91243161452438
0.5850	0.9095862197202065
0.5860	0.9072641543583353
0.5870	0.9064640287576095
0.5880	0.9064441523948097
0.5890	0.906660858456767
0.5900	0.907591993329914
0.5910	0.9104092205412065
0.5920	0.9140274976743987
0.5930	0.9181737120255208
0.5940	0.9230751451815824
0.5950	0.928239463577652
0.5960	0.9338225939721609
0.5970	0.9392177114467897
0.5980	0.9456956700241453
0.5990	0.952024847468105
0.6000	0.9569578343212982
0.6010	0.9616587266632645
0.6020	0.9653788151229676
0.6030	0.9694349646331208
0.6040	0.972494451583513
0.6050	0.9747826973936041
0.6060	0.9774447308492915
0.6070	0.9790303796202275
0.6080	0.9792560891697293
0.6090	0.9792948668632675
0.6100	0.9791878622808843
0.6110	0.9781235375671602
0.6120	0.9778932755629988
0.6130	0.976403553350601
0.6140	0.9735482745334756
0.6150	0.9711021818663547
0.6160	0.9681070746924901
0.6170	0.965372985675963
0.6180	0.9624991858597541
0.6190	0.9603965211519906
0.6200	0.9588505006344761
0.6210	0.9559061758042092
0.6220	0.9536396204236605
0.6230	0.9488186562256576
0.6240	0.9451290219588468
0.6250	0.9407602974542064
0.6260	0.9354888592237369
0.6270	0.9311693242798234
0.6280	0.9242498605819404
0.6290	0.9152688079950453
0.6300	0.9079300712906563
0.6310	0.901401475587244
0.6320	0.8940235716375003
0.6330	0.8880245681709779
0.6340	0.8821244509347824
0.6350	0.8766715645393038
0.6360	0.8715677073511942
0.6370	0.8665475300423283
0.6380	0.8634587483343318
0.6390	0.86110210045233
0.6400	0.8582696046538654
0.6410	0.8563522836292754
0.6420	0.8552149191024888
0.6430	0.8545970507359293
0.6440	0.8542292654153629
0.6450	0.8534854450348749
0.6460	0.8542830904122013
0.6470	0.854709317725395
0.6480	0.8542289081341111
0.6490	0.8537004522821061
0.6500	0.853713192240032
0.6510	0.8526268036802311
0.6520	0.8523085721167643
0.6530	0.8515675085645157
0.6540	0.8500542634155099
0.6550	0.8492301262096253
0.6560	0.8482323272649795
0.6570	0.8474874972768254
0.6580	0.8481534441746708
0.6590	0.8482854100388305
0.6600	0.8482857880654453
0.6610	0.84852573584909
0.6620	0.84856797571321
0.6630	0.8491645432020433
0.6640	0.849135773993635
0.6650	0.8491939831771886
0.6660	0.848230045275049
0.6670	0.8480336373982725
0.6680	0.8461579730625979
0.6690	0.8439167247198759
0.6700	0.8406734615137373
0.6710	0.8387254073863745
0.6720	0.8357544962208956
0.6730	0.8328194491779728
0.6740	0.8312054945117359
0.6750	0.8293324279565176
0.6760	0.8262913582783937
0.6770	0.8242979755328635
0.6780	0.8203328290150953
0.6790	0.817413825052897
0.6800	0.8133375732859913
0.6810	0.8099233567634844
0.6820	0.8066863724872156
0.6830	0.8029825253417057
0.6840	0.7993504456269936
0.6850	0.7951836634009716
0.6860	0.7913112233003952
0.6870	0.7875427750944854
0.6880	0.784161050420526
0.6890	0.7810068217023273
0.6900	0.7781783343690033
0.6910	0.7754943062184493
0.6920	0.7731620133926163
0.6930	0.7706749532436398
0.6940	0.769313296767157
0.6950	0.766302070446237
0.6960	0.7646852460047842
0.6970	0.7636796491086889
0.6980	0.7605889449970538
0.6990	0.7577102861558208
0.7000	0.7555359646591954
0.7010	0.7546367615097948
0.7020	0.7523767939345206
0.7030	0.7508443685448959
0.7040	0.7492375664188152
0.7050	0.7486371656479065
0.7060	0.7492802811212439
0.7070	0.7483653022757977
0.7080	0.748903132726841
0.7090	0.7503050651730793
0.7100	0.7508897939747573
0.7110	0.7509797481737903
0.7120	0.7514325502969943
0.7130	0.751177317790895
0.7140	0.7521489245622258
0.7150	0.7513962666570974
0.7160	0.7511351332477432
0.7170	0.7514727409802574
0.7180	0.7502753071023677
0.7190	0.7475456737288062
0.7200	0.747230454853056
0.7210	0.7449231325291608
0.7220	0.7437726085271077
0.7230	0.7418579567392243
0.7240	0.7400242579678699
0.7250	0.7382392554786106
0.7260	0.7388048939362428
0.7270	0.7374902948581779
0.7280	0.7350949476540093
0.7290	0.7321291306276684
0.7300	0.7297029788644767
0.7310	0.7278078715135851
0.7320	0.7255915429619133
0.7330	0.7236982289324015
0.7340	0.7208598898566903
0.7350	0.7189143597484932
0.7360	0.7153538584512719
0.7370	0.7131938328147975
0.7380	0.7117705649152282
0.7390	0.7087107137684633
0.7400	0.7083995148830554
0.7410	0.7060261646787938
0.7420	0.704084564664366
0.7430	0.702267157918092
0.7440	0.7009601539479274
0.7450	0.698315913098578
0.7460	0.6966098075298697
0.7470	0.6937293668924587
0.7480	0.6899588741157726
0.7490	0.688247160383932
0.7500	0.6832568702280364
0.7510	0.6811112211281252
0.7520	0.6771755745165511
0.7530	0.6749204774915025
0.7540	0.6696072166092134
0.7550	0.6667519631475315
0.7560	0.6654792604825767
0.7570	0.6615179334166419
0.7580	0.659387755747452
0.7590	0.6578419011928418
0.7600	0.6564866573385679
0.7610	0.655011323187935
0.7620	0.6535336909120889
0.7630	0.6529503797102162
0.7640	0.6517061512085068
0.7650	0.6498817694101823
0.7660	0.6486277421820131
0.7670	0.6464788153147469
0.7680	0.6444123835359931
0.7690	0.6399615189190518
0.7700	0.6373734196320765
0.7710	0.6326872795482475
0.7720	0.6306456822740517
0.7730	0.6279674420797763
0.7740	0.6233345945284686
0.7750	0.621068626933205
0.7760	0.6187384455243179
0.7770	0.6140536331437214
0.7780	0.6140899467491426
0.7790	0.6142816892242832
0.7800	0.6115790640083147
0.7810	0.6112188438301243
0.7820	0.6092233012618012
0.7830	0.6068308906790181
0.7840	0.6070514991742608
0.7850	0.603647685298781
0.7860	0.6025446059419219
0.7870	0.6007423824963277
0.7880	0.5989024923866362
0.7890	0.5966959003253353
0.7900	0.5940351392519122
0.7910	0.5913500553928852
0.7920	0.5894116225038765
0.7930	0.5879937852793339
0.7940	0.5838742817356017
0.7950	0.5836655741636032
0.7960	0.581450808429278
0.7970	0.5791672118855403
0.7980	0.5763043978915631
0.7990	0.5736415323163151
0.8000	0.5727710730198791
0.8010	0.5713706503750596
0.8020	0.5693847912811795
0.8030	0.5671664112436106
0.8040	0.5627242274085671
0.8050	0.5602928823895029
0.8060	0.5594078183575109
0.8070	0.5563525888166155
0.8080	0.5495269310401637
0.8090	0.5465111130788984
0.8100	0.5400818162080331
0.8110	0.5375244661591128
0.8120	0.5319401117881865
0.8130	0.527035504591585
0.8140	0.5226340369890007
0.8150	0.5175490373358631
0.8160	0.5149314266174919
0.8170	0.5079405481599821
0.8180	0.5086834234739332
0.8190	0.5105471730561216
0.8200	0.5107426105109175
0.8210	0.5080567821238627
0.8220	0.5082987514278803
0.8230	0.5089127588518805
0.8240	0.5093523346536482
0.8250	0.5071661398942624
0.8260	0.5070636716312564
0.8270	0.506379475729087
0.8280	0.5023626940027976
0.8290	0.49902547735264674
0.8300	0.49466937755391555
0.8310	0.4911646190470904
0.8320	0.4872386098091526
0.8330	0.48322526720304154
0.8340	0.48021712502608843
0.8350	0.47473492773772313
0.8360	0.46854124286963433
0.8370	0.4661528269217499
0.8380	0.46392721136257276
0.8390	0.4606730545358159
0.8400	0.45680002203987363
0.8410	0.45306893623273725
0.8420	0.45144104298760074
0.8430	0.44471095909851605
0.8440	0.4421126991937485
0.8450	0.43948144033155995
0.8460	0.43737937723932363
0.8470	0.4342460160512683
0.8480	0.4273393407171582
0.8490	0.42297189781494343
0.8500	0.41821754697755187
0.8510	0.41073926543638484
0.8520	0.41136520605419397
0.8530	0.40752365349409264
0.8540	0.4033006628595268
0.8550	0.39739905656727564
0.8560	0.39138127163211206
0.8570	0.3879342774360561
0.8580	0.38102170119869105
0.8590	0.3783261040507009
0.8600	0.3741136359252596
0.8610	0.3709024450503279
0.8620	0.3680543210783989
0.8630	0.3640072534271616
0.8640	0.3607451349910913
0.8650	0.3573364090746598
0.8660	0.3536860987959465
0.8670	0.3501711474007646
0.8680	0.3453869324608061
0.8690	0.3401589373255108
0.8700	0.3352726067937173
0.8710	0.33012942561751013
0.8720	0.32414630157384833
0.8730	0.31851566199301606
0.8740	0.3128785590790873
0.8750	0.30746043038680454
0.8760	0.3028832541696428
0.8770	0.29788077496046117
0.8780	0.2940730511723011
0.8790	0.28962720232312655
0.8800	0.2835309399847528
0.8810	0.27479353246619803
0.8820	0.2628031459964971
0.8830	0.2468876285092257
0.8840	0.2284610968938272
0.8850	0.2076446856299323
0.8860	0.1881692338853616
0.8870	0.17062080508014663
0.8880	0.15578415941614693
0.8890	0.14188825372836586
0.8900	0.12556636685037775
0.8910	0.10478015852997878
0.8920	0.08225384068586494
0.8930	0.05940698162786964
0.8940	0.04112316658474861
0.8950	0.02745488593498687
0.8960	0.018345391890602566
0.8970	0.012117869030411153
0.8980	0.008186901650714989
0.8990	0.005538002314850586
0.9000	0.003841151483083235
0.9010	0.0026877738410967154
0.9020	0.0019046294725112507
0.9030	0.00137757508502925
0.9040	0.0009926886702251818
0.9050	0.0007183565999187224
0.9060	0.000530359815320906
0.9070	0.0003929448358116082
0.9080	0.00029841282667538723
0.9090	0.00021875662583843998
0.9100	0.00015544431348946854
0.9110	0.00011181681508852111
0.9120	8.36729641229139e-05
0.9130	5.693449624892489e-05
0.9140	4.033820584437997e-05
0.9150	2.166737913926696e-05
0.9160	1.196315933327612e-05
0.9170	7.145625035290167e-06
0.9180	-3.4806109042865008e-06
0.9190	-1.378414119710813e-05
0.9200	-1.7149500084696402e-05
0.9210	-1.9661994048717784e-05
0.9220	-2.0745363005681133e-05
0.9230	-1.754135694147038e-05
0.9240	-2.4202923506627985e-05
0.9250	-2.1298572685832626e-05
0.9260	-2.090671582905865e-05
0.9270	-2.0030800502152114e-05
0.9280	-2.4894435606817357e-05
0.9290	-2.6046955773799644e-05
0.9300	-2.397241947323153e-05
0.9310	-2.8121492074367758e-05
0.9320	-2.3511411406438616e-05
0.9330	-2.46639315734209e-05
0.9340	-2.1529076719229087e-05
0.9350	-2.171347994594625e-05
0.9360	-1.9938598888793532e-05
0.9370	-2.141382470253086e-05
0.9380	-2.122942147581369e-05
0.9390	-1.8578625091754438e-05
0.9400	-2.033045574556751e-05
0.9410	-1.758745774814967e-05
0.9420	-2.042265735892609e-05
0.9430	-1.9016582755207706e-05
0.9440	-2.0307405342227865e-05
0.9450	-1.8417272268376915e-05
0.9460	-1.9154885175245578e-05
0.9470	-1.9823346872095307e-05
0.9480	-1.7887112991565065e-05
0.9490	-1.7956264201584e-05
0.9500	-1.5812576690996952e-05
0.9510	-1.6826794437941363e-05
0.9520	-1.6319685564469158e-05
0.9530	-1.7149500084696402e-05
0.9540	-1.625053435445022e-05
0.9550	-1.532851822086439e-05
0.9560	-1.442955249061821e-05
0.9570	-1.415294765054246e-05
0.9580	-1.4844459750731833e-05
0.9590	-1.4844459750731833e-05
0.9600	-1.4567854910656083e-05
0.9610	-1.415294765054246e-05
0.9620	-1.415294765054246e-05
0.9630	-1.3761090793768484e-05
0.9640	-1.3092629096918758e-05
0.9650	-1.2562469820106909e-05
0.9660	-1.3207881113616987e-05
0.9670	-1.3484485953692735e-05
0.9680	-1.350753635703238e-05
0.9690	-1.200926013995541e-05
0.9700	-1.1456050459803914e-05
0.9710	-1.2401116996729388e-05
0.9720	-1.350753635703238e-05
0.9730	-1.2424167400069033e-05
0.9740	-1.2055360946634701e-05
0.9750	-1.1110294409709228e-05
0.9760	-9.819471822689068e-06
0.9770	-9.727270209330487e-06
0.9780	-9.842522226028714e-06
0.9790	-9.174060529178988e-06
0.9800	-9.035758109141114e-06
0.9810	-1.0003875049406235e-05
0.9820	-9.565917385952967e-06
0.9830	-8.85135488242395e-06
0.9840	-8.459498025649972e-06
0.9850	-8.20594358891387e-06
0.9860	-7.721885118781311e-06
0.9870	-7.168675438629813e-06
0.9880	-6.892070598554065e-06
0.9890	-6.915121001893711e-06
0.9900	-7.260877051988396e-06
0.9910	-6.845969791874774e-06
0.9920	-6.5693649517990246e-06
0.9930	-6.4310625317611504e-06
0.9940	-6.246659305043985e-06
0.9950	-5.3246431714581565e-06
0.9960	-5.0941391380617e-06
