;; Skysat7 RSR
;;
;; Quinten Vanhellemont 2022-02-19 from Skysat_RSR_Skysat7.csv
;; normalised to per channel maximum value
;;
;; datasets: wavelength, RSR
;; Skysat7 Band: Blue
0.3500	0.0
0.3510	0.0
0.3520	0.0
0.3530	0.0
0.3540	0.0
0.3550	0.0
0.3560	0.0
0.3570	0.0
0.3580	0.0
0.3590	0.0
0.3600	0.0
0.3610	0.0
0.3620	0.0
0.3630	0.0
0.3640	0.0
0.3650	0.0
0.3660	0.0
0.3670	0.0
0.3680	0.0
0.3690	0.0
0.3700	0.0
0.3710	0.0
0.3720	0.0
0.3730	0.0
0.3740	0.0
0.3750	0.0
0.3760	0.0
0.3770	0.0
0.3780	0.0
0.3790	0.0
0.3800	0.0
0.3810	0.0
0.3820	0.0
0.3830	0.0
0.3840	0.0
0.3850	0.0
0.3860	0.0
0.3870	0.0
0.3880	0.0
0.3890	0.0
0.3900	0.0
0.3910	0.0
0.3920	0.0
0.3930	0.0
0.3940	0.0
0.3950	0.0
0.3960	0.0
0.3970	1.2201086047224796e-05
0.3980	8.177323627395342e-06
0.3990	7.606208961355033e-06
0.4000	9.371472474570536e-06
0.4010	1.2123206774582937e-05
0.4020	1.6770003375547275e-05
0.4030	2.9074928452961218e-05
0.4040	4.075681934924028e-05
0.4050	7.087013810409297e-05
0.4060	7.450450416071313e-05
0.4070	6.489939386821702e-05
0.4080	2.5310763608604632e-05
0.4090	4.8285149037953456e-05
0.4100	8.410961445320925e-05
0.4110	0.00012876039743454253
0.4120	0.0002484348797275347
0.4130	0.00028296135726542615
0.4140	0.0003219009935863564
0.4150	0.00034007282386945716
0.4160	0.00020014973068958127
0.4170	0.00012149166532130223
0.4180	7.346611385882165e-05
0.4190	4.8804344188899186e-05
0.4200	6.775496719841855e-05
0.4210	7.009134537767437e-05
0.4220	7.580249203807747e-05
0.4230	0.00011993407986846503
0.4240	0.00010747339624576735
0.4250	0.00013031798288737974
0.4260	0.00010176224958536426
0.4270	7.009134537767437e-05
0.4280	3.7382050868093e-05
0.4290	5.9707442358759645e-05
0.4300	0.00013005838531190687
0.4310	0.00019028502282161227
0.4320	0.0002304808518102557
0.4330	0.00026732060334318583
0.4340	0.00022945855655804353
0.4350	0.00019327636568378613
0.4360	0.00021153749753284953
0.4370	0.00058020058118186
0.4380	0.002949259499213952
0.4390	0.009750183801573374
0.4400	0.021078219838701125
0.4410	0.05290755125475061
0.4420	0.14936459729238172
0.4430	0.3054053718682051
0.4440	0.4398053085679324
0.4450	0.5780783684063936
0.4460	0.7763338752951917
0.4470	0.894454471400797
0.4480	0.9158857699018988
0.4490	0.9307771201392399
0.4500	0.9475722759238746
0.4510	0.9575021038436511
0.4520	0.9628002748930647
0.4530	0.967151543018135
0.4540	0.9713355809810613
0.4550	0.9745206744936893
0.4560	0.9761282246918778
0.4570	0.9761463056630095
0.4580	0.973529530950534
0.4590	0.9691477782821758
0.4600	0.9627002467552834
0.4610	0.9538175342119103
0.4620	0.9429241761430815
0.4630	0.9300263431831662
0.4640	0.9161585186905452
0.4650	0.9023000734583259
0.4660	0.8885016497815318
0.4670	0.8754531308129576
0.4680	0.864824406512566
0.4690	0.8569648614692584
0.4700	0.8519937002937165
0.4710	0.8475821588035729
0.4720	0.84507540933151
0.4730	0.8438157510361642
0.4740	0.8450354806284267
0.4750	0.8487083605813439
0.4760	0.8541930421048318
0.4770	0.8620015450728498
0.4780	0.8723830208544338
0.4790	0.886414960338293
0.4800	0.9021235081673681
0.4810	0.9190317602317334
0.4820	0.9373031150333191
0.4830	0.9549884880157169
0.4840	0.9697643121400209
0.4850	0.9811812992863845
0.4860	0.9892206000748525
0.4870	0.99498705399871
0.4880	0.998423297781705
0.4890	1.0
0.4900	0.9983445436652338
0.4910	0.9962958229633838
0.4920	0.9951837069500579
0.4930	0.9932261698965926
0.4940	0.9898135962205293
0.4950	0.9872530347670467
0.4960	0.9855210957945946
0.4970	0.9816578451516558
0.4980	0.976215034121116
0.4990	0.969315091515544
0.5000	0.9584226446342051
0.5010	0.9404462212340899
0.5020	0.9060292445495088
0.5030	0.8255455799995228
0.5040	0.6908671210610708
0.5050	0.560967656192917
0.5060	0.45206697430536946
0.5070	0.29975788632123523
0.5080	0.14137523788548326
0.5090	0.05483921940981997
0.5100	0.02270553060433459
0.5110	0.010066030979699703
0.5120	0.0044343056015367765
0.5130	0.001957337163332123
0.5140	0.0009853726890526483
0.5150	0.000573082415662394
0.5160	0.0003850974273594713
0.5170	0.0003324354631990454
0.5180	0.0002504233971556569
0.5190	0.00017720026662747782
0.5200	0.00013344353769607307
0.5210	0.00011174896831380551
0.5220	0.0001234877110791131
0.5230	0.00010749831761301275
0.5240	8.904949671688245e-05
0.5250	9.825690352375412e-05
0.5260	0.00010877943164797136
0.5270	8.507350025094e-05
0.5280	7.495075239295098e-05
0.5290	0.0001175231971850485
0.5300	0.00010931965420253039
0.5310	7.042129389610038e-05
0.5320	8.544887834507377e-05
0.5330	0.00010620681967503524
0.5340	0.00010224172630726266
0.5350	9.10735790128444e-05
0.5360	9.083942199976787e-05
0.5370	8.3533048238084e-05
0.5380	7.387446084504048e-05
0.5390	0.00011325826861760474
0.5400	9.248137666463375e-05
0.5410	9.203175366391475e-05
0.5420	9.583018538823376e-05
0.5430	9.489355733592765e-05
0.5440	0.00011929495063765083
0.5450	0.0001740547228054731
0.5460	0.0001966999385091223
0.5470	0.00022299431733119364
0.5480	0.0002933452602843409
0.5490	0.000389396363209302
0.5500	0.0003997802662282168
0.5510	0.00038680038745457333
0.5520	0.0004516997813227904
0.5530	0.0004023762419829454
0.5540	0.0003270929450958137
0.5550	0.0002861024879286479
0.5560	0.0002116602871860482
0.5570	0.00011134140012031309
0.5580	8.967720365437585e-05
0.5590	0.00010189126958037428
0.5600	7.087325327499864e-05
0.5610	6.364527798110758e-05
0.5620	2.9792196553992756e-05
0.5630	4.1881915241339694e-05
0.5640	9.26197421723608e-05
0.5650	7.571448845999215e-05
0.5660	3.354753508078326e-05
0.5670	7.679389517880834e-05
0.5680	9.353819839438382e-05
0.5690	0.00012097117218247914
0.5700	0.00015077816579827386
0.5710	0.00025023700609646735
0.5720	0.00038088935066105616
0.5730	0.00046336350038878634
0.5740	0.0006207263586889294
0.5750	0.0006491107575911329
0.5760	0.0007387186486928574
0.5770	0.0008546030063839458
0.5780	0.0008675050058849472
0.5790	0.0008100275066994996
0.5800	0.0006965703863390827
0.5810	0.0006733597671160535
0.5820	0.0006063654208137704
0.5830	0.0005390439815663915
0.5840	0.000550100242305781
0.5850	0.000494107641252038
0.5860	0.0004558663224091299
0.5870	0.0004171551319546158
0.5880	0.0003837059843549368
0.5890	0.00037771187633726824
0.5900	0.0003869847017331591
0.5910	0.0004396518578450946
0.5920	0.00046072858499773676
0.5930	0.00040590676900937645
0.5940	0.0004041466974476704
0.5950	0.0003774003592467008
0.5960	0.00042698868811352807
0.5970	0.00046632291274917705
0.5980	0.00029301557136349036
0.5990	0.0001827566931328991
0.6000	8.177323627395342e-05
0.6010	6.905295507578289e-06
0.6020	-1.1474212835900766e-06
0.6030	6.022663750970538e-06
0.6040	1.1474212835900766e-05
0.6050	2.4739648942564322e-05
0.6060	3.063251390579843e-05
0.6070	4.309319752849609e-05
0.6080	-2.313014397463254e-05
0.6090	1.7548796101965877e-07
0.6100	1.2356844592508519e-05
0.6110	1.4018269075534875e-06
0.6120	-7.06105405286201e-06
0.6130	5.217911267004647e-06
0.6140	4.5689173283224774e-05
0.6150	3.893963632093021e-05
0.6160	3.115170905674417e-05
0.6170	3.712245329262013e-05
0.6180	3.5824465415255784e-06
0.6190	7.112973567956584e-07
0.6200	1.1266534775522473e-05
0.6210	1.2071287259488364e-05
0.6220	5.840945448139531e-05
0.6230	1.918426082744495e-06
0.6240	-3.6084062990728656e-05
0.6250	3.426687996241858e-05
0.6260	-1.53422167104465e-05
0.6270	1.9495777918012388e-05
0.6280	1.6718083860452702e-05
0.6290	-3.16709042076899e-06
0.6300	-3.1670904207689896e-05
0.6310	3.4526477537891447e-06
0.6320	3.452647753789145e-05
0.6330	2.751734300012401e-05
0.6340	1.1188655502880613e-05
0.6350	1.079925913967131e-05
0.6360	-1.3031798288737976e-05
0.6370	3.452647753789145e-05
0.6380	3.907514625532704e-05
0.6390	1.8214741762326426e-05
0.6400	4.1662814887640596e-05
0.6410	3.084538391768618e-05
0.6420	-1.3836602692218961e-05
0.6430	1.2953919016096113e-05
0.6440	2.4272373306713163e-06
0.6450	2.362337936803099e-07
0.6460	4.439118540586043e-06
0.6470	3.9718429047348805e-05
0.6480	1.1552092108542626e-05
0.6490	5.711146660403097e-06
0.6500	3.400728238694571e-06
0.6510	-2.388297694350386e-05
0.6520	-2.5388642881246493e-05
0.6530	1.5238377680257352e-05
0.6540	4.594877085869764e-06
0.6550	3.868003874545734e-05
0.6560	3.400728238694571e-05
0.6570	-2.1287001188775178e-05
0.6580	-9.786828595327124e-07
0.6590	4.7246758736061976e-05
0.6600	4.9063941764372056e-06
0.6610	-1.111077623023875e-05
0.6620	-6.593778417010847e-06
0.6630	1.25904824104341e-05
0.6640	1.1058856715144178e-05
0.6650	1.9781335251032543e-06
0.6660	-2.347865371970487e-05
0.6670	1.5807934760844827e-06
0.6680	-5.883519450517081e-06
0.6690	1.5201436945267565e-05
0.6700	9.62546274241319e-06
0.6710	0.00010188867360461956
0.6720	0.00017672572225951343
0.6730	0.000314001439364717
0.6740	0.0004214852195135033
0.6750	0.0004749649160366688
0.6760	0.00047414718367392927
0.6770	0.0004520009145103389
0.6780	0.000432845209416196
0.6790	0.0005823422611795112
0.6800	0.0007159830930329437
0.6810	0.0005788662496439295
0.6820	0.0002929662478241505
0.6830	0.000149738477508505
0.6840	0.0001045557790950278
0.6850	5.302228559518235e-05
0.6860	5.18315115164883e-05
0.6870	5.165758114092148e-05
0.6880	2.0544474243650134e-05
0.6890	4.922073869995767e-05
0.6900	1.655352495736045e-05
0.6910	-9.798069170345099e-06
0.6920	1.3559897636522431e-05
0.6930	9.128722781745856e-06
0.6940	2.1516147968645077e-05
0.6950	2.0104871709344383e-05
0.6960	4.568917328322478e-06
0.6970	4.361239267944182e-05
0.6980	4.750635631153485e-05
0.6990	2.5959757547286806e-05
0.7000	2.3519540337841842e-05
0.7010	2.9853721179379822e-05
0.7020	6.152462538706973e-05
0.7030	4.2054807226604626e-05
0.7040	5.7630661754976706e-05
0.7050	8.021565082111621e-05
0.7060	9.42339198966511e-05
0.7070	8.410961445320925e-05
0.7080	9.605110292496116e-05
0.7090	0.00011811689684015496
0.7100	0.00013187556834021695
0.7110	0.00013291395864210842
0.7120	0.00013940389802893013
0.7130	0.0001469322277176433
0.7140	0.00016172928951959677
0.7150	0.00017418997314229447
0.7160	0.0001900254252461394
0.7170	0.0001996305355386355
0.7180	0.00020923564583113163
0.7190	0.0002240327076330851
0.7200	0.00020641875253967555
0.7210	0.00017815143214401042
0.7220	0.00019209363912993174
0.7230	0.0001855159557626002
0.7240	0.00018601620029053644
0.7250	0.0002066796481030258
0.7260	0.00018866902791429366
0.7270	0.00015367994749690956
0.7280	0.0001454883460028632
0.7290	0.00010633428208459241
0.7300	9.244113904043546e-05
0.7310	0.00010662503136912202
0.7320	0.00010561857156901372
0.7330	0.00011909298372393294
0.7340	0.00010810058398810981
0.7350	0.00011885623073510168
0.7360	0.00015266647856226347
0.7370	0.0002242660858534352
0.7380	0.00029512609965208475
0.7390	0.0003135159918985827
0.7400	0.00039106038366808313
0.7410	0.00044252819898133393
0.7420	0.0004247327851826688
0.7430	0.0004199613817454775
0.7440	0.00041910990169792653
0.7450	0.0004570345114987578
0.7460	0.0004870881228112517
0.7470	0.000405623807652111
0.7480	0.0003067690509120429
0.7490	0.0002054107351541144
0.7500	0.0001472710025536354
0.7510	0.00012674176668766551
0.7520	0.00011397657510893818
0.7530	0.00011001226053389202
0.7540	9.604201700981962e-05
0.7550	7.12966569205949e-05
0.7560	5.0102332066263534e-05
0.7570	4.646796600964338e-05
0.7580	6.567818659463561e-05
0.7590	8.307122415131776e-05
0.7600	0.00010695420109482163
0.7610	0.00012927959258548827
0.7620	0.00012227045804772085
0.7630	0.00016692124102905416
0.7640	0.00019340019372728667
0.7650	0.00020014973068958127
0.7660	0.0002621935512275967
0.7670	0.00028296135726542615
0.7680	0.0002881533087748835
0.7690	0.0003011331875485269
0.7700	0.0003219009935863564
0.7710	0.00033228489660527106
0.7720	0.0003296889208505424
0.7730	0.0003452647753789145
0.7740	0.0003556486783978292
0.7750	0.00030892111481271297
0.7760	0.0002751734300012401
0.7770	0.00023675298883125563
0.7780	0.00019833254766127116
0.7790	0.000194698181604651
0.7800	0.0001705556070856743
0.7810	0.0001664020458781084
0.7820	0.00015939291134034098
0.7830	0.00014745142286858904
0.7840	0.00017574755859513168
0.7850	0.00019599616948201538
0.7860	0.0002328590251991626
0.7870	0.00023908936701051147
0.7880	0.00023437896900355628
0.7890	0.00028347795644061716
0.7900	0.00026482846661864633
0.7910	0.0002660927068111992
0.7920	0.00024697074940186777
0.7930	0.00026166397217363205
0.7940	0.0002570940164550077
0.7950	0.00023297169054691785
0.7960	0.000230224109808113
0.7970	0.00024419305534430805
0.7980	0.00017479898905435381
0.7990	0.0001865932857008126
0.8000	0.00014108972468405094
0.8010	9.833114843033937e-05
0.8020	0.00010570917112285375
0.8030	7.104952002874472e-05
0.8040	0.00010615801533084633
0.8050	7.095892047490469e-05
0.8060	6.130422704549325e-05
0.8070	6.044340148522523e-05
0.8080	7.061573248012957e-05
0.8090	6.092677217075571e-05
0.8100	0.00010588829344993003
0.8110	0.00010713176583644507
0.8120	0.00017641420516894597
0.8130	0.00023653181169695276
0.8140	0.0002724113117982088
0.8150	0.00033903443356756563
0.8160	0.0003827870089377628
0.8170	0.00038066350077039477
0.8180	0.00039517760121508285
0.8190	0.00033743012055114334
0.8200	0.0003801339217164301
0.8210	0.00041607001408913924
0.8220	0.0005085931859634241
0.8230	0.0005584047687451581
0.8240	0.0004121734544812915
0.8250	0.00032089635096927636
0.8260	0.00021308937183902636
0.8270	0.00016141206128236893
0.8280	0.00015813490148959946
0.8290	0.0001350353900288727
0.8300	0.00012525115740930033
0.8310	0.00010676521405987738
0.8320	0.00011549210575454878
0.8330	0.0001383995150094256
0.8340	7.966919792474583e-05
0.8350	9.216077365892476e-05
0.8360	0.00011024667714454401
0.8370	8.904560275325036e-05
0.8380	0.0001529330852722741
0.8390	0.000133587873948036
0.8400	0.00014763599674475023
0.8410	0.000139663495604403
0.8420	0.0001355099343968371
0.8430	0.00014174027620818594
0.8440	0.00017289198526493013
0.8450	0.00017159399738756576
0.8460	0.00015679693558561227
0.8470	0.00016951721678378282
0.8480	0.00015160498407615494
0.8490	0.00018535266888762778
0.8500	0.00014745142286858904
0.8510	0.0002175427682462634
0.8520	0.00016017170406675956
0.8530	0.00018379508343479057
0.8540	0.00018794864464235646
0.8550	0.00015394136225541072
0.8560	5.555388115119375e-05
0.8570	0.0001625080822460154
0.8580	-0.0007658128476449607
0.8590	-0.0006931255265125576
0.8600	-0.0007450450416071312
0.8610	-0.0006541858901916274
0.8620	-0.0006515899144368987
0.8630	-0.0006308221083990693
0.8640	-0.0006204382053801546
0.8650	-0.000576306617549767
0.8660	-0.0005944784478328679
0.8670	-0.000576306617549767
0.8680	-0.0005269830782099221
0.8690	-0.000584094544813953
0.8700	-0.0005243871024551934
0.8710	-0.0005321750297193795
0.8720	-0.00048025551462480584
0.8730	-0.0005036192964173639
0.8740	-0.00043612392679441824
0.8750	-0.00044131587830387566
0.8760	-0.00043093197528496093
0.8770	-0.00039458831471875943
0.8780	-0.00038680038745457333
0.8790	-0.00034007282386945716
0.8800	-0.00037641648443565866
0.8810	-0.00033228489660527106
0.8820	-0.00035045672688837183
0.8830	-0.00032449696934108507
0.8840	-0.0002777694057559688
0.8850	-0.0002751734300012401
0.8860	-0.00025855918517097654
0.8870	-0.00024869447730300754
0.8880	-0.00023026304944443395
0.8890	-0.0002510308554822634
0.8900	-0.00020715886522734868
0.8910	-0.00022818626884065098
0.8920	-0.0002167639755198448
0.8930	-0.00020560127977451147
0.8940	-0.00020586087734998437
0.8950	-0.00018742944949141072
0.8960	-0.0001817183028310076
0.8970	-0.00017756474162344173
0.8980	-0.00017159399738756576
0.8990	-0.000177045546472496
0.9000	-0.00017678594889702313
0.9010	-0.0001679596313309456
0.9020	-0.0001640656676988526
0.9030	-0.00015290297195351928
0.9040	-0.00014874941074595339
0.9050	-0.00014148067863271307
0.9060	-0.00013602912954778284
0.9070	-0.00012953919016096114
0.9080	-0.00011681890896279062
0.9090	-0.00011837649441562782
0.9100	-0.00012045327501941078
0.9110	-0.00011318454290617047
0.9120	-0.00010176224958536426
0.9130	-0.00010306023746272862
0.9140	-9.786828595327125e-05
0.9150	-9.215713929286815e-05
0.9160	-8.514800475510071e-05
0.9170	-8.462880960415497e-05
0.9180	-7.917726051922474e-05
0.9190	-7.891766294375189e-05
0.9200	-6.749536962294568e-05
0.9210	-5.1659917519100736e-05
0.9220	-3.7901246019038734e-05
0.9230	-3.1670904207689896e-05
0.9240	-3.115170905674417e-05
0.9250	-3.296889208505424e-05
0.9260	-4.439118540586043e-05
0.9270	-4.932353933984493e-05
0.9280	-4.932353933984493e-05
0.9290	-3.6084062990728656e-05
0.9300	9.916627383063558e-07
0.9310	1.7496876586871304e-05
0.9320	-3.400728238694571e-05
0.9330	-3.6084062990728656e-05
0.9340	-3.400728238694571e-05
0.9350	-3.426687996241858e-05
0.9360	-3.244969693410851e-05
0.9370	-3.219009935863563e-05
0.9380	-3.089211148127129e-05
0.9390	-2.9074928452961218e-05
0.9400	-2.725774542465114e-05
0.9410	-2.5622280699172076e-05
0.9420	-2.621935512275967e-05
0.9430	-2.492136724539533e-05
0.9440	-2.4324292821807735e-05
0.9450	-2.3389741550105408e-05
0.9460	-2.401277573124029e-05
0.9470	-2.305226470199068e-05
0.9480	-2.14427597340589e-05
0.9490	-2.1961954885004636e-05
0.9500	-2.1312960946322462e-05
0.9510	-2.1287001188775178e-05
0.9520	-2.035244991707285e-05
0.9530	-2.110528288594417e-05
0.9540	-2.079376579537673e-05
0.9550	-2.014477185669456e-05
0.9560	-1.9859214523674402e-05
0.9570	-1.9184260827444947e-05
0.9580	-1.892466325197208e-05
0.9590	-1.8872743736877506e-05
0.9600	-1.8716985191593784e-05
0.9610	-1.8561226646310065e-05
0.9620	-1.9106381554803086e-05
0.9630	-1.889870349442479e-05
0.9640	-1.8197790040648047e-05
0.9650	-1.7496876586871304e-05
0.9660	-1.747091682932402e-05
0.9670	-1.7600715617060453e-05
0.9680	-1.7548796101965876e-05
0.9690	-1.7055560708567428e-05
0.9700	-1.6951721678378282e-05
0.9710	-1.6510405800074407e-05
0.9720	-1.6536365557621692e-05
0.9730	-1.614696919441239e-05
0.9740	-1.601717040667596e-05
0.9750	-1.5809492346297663e-05
0.9760	-1.6121009436865105e-05
0.9770	-1.5835452103844948e-05
0.9780	-1.5056659377426347e-05
0.9790	-1.4848981317048052e-05
0.9800	-1.4303826408555027e-05
0.9810	-1.4303826408555027e-05
0.9820	-1.3966349560440301e-05
0.9830	-1.3369275136852703e-05
0.9840	-1.3083717803832549e-05
0.9850	-1.282412022835968e-05
0.9860	-1.2356844592508519e-05
0.9870	-1.209724701703565e-05
0.9880	-1.2227045804772083e-05
0.9890	-1.2045327501941076e-05
0.9900	-1.1785729926468208e-05
0.9910	-1.1474212835900766e-05
0.9920	-1.144825307835348e-05
0.9930	-1.1006937200049605e-05
0.9940	-1.0176224958536425e-05
0.9950	-9.50127126230697e-06
0.9960	-8.307122415131776e-06
;; Skysat7 Band: Green
0.3500	0.0
0.3510	0.0
0.3520	0.0
0.3530	0.0
0.3540	0.0
0.3550	0.0
0.3560	0.0
0.3570	0.0
0.3580	0.0
0.3590	0.0
0.3600	0.0
0.3610	0.0
0.3620	0.0
0.3630	0.0
0.3640	0.0
0.3650	0.0
0.3660	0.0
0.3670	0.0
0.3680	0.0
0.3690	0.0
0.3700	0.0
0.3710	0.0
0.3720	0.0
0.3730	0.0
0.3740	0.0
0.3750	0.0
0.3760	0.0
0.3770	0.0
0.3780	0.0
0.3790	0.0
0.3800	0.0
0.3810	0.0
0.3820	0.0
0.3830	0.0
0.3840	0.0
0.3850	0.0
0.3860	0.0
0.3870	0.0
0.3880	0.0
0.3890	0.0
0.3900	0.0
0.3910	0.0
0.3920	0.0
0.3930	0.0
0.3940	0.0
0.3950	0.0
0.3960	0.0
0.3970	-2.049700957250575e-07
0.3980	-4.980581765281771e-07
0.3990	4.765075823514771e-06
0.4000	6.2017821019614364e-06
0.4010	5.100307288485659e-06
0.4020	9.913273321281985e-06
0.4030	-1.688129877174831e-06
0.4040	-7.303256915437212e-06
0.4050	-1.1230254076524762e-05
0.4060	-5.674989799864325e-07
0.4070	3.639655905398217e-06
0.4080	-1.0344285204815986e-05
0.4090	-9.242810391340209e-06
0.4100	1.8868742456932863e-06
0.4110	4.429844358543883e-06
0.4120	1.3337423284913203e-05
0.4130	1.0559791146582986e-05
0.4140	1.2140168052874316e-05
0.4150	-9.506206542388764e-07
0.4160	-2.538181091922441e-05
0.4170	-1.0535846041942208e-05
0.4180	-1.3600819435961758e-05
0.4190	-7.135641182951767e-06
0.4200	-6.177836997320658e-06
0.4210	-7.135641182951767e-06
0.4220	-7.518762857204211e-06
0.4230	-5.93838595091288e-06
0.4240	1.2810630982816092e-05
0.4250	-6.297562520524546e-06
0.4260	-2.0018107479690194e-05
0.4270	-2.7297419290486625e-05
0.4280	-2.418455568718552e-05
0.4290	-2.44240067335933e-05
0.4300	-1.9922327061127083e-05
0.4310	-7.686378589689657e-06
0.4320	-1.8270114840913417e-05
0.4330	5.746825113786658e-06
0.4340	9.242810391340209e-06
0.4350	1.7120749818156087e-05
0.4360	-6.058111474116769e-07
0.4370	-3.0170831847379957e-05
0.4380	-2.2077386478797078e-05
0.4390	-7.32720202007799e-06
0.4400	5.028471974563326e-06
0.4410	2.7776321383302183e-05
0.4420	4.334063939980771e-06
0.4430	-1.7551761701690086e-06
0.4440	-1.4630458935515202e-05
0.4450	1.961104070079697e-05
0.4460	3.088918498660329e-05
0.4470	1.8557456096602752e-05
0.4480	1.5109361028330755e-05
0.4490	-1.5253031656175422e-05
0.4500	-4.453789463184661e-05
0.4510	-6.465178253009991e-05
0.4520	-5.698934904505103e-05
0.4530	-2.44240067335933e-05
0.4540	-4.310118835339993e-06
0.4550	1.2978246715301536e-05
0.4560	3.2325891265049955e-05
0.4570	2.8494674522525513e-05
0.4580	3.687546114679773e-05
0.4590	4.405899253903105e-05
0.4600	2.0975911665321304e-05
0.4610	-6.417288043728436e-06
0.4620	-2.2053441374156303e-05
0.4630	1.0535846041942209e-06
0.4640	2.538181091922441e-05
0.4650	4.693240509592437e-05
0.4660	7.734268798971211e-05
0.4670	7.97371984537899e-05
0.4680	7.925829636097433e-05
0.4690	0.00010583736251223762
0.4700	0.00012355673994641315
0.4710	0.00014774129563359866
0.4720	0.00016689737934622088
0.4730	0.00018006718689864864
0.4740	0.00018988467980136751
0.4750	0.00015037525714408422
0.4760	0.00011134473657961651
0.4770	0.00011900717006466539
0.4780	0.00013026136924583094
0.4790	0.00012164113157515094
0.4800	0.00011541540436854873
0.4810	0.00011661265960058761
0.4820	0.00011517595332214094
0.4830	0.00010631626460505319
0.4840	0.00010200614576971318
0.4850	8.356841519631432e-05
0.4860	5.962331055553658e-05
0.4870	2.3202806396913636e-05
0.4880	1.0703461774427653e-05
0.4890	2.238867283912719e-05
0.4900	3.581660861958253e-05
0.4910	3.911768074536016e-05
0.4920	3.578524053250311e-05
0.4930	3.3553077877889815e-05
0.4940	4.833870109147725e-05
0.4950	7.045272358037472e-05
0.4960	0.0001040508182549892
0.4970	0.00019498977611078131
0.4980	0.00033190788444674847
0.4990	0.0005205330517440111
0.5000	0.0007990720869673941
0.5010	0.0012133678929516665
0.5020	0.0018768460358697286
0.5030	0.0031821367910268767
0.5040	0.006127794123131896
0.5050	0.013061111144421413
0.5060	0.028874908417158278
0.5070	0.06199307854298904
0.5080	0.1245101094986648
0.5090	0.22333226991527286
0.5100	0.3398511987982546
0.5110	0.4408997702553412
0.5120	0.5426793187108178
0.5130	0.678053556847029
0.5140	0.7822102124645304
0.5150	0.8092223761179418
0.5160	0.8159054452451412
0.5170	0.83351137795706
0.5180	0.8457140211824525
0.5190	0.8484969811065654
0.5200	0.85251023332359
0.5210	0.8574646359059679
0.5220	0.8649658230563658
0.5230	0.8734699245750276
0.5240	0.8793979853968193
0.5250	0.8833510372262665
0.5260	0.8876806354042317
0.5270	0.8947668826253306
0.5280	0.9011421422213934
0.5290	0.9048350688010861
0.5300	0.9066292276016102
0.5310	0.9109969368081218
0.5320	0.916440497171633
0.5330	0.9196125075779072
0.5340	0.9205246843666454
0.5350	0.9224659092108523
0.5360	0.9237922046118003
0.5370	0.9262810156869744
0.5380	0.9273806395438614
0.5390	0.9305645171439958
0.5400	0.9330218715352032
0.5410	0.9353673879206754
0.5420	0.935747506878806
0.5430	0.9350616807697267
0.5440	0.9349997132334268
0.5450	0.9359727034044212
0.5460	0.9363708362647729
0.5470	0.9362440876423779
0.5480	0.9356159476848886
0.5490	0.9356511278326268
0.5500	0.9359395298564519
0.5510	0.9370346065379676
0.5520	0.9377145996195564
0.5530	0.9393539006393478
0.5540	0.9419840141715176
0.5550	0.9440651861797974
0.5560	0.9467034218914614
0.5570	0.9494434602155055
0.5580	0.9542376149740961
0.5590	0.9614913725692198
0.5600	0.9648769804924213
0.5610	0.9685553316869191
0.5620	0.9741203799333357
0.5630	0.9799718786775491
0.5640	0.98497304365478
0.5650	0.9879341168452528
0.5660	0.9894337771983105
0.5670	0.9900365401339014
0.5680	0.9916633130749447
0.5690	0.99298593050782
0.5700	0.99438684603836
0.5710	0.9944813429993145
0.5720	0.9943884958560698
0.5730	0.9957619655076706
0.5740	0.9977064157574727
0.5750	0.999476835381256
0.5760	1.0
0.5770	0.9995641967010274
0.5780	0.9973548872542832
0.5790	0.9960638414418769
0.5800	0.994680470489507
0.5810	0.9923675074737939
0.5820	0.9893074380372049
0.5830	0.9816854238887897
0.5840	0.9631902777434831
0.5850	0.920258115489232
0.5860	0.8411669799037549
0.5870	0.7339702897187173
0.5880	0.6275648918561492
0.5890	0.5327631863440417
0.5900	0.4210712672977281
0.5910	0.2799123468372932
0.5920	0.15350720020676312
0.5930	0.07572759068169166
0.5940	0.037434653569984266
0.5950	0.01975505134912754
0.5960	0.011316801262738388
0.5970	0.006960822762990378
0.5980	0.004487367683422423
0.5990	0.0030363182872959324
0.6000	0.002158928946579947
0.6010	0.0015795915068591137
0.6020	0.0011283675604978338
0.6030	0.0008978887447989556
0.6040	0.0007689515398397597
0.6050	0.0006041756967647118
0.6060	0.0005394281338160487
0.6070	0.0004551293929281907
0.6080	0.00046832314558525927
0.6090	0.000451319726779843
0.6100	0.00044723708643859035
0.6110	0.00048774023093846596
0.6120	0.0004987094833744062
0.6130	0.0005047652003380589
0.6140	0.0004894618839621378
0.6150	0.0005314448359288134
0.6160	0.0005507374067378881
0.6170	0.0005052417079204104
0.6180	0.00048369111374371043
0.6190	0.00045016796724662157
0.6200	0.0003735436323961328
0.6210	0.0003519930382194328
0.6220	0.00027536870336894404
0.6230	0.00022556288571612634
0.6240	0.0002016177810753486
0.6250	0.00017815157852738643
0.6260	0.00013552929226680202
0.6270	0.00011326034495087872
0.6280	8.2850062057091e-05
0.6290	0.0001008088905376743
0.6300	6.513068462291547e-05
0.6310	6.249672311242991e-05
0.6320	6.0341663694759914e-05
0.6330	0.00010487955832660652
0.6340	0.00012355673994641315
0.6350	0.00012092277843592761
0.6360	0.00010535846041942207
0.6370	0.00011972552320388873
0.6380	0.00010619965194545258
0.6390	0.00015845768776453234
0.6400	0.00021722879204590366
0.6410	0.0002598474865407919
0.6420	0.0002749281134435538
0.6430	0.0003057406740953066
0.6440	0.00036644630338060626
0.6450	0.0004703560849692613
0.6460	0.0005804053913878117
0.6470	0.0006768227497343674
0.6480	0.0007396906219687293
0.6490	0.0007888930229845994
0.6500	0.0007971037993659222
0.6510	0.0008431957312889552
0.6520	0.000848671976720301
0.6530	0.000825210563193267
0.6540	0.0007990984265824989
0.6550	0.0007529059252199745
0.6560	0.0006465178253009991
0.6570	0.0005459483858097326
0.6580	0.0004573514986388549
0.6590	0.00045016796724662157
0.6600	0.0004022777579650661
0.6610	0.00035678205914758834
0.6620	0.0002897357661534107
0.6630	0.00024184555687185521
0.6640	0.00020760405723554306
0.6650	0.00019371589654389195
0.6660	0.00018413785468758084
0.6670	0.00019802601537923195
0.6680	0.00015085415923689978
0.6690	0.00011062638344039317
0.6700	8.644182775320766e-05
0.6710	6.417288043728435e-05
0.6720	7.494817752563434e-05
0.6730	0.00010200614576971318
0.6740	8.931524031010098e-05
0.6750	8.404731728912988e-05
0.6760	6.735039582311556e-05
0.6770	6.568237983383898e-05
0.6780	5.640772245332654e-05
0.6790	5.51103766838892e-05
0.6800	8.06023350844612e-05
0.6810	8.976421102211557e-05
0.6820	9.481710700341249e-05
0.6830	0.00010045665804840846
0.6840	6.351079829396685e-05
0.6850	4.9096324202311467e-05
0.6860	5.9510289661632114e-05
0.6870	7.724451306068491e-05
0.6880	0.00010423136434398066
0.6890	0.00011848253282198595
0.6900	0.00011690766328976198
0.6910	0.00011641487303625478
0.6920	0.00013851907803224953
0.6930	0.00019613842278039945
0.6940	0.00021812386005737593
0.6950	0.00025553497319498784
0.6960	0.0002796333265054666
0.6970	0.00030296783097790445
0.6980	0.00034373676613929266
0.6990	0.0003733736221531833
0.7000	0.00042378525095341265
0.7010	0.000478906881836483
0.7020	0.0005016116300568684
0.7030	0.0005085700774654784
0.7040	0.0004996217918612198
0.7050	0.0005090370070059737
0.7060	0.0005350533631981787
0.7070	0.0005278961714210502
0.7080	0.0005192759337503702
0.7090	0.0005309731173673901
0.7100	0.0005515754854003153
0.7110	0.0005687273638545044
0.7120	0.000563569588314881
0.7130	0.0005569176382456728
0.7140	0.0005705831094641647
0.7150	0.0005928999469893695
0.7160	0.0006198525567730289
0.7170	0.0006524083210426304
0.7180	0.0006696966865932718
0.7190	0.00069673070973271
0.7200	0.0007271529651788182
0.7210	0.0007407489955938518
0.7220	0.0007464144073518597
0.7230	0.0007768582133921446
0.7240	0.0007870612224795799
0.7250	0.0007697034161254802
0.7260	0.0007614543275767322
0.7270	0.0007087750973670212
0.7280	0.0006513068462291546
0.7290	0.0006177836997320657
0.7300	0.0005674989799864325
0.7310	0.0005339758334893436
0.7320	0.0005052417079204104
0.7330	0.0004717185614233215
0.7340	0.00043580090446215493
0.7350	0.00040793838070214597
0.7360	0.00039399035724889294
0.7370	0.0003979365104936931
0.7380	0.00039815680545638826
0.7390	0.0004084412278996023
0.7400	0.00045350112581261785
0.7410	0.0004974978610795828
0.7420	0.0005671709320528538
0.7430	0.000662771762331159
0.7440	0.0007757591330891328
0.7450	0.0009108861475979698
0.7460	0.0010322159928127907
0.7470	0.0011425933471649198
0.7480	0.0012267244723202925
0.7490	0.0012657933050521852
0.7500	0.0012479589911157342
0.7510	0.0012276487533594265
0.7520	0.001228802907403112
0.7530	0.0011864847239714653
0.7540	0.0010261099911293922
0.7550	0.0007903728304513996
0.7560	0.0005814709485443264
0.7570	0.00043264972869142855
0.7580	0.0003325591912929776
0.7590	0.0002804714051678938
0.7600	0.00021146903657561097
0.7610	0.00016252404543462922
0.7620	0.00015370554229752358
0.7630	0.00014552613400328033
0.7640	0.00014156968436348464
0.7650	0.00014529242978198636
0.7660	0.00014893855086563755
0.7670	0.00015468537597942422
0.7680	0.0001388816069165109
0.7690	0.0001369659985452487
0.7700	0.000146304589355152
0.7710	0.00016402396678932753
0.7720	0.00020664625304991192
0.7730	0.0002777632138330218
0.7740	0.00037114912193205504
0.7750	0.0004214338416776883
0.7760	0.00045016796724662157
0.7770	0.0004717185614233215
0.7780	0.00046692954049516597
0.7790	0.0004870458229038834
0.7800	0.0005008621482816122
0.7810	0.0005345816446367553
0.7820	0.0005835733287317866
0.7830	0.0005932088388392356
0.7840	0.000509695497383595
0.7850	0.0003643032165152567
0.7860	0.0002619522612387163
0.7870	0.0001829537692630944
0.7880	0.00011469202275735083
0.7890	8.536310078914061e-05
0.7900	8.080802353332546e-05
0.7910	8.001352496134446e-05
0.7920	5.863773004852217e-05
0.7930	6.716482126214954e-05
0.7940	5.113477096038087e-05
0.7950	5.6164919092269054e-05
0.7960	5.30230819123526e-05
0.7970	5.6284644615472944e-05
0.7980	4.684308985561428e-05
0.7990	2.8232954528801815e-05
0.8000	2.059681276864851e-05
0.8010	3.4427792550417426e-05
0.8020	3.289315079398998e-05
0.8030	5.2318856384867334e-05
0.8040	4.3919392578975314e-05
0.8050	4.5128859814381e-05
0.8060	3.406717927452731e-05
0.8070	2.272490999849299e-05
0.8080	2.1960654093673288e-06
0.8090	3.997683109987126e-06
0.8100	1.4690800599209962e-05
0.8110	3.106566040780582e-05
0.8120	5.5549290451954656e-05
0.8130	5.459962760190141e-05
0.8140	3.285507807761114e-05
0.8150	4.0510567482314195e-05
0.8160	5.780372205388388e-05
0.8170	6.129946788039102e-05
0.8180	4.429844358543882e-05
0.8190	4.501679672466216e-05
0.8200	4.405899253903105e-05
0.8210	4.860856242077882e-05
0.8220	6.728574404058545e-05
0.8230	6.991970555107101e-05
0.8240	8.189225787145988e-05
0.8250	4.956636660640992e-05
0.8260	6.0341663694759914e-05
0.8270	8.859688717087764e-05
0.8280	7.997664950019766e-05
0.8290	0.00011565485541495651
0.8300	0.00010655571565146096
0.8310	9.817492902718875e-05
0.8320	0.00012044387634311206
0.8330	9.314645705262542e-05
0.8340	6.584903776213879e-05
0.8350	6.728574404058545e-05
0.8360	7.782159008252765e-05
0.8370	0.00010272449890893652
0.8380	0.00010320340100175206
0.8390	0.00012068332738951983
0.8400	0.00013840270482369537
0.8410	0.00012666960354971426
0.8420	0.00014223392156621978
0.8430	0.00014774129563359866
0.8440	0.00013768435168447202
0.8450	0.00011550424070676601
0.8460	0.00011719835686010104
0.8470	0.00012219210843293524
0.8480	0.00012027099268760563
0.8490	0.00015663857816497248
0.8500	0.00011787049594736765
0.8510	0.00010716703417294002
0.8520	0.00011159017390218448
0.8530	0.00011958065532081201
0.8540	0.0001385765462833874
0.8550	0.00011609712149767166
0.8560	2.0750492450233023e-05
0.8570	0.0001214737552937119
0.8580	-0.000778994116726102
0.8590	-0.0006752519508699325
0.8600	-0.0007877939426815877
0.8610	-0.0006920135241184767
0.8620	-0.0006752519508699325
0.8630	-0.000615389189267988
0.8640	-0.000615389189267988
0.8650	-0.0005722880009145881
0.8660	-0.0005938385950912881
0.8670	-0.0005986276160194436
0.8680	-0.0005267923020971103
0.8690	-0.0005770770218427436
0.8700	-0.0005028471974563326
0.8710	-0.0005315813230252659
0.8720	-0.0004789020928155549
0.8730	-0.0004932691556000215
0.8740	-0.0004645350300310882
0.8750	-0.00044058992539031046
0.8760	-0.0004429844358543882
0.8770	-0.00039030520564467726
0.8780	-0.00040467226842914384
0.8790	-0.00035678205914758834
0.8800	-0.0003855161847165217
0.8810	-0.000340020485899044
0.8820	-0.0003472040172912773
0.8830	-0.0003328369545068106
0.8840	-0.0003064973394019551
0.8850	-0.0003136808707941885
0.8860	-0.00028015772429709957
0.8870	-0.0002993138080097218
0.8880	-0.0002705796824407885
0.8890	-0.00028015772429709957
0.8900	-0.0002514235987281663
0.8910	-0.0002610016405844774
0.8920	-0.00023753543803651522
0.8930	-0.00022125276688078635
0.8940	-0.0002143086865349608
0.8950	-0.0002068857040963197
0.8960	-0.00019994162375049416
0.8970	-0.00018796907143010528
0.8980	-0.00018006718689864864
0.8990	-0.0001695313408567064
0.9000	-0.00017144694922796865
0.9010	-0.00016091110318602642
0.9020	-0.000154924827025832
0.9030	-0.00014295227470544314
0.9040	-0.00013720544959165646
0.9050	-0.0001345714880811709
0.9060	-0.00012571179936408315
0.9070	-0.00012259893576078203
0.9080	-0.00012020442529670427
0.9090	-0.00011709156169340317
0.9100	-0.00011541540436854873
0.9110	-0.00010751351983709207
0.9120	-9.673822274874208e-05
0.9130	-9.817492902718875e-05
0.9140	-9.194920182058653e-05
0.9150	-8.931524031010098e-05
0.9160	-8.2850062057091e-05
0.9170	-7.806104112893545e-05
0.9180	-7.494817752563434e-05
0.9190	-7.375092229359546e-05
0.9200	-7.087750973670213e-05
0.9210	-5.962331055553658e-05
0.9220	-5.004526869922548e-05
0.9230	-3.7593814286021055e-05
0.9240	-3.448095068271995e-05
0.9250	-3.0170831847379957e-05
0.9260	-3.5199303821943284e-05
0.9270	-4.286173730699216e-05
0.9280	-4.549569881747772e-05
0.9290	-4.286173730699216e-05
0.9300	-3.4002048589904396e-05
0.9310	-6.7046292994177675e-06
0.9320	1.676157324854442e-05
0.9330	-3.783326533242884e-05
0.9340	-3.3762597543496616e-05
0.9350	-3.3762597543496616e-05
0.9360	-3.088918498660329e-05
0.9370	-3.0170831847379957e-05
0.9380	-2.8973576615341068e-05
0.9390	-2.681851719767107e-05
0.9400	-2.7536870336894404e-05
0.9410	-2.5621261965632185e-05
0.9420	-2.6579066151263298e-05
0.9430	-2.3945104640777744e-05
0.9440	-2.44240067335933e-05
0.9450	-2.301124555978741e-05
0.9460	-2.3059135769068965e-05
0.9470	-2.2197112002000967e-05
0.9480	-2.143086865349608e-05
0.9490	-2.1885825641670858e-05
0.9500	-2.0856186142117414e-05
0.9510	-2.0880131246758192e-05
0.9520	-1.9587095596156192e-05
0.9530	-2.0999856769962082e-05
0.9540	-2.0018107479690194e-05
0.9550	-1.985049174720475e-05
0.9560	-1.9730766224000863e-05
0.9570	-1.8533510991961974e-05
0.9580	-1.8413785468758084e-05
0.9590	-1.824616973627264e-05
0.9600	-1.817433442235031e-05
0.9610	-1.731231065528231e-05
0.9620	-1.803066379450564e-05
0.9630	-1.793488337594253e-05
0.9640	-1.752781659704931e-05
0.9650	-1.7240475341359973e-05
0.9660	-1.6809463457825974e-05
0.9670	-1.6091110318602644e-05
0.9680	-1.6067165213961866e-05
0.9690	-1.654606730677742e-05
0.9700	-1.6881298771748308e-05
0.9710	-1.7001024294952198e-05
0.9720	-1.6833408562466752e-05
0.9730	-1.6210835841806534e-05
0.9740	-1.625872605108809e-05
0.9750	-1.57079886443502e-05
0.9760	-1.5253031656175422e-05
0.9770	-1.546853759794242e-05
0.9780	-1.5085415923689979e-05
0.9790	-1.5157251237612312e-05
0.9800	-1.4989635505126869e-05
0.9810	-1.4558623621592868e-05
0.9820	-1.3840270482369536e-05
0.9830	-1.3505039017398648e-05
0.9840	-1.3050082029223871e-05
0.9850	-1.2930356506019982e-05
0.9860	-1.2786685878175314e-05
0.9870	-1.2619070145689872e-05
0.9880	-1.2235948471437427e-05
0.9890	-1.1349979599728652e-05
0.9900	-1.1589430646136429e-05
0.9910	-1.1397869809010206e-05
0.9920	-1.1014748134757763e-05
0.9930	-1.051190093730143e-05
0.9940	-1.0440065623379096e-05
0.9950	-1.0487955832660652e-05
0.9960	-1.0104834158408209e-05
;; Skysat7 Band: Red
0.3500	0.0
0.3510	0.0
0.3520	0.0
0.3530	0.0
0.3540	0.0
0.3550	0.0
0.3560	0.0
0.3570	0.0
0.3580	0.0
0.3590	0.0
0.3600	0.0
0.3610	0.0
0.3620	0.0
0.3630	0.0
0.3640	0.0
0.3650	0.0
0.3660	0.0
0.3670	0.0
0.3680	0.0
0.3690	0.0
0.3700	0.0
0.3710	0.0
0.3720	0.0
0.3730	0.0
0.3740	0.0
0.3750	0.0
0.3760	0.0
0.3770	0.0
0.3780	0.0
0.3790	0.0
0.3800	0.0
0.3810	0.0
0.3820	0.0
0.3830	0.0
0.3840	0.0
0.3850	0.0
0.3860	0.0
0.3870	0.0
0.3880	0.0
0.3890	0.0
0.3900	0.0
0.3910	0.0
0.3920	0.0
0.3930	0.0
0.3940	0.0
0.3950	0.0
0.3960	0.0
0.3970	-1.6652544544645592e-06
0.3980	-2.6064852330749625e-06
0.3990	2.8719605808881534e-06
0.4000	2.403758603835799e-07
0.4010	-6.033530632117969e-06
0.4020	-3.6201183792707813e-06
0.4030	-1.855914022439487e-06
0.4040	-8.326272272322797e-06
0.4050	-6.612749572801294e-06
0.4060	4.947495118336735e-07
0.4070	-4.1269349523686906e-06
0.4080	-6.299005979931159e-06
0.4090	-8.640015865192932e-06
0.4100	6.347274224988104e-07
0.4110	-7.60224859646864e-06
0.4120	4.6337515254666e-06
0.4130	2.23964657064219e-06
0.4140	-8.591747620135987e-06
0.4150	-2.1696576153096217e-06
0.4160	-7.4815779838262814e-06
0.4170	-4.923360995808262e-06
0.4180	-3.644252501799253e-06
0.4190	-8.760686477835291e-06
0.4200	-1.3394438003301891e-05
0.4210	-4.102800829840219e-06
0.4220	-6.781688430500598e-06
0.4230	-1.2791084940090094e-05
0.4240	-1.4697680619839372e-05
0.4250	8.736552355306819e-06
0.4260	6.202469489817271e-07
0.4270	-1.0667282157584569e-05
0.4280	-9.91912435920194e-06
0.4290	-2.9684970710020407e-05
0.4300	7.45744386129781e-06
0.4310	-9.91912435920194e-06
0.4320	-8.88135709047765e-06
0.4330	-1.2163597754349825e-05
0.4340	-8.181467537151965e-06
0.4350	8.326272272322797e-06
0.4360	-7.095432023370731e-06
0.4370	-1.5976789113848383e-05
0.4380	5.6956529167193625e-06
0.4390	3.813191359498556e-06
0.4400	2.5823511105464903e-05
0.4410	1.1632647058723442e-05
0.4420	2.022439467885943e-07
0.4430	-1.6821483402344897e-05
0.4440	-4.1269349523686904e-05
0.4450	-1.8124726018882378e-05
0.4460	-2.6547534781319063e-05
0.4470	-4.030398462254803e-05
0.4480	-5.79218940683325e-05
0.4490	-5.8887258969471376e-05
0.4500	-5.912860019475609e-05
0.4510	-7.240236758541563e-05
0.4520	-6.781688430500596e-05
0.4530	-4.657885647995072e-05
0.4540	-4.440678545238825e-05
0.4550	-6.419676592573518e-05
0.4560	-3.9079901927903934e-05
0.4570	-6.368777728160972e-05
0.4580	-3.8388217976237936e-05
0.4590	-4.028902146658038e-05
0.4600	-4.204719229277956e-05
0.4610	-3.489045959818651e-05
0.4620	-3.054293876590758e-05
0.4630	-2.966518072954706e-05
0.4640	-1.6586296378304938e-05
0.4650	-3.9925078898851024e-06
0.4660	1.063219114342817e-05
0.4670	1.1693899461700704e-05
0.4680	1.3874272627412968e-05
0.4690	3.233972418815231e-05
0.4700	4.175203197425634e-05
0.4710	4.5372150353527126e-05
0.4720	4.295873810067993e-05
0.4730	5.261238711206869e-05
0.4740	7.143700268427675e-05
0.4750	8.61588174266446e-05
0.4760	0.000100397949718443
0.4770	0.0001351510861594425
0.4780	0.00015904386746262966
0.4790	0.00015421704295693527
0.4800	0.0001238080485710607
0.4810	0.00010401806809771378
0.4820	9.267503050933199e-05
0.4830	8.567613497607515e-05
0.4840	6.226603612345743e-05
0.4850	3.1615700512298154e-05
0.4860	4.6337515254665994e-05
0.4870	4.24760556501105e-05
0.4880	1.9138359165078198e-05
0.4890	3.740788991913141e-05
0.4900	3.0167653160589844e-05
0.4910	2.4134122528471876e-05
0.4920	2.871960580888153e-05
0.4930	2.9202288259450966e-05
0.4940	3.1615700512298154e-05
0.4950	2.032093116897332e-05
0.4960	2.4616804979041313e-05
0.4970	3.98213021719786e-05
0.4980	6.306342753179815e-05
0.4990	6.85397012747337e-05
0.5000	5.5835499175746104e-05
0.5010	8.803283204098044e-05
0.5020	0.00014569045746762617
0.5030	0.00021760290236571382
0.5040	0.0002918249827897762
0.5050	0.00035545701024834514
0.5060	0.00047907681266368384
0.5070	0.0006015212833118858
0.5080	0.0006735495719981102
0.5090	0.0007694344408037289
0.5100	0.0008268495182989636
0.5110	0.000837690566138753
0.5120	0.0008252759735101072
0.5130	0.0007529242875820013
0.5140	0.0006935857205212475
0.5150	0.0006447744577074132
0.5160	0.0006497122991767385
0.5170	0.0006526059804679022
0.5180	0.0005399623769785127
0.5190	0.00041321720569573693
0.5200	0.00034041903850085437
0.5210	0.0003043650728555702
0.5220	0.00028386796259213907
0.5230	0.00027243321533814904
0.5240	0.00027989065919944685
0.5250	0.00027675563668299837
0.5260	0.00029087892518666014
0.5270	0.00032233051366576467
0.5280	0.0003395695173878521
0.5290	0.00039179093171495957
0.5300	0.00047185105637865936
0.5310	0.0005691887993604921
0.5320	0.0007035289790029779
0.5330	0.0008303417258288333
0.5340	0.0009356630365430846
0.5350	0.0010160079438526204
0.5360	0.001059905499319658
0.5370	0.0010986045647940626
0.5380	0.0010578420318434734
0.5390	0.0009737756428400474
0.5400	0.0008472742261948093
0.5410	0.0007382845288562303
0.5420	0.0006711989084638371
0.5430	0.0006099078908905298
0.5440	0.0005792937564631633
0.5450	0.0005649170596729525
0.5460	0.0005136996248430296
0.5470	0.0004876902809940954
0.5480	0.00046837815614681226
0.5490	0.0004561349157881185
0.5500	0.00047785562606374307
0.5510	0.0004850958628222847
0.5520	0.0005333641078792285
0.5530	0.0005840457651890194
0.5540	0.0006130067122231856
0.5550	0.000680582255302907
0.5560	0.0007167834390956147
0.5570	0.0007553980351411697
0.5580	0.0007795321576696415
0.5590	0.0008133199292095022
0.5600	0.0008181467537151965
0.5610	0.0007674650964054055
0.5620	0.0007385041493712394
0.5630	0.0007167834390956147
0.5640	0.0006371408347516576
0.5650	0.0006105932999703385
0.5660	0.0005502579936491588
0.5670	0.0004899226873279791
0.5680	0.0004875092750751319
0.5690	0.0004609617402938128
0.5700	0.0004112840624812063
0.5710	0.00044245086831447484
0.5720	0.0004207518787491258
0.5730	0.000476972317179201
0.5740	0.0005033050582700167
0.5750	0.0004899251007402319
0.5760	0.0005489016559630586
0.5770	0.0005530044567928988
0.5780	0.0006430199069995933
0.5790	0.0006891836565720542
0.5800	0.0007943118943060777
0.5810	0.0009110269242660206
0.5820	0.0011062961096438865
0.5830	0.0013570303354166864
0.5840	0.001710448012311376
0.5850	0.0022428250345791897
0.5860	0.003001601846874346
0.5870	0.004029235197548931
0.5880	0.005548818501843886
0.5890	0.007832591902117134
0.5900	0.011198872407457955
0.5910	0.016529704274387925
0.5920	0.0250401947173828
0.5930	0.03956485298599105
0.5940	0.06453265498943744
0.5950	0.10642154674572825
0.5960	0.17130309909091082
0.5970	0.2583084425859518
0.5980	0.3587851805608013
0.5990	0.4614309438369501
0.6000	0.5632401894653151
0.6010	0.6702738572009697
0.6020	0.7829703482064682
0.6030	0.8826159794038047
0.6040	0.9491429986363906
0.6050	0.9830058659119109
0.6060	0.9955395628486471
0.6070	0.9982659994975132
0.6080	0.9958266671970704
0.6090	0.9941478807401041
0.6100	0.9947895853374258
0.6110	0.9952928010994424
0.6120	0.9954357450937664
0.6130	0.9935281792222914
0.6140	0.989952122510521
0.6150	0.9882430235956589
0.6160	0.9881505754259013
0.6170	0.9887538536733333
0.6180	0.9900683065897853
0.6190	0.9909236947079741
0.6200	0.9933331634452001
0.6210	0.9947423331389273
0.6220	0.9969169189420573
0.6230	0.9989037750596872
0.6240	1.0
0.6250	0.9988221775914184
0.6260	0.9970702285420071
0.6270	0.9955937536073726
0.6280	0.9921312310482127
0.6290	0.989601193061659
0.6300	0.9870332427820251
0.6310	0.9847518514196454
0.6320	0.9809700247657849
0.6330	0.9759349758777394
0.6340	0.9714375073287789
0.6350	0.968028847304278
0.6360	0.9654370959530066
0.6370	0.9621297630419416
0.6380	0.9600580947909221
0.6390	0.9572883011909338
0.6400	0.9539888504842865
0.6410	0.9510311051648709
0.6420	0.9490971486304111
0.6430	0.9470586792783418
0.6440	0.945559390357681
0.6450	0.9438239997297364
0.6460	0.9418977854217838
0.6470	0.9395310244277841
0.6480	0.9360335025641335
0.6490	0.9332829921280453
0.6500	0.9297282579135288
0.6510	0.9251867204568311
0.6520	0.9210213663948094
0.6530	0.9165163462789097
0.6540	0.9120284831107154
0.6550	0.9078342091296677
0.6560	0.9041143299415133
0.6570	0.9013237906497994
0.6580	0.8999047428597213
0.6590	0.8976287213396043
0.6600	0.8950060252164269
0.6610	0.8918990875783648
0.6620	0.8876723700964021
0.6630	0.8843460194967847
0.6640	0.8823267222916519
0.6650	0.8798936817569524
0.6660	0.8769043279772611
0.6670	0.8738499013629966
0.6680	0.8692128217420333
0.6690	0.865237673526483
0.6700	0.862169480808728
0.6710	0.8597306504980338
0.6720	0.857223979168912
0.6730	0.8544223985161414
0.6740	0.8510771364181107
0.6750	0.8475366799504819
0.6760	0.8434434627806978
0.6770	0.8395241150698455
0.6780	0.8347827712127346
0.6790	0.8283031864878087
0.6800	0.8179329109091207
0.6810	0.8001746760213068
0.6820	0.7709230552019953
0.6830	0.7283413307098061
0.6840	0.6743585019304318
0.6850	0.6128941603293618
0.6860	0.5486045818086189
0.6870	0.4809903155293007
0.6880	0.4088329623826186
0.6890	0.33137921917526697
0.6900	0.25349924564335224
0.6910	0.18272337793844495
0.6920	0.12543544865433937
0.6930	0.08359608977112601
0.6940	0.05532248737339514
0.6950	0.036965781755356836
0.6960	0.025254090618528142
0.6970	0.017755346033347358
0.6980	0.012772067251537659
0.6990	0.009447620834187691
0.7000	0.007139517824993491
0.7010	0.005453952093008969
0.7020	0.004248689187112579
0.7030	0.0033276755629442763
0.7040	0.002628782748879018
0.7050	0.0021103335287223847
0.7060	0.0016678247385138417
0.7070	0.001353137501452844
0.7080	0.0011173060963413754
0.7090	0.0009187305361771088
0.7100	0.0007891689127952603
0.7110	0.0006796603318223193
0.7120	0.0005994288548886673
0.7130	0.0005356785702297089
0.7140	0.00046856157547802855
0.7150	0.0004350247988124641
0.7160	0.00037384238479053504
0.7170	0.0003143348788720819
0.7180	0.0002922063019257261
0.7190	0.0002737943798487549
0.7200	0.00024201456730326313
0.7210	0.00020739658194842304
0.7220	0.00019628112913548478
0.7230	0.00019524505125533746
0.7240	0.0001686975164740184
0.7250	0.00015566509030864357
0.7260	0.0001339443800330189
0.7270	0.00012670414327447735
0.7280	0.0001361164510605814
0.7290	0.0001250147546974843
0.7300	0.00013032426165374811
0.7310	0.00011873988284008163
0.7320	9.822587869088053e-05
0.7330	9.726051378974164e-05
0.7340	8.091495528365823e-05
0.7350	9.673438991862096e-05
0.7360	9.69093623069524e-05
0.7370	7.522099175551585e-05
0.7380	7.691279374476174e-05
0.7390	7.512904074868237e-05
0.7400	7.572008540940466e-05
0.7410	7.445376800033573e-05
0.7420	8.550140392896902e-05
0.7430	8.22956684335121e-05
0.7440	6.732116942827115e-05
0.7450	7.556224824806846e-05
0.7460	6.832370087810388e-05
0.7470	5.350583232807271e-05
0.7480	5.384274467857019e-05
0.7490	5.1095074828703656e-05
0.7500	5.732023039369769e-05
0.7510	5.5473970020269596e-05
0.7520	4.22612619596071e-05
0.7530	4.280283166914601e-05
0.7540	3.8006898840288076e-05
0.7550	2.6444482078122487e-05
0.7560	2.296113177122056e-05
0.7570	1.3653324735664807e-05
0.7580	1.2062861926915983e-05
0.7590	1.9443462742083136e-05
0.7600	4.304996508383756e-05
0.7610	5.136151554141799e-05
0.7620	2.7023459677580527e-05
0.7630	3.719526829965557e-05
0.7640	4.15963668839477e-05
0.7650	4.189007915511921e-05
0.7660	3.6323061111476595e-05
0.7670	1.4438311205025886e-05
0.7680	2.5766313235072425e-05
0.7690	3.5542563588905816e-05
0.7700	4.513298119926997e-05
0.7710	4.657065087829104e-05
0.7720	1.4086797710398692e-05
0.7730	2.0090040018743428e-05
0.7740	2.2944044812470398e-05
0.7750	1.9529259547671853e-05
0.7760	3.282240663872175e-05
0.7770	2.9202288259450966e-05
0.7780	1.3949522821456743e-05
0.7790	1.7690311813369885e-05
0.7800	2.5340828654895466e-05
0.7810	4.078666707311747e-05
0.7820	4.1510690748971626e-05
0.7830	3.3063747864006466e-05
0.7840	5.2371045886783967e-05
0.7850	4.1269349523686904e-05
0.7860	4.5854832804096564e-05
0.7870	3.668386624327725e-05
0.7880	3.5477160116853654e-05
0.7890	5.5508481815485314e-05
0.7900	5.3577752013207564e-05
0.7910	7.095432023370731e-05
0.7920	6.56448132774435e-05
0.7930	4.9233609958082626e-05
0.7940	4.175203197425634e-05
0.7950	5.2853728337353404e-05
0.7960	6.926493165671428e-05
0.7970	7.312639126126978e-05
0.7980	5.985262387061025e-05
0.7990	7.867723944281831e-05
0.8000	6.56448132774435e-05
0.8010	7.578114473940168e-05
0.8020	0.00010739684525169984
0.8030	8.857222967949178e-05
0.8040	8.326272272322796e-05
0.8050	8.350406394851268e-05
0.8060	8.181467537151965e-05
0.8070	0.00010498343299885266
0.8080	0.00010257002074600547
0.8090	0.00011439574078495668
0.8100	0.0001298415792031787
0.8110	0.00010884489260340816
0.8120	0.00013466840370887306
0.8130	0.00012791084940090095
0.8140	0.00011029293995511646
0.8150	0.00011608512936194971
0.8160	0.00010715550402641513
0.8170	9.822587869088053e-05
0.8180	0.00011536110568609557
0.8190	0.00012815219062618566
0.8200	0.0001339443800330189
0.8210	0.0001286348730767551
0.8220	0.0001452874176214007
0.8230	0.00014456339394554652
0.8240	0.00011511976446081085
0.8250	0.00012935889675260925
0.8260	0.0001493902184512409
0.8270	0.0001392538869892827
0.8280	0.00013949522821456745
0.8290	0.00014504607639611596
0.8300	0.00016942154014987256
0.8310	0.00014456339394554652
0.8320	0.00016121593849019212
0.8330	0.00017810982426012245
0.8340	0.00015783716133620606
0.8350	0.00018052323651296962
0.8360	0.00021672442030567745
0.8370	0.00023410098852617717
0.8380	0.00023265294117446887
0.8390	0.000223964657064219
0.8400	0.0002751289968245794
0.8410	0.0002847826458359681
0.8420	0.00026064852330749623
0.8430	0.0002968497071002041
0.8440	0.0003016765316058984
0.8450	0.00031133018061728715
0.8460	0.00033787771539860623
0.8470	0.00035235818891568934
0.8480	0.0004175203197425634
0.8490	0.00045130809128242404
0.8500	0.00042958738100679934
0.8510	0.000501989748592215
0.8520	0.00054060434463777
0.8530	0.0005768055284304779
0.8540	0.0005840457651890194
0.8550	0.0006299005979931159
0.8560	0.0005623250549133947
0.8570	0.000682995667555754
0.8580	-5.4060434463776994e-05
0.8590	1.981411459587541e-05
0.8600	2.727155845717322e-05
0.8610	8.036662801981135e-05
0.8620	8.109065169566549e-05
0.8630	0.00012187731876878298
0.8640	0.0001713522699521503
0.8650	0.00015276899560522696
0.8660	0.00013997791066513686
0.8670	0.00015252765437994225
0.8680	0.00021406966682754552
0.8690	0.00020031321698631656
0.8700	0.0001981411459587541
0.8710	0.0001863154259198029
0.8720	0.00020755345374485814
0.8730	0.00020538138271729563
0.8740	0.00020103724066217074
0.8750	0.0002034506529150179
0.8760	0.00017014556382572674
0.8770	0.00022686075176763562
0.8780	0.0002367557420043091
0.8790	0.0002630619355603435
0.8800	0.0002678887600660378
0.8810	0.0003040899438587456
0.8820	0.00029443629484735684
0.8830	0.000320983829628676
0.8840	0.0002968497071002041
0.8850	0.0002534082865489547
0.8860	0.00021672442030567745
0.8870	0.00017666177690841414
0.8880	0.0002087601598712817
0.8890	0.00020972552477242057
0.8900	0.00023144623504804527
0.8910	0.00016145727971547685
0.8920	9.388173663575559e-05
0.8930	4.054532584783275e-06
0.8940	-6.250737734874215e-05
0.8950	-8.61588174266446e-05
0.8960	-0.00011511976446081085
0.8970	-0.00011753317671365803
0.8980	-0.00012260134244463711
0.8990	-0.00011101696363097063
0.9000	-0.00011439574078495668
0.9010	-0.00010377672687242907
0.9020	-9.50884427621792e-05
0.9030	-7.915992189338774e-05
0.9040	-6.371408347516575e-05
0.9050	-4.1993373199541063e-05
0.9060	-1.8438469611752512e-05
0.9070	-9.219234805876256e-06
0.9080	1.1222366975739422e-06
0.9090	-3.3305089089291183e-06
0.9100	-8.060796924509607e-06
0.9110	-1.365991335111508e-05
0.9120	-8.278004027265854e-06
0.9130	2.8960947034166246e-06
0.9140	2.4013451915829514e-05
0.9150	4.4165444227103536e-05
0.9160	4.5130809128242404e-05
0.9170	2.4375463753756594e-05
0.9180	3.692520746856197e-06
0.9190	-1.8510871979337928e-05
0.9200	-2.4013451915829514e-05
0.9210	-2.2420599828950373e-05
0.9220	-1.9090090920021253e-05
0.9230	-9.65364901138875e-06
0.9240	-3.47531364409995e-06
0.9250	6.588615450272822e-06
0.9260	8.060796924509607e-06
0.9270	7.505712106354753e-06
0.9280	1.119823285321095e-07
0.9290	-4.078666707311746e-06
0.9300	-5.01989748592215e-06
0.9310	-3.7407889919131407e-06
0.9320	5.357775201320756e-06
0.9330	1.3587510983529666e-05
0.9340	1.5856118501206022e-05
0.9350	3.137435928701344e-06
0.9360	-5.912860019475609e-06
0.9370	-1.46735464973109e-05
0.9380	-1.788338479359766e-05
0.9390	-1.9283163900249026e-05
0.9400	-2.1817246765738575e-05
0.9410	-2.0176126433802485e-05
0.9420	-2.1817246765738575e-05
0.9430	-2.020026055633096e-05
0.9440	-2.126216194758372e-05
0.9450	-1.9886516963460828e-05
0.9460	-2.0755345374485813e-05
0.9470	-2.0538138271729565e-05
0.9480	-1.918662741013514e-05
0.9490	-1.957277337059069e-05
0.9500	-1.8317798999110155e-05
0.9510	-1.8824615572208063e-05
0.9520	-1.7690311813369885e-05
0.9530	-1.8703944959565705e-05
0.9540	-1.7714445935898356e-05
0.9550	-1.7593775323255995e-05
0.9560	-1.6918019892458784e-05
0.9570	-1.6290532706718514e-05
0.9580	-1.660427629958865e-05
0.9590	-1.5856118501206022e-05
0.9600	-1.5542374908335887e-05
0.9610	-1.5735447888563664e-05
0.9620	-1.62181303391331e-05
0.9630	-1.5735447888563664e-05
0.9640	-1.4818351232481731e-05
0.9650	-1.5252765437994223e-05
0.9660	-1.5156228947880338e-05
0.9670	-1.4987290090181034e-05
0.9680	-1.4770082987424788e-05
0.9690	-1.4408071149497708e-05
0.9700	-1.4432205272026182e-05
0.9710	-1.4504607639611596e-05
0.9720	-1.4987290090181034e-05
0.9730	-1.4383937026969237e-05
0.9740	-1.4118461679156047e-05
0.9750	-1.3708181596172024e-05
0.9760	-1.3563376861001195e-05
0.9770	-1.3877120453871328e-05
0.9780	-1.3490974493415778e-05
0.9790	-1.2694548449976206e-05
0.9800	-1.2694548449976206e-05
0.9810	-1.2863487307675508e-05
0.9820	-1.2018793019178993e-05
0.9830	-1.23566707345776e-05
0.9840	-1.2018793019178993e-05
0.9850	-1.1415439955967196e-05
0.9860	-1.1318903465853309e-05
0.9870	-1.107756224056859e-05
0.9880	-1.0691416280113041e-05
0.9890	-1.0498343299885266e-05
0.9900	-1.1005159872983176e-05
0.9910	-1.0184599707015131e-05
0.9920	-1.0015660849315828e-05
0.9930	-9.846721991616524e-06
0.9940	-9.364039541047088e-06
0.9950	-9.532978398746391e-06
0.9960	-9.605380766331807e-06
;; Skysat7 Band: NIR
0.3500	0.0
0.3510	0.0
0.3520	0.0
0.3530	0.0
0.3540	0.0
0.3550	0.0
0.3560	0.0
0.3570	0.0
0.3580	0.0
0.3590	0.0
0.3600	0.0
0.3610	0.0
0.3620	0.0
0.3630	0.0
0.3640	0.0
0.3650	0.0
0.3660	0.0
0.3670	0.0
0.3680	0.0
0.3690	0.0
0.3700	0.0
0.3710	0.0
0.3720	0.0
0.3730	0.0
0.3740	0.0
0.3750	0.0
0.3760	0.0
0.3770	0.0
0.3780	0.0
0.3790	0.0
0.3800	0.0
0.3810	0.0
0.3820	0.0
0.3830	0.0
0.3840	0.0
0.3850	0.0
0.3860	0.0
0.3870	0.0
0.3880	0.0
0.3890	0.0
0.3900	0.0
0.3910	0.0
0.3920	0.0
0.3930	0.0
0.3940	0.0
0.3950	0.0
0.3960	0.0
0.3970	2.833896186406844e-05
0.3980	2.8303670504337348e-05
0.3990	3.9526322898825226e-05
0.4000	2.8374253223799534e-05
0.4010	1.2916637661580386e-05
0.4020	1.5351741483025867e-05
0.4030	2.6468519798320466e-05
0.4040	4.058506369075804e-05
0.4050	6.917106507294414e-05
0.4060	6.034822514017065e-05
0.4070	7.128854665680978e-05
0.4080	9.175753530084427e-05
0.4090	8.787548573042394e-05
0.4100	7.622933701916293e-05
0.4110	9.387501688470992e-05
0.4120	8.858131292504582e-05
0.4130	3.705592771764865e-05
0.4140	1.8633837938017605e-06
0.4150	-1.7186892189042756e-05
0.4160	1.0869738797176938e-05
0.4170	-2.2374722069513564e-07
0.4180	4.3055458871934625e-05
0.4190	7.481768262991918e-05
0.4200	3.7761754912270526e-05
0.4210	8.92871401196677e-05
0.4220	7.975847299227233e-05
0.4230	6.564192909983475e-05
0.4240	3.9526322898825226e-05
0.4250	1.2881346301849294e-05
0.4260	7.905264579765045e-05
0.4270	2.526861356746327e-05
0.4280	7.799390500571763e-06
0.4290	2.97859076130433e-05
0.4300	2.106894175946309e-05
0.4310	6.07011387374816e-05
0.4320	7.340602824067542e-05
0.4330	4.234963167731274e-05
0.4340	0.000110814869555635
0.4350	0.00021457146716505123
0.4360	0.00014328292050824144
0.4370	7.058271946218791e-05
0.4380	0.00016939852670925097
0.4390	0.0001803388482258901
0.4400	3.0244695289547515e-05
0.4410	3.063290024658955e-05
0.4420	3.3950288061312386e-06
0.4430	-3.416203621969895e-05
0.4440	-1.3234259899160233e-05
0.4450	-4.02321500934471e-05
0.4460	-1.9410247852101675e-05
0.4470	-3.200926327610221e-06
0.4480	-3.395028806131238e-05
0.4490	2.1315981277580746e-05
0.4500	-9.10517081062224e-06
0.4510	4.1290890885379925e-05
0.4520	0.0002018665776618574
0.4530	0.00025692109884236394
0.4540	0.00018104467542051197
0.4550	0.00022374722069513564
0.4560	0.0002872716682111048
0.4570	8.822839932773488e-05
0.4580	-2.678614203590031e-05
0.4590	-8.858131292504582e-06
0.4600	-1.637519091522759e-05
0.4610	-4.37612860665565e-05
0.4620	2.6468519798320464e-06
0.4630	1.4787079727328364e-05
0.4640	1.873971201721089e-05
0.4650	8.893422652235675e-05
0.4660	9.9168720844374e-05
0.4670	0.00010128620242823964
0.4680	8.964005371697865e-05
0.4690	7.517059622723012e-05
0.4700	9.599249846857555e-05
0.4710	4.90549900262206e-05
0.4720	5.187829880470811e-05
0.4730	3.437378437808551e-05
0.4740	4.3055458871934625e-05
0.4750	7.128854665680978e-05
0.4760	6.705358348907852e-05
0.4770	0.00011187361034756782
0.4780	0.00015492906921950246
0.4790	0.0001446945748974852
0.4800	0.00013269551258891327
0.4810	0.00010058037523361777
0.4820	9.846289364975213e-05
0.4830	9.81099800524412e-05
0.4840	9.316918969008803e-05
0.4850	4.693750844235496e-05
0.4860	-1.1152069675025689e-05
0.4870	-1.785742802393354e-05
0.4880	-4.19967180800018e-05
0.4890	-6.88181514756332e-05
0.4900	-5.117247161008623e-05
0.4910	-6.387736111328005e-05
0.4920	-8.258178177075985e-05
0.4930	-6.811232428101133e-05
0.4940	-7.164146025412072e-05
0.4950	-5.399578038857374e-05
0.4960	-3.811466850958147e-05
0.4970	-3.0174112570085326e-05
0.4980	-1.9586704650757145e-06
0.4990	-4.693750844235496e-05
0.5000	-4.375352196741566e-05
0.5010	-3.824242323180803e-05
0.5020	-6.99083015777267e-05
0.5030	-7.771298578225813e-05
0.5040	-6.638481222217428e-05
0.5050	-3.8492638972301485e-05
0.5060	-3.641927158809972e-05
0.5070	-4.0407195237713333e-05
0.5080	-4.2057066305141974e-05
0.5090	-2.9183201771555672e-05
0.5100	-8.011138658958327e-06
0.5110	6.24657067240363e-06
0.5120	3.740884131495959e-05
0.5130	7.481768262991918e-05
0.5140	7.834681860302858e-05
0.5150	6.493610190521287e-05
0.5160	8.258178177075985e-05
0.5170	0.00010728573358252562
0.5180	0.00011716731430723192
0.5190	6.458318830790193e-05
0.5200	3.1797515117715654e-05
0.5210	3.917340930151429e-05
0.5220	2.1457146716505123e-05
0.5230	3.0315278009009707e-05
0.5240	2.9609450814387825e-05
0.5250	3.472669797539645e-05
0.5260	2.9789966119412372e-05
0.5270	4.5235759076121603e-05
0.5280	4.575030710100096e-05
0.5290	2.690355638972566e-05
0.5300	2.7245212043282378e-05
0.5310	3.7347787262624794e-05
0.5320	5.2959626066868824e-05
0.5330	8.384274205395184e-05
0.5340	7.344449582278231e-05
0.5350	6.705358348907852e-05
0.5360	8.716965853580207e-05
0.5370	6.317153391865818e-05
0.5380	0.00010199202962286153
0.5390	0.00011575565991798815
0.5400	4.411419966386744e-05
0.5410	6.387736111328005e-05
0.5420	7.340602824067542e-05
0.5430	6.211279312672537e-05
0.5440	7.305311464336447e-05
0.5450	6.423027471059099e-05
0.5460	7.799390500571763e-05
0.5470	5.681908916706126e-05
0.5480	9.705123926050837e-05
0.5490	0.0001009332888309287
0.5500	0.0001214022774749632
0.5510	0.00015387032842756963
0.5520	0.0001990432688833699
0.5530	0.0001406879468272141
0.5540	0.00015455180458397706
0.5550	0.0001539303237391125
0.5560	0.00019661063545710559
0.5570	0.0001609374232137212
0.5580	0.00017580743763641763
0.5590	0.00027739008748639847
0.5600	0.00034267910298892227
0.5610	0.00035644273328404893
0.5620	0.00035997186925715833
0.5630	0.0003059760888685846
0.5640	0.00040232150093447107
0.5650	0.00039879236496136167
0.5660	0.00026327354359396087
0.5670	0.00017716262585009164
0.5680	8.893422652235675e-05
0.5690	6.423027471059099e-05
0.5700	4.4820026858489324e-05
0.5710	1.5845820519261186e-05
0.5720	5.964239794554878e-05
0.5730	4.1290890885379925e-05
0.5740	4.9760817220842475e-05
0.5750	5.1525385207397175e-05
0.5760	9.352210328739898e-05
0.5770	0.00019974909607799177
0.5780	0.00021668894874891687
0.5790	0.0001937495649237058
0.5800	0.000186691292977487
0.5810	0.0001429300069109305
0.5820	0.0001323425989916023
0.5830	0.0003402087078077457
0.5840	0.000303505693687408
0.5850	0.00010975612876370219
0.5860	2.0751319521883244e-05
0.5870	2.2233556630589188e-05
0.5880	-5.576034837512844e-06
0.5890	-1.1399109193143346e-05
0.5900	5.223121240201905e-05
0.5910	-2.1492438076236216e-05
0.5920	1.813975890178229e-05
0.5930	2.0927776320538715e-05
0.5940	1.4187126611899767e-05
0.5950	6.211279312672537e-05
0.5960	1.873971201721089e-05
0.5970	9.10517081062224e-06
0.5980	2.5339196286925457e-05
0.5990	2.6680267956707026e-05
0.6000	1.5296757544564825e-05
0.6010	6.552335013113828e-05
0.6020	2.4987023808168873e-05
0.6030	5.465467007475327e-05
0.6040	-3.22779011063753e-06
0.6050	7.53862264351871e-05
0.6060	3.49054134210747e-05
0.6070	-1.951629838809361e-05
0.6080	4.870207642890965e-05
0.6090	7.340602824067542e-06
0.6100	6.24657067240363e-06
0.6110	1.764567986554698e-05
0.6120	-1.0022746163630683e-05
0.6130	6.52890155025238e-05
0.6140	-2.0574862723227774e-05
0.6150	8.611091774386924e-06
0.6160	2.2445304788975755e-05
0.6170	-2.262066755547956e-05
0.6180	3.119766787636625e-05
0.6190	2.6950140984570706e-05
0.6200	6.851923365871085e-07
0.6210	7.567526267138476e-05
0.6220	-9.223432157081135e-06
0.6230	2.77986511465854e-05
0.6240	1.0394822969275607e-05
0.6250	2.0625152910844583e-05
0.6260	2.9929402281709925e-05
0.6270	-5.33972389275344e-06
0.6280	-4.587806182322752e-05
0.6290	5.649193826235402e-05
0.6300	6.984760043898922e-06
0.6310	4.689304132909377e-05
0.6320	-2.3406676719410485e-05
0.6330	-3.3523156734486954e-06
0.6340	2.073734414342973e-05
0.6350	7.728207827994148e-06
0.6360	5.866659184898404e-05
0.6370	1.6673932275351303e-05
0.6380	3.269123351154588e-05
0.6390	1.7450483354874294e-05
0.6400	1.1080957585167535e-05
0.6410	3.0210815584205668e-05
0.6420	3.119745612820786e-05
0.6430	2.80759353599926e-05
0.6440	6.769059253222475e-05
0.6450	4.6660471268465865e-06
0.6460	-1.5529362896552465e-05
0.6470	3.222101143448878e-05
0.6480	3.455024117674098e-06
0.6490	4.093797728806898e-06
0.6500	1.0905030156908032e-05
0.6510	-7.728807781109575e-07
0.6520	3.987923649613616e-06
0.6530	-2.0221949125916836e-05
0.6540	5.293703959664093e-05
0.6550	4.234963167731274e-05
0.6560	6.9171065072944145e-06
0.6570	-4.623168124773307e-06
0.6580	1.7575097146084786e-05
0.6590	3.4197327579430044e-05
0.6600	4.02321500934471e-05
0.6610	2.9750616253312203e-05
0.6620	6.458318830790193e-06
0.6630	1.3093094460235857e-05
0.6640	2.6750850676169215e-05
0.6650	4.8349162831598715e-06
0.6660	6.670066989176757e-06
0.6670	-5.823074355630502e-06
0.6680	1.0763864717983656e-05
0.6690	8.611091774386924e-06
0.6700	4.411419966386744e-05
0.6710	2.6644976596975934e-05
0.6720	4.4820026858489324e-05
0.6730	6.034822514017065e-05
0.6740	4.1643804482690866e-05
0.6750	9.952163444168495e-06
0.6760	-2.4351038214454826e-06
0.6770	3.811466850958147e-05
0.6780	3.313858678749722e-05
0.6790	3.882049570420335e-05
0.6800	5.964239794554878e-05
0.6810	8.04643001868942e-05
0.6820	0.00011575565991798815
0.6830	0.00010693281998521468
0.6840	8.646383134118018e-05
0.6850	9.352210328739898e-05
0.6860	7.375894183798637e-05
0.6870	8.469926335462548e-05
0.6880	0.0001295192902131148
0.6890	0.00012704889503193823
0.6900	0.0001277547222265601
0.6910	0.00011575565991798815
0.6920	6.387736111328005e-05
0.6930	0.00011399109193143347
0.6940	7.76409914084067e-05
0.6950	6.952397867025508e-05
0.6960	7.517059622723012e-05
0.6970	6.52890155025238e-05
0.6980	7.728807781109575e-05
0.6990	5.081955801277529e-05
0.7000	4.058506369075804e-05
0.7010	6.105405233479253e-05
0.7020	5.858365715361596e-05
0.7030	9.140462170353333e-05
0.7040	9.281627609277709e-05
0.7050	6.634775629445663e-05
0.7060	8.893422652235675e-05
0.7070	9.528667127395367e-05
0.7080	0.00012387267265613977
0.7090	0.00011681440070992097
0.7100	0.00014434166130017427
0.7110	0.00018563255218555417
0.7120	0.0001732805762796713
0.7130	0.00020257240485647927
0.7140	0.0002106894175946309
0.7150	0.00026821433395631406
0.7160	0.00035644273328404893
0.7170	0.00039173409301514287
0.7180	0.00045172940455800255
0.7190	0.0005787782995899408
0.7200	0.0006952397867025508
0.7210	0.0008787548573042394
0.7220	0.0011257943754218972
0.7230	0.0014679970450544497
0.7240	0.001900235031632969
0.7250	0.002474248997659212
0.7260	0.0033297927276683113
0.7270	0.004507754791044711
0.7280	0.0061801629207976294
0.7290	0.00862428721379038
0.7300	0.012218602799187133
0.7310	0.017724898380735363
0.7320	0.02613550699876189
0.7330	0.038869335416935206
0.7340	0.05783495448605677
0.7350	0.08506254908256139
0.7360	0.12232925091706805
0.7370	0.17065329335881016
0.7380	0.22945092908474765
0.7390	0.29660109090886627
0.7400	0.3695092568795433
0.7410	0.4464599034128421
0.7420	0.5266793662624659
0.7430	0.6111705447018448
0.7440	0.6985994853284553
0.7450	0.7859849717038289
0.7460	0.8643790560249452
0.7470	0.927567981525679
0.7480	0.9689699519658125
0.7490	0.9908874074164263
0.7500	0.9992331505152671
0.7510	1.0
0.7520	0.9953844795128803
0.7530	0.9898478580659152
0.7540	0.9842360660227228
0.7550	0.9809539448637792
0.7560	0.9790152457791754
0.7570	0.9761821083570027
0.7580	0.9751744553374166
0.7590	0.9734541533033726
0.7600	0.9712356360857328
0.7610	0.9697864846267747
0.7620	0.9686206239706502
0.7630	0.9665477965442524
0.7640	0.9648239759616432
0.7650	0.9641225284247639
0.7660	0.9633390249473739
0.7670	0.9633767514109264
0.7680	0.9618381151802342
0.7690	0.960652244323142
0.7700	0.9582755900516833
0.7710	0.956329575068207
0.7720	0.9541686604079205
0.7730	0.9519643197294846
0.7740	0.9507720611362811
0.7750	0.9479851448079484
0.7760	0.9456603194273905
0.7770	0.9426843366975703
0.7780	0.941005043223534
0.7790	0.9404591600003492
0.7800	0.93901961484951
0.7810	0.936986052589949
0.7820	0.9357019305873654
0.7830	0.9343850299698638
0.7840	0.9336894407986999
0.7850	0.9315547264438775
0.7860	0.9298544981352487
0.7870	0.927507223920766
0.7880	0.9234908201438492
0.7890	0.9199685271653917
0.7900	0.9179768204584716
0.7910	0.9169617950738379
0.7920	0.9141689003891665
0.7930	0.9106427147737307
0.7940	0.9083055797668989
0.7950	0.9054482430593586
0.7960	0.9030487446907457
0.7970	0.9006572574607918
0.7980	0.8973243273312433
0.7990	0.8959655429280128
0.8000	0.8940835923498566
0.8010	0.8906254590633903
0.8020	0.8875867847621437
0.8030	0.8863652555151792
0.8040	0.8830674649925152
0.8050	0.8800641067549514
0.8060	0.8740438772181832
0.8070	0.8681286818262467
0.8080	0.8605464249455563
0.8090	0.8544115796597894
0.8100	0.8470539734586034
0.8110	0.8390548479784976
0.8120	0.8319241299290229
0.8130	0.824559818369488
0.8140	0.8188803586731471
0.8150	0.810653046319292
0.8160	0.80334845832783
0.8170	0.7979496566988867
0.8180	0.7995239372029074
0.8190	0.7992091629780578
0.8200	0.7998183059635604
0.8210	0.8032561149559576
0.8220	0.8008568742142709
0.8230	0.8046934826299015
0.8240	0.8043039754216854
0.8250	0.8088935214680428
0.8260	0.8138358258297285
0.8270	0.8142398236702502
0.8280	0.8069368061442963
0.8290	0.8023429192606918
0.8300	0.8012321942958751
0.8310	0.79734419813134
0.8320	0.7945118159442657
0.8330	0.7923671564842711
0.8340	0.7867662165341961
0.8350	0.7787625561143647
0.8360	0.7728941182449359
0.8370	0.7633687508596755
0.8380	0.7613134667681999
0.8390	0.7565367141750128
0.8400	0.7529321146873904
0.8410	0.7438672501387171
0.8420	0.740038716386193
0.8430	0.7389967813397641
0.8440	0.7341917356634806
0.8450	0.7268920708167012
0.8460	0.7168402728057398
0.8470	0.7119770316772598
0.8480	0.7030788623371402
0.8490	0.6898574908425539
0.8500	0.6788250729935604
0.8510	0.6749536390641472
0.8520	0.6674968253216211
0.8530	0.6594388832613874
0.8540	0.6524249266755829
0.8550	0.6446981481476579
0.8560	0.6062397523817036
0.8570	0.6341096426670421
0.8580	0.6233562347789467
0.8590	0.6055363108829994
0.8600	0.6371464535844948
0.8610	0.6210975806978848
0.8620	0.616468321284422
0.8630	0.5992966573171031
0.8640	0.6039917880535042
0.8650	0.5760576498477751
0.8660	0.5696941553714464
0.8670	0.5640986467616339
0.8680	0.5570044270363931
0.8690	0.5604564760924419
0.8700	0.5590156745691961
0.8710	0.5397256361466105
0.8720	0.539465044746356
0.8730	0.5417140819318914
0.8740	0.5329343503950293
0.8750	0.517178720474697
0.8760	0.503555698015011
0.8770	0.4989684423779
0.8780	0.4804998738775031
0.8790	0.47924482842620203
0.8800	0.4776529834124432
0.8810	0.4617105422085103
0.8820	0.4489528180106631
0.8830	0.4281299276112452
0.8840	0.3983394709419325
0.8850	0.36348076563546194
0.8860	0.3336003583484667
0.8870	0.30617292289834874
0.8880	0.2775353926018193
0.8890	0.2484811172256333
0.8900	0.2211846409532055
0.8910	0.18952201999979001
0.8920	0.15512661613473322
0.8930	0.11910990602881415
0.8940	0.08410699669734632
0.8950	0.05613756360275021
0.8960	0.036538422276823836
0.8970	0.023328012278569874
0.8980	0.015338380174231678
0.8990	0.010169148840339154
0.9000	0.00669906942860377
0.9010	0.004482722629587446
0.9020	0.003089949117799823
0.9030	0.0021161863909635063
0.9040	0.001485783890358921
0.9050	0.001029650124106478
0.9060	0.0007250998061710294
0.9070	0.0005094307777183413
0.9080	0.0003646303287416627
0.9090	0.00025170291839252443
0.9100	0.00016025594705731377
0.9110	9.861782271897162e-05
0.9120	6.252323164039797e-05
0.9130	2.37888468539385e-05
0.9140	9.352210328739898e-06
0.9150	-9.952163444168495e-06
0.9160	-1.937495649237058e-05
0.9170	-2.8480127302992822e-05
0.9180	-3.211513735529549e-05
0.9190	-4.3055458871934625e-05
0.9200	-4.9407903623531534e-05
0.9210	-4.4820026858489324e-05
0.9220	-4.90549900262206e-05
0.9230	-4.37612860665565e-05
0.9240	-4.6231681247733076e-05
0.9250	-4.3408372469245566e-05
0.9260	-4.5878767650422135e-05
0.9270	-4.1290890885379925e-05
0.9280	-4.6231681247733076e-05
0.9290	-4.19967180800018e-05
0.9300	-4.058506369075804e-05
0.9310	-4.058506369075804e-05
0.9320	-3.3703248543194725e-05
0.9330	-3.740884131495959e-05
0.9340	-3.377383126265691e-05
0.9350	-3.4938446133783016e-05
0.9360	-3.2432759592875345e-05
0.9370	-3.479728069485864e-05
0.9380	-3.3068004068035035e-05
0.9390	-2.9538868094925636e-05
0.9400	-3.2079845995564403e-05
0.9410	-2.872716682111048e-05
0.9420	-3.0562317527127363e-05
0.9430	-2.759784330971547e-05
0.9440	-2.9221245857345794e-05
0.9450	-2.7668426029177658e-05
0.9460	-2.8091922345950785e-05
0.9470	-2.7421386511060002e-05
0.9480	-2.5303904927194364e-05
0.9490	-2.562152716477421e-05
0.9500	-2.3115840623866538e-05
0.9510	-2.4139290056068262e-05
0.9520	-2.2974675184942163e-05
0.9530	-2.4315746854723733e-05
0.9540	-2.2904092465479974e-05
0.9550	-2.2621761587631222e-05
0.9560	-2.163360351516059e-05
0.9570	-2.0751319521883244e-05
0.9580	-2.1704186234622783e-05
0.9590	-2.1315981277580746e-05
0.9600	-2.1845351673547157e-05
0.9610	-2.0927776320538715e-05
0.9620	-2.0680736802421055e-05
0.9630	-2.0433697284303396e-05
0.9640	-1.9833744168874802e-05
0.9650	-1.990432688833699e-05
0.9660	-2.0504280003765588e-05
0.9670	-2.0574862723227774e-05
0.9680	-2.0716028162152148e-05
0.9690	-1.9516121931294957e-05
0.9700	-1.972787008968152e-05
0.9710	-1.9833744168874802e-05
0.9720	-2.0963067680269808e-05
0.9730	-1.9974909607799176e-05
0.9740	-2.0010200967530272e-05
0.9750	-1.962199601048824e-05
0.9760	-1.8633837938017607e-05
0.9770	-1.8245632980975573e-05
0.9780	-1.7751553944740257e-05
0.9790	-1.7610388505815883e-05
0.9800	-1.7539805786353694e-05
0.9810	-1.8245632980975573e-05
0.9820	-1.725747490850494e-05
0.9830	-1.658693907361416e-05
0.9840	-1.6481064994420877e-05
0.9850	-1.5563489641412434e-05
0.9860	-1.4857662446790555e-05
0.9870	-1.4398874770286332e-05
0.9880	-1.4257709331361957e-05
0.9890	-1.40106698132443e-05
0.9900	-1.4610622928672897e-05
0.9910	-1.3551882136740077e-05
0.9920	-1.2634306783731636e-05
0.9930	-1.2457849985076165e-05
0.9940	-1.1822605509916475e-05
0.9950	-1.1116778315294594e-05
0.9960	-1.0657990638790373e-05
;; Skysat7 Band: PAN
0.3500	0.0
0.3510	0.0
0.3520	0.0
0.3530	0.0
0.3540	0.0
0.3550	0.0
0.3560	0.0
0.3570	0.0
0.3580	0.0
0.3590	0.0
0.3600	0.0
0.3610	0.0
0.3620	0.0
0.3630	0.0
0.3640	0.0
0.3650	0.0
0.3660	0.0
0.3670	0.0
0.3680	0.0
0.3690	0.0
0.3700	0.0
0.3710	0.0
0.3720	0.0
0.3730	0.0
0.3740	0.0
0.3750	0.0
0.3760	0.0
0.3770	0.0
0.3780	0.0
0.3790	0.0
0.3800	0.0
0.3810	0.0
0.3820	0.0
0.3830	0.0
0.3840	0.0
0.3850	0.0
0.3860	0.0
0.3870	0.0
0.3880	0.0
0.3890	0.0
0.3900	0.0
0.3910	0.0
0.3920	0.0
0.3930	0.0
0.3940	0.0
0.3950	0.0
0.3960	0.0
0.3970	3.2105901402029254e-06
0.3980	8.505667908746555e-06
0.3990	8.912981583249912e-06
0.4000	2.0605280004287433e-05
0.4010	4.672127442832615e-05
0.4020	9.080698978633647e-05
0.4030	9.056739350721684e-05
0.4040	0.00011356863630270049
0.4050	0.00016460264375517983
0.4060	0.00010662034420823146
0.4070	0.00011404782886093974
0.4080	0.00016699860654637605
0.4090	0.00021683463260325727
0.4100	0.0002240225209768459
0.4110	0.00024918013028440614
0.4120	0.0002443882047020137
0.4130	0.00019407298608689326
0.4140	0.0001329759349113898
0.4150	8.601506420394404e-05
0.4160	7.715000187651804e-05
0.4170	9.392174141489154e-05
0.4180	0.00013225714607403095
0.4190	0.00018592671259682613
0.4200	0.00023432516097898965
0.4210	0.00026834783261397586
0.4220	0.00032585093960268497
0.4230	0.00031866305122909633
0.4240	0.0002970993861083304
0.4250	0.0002611599442403872
0.4260	0.0002731397581963683
0.4270	0.00042168945125053346
0.4280	0.0006253462885022115
0.4290	0.0008505667908746556
0.4300	0.000900882009489776
0.4310	0.000934425488566523
0.4320	0.0010906326787013514
0.4330	0.000952435940867945
0.4340	0.0006935689330187326
0.4350	0.000633411099257378
0.4360	0.0007486928489557837
0.4370	0.001308789882765349
0.4380	0.0029070288424467385
0.4390	0.008858102055517562
0.4400	0.03256748602971599
0.4410	0.10272433380446268
0.4420	0.2261903186273993
0.4430	0.3473297732648658
0.4440	0.44752636632461645
0.4450	0.6118902643674675
0.4460	0.7858462053718867
0.4470	0.8369452152948911
0.4480	0.8539266207451965
0.4490	0.8728454831711983
0.4500	0.8800560181850892
0.4510	0.8817486484948927
0.4520	0.885203861644151
0.4530	0.8883614195439336
0.4540	0.8884909716480165
0.4550	0.8879869353515952
0.4560	0.8892675894433035
0.4570	0.8912351468995455
0.4580	0.8914611940090809
0.4590	0.8888458760324252
0.4600	0.8830725065876517
0.4610	0.8756735937912286
0.4620	0.867129163996446
0.4630	0.8562896558197534
0.4640	0.8437555430599174
0.4650	0.8302672764538923
0.4660	0.8168436792795642
0.4670	0.8052140568491817
0.4680	0.7960473308265301
0.4690	0.7885218393158479
0.4700	0.7828980570160173
0.4710	0.7775014048009038
0.4720	0.773915051024232
0.4730	0.7716709084152998
0.4740	0.7721865172120025
0.4750	0.7756439034995125
0.4760	0.7823719491103637
0.4770	0.79259757568051
0.4780	0.804809671041209
0.4790	0.8195761933801886
0.4800	0.8358555649609342
0.4810	0.852390679214049
0.4820	0.8682557600766433
0.4830	0.8822914370934986
0.4840	0.8939001643323791
0.4850	0.9029619088493717
0.4860	0.909364827101383
0.4870	0.9140145834396342
0.4880	0.9168904072626883
0.4890	0.9189967987828661
0.4900	0.9194906067141317
0.4910	0.9197457312281011
0.4920	0.9198988596060492
0.4930	0.919293617841328
0.4940	0.9174978269575869
0.4950	0.9144460939423659
0.4960	0.9096877861138968
0.4970	0.90318291964512
0.4980	0.8968385155963952
0.4990	0.8906229113194367
0.5000	0.8844467254223192
0.5010	0.8787528660027716
0.5020	0.8745671645298447
0.5030	0.8718657620060641
0.5040	0.8686111652172753
0.5050	0.8644451753302317
0.5060	0.8599304650387434
0.5070	0.8540256722429473
0.5080	0.8468709056589842
0.5090	0.8398443949632338
0.5100	0.8350645378454206
0.5110	0.8320716065490211
0.5120	0.8313725628410246
0.5130	0.8328019559068476
0.5140	0.8349750869705741
0.5150	0.8375365484956094
0.5160	0.8406064333249366
0.5170	0.8440536319786585
0.5180	0.8466987389606974
0.5190	0.8488633571686267
0.5200	0.8538665132266537
0.5210	0.8580168742484104
0.5220	0.8628886357069683
0.5230	0.8683597736133346
0.5240	0.8739804411615366
0.5250	0.8808338459415859
0.5260	0.8870895634275946
0.5270	0.8929428358354915
0.5280	0.898397954334636
0.5290	0.9043273009571162
0.5300	0.9092360488932817
0.5310	0.9144074638342834
0.5320	0.9194919412654063
0.5330	0.924049690236513
0.5340	0.927171119413367
0.5350	0.928992674085002
0.5360	0.9274558532355102
0.5370	0.9269694775808228
0.5380	0.9264131997117024
0.5390	0.9280640324506133
0.5400	0.928283121684203
0.5410	0.9292552668149914
0.5420	0.9308229428733084
0.5430	0.932981683784511
0.5440	0.9353763192123209
0.5450	0.9376013252664397
0.5460	0.9387608346874996
0.5470	0.9394837278091197
0.5480	0.9391802479740985
0.5490	0.9386730034834998
0.5500	0.9380779445606412
0.5510	0.9384839380596466
0.5520	0.938602339352899
0.5530	0.9394243798107818
0.5540	0.9411517707487598
0.5550	0.9426449754916008
0.5560	0.9452198951396341
0.5570	0.9477328623777757
0.5580	0.9518723145809439
0.5590	0.9586239795929907
0.5600	0.9621387036660568
0.5610	0.9668456492401711
0.5620	0.9733846821383504
0.5630	0.9795553022139041
0.5640	0.9848395047073385
0.5650	0.9888516522195221
0.5660	0.9919347867230847
0.5670	0.9938285437334321
0.5680	0.9953622019120396
0.5690	0.9957891337298772
0.5700	0.9960585765174869
0.5710	0.9957462364120637
0.5720	0.9957588128207547
0.5730	0.9966395375952821
0.5740	0.9978069393177762
0.5750	0.9987817247995605
0.5760	0.9993106120220518
0.5770	1.0
0.5780	0.9993098956291774
0.5790	0.999410348765161
0.5800	0.9991011066396268
0.5810	0.9980227532702304
0.5820	0.9972527627080237
0.5830	0.9957617358953599
0.5840	0.9948491328358957
0.5850	0.9941429371789673
0.5860	0.9933481603816856
0.5870	0.9916800455631618
0.5880	0.9891547798480131
0.5890	0.9873272544371027
0.5900	0.9855471834652346
0.5910	0.9837105198522385
0.5920	0.9821826047964415
0.5930	0.981411246139481
0.5940	0.9804755723543002
0.5950	0.9804441085709262
0.5960	0.9815110212179947
0.5970	0.9821771108537614
0.5980	0.9835810012916347
0.5990	0.9848484057091078
0.6000	0.9859403154359768
0.6010	0.9870031022351189
0.6020	0.9883140245247684
0.6030	0.989778753249836
0.6040	0.9901093697594304
0.6050	0.9903804969088822
0.6060	0.9908853358528383
0.6070	0.992258035647096
0.6080	0.9918480552660061
0.6090	0.9915084730636471
0.6100	0.9918281328353973
0.6110	0.9915614214453697
0.6120	0.991550447935786
0.6130	0.991246287647332
0.6140	0.9899076129206721
0.6150	0.9898485524378691
0.6160	0.9898132383422897
0.6170	0.9895050767959744
0.6180	0.989312903808381
0.6190	0.9892666209951434
0.6200	0.9910776597860876
0.6210	0.9915634987451097
0.6220	0.9924207191246555
0.6230	0.9931387747974002
0.6240	0.9935086491573284
0.6250	0.9924728241274756
0.6260	0.9912715195314862
0.6270	0.9903205163763673
0.6280	0.986241868916914
0.6290	0.9822981596858982
0.6300	0.9780014915922598
0.6310	0.9744784798838989
0.6320	0.9704817024730208
0.6330	0.9660753304310621
0.6340	0.9625821963787072
0.6350	0.9596609427051693
0.6360	0.9569938024493027
0.6370	0.953636608137832
0.6380	0.9518191337908306
0.6390	0.94968019790806
0.6400	0.9472975662538339
0.6410	0.944970976169294
0.6420	0.9429909621025007
0.6430	0.9404101603658149
0.6440	0.9383425067720451
0.6450	0.9362410916665845
0.6460	0.9345675164488596
0.6470	0.9327957331122864
0.6480	0.9298681948283468
0.6490	0.9274095320868679
0.6500	0.9237608113987412
0.6510	0.9191165633789469
0.6520	0.9151082637830059
0.6530	0.9110719194425939
0.6540	0.9070746915907111
0.6550	0.9029192966511302
0.6560	0.8985178746682981
0.6570	0.8946331061219457
0.6580	0.8920366443724564
0.6590	0.8892036603641089
0.6600	0.8868262471168422
0.6610	0.8848981727314362
0.6620	0.8819669350809473
0.6630	0.8798047320035113
0.6640	0.8783181976210811
0.6650	0.8759769777877382
0.6660	0.8730524847725064
0.6670	0.8701860698953332
0.6680	0.8658804193371908
0.6690	0.8619499933238893
0.6700	0.858238697275545
0.6710	0.8545274755020472
0.6720	0.8504259346181239
0.6730	0.8465115735353373
0.6740	0.8432368626389165
0.6750	0.8409630196752248
0.6760	0.8385542025436538
0.6770	0.8363016548972502
0.6780	0.8330643018526697
0.6790	0.8293763856092418
0.6800	0.8258865531936134
0.6810	0.8232481501154644
0.6820	0.820873724633798
0.6830	0.8179263573617989
0.6840	0.8144790125543466
0.6850	0.8103434921261187
0.6860	0.8070854307751338
0.6870	0.8054197502548058
0.6880	0.8043791836145894
0.6890	0.8027163327263177
0.6900	0.8008431714121232
0.6910	0.7987659267793004
0.6920	0.7975979260661085
0.6930	0.7969930868231362
0.6940	0.7965054916233882
0.6950	0.795260602068264
0.6960	0.7940575005001812
0.6970	0.7933993462931792
0.6980	0.7911848728914904
0.6990	0.788858690120625
0.7000	0.787375641864056
0.7010	0.7853885141837355
0.7020	0.7833684420150361
0.7030	0.781041154705324
0.7040	0.77853201381976
0.7050	0.7770309311512615
0.7060	0.7764198120898136
0.7070	0.7755367919829321
0.7080	0.7747946185487312
0.7090	0.7740362771576154
0.7100	0.773482028668979
0.7110	0.7731123411941486
0.7120	0.7723171427074158
0.7130	0.7713130761643603
0.7140	0.7699520279371561
0.7150	0.769184737625015
0.7160	0.7687554960990467
0.7170	0.7683290027423998
0.7180	0.7661828023004462
0.7190	0.7631485166862707
0.7200	0.7606621877624418
0.7210	0.7585245337197645
0.7220	0.7564186525396611
0.7230	0.7539347291624745
0.7240	0.7510401305749885
0.7250	0.7479360577525938
0.7260	0.7453704631917437
0.7270	0.7435916501003409
0.7280	0.741862812000837
0.7290	0.7392653008196454
0.7300	0.7360825445791878
0.7310	0.7322019378202037
0.7320	0.7285116879090171
0.7330	0.7253440765493627
0.7340	0.7219589165601933
0.7350	0.7183952813027076
0.7360	0.7143602427620168
0.7370	0.7109883492188223
0.7380	0.7086796090570767
0.7390	0.7068401876909078
0.7400	0.7049910890310255
0.7410	0.7030955302566589
0.7420	0.7004117811867239
0.7430	0.6981695673278386
0.7440	0.6957062588145075
0.7450	0.6937530603632732
0.7460	0.6912191907457412
0.7470	0.6895721556078545
0.7480	0.6867711768704715
0.7490	0.6835068500767878
0.7500	0.680369569210107
0.7510	0.6777739700072228
0.7520	0.6742905180405072
0.7530	0.6709446182976342
0.7540	0.6672953273703632
0.7550	0.6648155202572521
0.7560	0.662806907978583
0.7570	0.6601411238376561
0.7580	0.6590891691862931
0.7590	0.6581606737056348
0.7600	0.6573223143451812
0.7610	0.6572806964714982
0.7620	0.6574644188983271
0.7630	0.656680524564043
0.7640	0.6557952810036913
0.7650	0.6552643260653112
0.7660	0.6545581088447178
0.7670	0.6543385739620488
0.7680	0.6530073051563764
0.7690	0.651930489995092
0.7700	0.6499598082033702
0.7710	0.6482891440804365
0.7720	0.6463528539386197
0.7730	0.644355883643153
0.7740	0.6430333049945244
0.7750	0.6408513759554284
0.7760	0.6390615150795956
0.7770	0.6370203033311894
0.7780	0.6360471878354708
0.7790	0.6359605114855365
0.7800	0.6353260006393578
0.7810	0.6343407759476923
0.7820	0.633731118423547
0.7830	0.6329463519588069
0.7840	0.6323760744790976
0.7850	0.630756458739393
0.7860	0.6293709046047606
0.7870	0.6274205190138432
0.7880	0.6245622384303461
0.7890	0.6220736093822375
0.7900	0.6205128241129082
0.7910	0.6197102149132622
0.7920	0.6176794447707
0.7930	0.6153776361293094
0.7940	0.6137276994804823
0.7950	0.6117846311599293
0.7960	0.6100914785302375
0.7970	0.6085715156749444
0.7980	0.6063313096328783
0.7990	0.6055744513427301
0.8000	0.6044718148904449
0.8010	0.6022489652028382
0.8020	0.600309418947588
0.8030	0.5994489520384602
0.8040	0.5970524214040825
0.8050	0.5947705327973379
0.8060	0.5904239783624242
0.8070	0.5861328042114662
0.8080	0.5806790226595594
0.8090	0.576260620488426
0.8100	0.5712816253191854
0.8110	0.5658794144703961
0.8120	0.5612291549799588
0.8130	0.556329600353023
0.8140	0.5527380257734292
0.8150	0.5473156337300499
0.8160	0.5426351467730387
0.8170	0.5391205520819633
0.8180	0.5404497100444166
0.8190	0.5403682592893299
0.8200	0.5409107531845124
0.8210	0.5432897381833702
0.8220	0.5417385703086847
0.8230	0.5442532650359987
0.8240	0.543928422796731
0.8250	0.5468851510953555
0.8260	0.550137617873223
0.8270	0.550131857978673
0.8280	0.5448860699566699
0.8290	0.5418537801794994
0.8300	0.5409632631050444
0.8310	0.5382222840678786
0.8320	0.5364219887740901
0.8330	0.5351584131051574
0.8340	0.5317351549116451
0.8350	0.526446876885503
0.8360	0.5225936943166267
0.8370	0.5164186608776117
0.8380	0.515076574299937
0.8390	0.5119766680568363
0.8400	0.5093452300425212
0.8410	0.5030465505477036
0.8420	0.5001277359642871
0.8430	0.49898933257945477
0.8440	0.49550154152412446
0.8450	0.4901603989749573
0.8460	0.4831311856331784
0.8470	0.4794489502175285
0.8480	0.47310945070463734
0.8490	0.46408592658609
0.8500	0.45685244304058487
0.8510	0.4541166464709366
0.8520	0.44935460573243874
0.8530	0.4437396166160518
0.8540	0.43935804518494476
0.8550	0.43404209858048975
0.8560	0.40830984155708905
0.8570	0.4276738115746624
0.8580	0.42019320603091054
0.8590	0.4082437034002009
0.8600	0.429547727617136
0.8610	0.4188253484774538
0.8620	0.4157375729939648
0.8630	0.40423538224059474
0.8640	0.40754540244066956
0.8650	0.388911891995211
0.8660	0.3848443953465879
0.8670	0.38117459258186154
0.8680	0.37657223078358293
0.8690	0.3788213617870463
0.8700	0.377756351534434
0.8710	0.3643666955690061
0.8720	0.3637576921427026
0.8730	0.364691017884348
0.8740	0.35840059966923443
0.8750	0.34752326642795717
0.8760	0.3383783772101846
0.8770	0.33568115324551173
0.8780	0.3237640416357763
0.8790	0.32335601396436114
0.8800	0.3221984668368273
0.8810	0.3103837682606387
0.8820	0.29966079252622146
0.8830	0.28289984919618516
0.8840	0.26016135007634683
0.8850	0.23487180228576382
0.8860	0.2146347194674507
0.8870	0.1976419691333289
0.8880	0.18044413157216907
0.8890	0.1617088621910056
0.8900	0.14195278327880187
0.8910	0.1174512005632851
0.8920	0.09193400995194773
0.8930	0.06759343593599935
0.8940	0.04659412307896016
0.8950	0.03101438461305795
0.8960	0.020453970162097806
0.8970	0.013445208758704582
0.8980	0.009127889861769047
0.8990	0.006287358570629168
0.9000	0.004310619784971348
0.9010	0.002990904311878145
0.9020	0.0021278042396427415
0.9030	0.0015252723088383002
0.9040	0.0011082406092538524
0.9050	0.0008014423657667596
0.9060	0.000587252876084983
0.9070	0.00043397115651820525
0.9080	0.00032756884492397267
0.9090	0.00024060737541750608
0.9100	0.0001741769110687999
0.9110	0.00012368295362945618
0.9120	8.601506420394404e-05
0.9130	5.798229954694835e-05
0.9140	4.3127330241531836e-05
0.9150	2.1060512934614713e-05
0.9160	9.44009339731308e-06
0.9170	5.84614921051876e-07
0.9180	-7.691040559739843e-06
0.9190	-1.8424953864298876e-05
0.9200	-1.9646894887808944e-05
0.9210	-2.3216879446691306e-05
0.9220	-2.4678416749320993e-05
0.9230	-2.0964674422966863e-05
0.9240	-2.4918013028440615e-05
0.9250	-2.2881444655923833e-05
0.9260	-2.4918013028440615e-05
0.9270	-2.1899099911533387e-05
0.9280	-2.4918013028440615e-05
0.9290	-2.395962791196213e-05
0.9300	-2.3264798702515227e-05
0.9310	-2.6115994424038723e-05
0.9320	-2.2665808004716172e-05
0.9330	-2.3001242795483644e-05
0.9340	-2.0245885585608e-05
0.9350	-2.1036553306702752e-05
0.9360	-1.854475200385869e-05
0.9370	-2.0413602980991732e-05
0.9380	-2.0317764469343885e-05
0.9390	-1.79697209339716e-05
0.9400	-1.837703460847495e-05
0.9410	-1.653214325925387e-05
0.9420	-1.7490528375732355e-05
0.9430	-1.6939456933757224e-05
0.9440	-1.6795699166285452e-05
0.9450	-1.622066809639836e-05
0.9460	-1.677173953837349e-05
0.9470	-1.6795699166285452e-05
0.9480	-1.5430000375303612e-05
0.9490	-1.495080781706437e-05
0.9500	-1.3441351258610754e-05
0.9510	-1.384866493311411e-05
0.9520	-1.3872624561026071e-05
0.9530	-1.4327857491353355e-05
0.9540	-1.3896584188938036e-05
0.9550	-1.3105916467843285e-05
0.9560	-1.2866320188723664e-05
0.9570	-1.293819907245955e-05
0.9580	-1.3489270514434679e-05
0.9590	-1.3273633863227021e-05
0.9600	-1.2962158700371511e-05
0.9610	-1.2770481677075814e-05
0.9620	-1.2506925770044231e-05
0.9630	-1.217149097927676e-05
0.9640	-1.1860015816421254e-05
0.9650	-1.1788136932685368e-05
0.9660	-1.248296614213227e-05
0.9670	-1.2866320188723664e-05
0.9680	-1.2674643165427967e-05
0.9690	-1.1764177304773405e-05
0.9700	-1.1452702141917897e-05
0.9710	-1.202773321180499e-05
0.9720	-1.3129876095755247e-05
0.9730	-1.2243369863012648e-05
0.9740	-1.171625804894948e-05
0.9750	-1.1117267351150426e-05
0.9760	-1.0662034420823146e-05
0.9770	-1.0614115164999223e-05
0.9780	-1.0877671072030806e-05
0.9790	-1.0518276653351376e-05
0.9800	-1.0206801490495866e-05
0.9810	-1.0829751816206882e-05
0.9820	-1.047035739752745e-05
0.9830	-9.703649304344663e-06
0.9840	-9.176537490281495e-06
0.9850	-9.104658606545609e-06
0.9860	-8.841102699514026e-06
0.9870	-8.409829397098707e-06
0.9880	-8.194192745891049e-06
0.9890	-8.002515722595352e-06
0.9900	-7.930636838859466e-06
0.9910	-7.810838699299655e-06
0.9920	-7.571242420180032e-06
0.9930	-7.259767257324525e-06
0.9940	-7.020170978204904e-06
0.9950	-6.3732610245819266e-06
0.9960	-6.157624373374267e-06
