;; Skysat11 RSR
;;
;; Quinten Vanhellemont 2022-02-19 from Skysat_RSR_Skysat11.csv
;; normalised to per channel maximum value
;;
;; datasets: wavelength, RSR
;; Skysat11 Band: Blue
0.3500	0.0
0.3510	0.0
0.3520	0.0
0.3530	0.0
0.3540	0.0
0.3550	0.0
0.3560	0.0
0.3570	0.0
0.3580	0.0
0.3590	0.0
0.3600	0.0
0.3610	0.0
0.3620	0.0
0.3630	0.0
0.3640	0.0
0.3650	0.0
0.3660	0.0
0.3670	0.0
0.3680	0.0
0.3690	0.0
0.3700	0.0
0.3710	0.0
0.3720	0.0
0.3730	0.0
0.3740	0.0
0.3750	0.0
0.3760	0.0
0.3770	0.0
0.3780	0.0
0.3790	0.0
0.3800	0.0
0.3810	0.0
0.3820	0.0
0.3830	0.0
0.3840	0.0
0.3850	0.0
0.3860	0.0
0.3870	0.0
0.3880	0.0
0.3890	0.0
0.3900	0.0
0.3910	0.0
0.3920	0.0
0.3930	0.0
0.3940	0.0
0.3950	0.0
0.3960	0.0
0.3970	1.9487677284222648e-05
0.3980	8.270500905883565e-06
0.3990	6.165732711272477e-06
0.4000	1.1118128463298565e-05
0.4010	8.840026417366565e-06
0.4020	1.376766019063252e-05
0.4030	1.9240057496621344e-05
0.4040	4.680013985664651e-05
0.4050	7.824785288201216e-05
0.4060	8.245738927123435e-05
0.4070	9.508599843890085e-05
0.4080	4.655252006904521e-05
0.4090	5.967636881191434e-05
0.4100	0.0001089527065445739
0.4110	0.00017308623153331173
0.4120	0.0002624769748573826
0.4130	0.00025752457910535647
0.4140	0.00026495317273339563
0.4150	0.0003095247345016304
0.4160	0.0002003244081694552
0.4170	0.0001304956280658874
0.4180	7.899071224481608e-05
0.4190	6.0666847962319554e-05
0.4200	7.205735819197955e-05
0.4210	6.809544159035869e-05
0.4220	7.651451436880304e-05
0.4230	0.00010994318569497912
0.4240	8.939074332407087e-05
0.4250	0.00011068604505778303
0.4260	0.00012133369592463911
0.4270	7.057163946637173e-05
0.4280	3.4914390051783906e-05
0.4290	8.196214969603172e-05
0.4300	0.0001436194768087565
0.4310	0.0001827434032497626
0.4320	0.000247741121297229
0.4330	0.0002662036526607822
0.4340	0.00023308549654825814
0.4350	0.00021726011592265878
0.4360	0.00021622432235112257
0.4370	0.0006363407587714599
0.4380	0.0033005761490931813
0.4390	0.010631191579574225
0.4400	0.022403298759115092
0.4410	0.056075051002185745
0.4420	0.15712243144644322
0.4430	0.31264561544705916
0.4440	0.4347240402638986
0.4450	0.5613435742703499
0.4460	0.7551362503490727
0.4470	0.8707231193857181
0.4480	0.8874998998068434
0.4490	0.8981828191600475
0.4500	0.9124357348960466
0.4510	0.9199339864465358
0.4520	0.923002973713077
0.4530	0.9274078004001868
0.4540	0.9311989113485181
0.4550	0.932249269915961
0.4560	0.9326809405392906
0.4570	0.9336735120769012
0.4580	0.933946242987163
0.4590	0.9352222128954852
0.4600	0.9371832699939662
0.4610	0.9381100638111983
0.4620	0.9389115669682998
0.4630	0.9394455318020855
0.4640	0.9400443061628798
0.4650	0.9381598898648595
0.4660	0.9339380690579744
0.4670	0.9270711092987874
0.4680	0.923564929487653
0.4690	0.9244161596505006
0.4700	0.9282857165475441
0.4710	0.9329236450741081
0.4720	0.9357257378287811
0.4730	0.936418748852143
0.4740	0.9394018392905632
0.4750	0.9416740578903418
0.4760	0.9475221018427153
0.4770	0.9517709107302512
0.4780	0.9543730356492488
0.4790	0.9575636339458767
0.4800	0.9608231794961644
0.4810	0.9597183594326364
0.4820	0.958776034902326
0.4830	0.9577141595385616
0.4840	0.9587522634027162
0.4850	0.960071081439085
0.4860	0.9647873816284248
0.4870	0.9716779989821192
0.4880	0.9785343135666372
0.4890	0.9825812578509246
0.4900	0.9841045652602903
0.4910	0.9867154262053947
0.4920	0.9878450379620571
0.4930	0.9910494732524164
0.4940	0.9911697248498691
0.4950	0.9935697598316118
0.4960	0.9968814615377619
0.4970	0.9992440687886086
0.4980	1.0
0.4990	0.9993293663768437
0.5000	0.9960798098087879
0.5010	0.9841227578860854
0.5020	0.9527534189996933
0.5030	0.8662209087885405
0.5040	0.7191871438718286
0.5050	0.5845358466253138
0.5060	0.4747219679834201
0.5070	0.31608336305369195
0.5080	0.14942803035740349
0.5090	0.05829290467759647
0.5100	0.024437284837440343
0.5110	0.010953604924020505
0.5120	0.004864785394974869
0.5130	0.0021965658022706424
0.5140	0.001113266374483076
0.5150	0.0006642177944596147
0.5160	0.0004606272812916983
0.5170	0.0003673711930831711
0.5180	0.0002760118724476699
0.5190	0.00019431863784097315
0.5200	0.00013229607154153646
0.5210	0.0001091052403337363
0.5220	0.00011227279265673219
0.5230	0.00010946800332257221
0.5240	0.00012055815074987183
0.5250	0.00011886913617864333
0.5260	9.771572058322671e-05
0.5270	0.0001015122271667299
0.5280	9.102453868266426e-05
0.5290	8.705791730507896e-05
0.5300	8.235759849683102e-05
0.5310	5.880227096168174e-05
0.5320	9.189715081417126e-05
0.5330	0.00010621848884988029
0.5340	0.00010707921523158243
0.5350	9.871833310322439e-05
0.5360	7.491835721792502e-05
0.5370	9.937427792058024e-05
0.5380	0.00012201044080415348
0.5390	0.00011266576525965546
0.5400	8.76158046865447e-05
0.5410	8.342929693756947e-05
0.5420	9.951542119951298e-05
0.5430	0.00010912480229695681
0.5440	0.00014140204161078684
0.5450	0.00019611264320214462
0.5460	0.00021020617103326044
0.5470	0.0002600007769813695
0.5480	0.0003318105153857478
0.5490	0.00038381067078202167
0.5500	0.00042590603467424344
0.5510	0.0004085726495421521
0.5520	0.0004085726495421521
0.5530	0.00040609645166613906
0.5540	0.00036400108777391734
0.5550	0.0003087397797749343
0.5560	0.00017341853728827266
0.5570	0.00010698388161335592
0.5580	9.102008152648744e-05
0.5590	6.420954426353141e-05
0.5600	5.163937336573881e-05
0.5610	5.4416924523262636e-05
0.5620	5.7948973173607646e-05
0.5630	7.002563783471085e-05
0.5640	6.849212849009597e-05
0.5650	3.896024976140162e-05
0.5660	5.979200725272415e-05
0.5670	5.0468874629747444e-05
0.5680	9.124912983001865e-05
0.5690	0.00011832189644804445
0.5700	0.00015957956259881096
0.5710	0.00026139240018768886
0.5720	0.00035277895899982626
0.5730	0.0004865208824811667
0.5740	0.0006081740079318115
0.5750	0.0006408325817185475
0.5760	0.0007170004283847088
0.5770	0.0007972416205569115
0.5780	0.0008086890833377197
0.5790	0.0007843827249867757
0.5800	0.0006918843533283085
0.5810	0.0006573686311345626
0.5820	0.0005937179647316473
0.5830	0.0005360002684396594
0.5840	0.0005085565673798068
0.5850	0.00043912150273852507
0.5860	0.00043555577779706624
0.5870	0.00042712432402924183
0.5880	0.00038616305876423406
0.5890	0.0003982221424204176
0.5900	0.00038449657759367727
0.5910	0.00042722337194428235
0.5920	0.0004542609765524688
0.5930	0.0004113806579335509
0.5940	0.0003836447655243288
0.5950	0.0003222375343970814
0.5960	0.0003835283842241562
0.5970	0.00044038188745741566
0.5980	0.00029340468632878546
0.5990	0.00019091485624060563
0.6000	6.611448328954824e-05
0.6010	2.8476275574149996e-05
0.6020	3.3923910901378686e-05
0.6030	-4.283822325502565e-06
0.6040	3.8628686865803475e-05
0.6050	1.829910230373639e-05
0.6060	2.406864335484678e-05
0.6070	3.3923910901378686e-05
0.6080	4.655252006904521e-06
0.6090	3.788582750299956e-06
0.6100	-2.226101890535726e-05
0.6110	-2.7733416211346082e-05
0.6120	-6.31430458383326e-06
0.6130	2.01810126895063e-05
0.6140	3.268581196337217e-05
0.6150	4.506680134343738e-05
0.6160	7.973357160762e-06
0.6170	1.3396230509230563e-05
0.6180	-5.076205645826738e-07
0.6190	-2.4440073036248737e-05
0.6200	2.7733416211346082e-05
0.6210	3.2438192175770864e-06
0.6220	3.7885827502999555e-05
0.6230	1.3198134679149519e-05
0.6240	-2.003244081694552e-06
0.6250	5.967636881191433e-06
0.6260	-2.181530328767491e-06
0.6270	2.525721833533304e-05
0.6280	9.78098161025152e-06
0.6290	-2.2038161096516082e-05
0.6300	1.6392429939206345e-06
0.6310	2.6000077698136952e-06
0.6320	2.1617207457593866e-05
0.6330	2.6742937060940865e-05
0.6340	9.904791504052172e-06
0.6350	1.4758139341037737e-05
0.6360	1.8175292409935737e-05
0.6370	1.0746698781896608e-05
0.6380	2.7499415512062852e-05
0.6390	-1.4154194679078156e-05
0.6400	2.1012049458675038e-05
0.6410	1.0029542353045709e-05
0.6420	-1.857098883052262e-05
0.6430	1.7457195025891953e-05
0.6440	-3.4171530688979994e-06
0.6450	6.5866863501946946e-06
0.6460	1.9116247602820694e-05
0.6470	1.5872428385243606e-05
0.6480	1.5104807043679564e-05
0.6490	-7.47811758555939e-07
0.6500	-1.2182893549984174e-05
0.6510	1.488194923483839e-05
0.6520	2.2211494947837e-05
0.6530	4.853347836985564e-05
0.6540	-5.026681688306478e-06
0.6550	1.4163851850794608e-05
0.6560	7.99811913952213e-06
0.6570	-2.4638168866329777e-05
0.6580	1.6441953896726606e-05
0.6590	1.849719813381743e-05
0.6600	-2.5504838122934348e-06
0.6610	2.344959388584352e-05
0.6620	2.013148873198604e-05
0.6630	1.3891470084433171e-05
0.6640	1.4114327893274345e-05
0.6650	8.443834757204476e-06
0.6660	-9.818322674221796e-06
0.6670	8.728300369200856e-07
0.6680	1.697200881406596e-05
0.6690	8.796965336302697e-06
0.6700	4.0099796023942824e-05
0.6710	0.00013235624314992357
0.6720	0.0002000262739451832
0.6730	0.0003437755035226428
0.6740	0.000456964984633075
0.6750	0.00046089223446443167
0.6760	0.0004883805070860525
0.6770	0.0004210502106393819
0.6780	0.0004201092554464969
0.6790	0.0005963452106780972
0.6800	0.0007436814604987492
0.6810	0.0005905434790545986
0.6820	0.00030116261427433436
0.6830	0.0001564934771859359
0.6840	9.855762786107114e-05
0.6850	2.968218393976835e-05
0.6860	4.7196083897021004e-05
0.6870	5.188946935121612e-05
0.6880	1.677086726059742e-06
0.6890	1.9420423749910134e-05
0.6900	2.1884017778734274e-05
0.6910	7.348810532473989e-06
0.6920	2.7170824053915917e-05
0.6930	1.641788525337176e-05
0.6940	2.3452713895167294e-05
0.6950	2.6890518454351243e-05
0.6960	1.772957679225339e-05
0.6970	3.961916601620869e-05
0.6980	3.070485366256174e-05
0.6990	2.1419111627512822e-05
0.7000	2.8476275574149996e-05
0.7010	2.4563882930049387e-05
0.7020	4.704775964424782e-05
0.7030	4.853347836985564e-05
0.7040	4.481918155583608e-05
0.7050	7.601927479360042e-05
0.7060	6.933354052836521e-05
0.7070	8.270500905883563e-05
0.7080	0.00011192414399578956
0.7090	0.00011811463868582215
0.7100	0.00013520040403031214
0.7110	0.00013520040403031214
0.7120	0.000144857575746763
0.7130	0.0001485718725607826
0.7140	0.00015327664852520737
0.7150	0.00017432433047131826
0.7160	0.00019363867390422
0.7170	0.00020502918413387996
0.7180	0.00019809583008104347
0.7190	0.00020181012689506303
0.7200	0.00021042927646188923
0.7210	0.0001965506826064113
0.7220	0.000210574134037636
0.7230	0.00020770743975657567
0.7240	0.00019558075589837698
0.7250	0.00019582490900895186
0.7260	0.00015786529080924716
0.7270	0.00014659339045784817
0.7280	0.00014938381784432726
0.7290	0.00012710596079341312
0.7300	0.00014093626879030878
0.7310	0.00011284528960566639
0.7320	0.00010193813320140416
0.7330	0.00012536494606678835
0.7340	0.00011294928991645896
0.7350	0.00012612390071578634
0.7360	0.00016711562321466907
0.7370	0.000233660717314856
0.7380	0.0003086308270683897
0.7390	0.0003483317076145068
0.7400	0.0004032958718683683
0.7410	0.00042805785062849876
0.7420	0.0004178138200154328
0.7430	0.00042751803949152794
0.7440	0.00043435234562932387
0.7450	0.0004611126160753969
0.7460	0.0004725130310965609
0.7470	0.00040999398712298366
0.7480	0.00031703999505533
0.7490	0.00022049477320809462
0.7500	0.00016212336067683916
0.7510	0.00013668488465698198
0.7520	0.00011250060286132539
0.7530	0.00010705321515388429
0.7540	8.33458490691478e-05
0.7550	5.941958709217179e-05
0.7560	5.7695410511103906e-05
0.7570	5.100967624586869e-05
0.7580	6.0666847962319554e-05
0.7590	6.636210307714956e-05
0.7600	9.533361822650217e-05
0.7610	0.00012603847188906388
0.7620	0.0001146479616594039
0.7630	0.00015699094533922693
0.7640	0.00018670531985138345
0.7650	0.00022062923075276213
0.7660	0.00025752457910535647
0.7670	0.0002624769748573826
0.7680	0.0002822865578654869
0.7690	0.0002822865578654869
0.7700	0.000287238953617513
0.7710	0.00031942952600568257
0.7720	0.00032685811963372173
0.7730	0.00033428671326176084
0.7740	0.00031942952600568257
0.7750	0.000287238953617513
0.7760	0.00025752457910535647
0.7770	0.00021939113181475563
0.7780	0.0001943815332670239
0.7790	0.00018200054388695867
0.7800	0.00016318144002925954
0.7810	0.00016912431493169088
0.7820	0.00015773380470203086
0.7830	0.00016021000257804388
0.7840	0.0001758100491969261
0.7850	0.000190419616665403
0.7860	0.00020973396009830474
0.7870	0.00022607686607999084
0.7880	0.0002401585081613018
0.7890	0.0002766383505103012
0.7900	0.00025861905856655425
0.7910	0.00024776093088023707
0.7920	0.00024201045655277198
0.7930	0.0002585026772663817
0.7940	0.0002575641982713727
0.7950	0.00022592557038976645
0.7960	0.00022607265654360162
0.7970	0.00021285520752101922
0.7980	0.00016058019416050783
0.7990	0.00016513590301279666
0.8000	0.00012310368216641323
0.8010	0.00010997290006949128
0.8020	8.260967544060915e-05
0.8030	6.0407094805125785e-05
0.8040	9.428172936877181e-05
0.8050	6.884746288530384e-05
0.8060	5.254467130920917e-05
0.8070	7.833749124512384e-05
0.8080	6.840001392910828e-05
0.8090	7.346780050215659e-05
0.8100	0.00012085678021371901
0.8110	0.0001244415718788231
0.8120	0.00017280023067863223
0.8130	0.0002100848373373358
0.8140	0.00025710610166431027
0.8150	0.00033142918091284173
0.8160	0.0003404722555560414
0.8170	0.00036146546114888
0.8180	0.00036698490621451304
0.8190	0.0003125011243485981
0.8200	0.0003372804364938606
0.8210	0.0003727767330465075
0.8220	0.00045649698323450854
0.8230	0.0004827149663457347
0.8240	0.00036315918049607295
0.8250	0.0002730874827560985
0.8260	0.0001991261760172525
0.8270	0.00013425449644167517
0.8280	0.00013167405063508198
0.8290	0.00010503263768705764
0.8300	9.895481000038364e-05
0.8310	8.869889363751281e-05
0.8320	8.102961357592522e-05
0.8330	0.00010045513829345995
0.8340	8.240167481902405e-05
0.8350	8.986047806115053e-05
0.8360	9.198703679707053e-05
0.8370	8.675681164335579e-05
0.8380	0.00011777639005595877
0.8390	0.00010506779969689704
0.8400	0.00011579666985408636
0.8410	0.00011563844080980911
0.8420	9.260980056288781e-05
0.8430	0.00011836225847342347
0.8440	0.00010845746696937129
0.8450	0.00012777181040227303
0.8460	0.00013445754466750824
0.8470	9.582885780170477e-05
0.8480	0.0001267813312518678
0.8490	0.00013420992487990694
0.8500	0.00011910511783622737
0.8510	0.00015847666406483476
0.8520	0.00013420992487990694
0.8530	0.00014213375808314868
0.8540	0.00015030521107399172
0.8550	0.00010820984718176997
0.8560	5.348587412188173e-05
0.8570	0.0001092003263321752
0.8580	-0.0006883830095316259
0.8590	-0.0006363828541353521
0.8600	-0.0006636210307714956
0.8610	-0.0005620969178549608
0.8620	-0.000579430302987052
0.8630	-0.0005472397305988825
0.8640	-0.0005596207199789477
0.8650	-0.0004902871794505825
0.8660	-0.0005323825433428043
0.8670	-0.0005026681688306478
0.8680	-0.0004680013985664652
0.8690	-0.0005001919709546347
0.8700	-0.0004184774410462043
0.8710	-0.00045562040918639994
0.8720	-0.0003887630665340478
0.8730	-0.00043333462830228255
0.8740	-0.00037142968140195645
0.8750	-0.00037142968140195645
0.8760	-0.00034419150476581295
0.8770	-0.00032933431750973473
0.8780	-0.00032190572388169557
0.8790	-0.0002971437451215652
0.8800	-0.00031447713025365646
0.8810	-0.00027733416211346085
0.8820	-0.00027981035998947385
0.8830	-0.00026742937060940863
0.8840	-0.0002300387826816117
0.8850	-0.00022657210565519344
0.8860	-0.00021864827245195173
0.8870	-0.00019933392901904997
0.8880	-0.0001834862626125665
0.8890	-0.0001953720124174291
0.8900	-0.00017407671068371693
0.8910	-0.00019116247602820693
0.8920	-0.00018521960112577562
0.8930	-0.00017432433047131826
0.8940	-0.00016937193471929215
0.8950	-0.0001550099870384165
0.8960	-0.00014980997149878912
0.8970	-0.00015327664852520737
0.8980	-0.0001488194923483839
0.8990	-0.00015847666406483476
0.9000	-0.0001545147474632139
0.9010	-0.0001438670965963578
0.9020	-0.0001384194612691291
0.9030	-0.00013470516445510954
0.9040	-0.00012925752912788086
0.9050	-0.00012504799273865868
0.9060	-0.00012455275316345608
0.9070	-0.00011489558144700521
0.9080	-0.00011316224293379607
0.9090	-0.00011241938357099216
0.9100	-0.00011712415953541694
0.9110	-0.00010573364930575695
0.9120	-9.756219631491391e-05
0.9130	-0.00010102887334133216
0.9140	-9.607647758930608e-05
0.9150	-9.161932141248258e-05
0.9160	-8.740978502326042e-05
0.9170	-8.790502459846304e-05
0.9180	-8.245738927123435e-05
0.9190	-8.419072778444346e-05
0.9200	-7.354307691758738e-05
0.9210	-5.4228733484685644e-05
0.9220	-4.184774410462043e-05
0.9230	-3.739058792779695e-05
0.9240	-3.961916601620869e-05
0.9250	-4.432394198063348e-05
0.9260	-5.571445221029347e-05
0.9270	-5.720017093590129e-05
0.9280	-5.7447790723502606e-05
0.9290	-4.704775964424782e-05
0.9300	-1.0499078994295303e-05
0.9310	2.3870547524765733e-05
0.9320	-4.184774410462043e-05
0.9330	-4.3581082617829565e-05
0.9340	-4.184774410462043e-05
0.9350	-4.2590603467424344e-05
0.9360	-4.01144055914113e-05
0.9370	-3.912392644100608e-05
0.9380	-3.961916601620869e-05
0.9390	-3.739058792779695e-05
0.9400	-3.4666770264182606e-05
0.9410	-3.219057238816956e-05
0.9420	-3.293343175097347e-05
0.9430	-3.219057238816956e-05
0.9440	-3.095247345016304e-05
0.9450	-3.0209614087359127e-05
0.9460	-3.070485366256174e-05
0.9470	-2.9466754724555213e-05
0.9480	-2.7733416211346082e-05
0.9490	-2.8476275574149996e-05
0.9500	-2.7733416211346082e-05
0.9510	-2.748579642374478e-05
0.9520	-2.798103599894739e-05
0.9530	-2.8723895361751303e-05
0.9540	-2.6990556848542172e-05
0.9550	-2.6247697485738258e-05
0.9560	-2.600007769813695e-05
0.9570	-2.525721833533304e-05
0.9580	-2.525721833533304e-05
0.9590	-2.4761978760130434e-05
0.9600	-2.431626314244808e-05
0.9610	-2.3895309503525867e-05
0.9620	-2.4638168866329777e-05
0.9630	-2.4341025121208217e-05
0.9640	-2.295435431064091e-05
0.9650	-2.1840065266435042e-05
0.9660	-2.2112447032796472e-05
0.9670	-2.1666731415114126e-05
0.9680	-2.0874348094789955e-05
0.9690	-1.951243926298278e-05
0.9700	-1.9116247602820694e-05
0.9710	-1.8918151772739647e-05
0.9720	-1.849719813381743e-05
0.9730	-1.7878148664814173e-05
0.9740	-1.7630528877212867e-05
0.9750	-1.7061003365729866e-05
0.9760	-1.725909919581091e-05
0.9770	-1.6491477854246866e-05
0.9780	-1.547623672508152e-05
0.9790	-1.5773380470203086e-05
0.9800	-1.5203854958720084e-05
0.9810	-1.4139089872034478e-05
0.9820	-1.369337425435213e-05
0.9830	-1.3321944572950173e-05
0.9840	-1.2900990934027956e-05
0.9850	-1.2331465422544954e-05
0.9860	-1.1687653974781563e-05
0.9870	-1.1563844080980912e-05
0.9880	-1.1539082102220782e-05
0.9890	-1.1365748250899868e-05
0.9900	-1.1068604505778305e-05
0.9910	-1.0746698781896608e-05
0.9920	-1.0598126909335824e-05
0.9930	-1.0276221185454129e-05
0.9940	-9.335265992569172e-06
0.9950	-8.56764465100513e-06
0.9960	-7.676213415640434e-06
;; Skysat11 Band: Green
0.3500	0.0
0.3510	0.0
0.3520	0.0
0.3530	0.0
0.3540	0.0
0.3550	0.0
0.3560	0.0
0.3570	0.0
0.3580	0.0
0.3590	0.0
0.3600	0.0
0.3610	0.0
0.3620	0.0
0.3630	0.0
0.3640	0.0
0.3650	0.0
0.3660	0.0
0.3670	0.0
0.3680	0.0
0.3690	0.0
0.3700	0.0
0.3710	0.0
0.3720	0.0
0.3730	0.0
0.3740	0.0
0.3750	0.0
0.3760	0.0
0.3770	0.0
0.3780	0.0
0.3790	0.0
0.3800	0.0
0.3810	0.0
0.3820	0.0
0.3830	0.0
0.3840	0.0
0.3850	0.0
0.3860	0.0
0.3870	0.0
0.3880	0.0
0.3890	0.0
0.3900	0.0
0.3910	0.0
0.3920	0.0
0.3930	0.0
0.3940	0.0
0.3950	0.0
0.3960	0.0
0.3970	5.9869858205397695e-06
0.3980	-3.463735091576648e-06
0.3990	7.202733899040182e-06
0.4000	6.262249536426656e-06
0.4010	2.408557514010252e-06
0.4020	7.156856613059035e-06
0.4030	-7.867954545766824e-06
0.4040	3.53255102054837e-06
0.4050	-5.7575993906340315e-06
0.4060	-3.4178578055955002e-06
0.4070	3.624305592510665e-06
0.4080	-1.1951032998088965e-05
0.4090	-2.8673303738217287e-06
0.4100	6.285188179417229e-06
0.4110	-1.156107606724921e-05
0.4120	6.927470183153296e-06
0.4130	3.0049622317651714e-06
0.4140	3.71606016447296e-06
0.4150	5.505274317737719e-06
0.4160	-1.5850602306486515e-05
0.4170	1.658463888218488e-05
0.4180	-5.849353962596326e-06
0.4190	-1.8029773390591028e-06
0.4200	4.083078452322141e-06
0.4210	-2.1424692553195957e-05
0.4220	-8.556113835484037e-06
0.4230	-1.1652830639211504e-05
0.4240	3.8766306654069765e-06
0.4250	2.0942981050393906e-06
0.4260	-9.725984628003303e-06
0.4270	6.285188179417229e-07
0.4280	-1.1652830639211504e-05
0.4290	-1.4703670156957823e-05
0.4300	-7.84501590277625e-06
0.4310	7.088040684087313e-06
0.4320	-3.2802259476520576e-06
0.4330	1.0758223562579125e-05
0.4340	4.97768552895452e-06
0.4350	1.2088664856032408e-05
0.4360	-3.7389988074635343e-06
0.4370	-9.313089054172975e-06
0.4380	1.8098589319562752e-05
0.4390	4.564789955124192e-06
0.4400	6.904531540162723e-06
0.4410	1.2249235356966423e-05
0.4420	-9.221334482210679e-06
0.4430	-2.8214530878405813e-06
0.4440	-3.326103233633205e-05
0.4450	1.70892890279775e-05
0.4460	6.881592897172149e-06
0.4470	-1.5575338590599632e-05
0.4480	1.9222582826100868e-05
0.4490	-9.496598198097564e-07
0.4500	-1.9245521469091442e-05
0.4510	-3.073778160736893e-05
0.4520	-4.656544527086487e-05
0.4530	-1.695165717003406e-05
0.4540	-1.3487922078457411e-05
0.4550	1.821328253451562e-05
0.4560	3.830753379425829e-05
0.4570	1.479542472892012e-05
0.4580	2.3626802280291043e-05
0.4590	2.055302411955415e-05
0.4600	1.1905155712107818e-05
0.4610	2.2250483700856616e-05
0.4620	1.126287370837175e-05
0.4630	4.2207103102655846e-05
0.4640	3.8766306654069773e-05
0.4650	2.7755758018594333e-05
0.4660	4.908869599982799e-05
0.4670	5.7117221046528834e-05
0.4680	6.606329181285263e-05
0.4690	9.725984628003304e-05
0.4700	0.00013671431222382
0.4710	0.0001970429432890292
0.4720	0.0001880968725227054
0.4730	0.00021332937981233661
0.4740	0.00021699956269082842
0.4750	0.00018075650676572177
0.4760	0.00016584638882184878
0.4770	0.00015529461304618483
0.4780	0.00016217620594335697
0.4790	0.0001413020408219348
0.4800	0.00011171119136409455
0.4810	0.00011469321495286915
0.4820	0.00011905155712107818
0.4830	0.00011423444209305767
0.4840	0.00011194057779400028
0.4850	7.753261330813955e-05
0.4860	5.7117221046528834e-05
0.4870	3.601366949520091e-05
0.4880	2.6150053009254164e-05
0.4890	1.970429432890292e-05
0.4900	1.8253539852964076e-05
0.4910	2.512492505400542e-05
0.4920	1.9816051397552997e-05
0.4930	2.3390075484628322e-05
0.4940	3.821279719870723e-05
0.4950	5.847151852869231e-05
0.4960	0.00010046804488869469
0.4970	0.0001803337475754055
0.4980	0.0003115021840833945
0.4990	0.0005253178631271313
0.5000	0.0008220200347530075
0.5010	0.001253521141912991
0.5020	0.0019477408211083153
0.5030	0.0032681648091676136
0.5040	0.006134481294969159
0.5050	0.012980647751906667
0.5060	0.028939674142216727
0.5070	0.06323529433016684
0.5080	0.130940382813241
0.5090	0.24308252934479235
0.5100	0.3790222425905138
0.5110	0.4969077344399448
0.5120	0.6135537229521945
0.5130	0.7694636100438582
0.5140	0.8896859440338538
0.5150	0.9210660443467875
0.5160	0.9290331809971171
0.5170	0.9472953595430313
0.5180	0.9591648617223388
0.5190	0.9612477501463548
0.5200	0.9628466859621484
0.5210	0.9649500287741191
0.5220	0.9711673483905201
0.5230	0.979408679815973
0.5240	0.9843833053299526
0.5250	0.9845609903524218
0.5260	0.9853790121817017
0.5270	0.9897688445190082
0.5280	0.9943359168691098
0.5290	0.9944720416582088
0.5300	0.9943009514955993
0.5310	0.9965886315365066
0.5320	0.9992987312758136
0.5330	1.0
0.5340	0.9968474895349265
0.5350	0.9954446928798881
0.5360	0.9959143317748841
0.5370	0.995127272525913
0.5380	0.9893470969228477
0.5390	0.9821798330474638
0.5400	0.973691073949393
0.5410	0.9623550580839815
0.5420	0.9471616180789392
0.5430	0.9309615799544556
0.5440	0.9183189262254222
0.5450	0.9129619135327898
0.5460	0.9144379945644545
0.5470	0.9201760341742105
0.5480	0.928503169887634
0.5490	0.9367553145893928
0.5500	0.9432884144467949
0.5510	0.9484604613916728
0.5520	0.9495528431543057
0.5530	0.950993791360366
0.5540	0.9510051964536609
0.5550	0.9508168426683368
0.5560	0.9515171617327033
0.5570	0.9521852565913966
0.5580	0.9572549604867079
0.5590	0.9627685087729723
0.5600	0.969457834552326
0.5610	0.973428642110395
0.5620	0.9782180747840545
0.5630	0.9834188569670068
0.5640	0.9870117067983845
0.5650	0.9887011929073835
0.5660	0.9877028022344045
0.5670	0.986468721592426
0.5680	0.9847469791636538
0.5690	0.9845311861735843
0.5700	0.9831677522299176
0.5710	0.9811951872093649
0.5720	0.9783798174496454
0.5730	0.9768846904627057
0.5740	0.9756440241363246
0.5750	0.9753005684225552
0.5760	0.9744944265164803
0.5770	0.9715257371608762
0.5780	0.9682924872602044
0.5790	0.9650792215053061
0.5800	0.9627993406030159
0.5810	0.9587193428104475
0.5820	0.9553893606522844
0.5830	0.9500995765345288
0.5840	0.9325031026407081
0.5850	0.8910194338729605
0.5860	0.8138088561737655
0.5870	0.7080415351568459
0.5880	0.6036885282876099
0.5890	0.5126663000291602
0.5900	0.4053532379095419
0.5910	0.2691029033236279
0.5920	0.14748730139089217
0.5930	0.07279886877806828
0.5940	0.03609016528184588
0.5950	0.01910728403097305
0.5960	0.010942666309273433
0.5970	0.006773629880072714
0.5980	0.004390135127393963
0.5990	0.003003367996077327
0.6000	0.0021449007514765966
0.6010	0.0015299180267636112
0.6020	0.001140919931200862
0.6030	0.0009072990277990638
0.6040	0.0007218722133204613
0.6050	0.0006206577449888533
0.6060	0.0005556656878036605
0.6070	0.0004841613498734437
0.6080	0.00047913778705850797
0.6090	0.0004549627512107423
0.6100	0.00047239841374787744
0.6110	0.0004534442130447663
0.6120	0.0005008721512920767
0.6130	0.0005321971621600044
0.6140	0.00048648962213698694
0.6150	0.0005129218204550252
0.6160	0.0004885930956992226
0.6170	0.0005069440100916817
0.6180	0.00048171150280205044
0.6190	0.00042665875962467323
0.6200	0.0003647244235501239
0.6210	0.0003349041876623779
0.6220	0.00025003120859725476
0.6230	0.00024544347999913996
0.6240	0.00019612539756940625
0.6250	0.00019130828254138572
0.6260	0.00014336651869108644
0.6270	0.00011882217069117243
0.6280	8.80843890838035e-05
0.6290	0.00011515198781268062
0.6300	9.060763981276662e-05
0.6310	8.969009409314368e-05
0.6320	7.225672542030756e-05
0.6330	0.00010964671349494291
0.6340	9.129579910248384e-05
0.6350	9.129579910248384e-05
0.6360	0.00012088664856032408
0.6370	0.00011331689637343472
0.6380	0.00012299998573904564
0.6390	0.00017417586886458596
0.6400	0.00018133089038620574
0.6410	0.00023258178287432522
0.6420	0.0002530247015075246
0.6430	0.0003093321884564862
0.6440	0.0003455362486885089
0.6450	0.00044318375803508256
0.6460	0.0005462287300773384
0.6470	0.0006187400744348412
0.6480	0.0007116645171896559
0.6490	0.0007622855145412542
0.6500	0.0007726124916156105
0.6510	0.000828078130366818
0.6520	0.0008260939377481333
0.6530	0.0008120141986805192
0.6540	0.0007769754215124177
0.6550	0.0006928640053945815
0.6560	0.0006491635966332394
0.6570	0.0005413519745775423
0.6580	0.00046106672411053395
0.6590	0.0004518912669143044
0.6600	0.0003738998807463534
0.6610	0.000353255102054837
0.6620	0.00031196554467180406
0.6630	0.00025691280149442685
0.6640	0.00023168029420479568
0.6650	0.0001864911675133652
0.6660	0.0001750218460180783
0.6670	0.00017318675457883242
0.6680	0.00013006210575655362
0.6690	0.0001390081765228774
0.6700	0.00012272173999956998
0.6710	9.2901504111824e-05
0.6720	0.0001107936456444716
0.6730	0.00011033487278466011
0.6740	8.234972833616004e-05
0.6750	7.042163398106165e-05
0.6760	6.053714332999348e-05
0.6770	6.554786050485444e-05
0.6780	6.81371745256304e-05
0.6790	8.047197102095167e-05
0.6800	7.323322345241629e-05
0.6810	6.62142280837306e-05
0.6820	8.9380193026341e-05
0.6830	7.584111777401462e-05
0.6840	6.540357644044373e-05
0.6850	7.190966375186018e-05
0.6860	5.3311012015102914e-05
0.6870	8.534436817857946e-05
0.6880	0.0001074083607119227
0.6890	0.00011550111395899716
0.6900	0.00014531148623025717
0.6910	0.0001245616485538439
0.6920	0.00013584929599664547
0.6930	0.00018492904592570713
0.6940	0.00017366089632944758
0.6950	0.00022333039876979688
0.6960	0.0002735846072199759
0.6970	0.0003164752818837509
0.6980	0.00038665376624911243
0.6990	0.0003915236401560113
0.7000	0.0004434452585651751
0.7010	0.0004566349782847551
0.7020	0.0004908823722696818
0.7030	0.000521629329334247
0.7040	0.0004978281933672276
0.7050	0.0005157776815073516
0.7060	0.0005407532759954883
0.7070	0.000536337587219803
0.7080	0.0005367229564220445
0.7090	0.0005359980953035424
0.7100	0.0005441160810579065
0.7110	0.0005443913447737934
0.7120	0.0005506306556672295
0.7130	0.0005763701069669523
0.7140	0.0005781799658989087
0.7150	0.0005989761396341629
0.7160	0.0006287115025428437
0.7170	0.0006584950366018049
0.7180	0.0007083040059915368
0.7190	0.0007184084782288846
0.7200	0.0007202665083111211
0.7210	0.0007494192296878413
0.7220	0.0007584639366190247
0.7230	0.0007982005478715956
0.7240	0.0007946748784439445
0.7250	0.0007723280524425274
0.7260	0.0007753261330813954
0.7270	0.0007088040684087312
0.7280	0.0006514574609322968
0.7290	0.0006262249536426656
0.7300	0.0005895231248577474
0.7310	0.0005482335674747145
0.7320	0.0005115317386897964
0.7330	0.0004908869599982799
0.7340	0.000449597402615247
0.7350	0.0004161620365921866
0.7360	0.00042310556382543334
0.7370	0.00040867945124866144
0.7380	0.00039683622987262817
0.7390	0.00042922788763961753
0.7400	0.00046398451949893494
0.7410	0.0005105247322625102
0.7420	0.0005812904458884304
0.7430	0.0006851107440637676
0.7440	0.0008040040245482108
0.7450	0.0009271524233074054
0.7460	0.001071275917217181
0.7470	0.001196922334198049
0.7480	0.0012682225182056497
0.7490	0.001303213124223471
0.7500	0.001273636037951425
0.7510	0.0012316927292431608
0.7520	0.0012142203648772406
0.7530	0.0011757132648889644
0.7540	0.0010210999295395997
0.7550	0.0007626961162507855
0.7560	0.0005630221106107374
0.7570	0.00041291163088042236
0.7580	0.0003062607041600484
0.7590	0.00027526830361548405
0.7600	0.0002030962217878117
0.7610	0.000171790938152856
0.7620	0.00015262180236492315
0.7630	0.0001391836571417553
0.7640	0.0001518033515830195
0.7650	0.00013561715692958086
0.7660	0.00013029149218645936
0.7670	0.00013763185794344297
0.7680	0.00014657792870976675
0.7690	0.00017020473099005782
0.7700	0.0001653876159620373
0.7710	0.00019681355685912346
0.7720	0.0002385618871019678
0.7730	0.00028214530878405814
0.7740	0.000371606016447296
0.7750	0.0004197771667275011
0.7760	0.00047482990990487824
0.7770	0.0004908869599982799
0.7780	0.00046565445270864875
0.7790	0.0004765434265362741
0.7800	0.0004553389449557877
0.7810	0.00048601937995568017
0.7820	0.0005594712086757967
0.7830	0.0005672152945494143
0.7840	0.0004920270105549115
0.7850	0.00033531020164331106
0.7860	0.0002178982987231991
0.7870	0.00015900058020774192
0.7880	0.00010010813758017258
0.7890	9.218788292838725e-05
0.7900	8.377949395376252e-05
0.7910	5.141421562621237e-05
0.7920	4.335839359435274e-05
0.7930	6.435895063865298e-05
0.7940	5.4720821013303585e-05
0.7950	4.019721920382177e-05
0.7960	1.5022609049098762e-05
0.7970	4.131364295817299e-05
0.7980	3.244716928302649e-05
0.7990	2.290912095704496e-05
0.8000	2.841891418745182e-05
0.8010	2.4849431951688626e-05
0.8020	4.302509511169971e-05
0.8030	3.601481642735044e-05
0.8040	2.3665568586945113e-05
0.8050	4.1484306462022864e-05
0.8060	4.88531161363148e-06
0.8070	1.721829595615649e-05
0.8080	2.039389875312854e-05
0.8090	5.317108629286042e-06
0.8100	3.151035510329146e-05
0.8110	3.6903230070375365e-05
0.8120	2.6772607780018337e-05
0.8130	5.408060348743667e-05
0.8140	1.4562574563922804e-05
0.8150	3.219713807442923e-05
0.8160	4.067801316090419e-05
0.8170	4.037201166340994e-05
0.8180	4.174833024284436e-05
0.8190	4.060139809331568e-05
0.8200	4.243648953256158e-05
0.8210	4.656544527086487e-05
0.8220	4.748299099048782e-05
0.8230	4.954746885963947e-05
0.8240	6.514574609322968e-05
0.8250	3.3719805196143526e-05
0.8260	5.6429061756811624e-05
0.8270	4.840053671011078e-05
0.8280	5.688783461662309e-05
0.8290	8.969009409314368e-05
0.8300	5.688783461662309e-05
0.8310	7.569752186889364e-05
0.8320	6.835715611191e-05
0.8330	7.523874900908215e-05
0.8340	7.936770474738545e-05
0.8350	5.6429061756811624e-05
0.8360	8.189095547634857e-05
0.8370	8.601991121465185e-05
0.8380	7.936770474738545e-05
0.8390	0.00010528837132673387
0.8400	9.427782269125844e-05
0.8410	0.00010895855420522569
0.8420	0.00010872916777531995
0.8430	9.680107342022156e-05
0.8440	0.00011285812351362325
0.8450	0.00010086992991388954
0.8460	9.957297903920251e-05
0.8470	0.00011580940932079047
0.8480	7.988611807897242e-05
0.8490	0.00013183640979187448
0.8500	9.666550604014727e-05
0.8510	0.00010996280799535301
0.8520	0.00010641901703973926
0.8530	9.004793692379662e-05
0.8540	0.0001177211158276249
0.8550	7.266411571982015e-05
0.8560	8.30078380035596e-06
0.8570	8.202904610715181e-05
0.8580	-0.0006918730560173887
0.8590	-0.0005918169891568048
0.8600	-0.0006560451895304115
0.8610	-0.000575759939063403
0.8620	-0.0006009924463530343
0.8630	-0.0005252949244841407
0.8640	-0.0005275887887831981
0.8650	-0.0004862992314001652
0.8660	-0.0005207071958860259
0.8670	-0.0005023562814935669
0.8680	-0.0004564789955124192
0.8690	-0.0005046501457926242
0.8700	-0.000401426252335042
0.8710	-0.0004427158097180749
0.8720	-0.00039454465943786985
0.8730	-0.00042436489532561583
0.8740	-0.0003647244235501239
0.8750	-0.00034866737345672224
0.8760	-0.0003647244235501239
0.8770	-0.0003073778160736893
0.8780	-0.00034866737345672224
0.8790	-0.0002798514444850007
0.8800	-0.00031196554467180406
0.8810	-0.0002683821229897138
0.8820	-0.0002844391730831155
0.8830	-0.00025691280149442685
0.8840	-0.0002385618871019678
0.8850	-0.00025920666579348425
0.8860	-0.0002181464948403571
0.8870	-0.00024085575140102522
0.8880	-0.00021424692553195955
0.8890	-0.00022204606414875466
0.8900	-0.00020254821760676693
0.8910	-0.00021080612908337348
0.8920	-0.0001965841704292177
0.8930	-0.00017318675457883242
0.8940	-0.00017525123244798406
0.8950	-0.00016079988736392254
0.8960	-0.0001630937516629799
0.8970	-0.0001587354094947709
0.8980	-0.00014978933872844712
0.8990	-0.00013923756295278314
0.9000	-0.00014313713226118068
0.9010	-0.0001413020408219348
0.9020	-0.00013097965147617656
0.9030	-0.00012042787570051261
0.9040	-0.00011469321495286915
0.9050	-0.00011698707925192652
0.9060	-0.00011423444209305767
0.9070	-0.00010895855420522569
0.9080	-0.0001107936456444716
0.9090	-0.00010505898489682814
0.9100	-0.00010620591704635682
0.9110	-0.00010070064272861911
0.9120	-9.542475484078713e-05
0.9130	-9.40484362613527e-05
0.9140	-8.601991121465185e-05
0.9150	-8.923132123333218e-05
0.9160	-8.14321826165371e-05
0.9170	-8.09734097567256e-05
0.9180	-7.638568115861086e-05
0.9190	-7.684445401842233e-05
0.9200	-7.455058971936494e-05
0.9210	-6.560451895304115e-05
0.9220	-5.8952312485774745e-05
0.9230	-4.266587596246733e-05
0.9240	-3.738998807463534e-05
0.9250	-3.23434866167091e-05
0.9260	-3.991323880359846e-05
0.9270	-4.840053671011078e-05
0.9280	-5.230010601850833e-05
0.9290	-5.0465014579262424e-05
0.9300	-4.037201166340994e-05
0.9310	-1.2019848927060685e-05
0.9320	2.0461269547591854e-05
0.9330	-4.564789955124192e-05
0.9340	-4.083078452322141e-05
0.9350	-4.083078452322141e-05
0.9360	-3.624305592510665e-05
0.9370	-3.578428306529517e-05
0.9380	-3.486673734567222e-05
0.9390	-3.188471375689762e-05
0.9400	-3.3031645906426315e-05
0.9410	-3.096716803727467e-05
0.9420	-3.326103233633205e-05
0.9430	-3.0049622317651715e-05
0.9440	-3.073778160736893e-05
0.9450	-2.8443917308311547e-05
0.9460	-2.8443917308311547e-05
0.9470	-2.8443917308311547e-05
0.9480	-2.706759872887712e-05
0.9490	-2.7755758018594333e-05
0.9500	-2.6379439439159902e-05
0.9510	-2.6608825869065643e-05
0.9520	-2.546189371953695e-05
0.9530	-2.7526371588688595e-05
0.9540	-2.6379439439159902e-05
0.9550	-2.6150053009254164e-05
0.9560	-2.5232507289631212e-05
0.9570	-2.3626802280291043e-05
0.9580	-2.385618871019678e-05
0.9590	-2.2801011132630385e-05
0.9600	-2.270925656066809e-05
0.9610	-2.204403591394145e-05
0.9620	-2.259456334571522e-05
0.9630	-2.2021097270950875e-05
0.9640	-2.108061290833735e-05
0.9650	-2.0163067188714397e-05
0.9660	-1.975017161488407e-05
0.9670	-1.9429030613016035e-05
0.9680	-1.899319639619513e-05
0.9690	-1.9153766897129145e-05
0.9700	-1.991074211581808e-05
0.9710	-2.0071312616752097e-05
0.9720	-1.9681355685912344e-05
0.9730	-1.80527120335816e-05
0.9740	-1.7112227670968075e-05
0.9750	-1.624055923732627e-05
0.9760	-1.582766366349594e-05
0.9770	-1.628643652330742e-05
0.9780	-1.539182944667504e-05
0.9790	-1.4772486085929546e-05
0.9800	-1.4221958654155773e-05
0.9810	-1.3763185794344297e-05
0.9820	-1.3763185794344297e-05
0.9830	-1.3304412934532822e-05
0.9840	-1.2776824145749623e-05
0.9850	-1.2478621786872161e-05
0.9860	-1.2226296713975851e-05
0.9870	-1.2065726213041834e-05
0.9880	-1.1469321495286915e-05
0.9890	-1.0666468990616832e-05
0.9900	-1.0689407633607405e-05
0.9910	-1.018475748781478e-05
0.9920	-9.794800556975025e-06
0.9930	-9.381904983144696e-06
0.9940	-9.313089054172975e-06
0.9950	-9.313089054172975e-06
0.9960	-9.152518553238958e-06
;; Skysat11 Band: Red
0.3500	0.0
0.3510	0.0
0.3520	0.0
0.3530	0.0
0.3540	0.0
0.3550	0.0
0.3560	0.0
0.3570	0.0
0.3580	0.0
0.3590	0.0
0.3600	0.0
0.3610	0.0
0.3620	0.0
0.3630	0.0
0.3640	0.0
0.3650	0.0
0.3660	0.0
0.3670	0.0
0.3680	0.0
0.3690	0.0
0.3700	0.0
0.3710	0.0
0.3720	0.0
0.3730	0.0
0.3740	0.0
0.3750	0.0
0.3760	0.0
0.3770	0.0
0.3780	0.0
0.3790	0.0
0.3800	0.0
0.3810	0.0
0.3820	0.0
0.3830	0.0
0.3840	0.0
0.3850	0.0
0.3860	0.0
0.3870	0.0
0.3880	0.0
0.3890	0.0
0.3900	0.0
0.3910	0.0
0.3920	0.0
0.3930	0.0
0.3940	0.0
0.3950	0.0
0.3960	0.0
0.3970	-4.928768851337725e-07
0.3980	-2.4178866063166197e-06
0.3990	2.487633335344984e-06
0.4000	-2.975860438543532e-07
0.4010	-4.859022122309361e-06
0.4020	-3.440838632065959e-06
0.4030	-3.510585361094323e-06
0.4040	-2.0528787244015146e-06
0.4050	-6.486445799637856e-06
0.4060	-9.694795334942601e-06
0.4070	5.951720877087064e-07
0.4080	-7.5093978253871945e-06
0.4090	-8.625345489841019e-06
0.4100	7.114166360893131e-06
0.4110	-1.1740699386441279e-05
0.4120	7.9511271092335e-06
0.4130	2.2388700018104854e-06
0.4140	3.347842993361474e-06
0.4150	1.0601502812311334e-05
0.4160	-3.022358257895775e-06
0.4170	1.606499658619985e-05
0.4180	-3.6733277288271724e-06
0.4190	-1.9784822134379264e-05
0.4200	-6.509694709313976e-06
0.4210	-1.264740686381001e-05
0.4220	1.1159476644538245e-05
0.4230	-5.114760128746696e-06
0.4240	-8.160367296318592e-06
0.4250	7.137415270569253e-06
0.4260	-4.277799380406328e-07
0.4270	6.811930535103554e-06
0.4280	4.742777573928754e-06
0.4290	-2.6968735224300762e-05
0.4300	9.880786612351572e-06
0.4310	-3.0456071675718963e-06
0.4320	-1.4205083812110142e-05
0.4330	-4.0685591933212355e-06
0.4340	-2.8131180708106826e-05
0.4350	-1.5669765121705788e-05
0.4360	-9.718044244618722e-06
0.4370	-6.9049261738080395e-06
0.4380	-5.974969786763186e-06
0.4390	1.8878114657010534e-05
0.4400	3.2548473546569884e-05
0.4410	2.24351978374571e-05
0.4420	-1.1903441754174129e-06
0.4430	9.253066051096295e-06
0.4440	-2.294667385033177e-05
0.4450	-2.108676107624206e-05
0.4460	-1.9389590669885203e-05
0.4470	-5.207755767451181e-05
0.4480	-5.068262309394454e-05
0.4490	-5.719231780325851e-05
0.4500	-6.532943618990098e-05
0.4510	-8.485852031784291e-05
0.4520	-7.43965109635883e-05
0.4530	-2.2039966372963036e-05
0.4540	-4.1383059223495994e-05
0.4550	-5.7424806900019726e-05
0.4560	-4.219607359486996e-05
0.4570	-6.983042510319807e-05
0.4580	-5.344180369430662e-05
0.4590	-3.771996101492632e-05
0.4600	-3.240130794832003e-05
0.4610	-3.8245851351800185e-05
0.4620	-3.89554080751154e-05
0.4630	-2.067353495565868e-05
0.4640	-1.570201135942657e-05
0.4650	4.089366967481364e-06
0.4660	1.5556798669589514e-05
0.4670	-8.083552898748688e-06
0.4680	1.6623412147710607e-05
0.4690	3.3943408127137165e-05
0.4700	3.5338342707704445e-05
0.4710	6.90492617380804e-05
0.4720	6.858428354455797e-05
0.4730	6.253956702876642e-05
0.4740	8.369607483403684e-05
0.4750	0.00010950236457453153
0.4760	0.00012205677579963707
0.4770	0.0001367035888955935
0.4780	0.00018041153908670163
0.4790	0.00017390184437738766
0.4800	0.00011856943934821887
0.4810	0.00010624751721987454
0.4820	0.00010485258263930726
0.4830	7.230410909273738e-05
0.4840	5.509991593240759e-05
0.4850	4.045310283645114e-05
0.4860	4.510288477167541e-05
0.4870	4.1615548320257214e-05
0.4880	3.789572277207779e-05
0.4890	6.765432715751312e-05
0.4900	4.022061373968993e-05
0.4910	4.812524302957118e-05
0.4920	5.045013399718332e-05
0.4930	2.0831023069804728e-05
0.4940	4.1383059223495994e-05
0.4950	2.292342494065565e-05
0.4960	3.487336451418202e-05
0.4970	6.0447165157915494e-05
0.4980	7.814563013795963e-05
0.4990	8.183476712536657e-05
0.5000	6.384359837250006e-05
0.5010	0.0001135041993970823
0.5020	0.00019234845927080938
0.5030	0.00024901907154093573
0.5040	0.00030777139118346196
0.5050	0.00037819698837436875
0.5060	0.0005116434050243376
0.5070	0.0006598993771379959
0.5080	0.0007494611518833182
0.5090	0.0008592657522836393
0.5100	0.0009269735519334074
0.5110	0.0009550070872208745
0.5120	0.0009445102045021058
0.5130	0.0008679631693934762
0.5140	0.0008024384423622958
0.5150	0.0007372020018110993
0.5160	0.0007328591054835999
0.5170	0.0007288277445457605
0.5180	0.0006222617172633231
0.5190	0.000490200935630051
0.5200	0.00038367443149406295
0.5210	0.00033847390130174786
0.5220	0.00032050249412210604
0.5230	0.00030627648629128737
0.5240	0.00030697395358157106
0.5250	0.00030563481638422644
0.5260	0.00032481516686702654
0.5270	0.00036034415063407516
0.5280	0.0003935389438696412
0.5290	0.0004390975072709686
0.5300	0.000509088349850932
0.5310	0.0006202576612492414
0.5320	0.0008014410641371902
0.5330	0.0009326416361124458
0.5340	0.00100135611355119
0.5350	0.0010868539788851262
0.5360	0.0011557660720561175
0.5370	0.0011771480942852465
0.5380	0.001125121684212022
0.5390	0.001015777412223288
0.5400	0.0008835213397487367
0.5410	0.0007532925721979429
0.5420	0.0006708054406670644
0.5430	0.0006092632518634036
0.5440	0.0005363616457919899
0.5450	0.0005589549362152446
0.5460	0.0005204617164644905
0.5470	0.0004833215832568866
0.5480	0.00048539306110902906
0.5490	0.0004580035206195905
0.5500	0.00047427775739287547
0.5510	0.0004928768851337725
0.5520	0.0005440244864212395
0.5530	0.0005974969786763186
0.5540	0.0006323703431905006
0.5550	0.0006997921812512525
0.5560	0.0007160664180245374
0.5570	0.0007741886922148409
0.5580	0.0008067371657614106
0.5590	0.0008020873838261864
0.5600	0.0008090620567290228
0.5610	0.0007788384741500651
0.5620	0.0007323406547978225
0.5630	0.0007114166360893131
0.5640	0.0006486445799637855
0.5650	0.0006091214335143794
0.5660	0.0005672733960973608
0.5670	0.0005068262309394453
0.5680	0.0004928768851337725
0.5690	0.0004812524302957118
0.5700	0.0004230976076318619
0.5710	0.0004225977560738253
0.5720	0.00041149175192154217
0.5730	0.0004561273336087275
0.5740	0.0005029390132415979
0.5750	0.0004843073370271542
0.5760	0.000537398547163545
0.5770	0.0005524824397614125
0.5780	0.0006270137944011222
0.5790	0.0006946541722128297
0.5800	0.0007614157412387797
0.5810	0.0009148399459734397
0.5820	0.001081292839690598
0.5830	0.0013294470517915822
0.5840	0.0017040497587300226
0.5850	0.002201422982995157
0.5860	0.0029526487271228923
0.5870	0.0040028019771932944
0.5880	0.005489697619984473
0.5890	0.007762313414189848
0.5900	0.011118846849988255
0.5910	0.016414253331809382
0.5920	0.02488526325965644
0.5930	0.03944733175495245
0.5940	0.0647267895777314
0.5950	0.10748688869601697
0.5960	0.1741382230167377
0.5970	0.2632331573308725
0.5980	0.36482860492281066
0.5990	0.4663268557980658
0.6000	0.5665579318260969
0.6010	0.6721543354318001
0.6020	0.782884805060845
0.6030	0.8819041804650302
0.6040	0.948774440468607
0.6050	0.9833661188682623
0.6060	0.9967830902161525
0.6070	1.0
0.6080	0.9961828428914614
0.6090	0.9939336782724464
0.6100	0.9913279521004016
0.6110	0.9918850633980795
0.6120	0.9902623360005056
0.6130	0.9852719389393985
0.6140	0.9802886560446521
0.6150	0.9757901338406717
0.6160	0.9715573466742893
0.6170	0.9691156206359908
0.6180	0.9687364053453726
0.6190	0.9657283614411644
0.6200	0.963159282525442
0.6210	0.9603052951963117
0.6220	0.9600755448211102
0.6230	0.9573354980734117
0.6240	0.9550357624260691
0.6250	0.950765986244392
0.6260	0.9467117507043222
0.6270	0.9426161018814464
0.6280	0.9367943819325953
0.6290	0.9320348837428274
0.6300	0.928164105349012
0.6310	0.9241310170171836
0.6320	0.9191579613178038
0.6330	0.9142805074599032
0.6340	0.9095700226215147
0.6350	0.9061077345453815
0.6360	0.9045060869342109
0.6370	0.9014965318508738
0.6380	0.9010676057415861
0.6390	0.8993891228088269
0.6400	0.8983088831447446
0.6410	0.8976789237134876
0.6420	0.897945637530183
0.6430	0.8998187463854048
0.6440	0.9001505292505018
0.6450	0.902301051070652
0.6460	0.903269110095765
0.6470	0.9033374642151039
0.6480	0.9015911572381465
0.6490	0.9015648999195582
0.6500	0.9026752027487428
0.6510	0.9017129280523571
0.6520	0.9007418141205127
0.6530	0.9006328720546614
0.6540	0.8984298704706991
0.6550	0.8970691187620288
0.6560	0.8963495719822255
0.6570	0.8959930150789778
0.6580	0.8974177942848963
0.6590	0.899105860418224
0.6600	0.8988033618797551
0.6610	0.8969078852485337
0.6620	0.8956294579290265
0.6630	0.8950373058746847
0.6640	0.8940151977843566
0.6650	0.893711594922678
0.6660	0.8929688341065635
0.6670	0.8916518414956853
0.6680	0.8890289483287356
0.6690	0.8865100056867298
0.6700	0.8846907157325172
0.6710	0.883252777643722
0.6720	0.882664652300536
0.6730	0.8802939377319524
0.6740	0.8786590860279823
0.6750	0.8742982066688484
0.6760	0.8701457165867054
0.6770	0.8668074288952208
0.6780	0.8617211858790829
0.6790	0.8553860718823088
0.6800	0.8445770400026645
0.6810	0.8242878304479708
0.6820	0.7909754488770449
0.6830	0.744684165863692
0.6840	0.6877852144271817
0.6850	0.6236004499296393
0.6860	0.5569133029884534
0.6870	0.4872190560487923
0.6880	0.4129073757068302
0.6890	0.33462775745262513
0.6900	0.2556510996880745
0.6910	0.1840939199409567
0.6920	0.12642333719229584
0.6930	0.08402061566376968
0.6940	0.055449158728671316
0.6950	0.03698028997890761
0.6960	0.02524714183832914
0.6970	0.017737823059234843
0.6980	0.012707484371304078
0.6990	0.009371147263341316
0.7000	0.007096250751096713
0.7010	0.005432670369439915
0.7020	0.004230922603826364
0.7030	0.0033090382382210595
0.7040	0.0025981609768362325
0.7050	0.0020941780875501767
0.7060	0.0016700714772383712
0.7070	0.0013502850495342898
0.7080	0.0010968207864632796
0.7090	0.0009086859595821705
0.7100	0.0007980467233244766
0.7110	0.0006854894520185027
0.7120	0.0006005681596445342
0.7130	0.0005352061749810867
0.7140	0.00047133444542787846
0.7150	0.00043394554888674013
0.7160	0.00035891899247092896
0.7170	0.0003241339738135162
0.7180	0.0003015639322999376
0.7190	0.000270482464953931
0.7200	0.0002529458123852326
0.7210	0.00020573355403864273
0.7220	0.00018733506438825057
0.7230	0.00018878114657010532
0.7240	0.00016297485682961063
0.7250	0.0001571626294105803
0.7260	0.00013228629605713046
0.7270	0.00011391965741299458
0.7280	0.00011833695025145764
0.7290	0.0001294964268959959
0.7300	0.00014553817457251962
0.7310	0.00012112681941259221
0.7320	0.00010485258263930726
0.7330	0.00010624751721987454
0.7340	8.568199669857112e-05
0.7350	0.00010361132335169914
0.7360	0.00010000727737370683
0.7370	8.741357549124863e-05
0.7380	9.211589996234095e-05
0.7390	6.613315099740449e-05
0.7400	5.8654906710983304e-05
0.7410	6.349951450929347e-05
0.7420	7.682625451383974e-05
0.7430	8.327805943806018e-05
0.7440	6.035812183385595e-05
0.7450	6.988087523719525e-05
0.7460	7.25737964449804e-05
0.7470	5.87760335303959e-05
0.7480	5.9221482639790385e-05
0.7490	5.6616442310580985e-05
0.7500	4.5962629451498375e-05
0.7510	3.8089386189679886e-05
0.7520	4.345593201021897e-05
0.7530	6.589554714051454e-05
0.7540	3.95980079385634e-05
0.7550	1.3305374256553922e-05
0.7560	3.4744333065479546e-05
0.7570	2.2693493223958808e-05
0.7580	2.1170968627088974e-05
0.7590	2.3907783776342625e-05
0.7600	3.269889399217439e-05
0.7610	4.3461511748541244e-05
0.7620	2.9657006650150673e-05
0.7630	3.36393123885735e-05
0.7640	2.2412018674510006e-05
0.7650	1.9763479635296585e-05
0.7660	4.03184916494264e-05
0.7670	2.582698127010644e-05
0.7680	4.3282960122228626e-05
0.7690	5.3293940628766486e-05
0.7700	4.565806873474119e-05
0.7710	6.427881796163706e-05
0.7720	2.6057377964996806e-05
0.7730	2.4377876729993797e-05
0.7740	3.964427326881888e-05
0.7750	2.2406927163290935e-05
0.7760	3.6035809997988085e-05
0.7770	3.952314644940629e-05
0.7780	1.676246387648349e-05
0.7790	2.5806289740494695e-05
0.7800	1.97150754053509e-06
0.7810	1.5111791289478873e-05
0.7820	5.091511219070575e-05
0.7830	5.463493773888516e-05
0.7840	6.230707793200521e-05
0.7850	2.76662025145844e-05
0.7860	3.743074457855536e-05
0.7870	4.673030844900391e-05
0.7880	2.8131180708106826e-05
0.7890	4.254550470730207e-05
0.7900	2.975860438543532e-05
0.7910	6.160961064172157e-05
0.7920	5.7424806900019726e-05
0.7930	3.8825679159122646e-05
0.7940	3.998812464292872e-05
0.7950	4.6962797545765116e-05
0.7960	5.9982186964393074e-05
0.7970	8.020873838261864e-05
0.7980	6.439947980285613e-05
0.7990	8.369607483403684e-05
0.8000	5.8819741480587e-05
0.8010	5.951720877087064e-05
0.8020	9.625048605914237e-05
0.8030	9.346061689800782e-05
0.8040	9.48555514785751e-05
0.8050	7.858131470529015e-05
0.8060	7.25365981894986e-05
0.8070	0.0001018302243814115
0.8080	8.625345489841019e-05
0.8090	9.67154642526648e-05
0.8100	0.000117639482961174
0.8110	9.625048605914237e-05
0.8120	0.00010833991909072548
0.8130	0.00011484961380003945
0.8140	0.00010206271347817271
0.8150	0.00010787494089720305
0.8160	9.369310599476902e-05
0.8170	9.276314960772416e-05
0.8180	0.00011531459199356188
0.8190	0.00011275721192918853
0.8200	0.00011508210289680065
0.8210	0.00010322515896197878
0.8220	0.00012926393779923468
0.8230	0.0001534428038624009
0.8240	0.00011019983186481518
0.8250	0.00011089729915509882
0.8260	0.00010717747360691941
0.8270	0.00011949939573526372
0.8280	0.0001380985234761608
0.8290	0.00012740402502514498
0.8300	0.00016785712786159614
0.8310	0.00013763354528263837
0.8320	0.00014274830541138506
0.8330	0.00016622970418426762
0.8340	0.00013716856708911594
0.8350	0.00015274533657211724
0.8360	0.0001815739845705077
0.8370	0.0001897111029571502
0.8380	0.00022760682572922796
0.8390	0.00019622079766646417
0.8400	0.00022760682572922796
0.8410	0.00024411355159927414
0.8420	0.00020459040514986783
0.8430	0.0002627126793401712
0.8440	0.0002673624612753955
0.8450	0.0002673624612753955
0.8460	0.00029293626191912895
0.8470	0.0002882864799839047
0.8480	0.00035105853610943236
0.8490	0.0003929065735264507
0.8500	0.0003650078819151051
0.8510	0.00043940439287869346
0.8520	0.0004696279754576512
0.8530	0.0005138009038422817
0.8540	0.0004998515580366089
0.8550	0.0005300751406155667
0.8560	0.0005068262309394453
0.8570	0.0005579738322269123
0.8580	-7.369904367330466e-05
0.8590	-1.2577660134781648e-05
0.8600	1.715769534097755e-05
0.8610	5.695982870649729e-05
0.8620	3.1851006256286244e-05
0.8630	7.486148915711072e-05
0.8640	0.00011019983186481518
0.8650	0.00011601205928384552
0.8660	7.300157638302102e-05
0.8670	8.97407913498284e-05
0.8680	0.00014925800012069904
0.8690	0.00013577363250854866
0.8700	0.00014623564186280326
0.8710	0.00010438760444578485
0.8720	0.00014902551102393782
0.8730	0.0001364710997988323
0.8740	0.00013926096895996686
0.8750	0.00012484664496077163
0.8760	0.00011903441754174128
0.8770	0.00018738621198953804
0.8780	0.0001641373023134167
0.8790	0.0001999406232146436
0.8800	0.00018041153908670163
0.8810	0.0002266768693421831
0.8820	0.00022039966372963037
0.8830	0.00023248909676121347
0.8840	0.0002145874363106
0.8850	0.00017762166992556707
0.8860	0.0001539077820559233
0.8870	0.00011717450476765157
0.8880	0.00013879599076644443
0.8890	0.00013577363250854866
0.8900	0.00017436682257091009
0.8910	0.00012554411225105527
0.8920	7.300157638302102e-05
0.8930	2.5341311546972264e-06
0.8940	-5.161257948098939e-05
0.8950	-6.39345016093337e-05
0.8960	-8.950830225306718e-05
0.8970	-0.00010276018076845634
0.8980	-0.000100202800704083
0.8990	-9.601799696238117e-05
0.9000	-9.206568231744052e-05
0.9010	-9.253066051096295e-05
0.9020	-8.276611844699199e-05
0.9030	-7.114166360893132e-05
0.9040	-6.416699070609491e-05
0.9050	-3.2548473546569884e-05
0.9060	-2.0063809050492722e-05
0.9070	-5.579738322269123e-06
0.9080	-4.952017761013846e-06
0.9090	-3.766323367531658e-06
0.9100	-1.4135337083081778e-05
0.9110	-1.606499658619985e-05
0.9120	-1.00202800704083e-05
0.9130	-5.114760128746696e-06
0.9140	1.5018795650774389e-05
0.9150	3.231598444980867e-05
0.9160	3.743074457855536e-05
0.9170	2.487633335344984e-05
0.9180	6.207458883524399e-06
0.9190	-2.199346855361079e-05
0.9200	-3.092104986924139e-05
0.9210	-2.464384425668863e-05
0.9220	-2.3481398772882558e-05
0.9230	-1.2368419947696555e-05
0.9240	-6.532943618990099e-06
0.9250	5.277502496479545e-06
0.9260	8.369607483403684e-06
0.9270	6.788681625427433e-06
0.9280	-3.766323367531658e-06
0.9290	-9.113572593039566e-06
0.9300	-8.695092218869384e-06
0.9310	-8.392856393079807e-06
0.9320	3.1851006256286245e-06
0.9330	1.1833695025145765e-05
0.9340	1.569301403138191e-05
0.9350	3.092104986924139e-06
0.9360	-7.60239346409168e-06
0.9370	-1.8296891915107497e-05
0.9380	-2.194697073425855e-05
0.9390	-2.176097945684958e-05
0.9400	-2.6503757030778332e-05
0.9410	-2.487633335344984e-05
0.9420	-2.743371341782319e-05
0.9430	-2.441135515992741e-05
0.9440	-2.6038778837255905e-05
0.9450	-2.487633335344984e-05
0.9460	-2.557380064373348e-05
0.9470	-2.6503757030778332e-05
0.9480	-2.487633335344984e-05
0.9490	-2.5108822450211052e-05
0.9500	-2.301642057936013e-05
0.9510	-2.487633335344984e-05
0.9520	-2.2876927121303407e-05
0.9530	-2.557380064373348e-05
0.9540	-2.315591403741686e-05
0.9550	-2.2063215282639157e-05
0.9560	-2.1365747992355517e-05
0.9570	-2.0435791605310663e-05
0.9580	-2.122625453429879e-05
0.9590	-1.9970813411788236e-05
0.9600	-1.9598830856970295e-05
0.9610	-1.9715075405350902e-05
0.9620	-2.085427197948085e-05
0.9630	-1.9296595031180717e-05
0.9640	-1.7715669173204464e-05
0.9650	-1.7692420263528343e-05
0.9660	-1.762267353449998e-05
0.9670	-1.792490936028956e-05
0.9680	-1.743668225709101e-05
0.9690	-1.6669468237779004e-05
0.9700	-1.6460228050693914e-05
0.9710	-1.6367232411989428e-05
0.9720	-1.727393988935816e-05
0.9730	-1.606499658619985e-05
0.9740	-1.5228035837859482e-05
0.9750	-1.5065293470126632e-05
0.9760	-1.4344577270166871e-05
0.9770	-1.4135337083081778e-05
0.9780	-1.3740105618587715e-05
0.9790	-1.2717153592838376e-05
0.9800	-1.243816667672492e-05
0.9810	-1.2461415586401042e-05
0.9820	-1.1484961380003945e-05
0.9830	-1.1670952657412915e-05
0.9840	-1.1461712470327824e-05
0.9850	-1.0648000631663577e-05
0.9860	-1.0415511534902364e-05
0.9870	-1.0322515896197878e-05
0.9880	-9.857537702675451e-06
0.9890	-9.648297515590358e-06
0.9900	-1.0066777889760542e-05
0.9910	-8.81133676724999e-06
0.9920	-8.718341128545505e-06
0.9930	-8.578847670488776e-06
0.9940	-8.323109664051441e-06
0.9950	-8.485852031784291e-06
0.9960	-8.462603122108169e-06
;; Skysat11 Band: NIR
0.3500	0.0
0.3510	0.0
0.3520	0.0
0.3530	0.0
0.3540	0.0
0.3550	0.0
0.3560	0.0
0.3570	0.0
0.3580	0.0
0.3590	0.0
0.3600	0.0
0.3610	0.0
0.3620	0.0
0.3630	0.0
0.3640	0.0
0.3650	0.0
0.3660	0.0
0.3670	0.0
0.3680	0.0
0.3690	0.0
0.3700	0.0
0.3710	0.0
0.3720	0.0
0.3730	0.0
0.3740	0.0
0.3750	0.0
0.3760	0.0
0.3770	0.0
0.3780	0.0
0.3790	0.0
0.3800	0.0
0.3810	0.0
0.3820	0.0
0.3830	0.0
0.3840	0.0
0.3850	0.0
0.3860	0.0
0.3870	0.0
0.3880	0.0
0.3890	0.0
0.3900	0.0
0.3910	0.0
0.3920	0.0
0.3930	0.0
0.3940	0.0
0.3950	0.0
0.3960	0.0
0.3970	4.976859494556919e-05
0.3980	3.8487713424573506e-05
0.3990	4.71142698818055e-05
0.4000	2.312580711804115e-05
0.4010	1.5461443496423495e-05
0.4020	1.3238446255521403e-05
0.4030	2.5282446232349147e-05
0.4040	5.14275481104215e-05
0.4050	8.095691444479254e-05
0.4060	7.10031954556787e-05
0.4070	8.327944887558578e-05
0.4080	0.0001018597243219316
0.4090	0.00012475327799689343
0.4100	9.92053992581679e-05
0.4110	0.00011513134964075006
0.4120	9.32331678646996e-05
0.4130	3.185190076516428e-05
0.4140	-4.147382912130766e-06
0.4150	-1.8580275446345828e-05
0.4160	3.649696962675074e-06
0.4170	-9.389674913064052e-07
0.4180	2.8733068815241944e-05
0.4190	9.256958659875869e-05
0.4200	5.972231393468303e-05
0.4210	9.854181799222699e-05
0.4220	7.332572988647193e-05
0.4230	4.578710734992365e-05
0.4240	3.21505123348377e-05
0.4250	7.863438001399933e-06
0.4260	7.199856735459009e-05
0.4270	3.317906329704613e-05
0.4280	2.896532225832127e-06
0.4290	4.28009916531895e-05
0.4300	5.30865012752738e-05
0.4310	5.441366380715564e-05
0.4320	0.00011513134964075006
0.4330	4.28009916531895e-05
0.4340	6.735349849300363e-05
0.4350	0.00021898181776050445
0.4360	0.00015527801623017585
0.4370	6.901245165785594e-05
0.4380	0.00016655889775117155
0.4390	0.0001585959225598805
0.4400	6.237663899844671e-05
0.4410	7.863438001399933e-06
0.4420	5.640440760497841e-06
0.4430	-2.614510187807235e-05
0.4440	-3.5833388360809813e-05
0.4450	-7.896617064696978e-06
0.4460	-2.8666710688647854e-05
0.4470	-8.327944887558577e-06
0.4480	-5.076396684448057e-06
0.4490	2.8898964131727173e-05
0.4500	-6.038589520062394e-06
0.4510	2.6277818131260532e-05
0.4520	0.00020969168003733154
0.4530	0.0002843445724556853
0.4540	0.0002004015423141586
0.4550	0.00021632749269674074
0.4560	0.00026510071574339857
0.4570	6.569454532815133e-05
0.4580	-1.3636595015085955e-05
0.4590	-1.6456815395334877e-05
0.4600	-4.512352608398273e-05
0.4610	-6.50309640622104e-05
0.4620	-3.228322858802588e-05
0.4630	-3.9151294690514426e-07
0.4640	2.0869630813842013e-06
0.4650	7.10031954556787e-05
0.4660	0.00012541685926283435
0.4670	0.0001376931126827414
0.4680	9.621928356143377e-05
0.4690	6.536275469518086e-05
0.4700	8.792451773717223e-05
0.4710	5.14275481104215e-05
0.4720	4.844143241368734e-05
0.4730	4.3132782286159956e-05
0.4740	4.6782479248835035e-05
0.4750	8.195228634370393e-05
0.4760	7.067140482270825e-05
0.4770	0.0001147995590077796
0.4780	0.0001705403853468171
0.4790	0.00015594159749611678
0.4800	0.0001376931126827414
0.4810	0.00010484584001866577
0.4820	0.00010053256179004976
0.4830	0.00010351867748678391
0.4840	8.062512381182209e-05
0.4850	5.4081873174185184e-05
0.4860	3.3842644562987046e-06
0.4870	-3.8487713424573506e-05
0.4880	-5.275471064230334e-05
0.4890	-4.611889798289411e-05
0.4900	-2.8932143195024218e-05
0.4910	-5.076396684448057e-05
0.4920	-6.668991722706272e-05
0.4930	-5.14275481104215e-05
0.4940	-5.806336076983071e-05
0.4950	-3.516980709486889e-05
0.4960	-1.0285509622084298e-05
0.4970	-2.030558673779223e-05
0.4980	2.1300958636703614e-05
0.4990	-2.4187537143546622e-05
0.5000	-4.686575869771062e-05
0.5010	-1.6708345874189786e-05
0.5020	-4.655188475892057e-05
0.5030	-6.143733971650734e-05
0.5040	-4.979746073063762e-05
0.5050	-2.64107334588285e-05
0.5060	-2.339850583927957e-05
0.5070	-5.373382480019917e-05
0.5080	-5.987659657901429e-05
0.5090	-4.305779760310864e-05
0.5100	-3.7160550892691656e-05
0.5110	-1.788351511710786e-05
0.5120	5.010038557853965e-05
0.5130	8.692914583826084e-05
0.5140	7.432110178538331e-05
0.5150	7.199856735459009e-05
0.5160	8.659735520529039e-05
0.5170	0.00011911283723639558
0.5180	0.00012276253419907067
0.5190	6.76852891259741e-05
0.5200	4.545531671695319e-05
0.5210	3.0591096359876525e-05
0.5220	2.345759775101161e-06
0.5230	1.284029749595685e-05
0.5240	1.695450134479057e-05
0.5250	2.3490776814308656e-05
0.5260	1.2298118422619819e-05
0.5270	1.8511097099371488e-05
0.5280	4.47363264153062e-05
0.5290	4.236700950526414e-05
0.5300	2.5500001350387877e-05
0.5310	3.9420708684486446e-05
0.5320	6.638898312295849e-05
0.5330	0.00010939833929365346
0.5340	7.774219500194175e-05
0.5350	8.626556457231991e-05
0.5360	9.389674913064053e-05
0.5370	7.332572988647193e-05
0.5380	0.0001181174653374842
0.5390	0.00013636595015085957
0.5400	3.981487595645535e-05
0.5410	4.578710734992365e-05
0.5420	7.133498608864918e-05
0.5430	4.844143241368734e-05
0.5440	4.412815418507134e-05
0.5450	4.645068861586458e-05
0.5460	6.569454532815133e-05
0.5470	4.910501367962827e-05
0.5480	0.00011314060584292729
0.5490	0.00011015449014619314
0.5500	0.00012641223116174573
0.5510	0.00015361906306532355
0.5520	0.00022661300231882506
0.5530	0.00014710700831201232
0.5540	0.00013078058663543483
0.5550	0.00016609173653994911
0.5560	0.0001800392193781284
0.5570	0.00013075603412859502
0.5580	0.00014839800566490038
0.5590	0.000282685619290833
0.5600	0.00032946809853966804
0.5610	0.00038155922791603046
0.5620	0.000368287602597212
0.5630	0.0003384264456298705
0.5640	0.0003948308532348489
0.5650	0.00041473829121307655
0.5660	0.000274059062833601
0.5670	0.00016324099142146694
0.5680	0.00010318688685381343
0.5690	5.2422920009332884e-05
0.5700	6.204484836547625e-05
0.5710	9.688286482737468e-06
0.5720	5.939052330171257e-05
0.5730	7.067140482270825e-05
0.5740	2.491747653608164e-05
0.5750	2.3059448991447057e-05
0.5760	4.545531671695319e-05
0.5770	0.00015295548179938265
0.5780	0.00023656672130793887
0.5790	0.00017651261674028537
0.5800	0.00018878887016019245
0.5810	0.00013669774078383003
0.5820	0.0001393520658475937
0.5830	0.00033510853930016586
0.5840	0.0002468522309300232
0.5850	4.578710734992365e-05
0.5860	2.5647415928616656e-05
0.5870	2.8268561929083297e-05
0.5880	-2.853399443545967e-05
0.5890	-1.1081807141213406e-05
0.5900	4.28009916531895e-05
0.5910	5.2422920009332876e-06
0.5920	-9.920539925816792e-06
0.5930	2.6277818131260532e-05
0.5940	1.4233818154432787e-05
0.5950	5.1759338743391956e-05
0.5960	6.304022026438764e-05
0.5970	-2.4519327776517086e-05
0.5980	3.483801646189843e-05
0.5990	1.1546314027372053e-05
0.6000	3.6963135466074233e-06
0.6010	7.136750157068026e-05
0.6020	6.020838721198475e-05
0.6030	6.52409875328807e-05
0.6040	-1.0392777533723648e-06
0.6050	3.555932929797621e-05
0.6060	7.860352348513307e-05
0.6070	1.368304570370182e-05
0.6080	5.73997795038898e-05
0.6090	4.8109641780716884e-05
0.6100	-2.9628903524262188e-05
0.6110	4.445994481804181e-06
0.6120	6.93442422908264e-05
0.6130	8.593377393934946e-05
0.6140	-3.225004952472883e-05
0.6150	1.4466071597512109e-05
0.6160	6.436738279626948e-05
0.6170	-1.2665112041748446e-05
0.6180	2.3191800274938975e-06
0.6190	1.6250607516943736e-05
0.6200	1.1453412650140322e-05
0.6210	4.358368575636682e-05
0.6220	3.740308984539307e-05
0.6230	2.6025259101443414e-05
0.6240	4.64291222247215e-05
0.6250	2.1643499286182317e-05
0.6260	4.4088671099747865e-05
0.6270	-8.997398847703077e-06
0.6280	-3.0016169551065315e-05
0.6290	4.541152035340109e-05
0.6300	1.0521678194632673e-05
0.6310	6.541351866202535e-06
0.6320	6.258566709721811e-06
0.6330	1.575026724242428e-05
0.6340	1.768998164089619e-05
0.6350	8.012113384033996e-06
0.6360	1.9673824193553175e-05
0.6370	3.954181226552066e-05
0.6380	2.1470835440784487e-05
0.6390	4.90618808973421e-05
0.6400	2.8776798820667454e-05
0.6410	4.22585139682828e-05
0.6420	1.3726211665051279e-05
0.6430	2.5269970904549456e-06
0.6440	8.790925536805559e-05
0.6450	2.800837171470786e-05
0.6460	-2.5559358694626295e-05
0.6470	1.542826443312645e-05
0.6480	-6.834887039191502e-06
0.6490	2.458568590311118e-05
0.6500	3.3510853930016585e-05
0.6510	-3.483801646189843e-05
0.6520	1.5560980686314633e-05
0.6530	-9.223779596578822e-06
0.6540	4.8109641780716884e-05
0.6550	6.834887039191501e-05
0.6560	-1.5627338812908723e-05
0.6570	3.7160550892691662e-06
0.6580	2.9330291954588776e-05
0.6590	3.6496969626750735e-05
0.6600	4.545531671695319e-05
0.6610	5.209112937636241e-05
0.6620	2.7870413169518742e-05
0.6630	-5.839515140280118e-06
0.6640	1.3105730002333221e-05
0.6650	7.299393925350148e-06
0.6660	7.863438001399933e-06
0.6670	5.773157013686026e-06
0.6680	2.763815972643942e-05
0.6690	1.9044782332504476e-05
0.6700	1.907796139580152e-05
0.6710	2.9628903524262188e-05
0.6720	5.3418291908244256e-05
0.6730	7.000782355676733e-05
0.6740	3.550159772783935e-05
0.6750	2.840127818227148e-05
0.6760	-3.7492341525662126e-07
0.6770	-2.78372341062217e-06
0.6780	3.516980709486889e-05
0.6790	5.275471064230334e-05
0.6800	6.635812659409226e-05
0.6810	7.166677672161963e-05
0.6820	7.266214862053102e-05
0.6830	9.58874929284633e-05
0.6840	7.797079874805839e-05
0.6850	0.00010484584001866577
0.6860	8.361123950855623e-05
0.6870	0.00010152793368896114
0.6880	0.0001393520658475937
0.6890	0.00011181344331104543
0.6900	0.00011679030280560237
0.6910	9.821002735925654e-05
0.6920	6.635812659409226e-05
0.6930	0.00012309432483204112
0.6940	0.00011214523394401591
0.6950	6.901245165785594e-05
0.6960	5.5740826339037485e-05
0.6970	7.233035798756056e-05
0.6980	4.1805619754278113e-05
0.6990	5.076396684448057e-05
0.7000	4.114203848833719e-05
0.7010	8.361123950855623e-05
0.7020	9.986898052410883e-05
0.7030	9.555570229549284e-05
0.7040	8.527019267340855e-05
0.7050	4.213741038724858e-05
0.7060	7.36575205194424e-05
0.7070	0.00011181344331104543
0.7080	9.489212102955191e-05
0.7090	0.00011081807141213405
0.7100	0.0001489739942037371
0.7110	0.0001808258949689014
0.7120	0.00017385829167652168
0.7130	0.00018016231370296046
0.7140	0.00020969168003733154
0.7150	0.00025912848434993024
0.7160	0.0003384264456298705
0.7170	0.0003749234152566212
0.7180	0.0004081024785536674
0.7190	0.000514275481104215
0.7200	0.0006304022026438764
0.7210	0.0007863438001399931
0.7220	0.00102855096220843
0.7230	0.001321084127485826
0.7240	0.001704703775232603
0.7250	0.002203809788597409
0.7260	0.002909893434621847
0.7270	0.003905076212872438
0.7280	0.0052721332504626515
0.7290	0.007232823452750954
0.7300	0.010084968727704292
0.7310	0.014370310185024176
0.7320	0.02100041936345264
0.7330	0.031256903940964684
0.7340	0.047191517376973684
0.7350	0.0714836017489693
0.7360	0.10669647858590409
0.7370	0.15453005728836422
0.7380	0.21405153835291021
0.7390	0.2827552621446935
0.7400	0.3582141536402844
0.7410	0.4378042366651172
0.7420	0.5218336385442187
0.7430	0.6099491548771668
0.7440	0.7003191719716173
0.7450	0.7887221185299077
0.7460	0.8671439169674566
0.7470	0.9295137741653653
0.7480	0.9700554740003121
0.7490	0.9922310227918069
0.7500	1.0
0.7510	0.998473975434341
0.7520	0.9923150189084496
0.7530	0.9859751568578374
0.7540	0.9813144672932508
0.7550	0.9772591131489871
0.7560	0.973818762804091
0.7570	0.9696072215372626
0.7580	0.9681273225053992
0.7590	0.9654281227585263
0.7600	0.9628692903568379
0.7610	0.9584727028181892
0.7620	0.9550705382572418
0.7630	0.9520422154740874
0.7640	0.9487155299642345
0.7650	0.9459132495035102
0.7660	0.9437201233732945
0.7670	0.9419821940840762
0.7680	0.9382795997407867
0.7690	0.9343342507808843
0.7700	0.9305541003771378
0.7710	0.9246736356369366
0.7720	0.9210090147315905
0.7730	0.9164191757387683
0.7740	0.9133590375518185
0.7750	0.9088217508773523
0.7760	0.9057711317636625
0.7770	0.9013295998658717
0.7780	0.8979541477687848
0.7790	0.8954823407322181
0.7800	0.8925428681626669
0.7810	0.8892825706405649
0.7820	0.8865946053245244
0.7830	0.8850411947600201
0.7840	0.8796512393378833
0.7850	0.878794652142837
0.7860	0.8761706394713015
0.7870	0.8731648917228145
0.7880	0.8704615512288422
0.7890	0.8655234216548718
0.7900	0.8623341638251952
0.7910	0.8587807790474589
0.7920	0.8551934753133137
0.7930	0.8500114895778292
0.7940	0.8473641652964213
0.7950	0.842984880639282
0.7960	0.8403833169219734
0.7970	0.8368836390939959
0.7980	0.8328673732042023
0.7990	0.8291863917027444
0.8000	0.8260833762122959
0.8010	0.8223590296751088
0.8020	0.8164660862892015
0.8030	0.813692664977733
0.8040	0.8101636104071123
0.8050	0.8042782517550746
0.8060	0.7998887413106273
0.8070	0.7957785687179842
0.8080	0.7882024182719545
0.8090	0.7807264652791754
0.8100	0.7743616459371512
0.8110	0.7658796506587043
0.8120	0.758194911774316
0.8130	0.7511740195883749
0.8140	0.7448397382562092
0.8150	0.73773644586657
0.8160	0.7315250664206692
0.8170	0.7231822108620649
0.8180	0.7227518518678516
0.8190	0.7227576880650856
0.8200	0.7216884330280242
0.8210	0.7222445473079461
0.8220	0.7219227070760583
0.8230	0.7209460448509403
0.8240	0.7181016137082035
0.8250	0.7167813026528924
0.8260	0.7151350935662526
0.8270	0.7156244615245396
0.8280	0.7104978881426675
0.8290	0.7030820655663017
0.8300	0.696365823539554
0.8310	0.6893244830969031
0.8320	0.6824882954384303
0.8330	0.6766417894695135
0.8340	0.6709186863907174
0.8350	0.6633955361803983
0.8360	0.6551772713223807
0.8370	0.6491699232083189
0.8380	0.6448850628474168
0.8390	0.6392418881321033
0.8400	0.6327853087726247
0.8410	0.6271866205453799
0.8420	0.6214842212020811
0.8430	0.6168743121938705
0.8440	0.6094373313288401
0.8450	0.603745937480837
0.8460	0.59724076738316
0.8470	0.5923770518123523
0.8480	0.5855998266672647
0.8490	0.5789047926977766
0.8500	0.5723406932657776
0.8510	0.5640149083352397
0.8520	0.5550511663293451
0.8530	0.5479019740235407
0.8540	0.540847816508738
0.8550	0.5321924971215338
0.8560	0.5247980617693693
0.8570	0.5164634147110246
0.8580	0.5080357999173217
0.8590	0.5021205004785649
0.8600	0.49561259642607214
0.8610	0.4892683348316667
0.8620	0.483272340593065
0.8630	0.47554660897597323
0.8640	0.4698833410199269
0.8650	0.4632715267770005
0.8660	0.45639839091364015
0.8670	0.4487908962065137
0.8680	0.4406703337361869
0.8690	0.4328372280344531
0.8700	0.4247595295959999
0.8710	0.4168890244541177
0.8720	0.4088838720375634
0.8730	0.401814823759153
0.8740	0.3935727927380958
0.8750	0.38565196159300463
0.8760	0.3785195711648538
0.8770	0.37193195109488353
0.8780	0.36561131962935833
0.8790	0.36007160055131127
0.8800	0.35272511889933
0.8810	0.3442207310710641
0.8820	0.3331153468874718
0.8830	0.31851705672272096
0.8840	0.30009057287056956
0.8850	0.2775216099718428
0.8860	0.2532931763148762
0.8870	0.22838197393966403
0.8880	0.20611775078360156
0.8890	0.18549702266680135
0.8900	0.1663712966914774
0.8910	0.1431939923492929
0.8920	0.1182243815510526
0.8930	0.08957940646677065
0.8940	0.06390101456465987
0.8950	0.04303385559103349
0.8960	0.028629128763651288
0.8970	0.018522530604583653
0.8980	0.012192293800233891
0.8990	0.008015331753173809
0.9000	0.005392652879982841
0.9010	0.0036627595598951205
0.9020	0.002533294476668725
0.9030	0.0017403115459629932
0.9040	0.0012412221221298361
0.9050	0.0008660598176174761
0.9060	0.0006252528120201748
0.9070	0.00044090993634178657
0.9080	0.0003046279292210685
0.9090	0.0002189552745098668
0.9100	0.00014007503763683636
0.9110	8.539693669520326e-05
0.9120	5.882747459756169e-05
0.9130	2.2160794062046563e-05
0.9140	8.792451773717223e-06
0.9150	-1.2442148736392298e-05
0.9160	-1.9907437978227675e-05
0.9170	-3.1619647322084956e-05
0.9180	-3.1387393879005634e-05
0.9190	-4.512352608398273e-05
0.9200	-5.1759338743391956e-05
0.9210	-4.213741038724858e-05
0.9220	-5.30865012752738e-05
0.9230	-4.3796363552100885e-05
0.9240	-4.777785114774642e-05
0.9250	-4.4459944818041806e-05
0.9260	-5.010038557853965e-05
0.9270	-4.3796363552100885e-05
0.9280	-5.1095757477451034e-05
0.9290	-4.777785114774642e-05
0.9300	-4.28009916531895e-05
0.9310	-4.7446060514775956e-05
0.9320	-3.68287602597212e-05
0.9330	-4.2469201020219035e-05
0.9340	-3.8487713424573506e-05
0.9350	-4.0146666589425806e-05
0.9360	-3.749234152566212e-05
0.9370	-3.8819504057543963e-05
0.9380	-3.8487713424573506e-05
0.9390	-3.384264456298705e-05
0.9400	-3.782413215863258e-05
0.9410	-3.238276577791702e-05
0.9420	-3.5833388360809813e-05
0.9430	-3.0425201043391296e-05
0.9440	-3.450622582892797e-05
0.9450	-3.3510853930016585e-05
0.9460	-3.29468098539668e-05
0.9470	-3.274773547418453e-05
0.9480	-3.0027052283826742e-05
0.9490	-3.1652826385382e-05
0.9500	-2.8202203802489206e-05
0.9510	-2.936347101788582e-05
0.9520	-2.793677129611284e-05
0.9530	-3.128785668911449e-05
0.9540	-2.7604980663142375e-05
0.9550	-2.6310997194557577e-05
0.9560	-2.5581057802022566e-05
0.9570	-2.5182909042458008e-05
0.9580	-2.6510071574339854e-05
0.9590	-2.644371344774576e-05
0.9600	-2.6875041270607363e-05
0.9610	-2.475158121959641e-05
0.9620	-2.5017013725972776e-05
0.9630	-2.5017013725972776e-05
0.9640	-2.3258523371229334e-05
0.9650	-2.2959911801555918e-05
0.9660	-2.3358060561120472e-05
0.9670	-2.3059448991447057e-05
0.9680	-2.2561763041991364e-05
0.9690	-2.086963081384201e-05
0.9700	-2.0239228611198135e-05
0.9710	-2.0604198307465644e-05
0.9720	-2.193136083934749e-05
0.9730	-2.0172870484604045e-05
0.9740	-1.9575647345257214e-05
0.9750	-1.9642005471851307e-05
0.9760	-1.831484293996946e-05
0.9770	-1.765126167402854e-05
0.9780	-1.7485366357543307e-05
0.9790	-1.662271071182011e-05
0.9800	-1.5726876002799865e-05
0.9810	-1.6655889775117154e-05
0.9820	-1.619138288895851e-05
0.9830	-1.5229190053344172e-05
0.9840	-1.5129652863453034e-05
0.9850	-1.4432892534215064e-05
0.9860	-1.3736132204977096e-05
0.9870	-1.2906655622550942e-05
0.9880	-1.2209895293312974e-05
0.9890	-1.2043999976827744e-05
0.9900	-1.2973013749145034e-05
0.9910	-1.1745388407154328e-05
0.9920	-1.1015449014619313e-05
0.9930	-1.0650479318351807e-05
0.9940	-1.0119614305599068e-05
0.9950	-9.4228539763611e-06
0.9960	-9.15742146998473e-06
;; Skysat11 Band: PAN
0.3500	0.0
0.3510	0.0
0.3520	0.0
0.3530	0.0
0.3540	0.0
0.3550	0.0
0.3560	0.0
0.3570	0.0
0.3580	0.0
0.3590	0.0
0.3600	0.0
0.3610	0.0
0.3620	0.0
0.3630	0.0
0.3640	0.0
0.3650	0.0
0.3660	0.0
0.3670	0.0
0.3680	0.0
0.3690	0.0
0.3700	0.0
0.3710	0.0
0.3720	0.0
0.3730	0.0
0.3740	0.0
0.3750	0.0
0.3760	0.0
0.3770	0.0
0.3780	0.0
0.3790	0.0
0.3800	0.0
0.3810	0.0
0.3820	0.0
0.3830	0.0
0.3840	0.0
0.3850	0.0
0.3860	0.0
0.3870	0.0
0.3880	0.0
0.3890	0.0
0.3900	0.0
0.3910	0.0
0.3920	0.0
0.3930	0.0
0.3940	0.0
0.3950	0.0
0.3960	0.0
0.3970	1.1112705278733711e-05
0.3980	1.3353538853457791e-05
0.3990	7.042619806275685e-06
0.4000	1.9047085385154692e-05
0.4010	3.681369444189562e-05
0.4020	8.917603001452978e-05
0.4030	9.237722083556418e-05
0.4040	0.00012507509850755844
0.4050	0.00019595860954474875
0.4060	0.00012278853363539098
0.4070	0.00014542552586984856
0.4080	0.000228656487216743
0.4090	0.0002903937387652636
0.4100	0.00027896091440442644
0.4110	0.00028810717389309617
0.4120	0.0002629549602992545
0.4130	0.00017972399895236
0.4140	0.00011204167873620407
0.4150	7.82005186281261e-05
0.4160	7.591395375595868e-05
0.4170	0.00010426735817083481
0.4180	0.00014862671669088295
0.4190	0.00020510486903341848
0.4200	0.0002560952656827522
0.4210	0.0002560952656827522
0.4220	0.00027667434953225907
0.4230	0.00026752809004358934
0.4240	0.0002698146549157567
0.4250	0.00022408335747240815
0.4260	0.00026752809004358934
0.4270	0.00043673389058397914
0.4280	0.0007042619806275685
0.4290	0.0009489244219494835
0.4300	0.0009374915975886464
0.4310	0.0009420647273329812
0.4320	0.0011239220913110736
0.4330	0.000991445382312309
0.4340	0.0007069944256498085
0.4350	0.0006445734912045099
0.4360	0.000735393561362128
0.4370	0.0013086765329822017
0.4380	0.0028389806527641037
0.4390	0.008355661391598854
0.4400	0.03132074824643397
0.4410	0.10287391181834675
0.4420	0.22936839775686796
0.4430	0.3467714857576974
0.4440	0.4396035752298467
0.4450	0.6022907954744939
0.4460	0.7702415165625052
0.4470	0.8146286454129258
0.4480	0.8281968035318501
0.4490	0.8431022614028264
0.4500	0.8475350143565291
0.4510	0.846942270431282
0.4520	0.8484450488831329
0.4530	0.8516724094391291
0.4540	0.8514789248927761
0.4550	0.8491559144631111
0.4560	0.8494402190796219
0.4570	0.852292756775513
0.4580	0.8551348951743657
0.4590	0.8575904623427998
0.4600	0.859379642191149
0.4610	0.8609063929891196
0.4620	0.8633336982157338
0.4630	0.8650884195314594
0.4640	0.8658886257741232
0.4650	0.8630922415383626
0.4660	0.8582546614203022
0.4670	0.8524660875390828
0.4680	0.8500589955459387
0.4690	0.8504957477290416
0.4700	0.8529128480166313
0.4710	0.8556437290284988
0.4720	0.8567219426880152
0.4730	0.856172003257175
0.4740	0.8582555348880833
0.4750	0.860508949142734
0.4760	0.867724318925102
0.4770	0.8750207062740206
0.4780	0.8803138158459143
0.4790	0.8850476750948084
0.4800	0.8899235803266913
0.4810	0.8899985110575522
0.4820	0.8881603072583438
0.4830	0.8849031321829792
0.4840	0.8838021123254278
0.4850	0.883504195788233
0.4860	0.8868468335122597
0.4870	0.8925984039141527
0.4880	0.8986546225002241
0.4890	0.9030811948690775
0.4900	0.9066098560782793
0.4910	0.9111030109296453
0.4920	0.9131612531530673
0.4930	0.917207947066883
0.4940	0.9188257717437119
0.4950	0.9203685627942608
0.4960	0.9200454231599612
0.4970	0.9192934062719784
0.4980	0.9187892621623981
0.4990	0.9185031557327681
0.5000	0.920013642194803
0.5010	0.9210809832383523
0.5020	0.9231664470165775
0.5030	0.9245586471912102
0.5040	0.9219249657654935
0.5050	0.918096709680481
0.5060	0.9131466351438395
0.5070	0.9088999628394336
0.5080	0.9088767107612487
0.5090	0.9123753859587168
0.5100	0.918707446584707
0.5110	0.9260695383752273
0.5120	0.932554705098493
0.5130	0.9390134231258823
0.5140	0.9441672031538554
0.5150	0.9484233601293508
0.5160	0.9525091062846183
0.5170	0.9546937429544792
0.5180	0.9557464362634573
0.5190	0.9570807703408701
0.5200	0.9598296877764493
0.5210	0.9612097119931378
0.5220	0.9643704511950186
0.5230	0.9687752508931592
0.5240	0.9732643562381365
0.5250	0.976866610537749
0.5260	0.9799639524419842
0.5270	0.9827824889182263
0.5280	0.9862057897912484
0.5290	0.989028679887007
0.5300	0.992366465520375
0.5310	0.9954640315079676
0.5320	0.9977258283094398
0.5330	1.0
0.5340	0.99947224024842
0.5350	0.9978445741963812
0.5360	0.9949897933803504
0.5370	0.9909878909858155
0.5380	0.983594374934257
0.5390	0.9749446132822351
0.5400	0.9641488670529516
0.5410	0.9514101306160626
0.5420	0.9375536595324068
0.5430	0.9243664476943152
0.5440	0.9142492761758853
0.5450	0.9101599812719362
0.5460	0.912462654993628
0.5470	0.9191023271918709
0.5480	0.927680178665228
0.5490	0.9352507891661359
0.5500	0.9409103184722295
0.5510	0.9453834498750099
0.5520	0.9459320402325754
0.5530	0.9465356384812706
0.5540	0.9455839335964367
0.5550	0.9447932326039467
0.5560	0.9454075502687626
0.5570	0.9460029740480399
0.5580	0.9503419275375565
0.5590	0.9552326199844677
0.5600	0.9618867890040002
0.5610	0.9668945855842744
0.5620	0.9727327093262738
0.5630	0.9781797390125373
0.5640	0.9819216704139311
0.5650	0.9846880892170419
0.5660	0.9853179806752023
0.5670	0.9854143296592208
0.5680	0.983719370002994
0.5690	0.9826493994098418
0.5700	0.980051136873995
0.5710	0.9775947739809854
0.5720	0.9748272576267359
0.5730	0.9728379439013856
0.5740	0.9709584264480666
0.5750	0.9698088719645387
0.5760	0.9690832397486157
0.5770	0.9671983625872366
0.5780	0.965435000342859
0.5790	0.9635984908882208
0.5800	0.9622896474360029
0.5810	0.9593651355376306
0.5820	0.9580084662945464
0.5830	0.9578329129899209
0.5840	0.9559612315944189
0.5850	0.9546144746100558
0.5860	0.9544046960024236
0.5870	0.9533318374778378
0.5880	0.9511054367005868
0.5890	0.9506854701902104
0.5900	0.9498971335057982
0.5910	0.9493896784502829
0.5920	0.9484637019933905
0.5930	0.949193918771882
0.5940	0.9516963422276766
0.5950	0.9526434762693312
0.5960	0.9562653584418065
0.5970	0.9590930846222698
0.5980	0.9632418439322845
0.5990	0.965922372499102
0.6000	0.9701278020329085
0.6010	0.9732788782116397
0.6020	0.975016038709147
0.6030	0.9777362528958858
0.6040	0.9791681043919669
0.6050	0.9801628698664735
0.6060	0.9813664833167094
0.6070	0.9831630441964659
0.6080	0.9814529360479612
0.6090	0.9807253716847213
0.6100	0.9780466906623205
0.6110	0.977740400724564
0.6120	0.9759599075361641
0.6130	0.9726272003633774
0.6140	0.9698938727270965
0.6150	0.9669124893872236
0.6160	0.9626298196920353
0.6170	0.9592683109481187
0.6180	0.9573214244339711
0.6190	0.9535866591268868
0.6200	0.9505949016421887
0.6210	0.9470778058781103
0.6220	0.9456643703755097
0.6230	0.9416889601215839
0.6240	0.9386610566193866
0.6250	0.9346298381766257
0.6260	0.9311409700558942
0.6270	0.9275772123624694
0.6280	0.92125569280054
0.6290	0.915253325103773
0.6300	0.9098160064585215
0.6310	0.9046378585087057
0.6320	0.8994632570210067
0.6330	0.8953482565547647
0.6340	0.8917776757517613
0.6350	0.8888859280414422
0.6360	0.8871341609675314
0.6370	0.8840348823428494
0.6380	0.8838167463406096
0.6390	0.8827319999652534
0.6400	0.882483553259068
0.6410	0.8824608133714142
0.6420	0.8827166914134342
0.6430	0.8839396286234047
0.6440	0.8837030629082953
0.6450	0.8854195002683662
0.6460	0.8866401486268997
0.6470	0.8872792526549299
0.6480	0.8861663243675243
0.6490	0.8864836515539187
0.6500	0.8873461964146924
0.6510	0.8862478243992629
0.6520	0.8853612248760341
0.6530	0.8856202057865855
0.6540	0.8839826183295664
0.6550	0.8827710110485374
0.6560	0.8812301292796569
0.6570	0.8798527117469227
0.6580	0.8800471063460948
0.6590	0.8810200579917211
0.6600	0.8810425143453307
0.6610	0.8805961928882376
0.6620	0.8805632640675136
0.6630	0.8811100914835628
0.6640	0.8805616383198895
0.6650	0.8802977984589847
0.6660	0.8795928710879795
0.6670	0.8784020509682032
0.6680	0.8761723918360095
0.6690	0.8736758448519364
0.6700	0.8712354513279937
0.6710	0.8685308109345994
0.6720	0.8663136158675236
0.6730	0.8628706688291199
0.6740	0.861268154990675
0.6750	0.8583280898780421
0.6760	0.8560483023841557
0.6770	0.8543724241117873
0.6780	0.8508003296028386
0.6790	0.847466794693568
0.6800	0.8440988401232767
0.6810	0.8402550353971332
0.6820	0.836006135978542
0.6830	0.8326221754541455
0.6840	0.829678991467027
0.6850	0.82570681898896
0.6860	0.8214474173779109
0.6870	0.8176852956086959
0.6880	0.8142217580536183
0.6890	0.8122947646538586
0.6900	0.8095200707724755
0.6910	0.8066085877207447
0.6920	0.8052865210638711
0.6930	0.8033272002099489
0.6940	0.8006311367213897
0.6950	0.7982416855762342
0.6960	0.7957675332085191
0.6970	0.7933417942788423
0.6980	0.789843800477706
0.6990	0.7866743814755703
0.7000	0.784524294800928
0.7010	0.7819768831812733
0.7020	0.7796160026641957
0.7030	0.7771844261344003
0.7040	0.774677200892374
0.7050	0.7735854667747685
0.7060	0.7734507012143327
0.7070	0.7718562406573676
0.7080	0.7719700246985363
0.7090	0.7722810912703109
0.7100	0.7721642363725187
0.7110	0.7723573550684922
0.7120	0.7713545294528111
0.7130	0.7710226482810052
0.7140	0.7702046617098955
0.7150	0.7690614021394605
0.7160	0.7689759966549203
0.7170	0.7685610514410032
0.7180	0.7660770188264754
0.7190	0.7643015515076645
0.7200	0.7613516976108139
0.7210	0.7593055833274738
0.7220	0.7579931865534446
0.7230	0.756060254944712
0.7240	0.7542913409208248
0.7250	0.7529018137405276
0.7260	0.7511384835080582
0.7270	0.7490085940609318
0.7280	0.7465506442919008
0.7290	0.7440287736018684
0.7300	0.7426313943578001
0.7310	0.740456441290173
0.7320	0.7373280684140575
0.7330	0.7338157561436918
0.7340	0.7305268298285122
0.7350	0.7272019701463667
0.7360	0.724524576459989
0.7370	0.7223143302635598
0.7380	0.719762128290498
0.7390	0.7173406835296512
0.7400	0.715221664411927
0.7410	0.7126289445093305
0.7420	0.7107324721774846
0.7430	0.7090933664413902
0.7440	0.7072444569454504
0.7450	0.704847867144764
0.7460	0.7018676682454947
0.7470	0.699609031476676
0.7480	0.6963664332523715
0.7490	0.6933862823709646
0.7500	0.6899651994658685
0.7510	0.6857946743448357
0.7520	0.6811802195135661
0.7530	0.6772374865582284
0.7540	0.6741627450611897
0.7550	0.6711108120487508
0.7560	0.6680511755992578
0.7570	0.6644425463567816
0.7580	0.663000794034804
0.7590	0.6612833711652732
0.7600	0.6601451374644273
0.7610	0.6580124103902943
0.7620	0.6566494713863308
0.7630	0.6552425000026239
0.7640	0.6533769671800632
0.7650	0.6513897959659979
0.7660	0.64977839196333
0.7670	0.6484031123687513
0.7680	0.6455607567462358
0.7690	0.6424896966186414
0.7700	0.6394627123155229
0.7710	0.6351248975353124
0.7720	0.6321969169180289
0.7730	0.6284808511384692
0.7740	0.6259551367328865
0.7750	0.6226165645212026
0.7760	0.6202588188845647
0.7770	0.617110900451922
0.7780	0.6149456904372151
0.7790	0.6135312099744679
0.7800	0.6117887012017246
0.7810	0.6099476826411584
0.7820	0.6083965433422612
0.7830	0.6073951079580225
0.7840	0.6036145107446405
0.7850	0.6029685927532911
0.7860	0.6010349591691427
0.7870	0.5985414784685631
0.7880	0.596525055230088
0.7890	0.5930902689417131
0.7900	0.5906814231533118
0.7910	0.5881555807000964
0.7920	0.5854714187816971
0.7930	0.5820348421130271
0.7940	0.5802216853454284
0.7950	0.5772175118134745
0.7960	0.5753158535524986
0.7970	0.5729391088483377
0.7980	0.5702554454010804
0.7990	0.567788685497597
0.8000	0.5658333638456361
0.8010	0.5633304693574778
0.8020	0.5594878970898004
0.8030	0.5575168621640381
0.8040	0.5549131027262386
0.8050	0.5507238254866891
0.8060	0.5474681709769645
0.8070	0.5444404161014841
0.8080	0.5389800580285805
0.8090	0.5337177439123851
0.8100	0.5294436099638647
0.8110	0.5234613183066754
0.8120	0.5183393215304254
0.8130	0.5135419529422068
0.8140	0.5094530353214617
0.8150	0.5047513594731433
0.8160	0.5007050519887909
0.8170	0.495028714144322
0.8180	0.4950683586060756
0.8190	0.49509572878759545
0.8200	0.4946148847740625
0.8210	0.49510400615243266
0.8220	0.49487382681301106
0.8230	0.4940253260336823
0.8240	0.49210010472169863
0.8250	0.49097898824548575
0.8260	0.48993675825736255
0.8270	0.49000058314263933
0.8280	0.48617549166340973
0.8290	0.4810999716047515
0.8300	0.47635781441193625
0.8310	0.471672789329017
0.8320	0.46707640293336733
0.8330	0.4631038143004937
0.8340	0.45946208931805776
0.8350	0.45443569610567797
0.8360	0.448847596799626
0.8370	0.44498174730154993
0.8380	0.4420095719584172
0.8390	0.4383236613963915
0.8400	0.4336341820851013
0.8410	0.4297090671121035
0.8420	0.42538913784232324
0.8430	0.4219906896428967
0.8440	0.41677436749254015
0.8450	0.4127667326798708
0.8460	0.4078913396385192
0.8470	0.4041181463221931
0.8480	0.3992733520919609
0.8490	0.39472739817113184
0.8500	0.3905018720186639
0.8510	0.3842899886692251
0.8520	0.37874766639191376
0.8530	0.3736069106374526
0.8540	0.3690297954105456
0.8550	0.3629575137062472
0.8560	0.3580801313534569
0.8570	0.3530460301308931
0.8580	0.3469223807467415
0.8590	0.3429466023558711
0.8600	0.3384844441779123
0.8610	0.33423784275701757
0.8620	0.3300934850843818
0.8630	0.32484355043040436
0.8640	0.3210934742849359
0.8650	0.31671405088374666
0.8660	0.31221951494719796
0.8670	0.3070965440943125
0.8680	0.3017085695190023
0.8690	0.29625855586558053
0.8700	0.29065553672373756
0.8710	0.2849923694929323
0.8720	0.27916698420383596
0.8730	0.2739113720092809
0.8740	0.26797271715611204
0.8750	0.2623712826037255
0.8760	0.25740383474718537
0.8770	0.2530279006439911
0.8780	0.2487901848141896
0.8790	0.24479201180696125
0.8800	0.2388667150657756
0.8810	0.23115231621944635
0.8820	0.22061352271767257
0.8830	0.20723299553902857
0.8840	0.1916174586663899
0.8850	0.1743841862929523
0.8860	0.15829012398356104
0.8870	0.1436464869367074
0.8880	0.13150836020822584
0.8890	0.11951991201627638
0.8900	0.10655127062775054
0.8910	0.0890409077499739
0.8920	0.07053620241219195
0.8930	0.0511956752972974
0.8940	0.03563729340020344
0.8950	0.02391543352013509
0.8960	0.016133370646108668
0.8970	0.010730183554703948
0.8980	0.007301934555298449
0.8990	0.00497596759725383
0.9000	0.0034812287074936195
0.9010	0.0024504727018990076
0.9020	0.0017541611073319658
0.9030	0.0012783132380446906
0.9040	0.000928786645120305
0.9050	0.0006777401146752985
0.9060	0.0005034947251566516
0.9070	0.0003751887104847206
0.9080	0.0002865934679477214
0.9090	0.00021191357325327145
0.9100	0.0001518068711150934
0.9110	0.00010996090470253172
0.9120	8.300230485967772e-05
0.9130	5.670680882975227e-05
0.9140	4.0700854724580256e-05
0.9150	2.195102277280733e-05
0.9160	1.2164525119930728e-05
0.9170	7.294141942214102e-06
0.9180	-3.5899068493028654e-06
0.9190	-1.4291030451046438e-05
0.9200	-1.785807165162763e-05
0.9210	-2.04647556058985e-05
0.9220	-2.167663498814724e-05
0.9230	-1.8383981572226135e-05
0.9240	-2.5380870081058476e-05
0.9250	-2.2248276206189096e-05
0.9260	-2.183669452919896e-05
0.9270	-2.0922068580331986e-05
0.9280	-2.6066839542708703e-05
0.9290	-2.6981465491575676e-05
0.9300	-2.492355710662499e-05
0.9310	-2.9039373876526365e-05
0.9320	-2.423758764497476e-05
0.9330	-2.515221359384173e-05
0.9340	-2.1859560177920633e-05
0.9350	-2.1882425826642307e-05
0.9360	-2.0007442631465013e-05
0.9370	-2.1333650257322123e-05
0.9380	-2.1059262472662033e-05
0.9390	-1.8383981572226135e-05
0.9400	-2.003030828018669e-05
0.9410	-1.728643043358577e-05
0.9420	-2.0007442631465013e-05
0.9430	-1.8635503708164555e-05
0.9440	-1.9870248739134966e-05
0.9450	-1.7995265543957672e-05
0.9460	-1.8704100654329577e-05
0.9470	-1.945866706214483e-05
0.9480	-1.762941516441089e-05
0.9490	-1.7766609056740933e-05
0.9500	-1.568583502306857e-05
0.9510	-1.673765486426559e-05
0.9520	-1.6280341889832102e-05
0.9530	-1.71721021899774e-05
0.9540	-1.6348938835997127e-05
0.9550	-1.54800441845735e-05
0.9560	-1.456541823570653e-05
0.9570	-1.4336761748489788e-05
0.9580	-1.5022731210140015e-05
0.9590	-1.4999865561418341e-05
0.9600	-1.4748343425479925e-05
0.9610	-1.4313896099768112e-05
0.9620	-1.4313896099768112e-05
0.9630	-1.3879448774056301e-05
0.9640	-1.3170613663684397e-05
0.9650	-1.264470374308589e-05
0.9660	-1.328494190729277e-05
0.9670	-1.3513598394509512e-05
0.9680	-1.3490732745787838e-05
0.9690	-1.1981599930157333e-05
0.9700	-1.1409958712115475e-05
0.9710	-1.2324584660982448e-05
0.9720	-1.3376404502179467e-05
0.9730	-1.2255987714817427e-05
0.9740	-1.1867271686548964e-05
0.9750	-1.0906914440238643e-05
0.9760	-9.603572463103206e-06
0.9770	-9.489244219494835e-06
0.9780	-9.58070681438153e-06
0.9790	-8.940468650174651e-06
0.9800	-8.78040910912293e-06
0.9810	-9.67216940926823e-06
0.9820	-9.237722083556419e-06
0.9830	-8.528886973184514e-06
0.9840	-8.117305296194377e-06
0.9850	-7.865783160255959e-06
0.9860	-7.385604537100799e-06
0.9870	-6.85969461650229e-06
0.9880	-6.562441183120524e-06
0.9890	-6.585306831842198e-06
0.9900	-6.905425913945639e-06
0.9910	-6.493844236955501e-06
0.9920	-6.21945645229541e-06
0.9930	-6.05939691124369e-06
0.9940	-5.899337370191969e-06
0.9950	-5.0304427187683464e-06
0.9960	-4.801786231551603e-06
