;; Skysat9 RSR
;;
;; Quinten Vanhellemont 2022-02-19 from Skysat_RSR_Skysat9.csv
;; normalised to per channel maximum value
;;
;; datasets: wavelength, RSR
;; Skysat9 Band: Blue
0.3500	-5.9214831192401845e-09
0.3510	-5.086686018380388e-09
0.3520	1.1258628236712404e-09
0.3530	-1.0260610879826946e-09
0.3540	-1.5341955235141192e-08
0.3550	8.741581685653886e-13
0.3560	-2.8230190083704236e-09
0.3570	-1.0932487257169463e-08
0.3580	8.877794093840465e-09
0.3590	-9.131023868634825e-09
0.3600	8.926193554986474e-09
0.3610	5.340315169852592e-09
0.3620	3.519931311205178e-08
0.3630	7.450072392639092e-08
0.3640	5.990550323464532e-08
0.3650	1.2182061999010818e-07
0.3660	2.2420432590090424e-07
0.3670	1.607907977722619e-07
0.3680	4.922866697337964e-07
0.3690	4.2862852338997565e-07
0.3700	3.06913488609072e-07
0.3710	4.829287749511048e-07
0.3720	4.929181841056344e-07
0.3730	1.069004065267684e-06
0.3740	1.3478488617371545e-06
0.3750	-3.2605611199889915e-08
0.3760	3.204174125286136e-08
0.3770	-5.489082982348836e-07
0.3780	-9.19866829344436e-07
0.3790	8.683597184239662e-08
0.3800	-1.104034392122924e-06
0.3810	-1.9704820947017202e-07
0.3820	-1.1588388567398288e-06
0.3830	-2.7095710708208543e-06
0.3840	6.00807297520486e-07
0.3850	-2.544353931405982e-06
0.3860	-1.3619069207972022e-06
0.3870	-1.2401619327654604e-08
0.3880	-1.6667436506814944e-08
0.3890	2.546775152515401e-06
0.3900	1.2662761752878717e-06
0.3910	-1.1765936461741543e-06
0.3920	6.330494759435395e-07
0.3930	7.554684121191401e-07
0.3940	2.0420179460159797e-05
0.3950	7.594472022721438e-06
0.3960	1.408995927219042e-05
0.3970	2.0717665163067555e-05
0.3980	8.811247954894997e-06
0.3990	6.664598311492816e-06
0.4000	1.2505482224935959e-05
0.4010	1.038379362389892e-05
0.4020	1.6823742554105462e-05
0.4030	2.371299024688455e-05
0.4040	5.616234532156868e-05
0.4050	8.911092124355564e-05
0.4060	8.811247954894996e-05
0.4070	9.659923395309812e-05
0.4080	4.542909710455777e-05
0.4090	5.7410397439825754e-05
0.4100	0.00010433715708629203
0.4110	0.00016723898384644894
0.4120	0.00025959484059747296
0.4130	0.00026458704907050134
0.4140	0.0002770675702530721
0.4150	0.0003344779676928979
0.4160	0.00021766028942403506
0.4170	0.0001422779414813073
0.4180	8.736364827799571e-05
0.4190	6.989091862239657e-05
0.4200	8.911092124355564e-05
0.4210	9.210624632737263e-05
0.4220	0.00011107663852488026
0.4230	0.0001617475545261178
0.4240	0.00012330754928379967
0.4250	0.00013778495385558182
0.4260	0.00013828417470288464
0.4270	7.588156879003057e-05
0.4280	3.6443121853106784e-05
0.4290	8.486754404148156e-05
0.4300	0.00014801898122528988
0.4310	0.0001877070385858651
0.4320	0.00025443040093212516
0.4330	0.0002729539904712968
0.4340	0.00023910756585543568
0.4350	0.000222571124898953
0.4360	0.00022188519545475894
0.4370	0.0006537496683769515
0.4380	0.0034042818097190035
0.4390	0.011006676467287136
0.4400	0.023231576607205012
0.4410	0.058176344497529786
0.4420	0.16234824201063494
0.4430	0.3219129658624422
0.4440	0.44520922027457166
0.4450	0.573054791896732
0.4460	0.7693911324074841
0.4470	0.8881114436656917
0.4480	0.9038102744118401
0.4490	0.9140525863515092
0.4500	0.9284511864164403
0.4510	0.9362873836695301
0.4520	0.939405806629875
0.4530	0.9441168913632658
0.4540	0.9476766679863985
0.4550	0.9479931041126699
0.4560	0.9481093776402152
0.4570	0.9486036961387976
0.4580	0.9481406837795495
0.4590	0.9492628648494719
0.4600	0.9501823672475979
0.4610	0.9509631461566752
0.4620	0.9514030995049862
0.4630	0.9510264398718005
0.4640	0.9496546209210801
0.4650	0.9452981726931963
0.4660	0.9360500490865138
0.4670	0.9242504601474556
0.4680	0.9156991714643766
0.4690	0.9148595094563599
0.4700	0.9216171575415814
0.4710	0.9309240743874506
0.4720	0.9365429747589322
0.4730	0.9384364195885823
0.4740	0.9403069077475692
0.4750	0.939670293834776
0.4760	0.944024770140313
0.4770	0.9466623785259952
0.4780	0.9487788028431975
0.4790	0.9531800860953777
0.4800	0.9578996850403193
0.4810	0.9604761987787086
0.4820	0.9658338993145684
0.4830	0.9709141603606442
0.4840	0.9768798919196849
0.4850	0.9803401438746994
0.4860	0.9813759797068722
0.4870	0.9839743318612267
0.4880	0.9861627013908381
0.4890	0.9875025103008293
0.4900	0.9886462851685017
0.4910	0.9907070738183763
0.4920	0.9915353336222407
0.4930	0.9933279632978824
0.4940	0.9944210248157815
0.4950	0.9956769346701752
0.4960	0.9986928126762756
0.4970	0.9996526895604272
0.4980	1.0
0.4990	0.999156167001804
0.5000	0.9953370726056442
0.5010	0.9832266662709509
0.5020	0.9527705877148563
0.5030	0.8677425716281135
0.5040	0.7239795479702498
0.5050	0.5925389048110524
0.5060	0.48508022709905796
0.5070	0.3241440187744979
0.5080	0.15311678988414817
0.5090	0.05941527585090664
0.5100	0.02472291402097818
0.5110	0.011015557606160653
0.5120	0.004879412018684488
0.5130	0.002200440689699061
0.5140	0.0011165897964325903
0.5150	0.0006669640442050575
0.5160	0.0004630323280818503
0.5170	0.00036958567377946963
0.5180	0.00027762170539357827
0.5190	0.00019514468037940637
0.5200	0.00013258182457456805
0.5210	0.00010910172085295026
0.5220	0.00011179077394694697
0.5230	0.00010857429402777482
0.5240	0.00011904070870190236
0.5250	0.00011688532269367238
0.5260	9.546974678607547e-05
0.5270	9.860485370713724e-05
0.5280	8.786811094419523e-05
0.5290	8.351465554529088e-05
0.5300	7.85202005784497e-05
0.5310	5.5727773573991556e-05
0.5320	8.65756281705282e-05
0.5330	9.940984732341308e-05
0.5340	9.982519906836902e-05
0.5350	9.168041094462332e-05
0.5360	6.934951361349665e-05
0.5370	9.179148758314819e-05
0.5380	0.00011248169559961409
0.5390	0.00010397671963453939
0.5400	8.092469778948377e-05
0.5410	7.72536772888424e-05
0.5420	9.253158248927463e-05
0.5430	0.0001019251715625484
0.5440	0.000132773774990356
0.5450	0.0001853312465735509
0.5460	0.00020006774676508324
0.5470	0.00024961042365141635
0.5480	0.00032199744651032706
0.5490	0.0003744156354771245
0.5500	0.00041934551173437943
0.5510	0.0004043688863152945
0.5520	0.0004093610947883228
0.5530	0.0004093610947883228
0.5540	0.00037191953124061033
0.5550	0.00031589696775628643
0.5560	0.00017802240375861377
0.5570	0.00010996462408751321
0.5580	9.342418936425211e-05
0.5590	6.573989727707351e-05
0.5600	5.263859497088163e-05
0.5610	5.529619715149826e-05
0.5620	5.8612022019283675e-05
0.5630	7.054115377600852e-05
0.5640	6.873821768597433e-05
0.5650	3.8940224531315554e-05
0.5660	5.959049487999723e-05
0.5670	5.017144554351103e-05
0.5680	9.047903597558906e-05
0.5690	0.00011703558816871053
0.5700	0.00015760626798731715
0.5710	0.0002578500637361496
0.5720	0.0003478645747133233
0.5730	0.0004798236212808811
0.5740	0.0005996491051547435
0.5750	0.0006326426109529877
0.5760	0.0007082346316515826
0.5770	0.0007891208894358241
0.5780	0.0008023652185147682
0.5790	0.0007798129167378628
0.5800	0.0006899257070767513
0.5810	0.0006580629364976479
0.5820	0.0005962369306634287
0.5830	0.0005402093749706317
0.5840	0.0005145943532955234
0.5850	0.00044613120629641295
0.5860	0.00044418923720040493
0.5870	0.0004374472596575802
0.5880	0.00039687807750151544
0.5890	0.0004104394118184969
0.5900	0.0003973123996386689
0.5910	0.0004426541330949487
0.5920	0.00047173374745033866
0.5930	0.00042724568164294676
0.5940	0.00039828338418667296
0.5950	0.00033464770278098085
0.5960	0.00039808619195198834
0.5970	0.000456365233666121
0.5980	0.00030332908292543764
0.5990	0.00019694262426096746
0.6000	6.814364565683666e-05
0.6010	2.920441956721571e-05
0.6020	3.4945459311198286e-05
0.6030	-4.393143456264928e-06
0.6040	3.943844693692378e-05
0.6050	1.8595976562030515e-05
0.6060	2.4411899433108515e-05
0.6070	3.419662804024403e-05
0.6080	4.692675964646627e-06
0.6090	3.8190394818666694e-06
0.6100	-2.231517187443662e-05
0.6110	-2.7956367448958628e-05
0.6120	-6.315143718380833e-06
0.6130	2.011860014630416e-05
0.6140	3.269896549833554e-05
0.6150	4.468026583360353e-05
0.6160	7.912650429749899e-06
0.6170	1.3254313495890208e-05
0.6180	-4.992208473028326e-07
0.6190	-2.406244483999653e-05
0.6200	2.7207536178004382e-05
0.6210	3.195013422738129e-06
0.6220	3.719195312406103e-05
0.6230	1.2929819945143367e-05
0.6240	-1.9594418256636184e-06
0.6250	5.840883913443142e-06
0.6260	-2.1341691222196096e-06
0.6270	2.478631506858564e-05
0.6280	9.560079225849244e-06
0.6290	-2.1566340603482372e-05
0.6300	1.604995024078607e-06
0.6310	2.5460263212444464e-06
0.6320	2.126680809510067e-05
0.6330	2.6209094483398714e-05
0.6340	9.78472860713552e-06
0.6350	1.4627170825972997e-05
0.6360	1.807179467236254e-05
0.6370	1.0733248217010904e-05
0.6380	2.7551499341796032e-05
0.6390	-1.4231737992824423e-05
0.6400	2.119494525413143e-05
0.6410	1.0149209747751318e-05
0.6420	-1.8846585427376537e-05
0.6430	1.77473011216157e-05
0.6440	-3.4695848887546873e-06
0.6450	6.739481438588241e-06
0.6460	1.9544496171905897e-05
0.6470	1.6274599622072346e-05
0.6480	1.5525768351118096e-05
0.6490	-7.663040006098481e-07
0.6500	-1.2530443267301101e-05
0.6510	1.530111896983182e-05
0.6520	2.2864314806469738e-05
0.6530	4.992208473028327e-05
0.6540	-5.166935769584318e-06
0.6550	1.4577248741242714e-05
0.6560	8.23714398049674e-06
0.6570	-2.521065278879305e-05
0.6580	1.6898625681200887e-05
0.6590	1.8995353239872784e-05
0.6600	-2.59594840597473e-06
0.6610	2.4037483797631392e-05
0.6620	2.059285995124185e-05
0.6630	1.4202833105765588e-05
0.6640	1.4402521444686723e-05
0.6650	8.611559615973864e-06
0.6660	-1.0001140844441298e-05
0.6670	8.88326056211843e-07
0.6680	1.7250776066888303e-05
0.6690	8.926617892706682e-06
0.6700	4.064855827078585e-05
0.6710	0.00013406451049105745
0.6720	0.00020228503615837877
0.6730	0.0003475600499964686
0.6740	0.000460943088835888
0.6750	0.0004646672763567671
0.6760	0.0004919696644957591
0.6770	0.0004234840525585199
0.6780	0.00042176423673956164
0.6790	0.0005979417698569678
0.6800	0.000744859969113955
0.6810	0.0005911673429590685
0.6820	0.0003012623086176039
0.6830	0.0001563132859928028
0.6840	9.8330781461968e-05
0.6850	2.961977131217167e-05
0.6860	4.7075777069386165e-05
0.6870	5.173974783531288e-05
0.6880	1.6731236931100247e-06
0.6890	1.935666432810821e-05
0.6900	2.1832724847603164e-05
0.6910	7.338895909944752e-06
0.6920	2.71493769492936e-05
0.6930	1.642935808473622e-05
0.6940	2.351889318145321e-05
0.6950	2.7004353293152126e-05
0.6960	1.7822184248711126e-05
0.6970	3.993766778422661e-05
0.6980	3.1201302956427043e-05
0.6990	2.171610685767322e-05
0.7000	2.8954809143564296e-05
0.7010	2.4961042365141635e-05
0.7020	4.8174811764723356e-05
0.7030	4.967247430663185e-05
0.7040	4.617792837551202e-05
0.7050	7.837767302654472e-05
0.7060	7.163819158795649e-05
0.7070	8.536676488878439e-05
0.7080	0.00011581923657425718
0.7090	0.00012255871801284543
0.7100	0.00014028105809209596
0.7110	0.00014028105809209596
0.7120	0.00015076469588545547
0.7130	0.00015450885224022672
0.7140	0.00015975067113690645
0.7150	0.00018171638841823107
0.7160	0.00020143561188669298
0.7170	0.000213416912221961
0.7180	0.0002064278203597213
0.7190	0.00021042158713814398
0.7200	0.00021935838913613562
0.7210	0.00020475617935252779
0.7220	0.00021922884132626055
0.7230	0.0002163683058712153
0.7240	0.00020369533505200924
0.7250	0.00020377595921884867
0.7260	0.00016415504706223568
0.7270	0.00015238366909325855
0.7280	0.0001552329720792395
0.7290	0.00013209982684649716
0.7300	0.00014621080331635904
0.7310	0.0001170737785635292
0.7320	0.00010570826714340925
0.7330	0.00012986756082778252
0.7340	0.00011700014348855202
0.7350	0.00013058044819773098
0.7360	0.00017298501579890454
0.7370	0.00024148011293224241
0.7380	0.00031906951624089596
0.7390	0.00035988331661213904
0.7400	0.0004158459735947866
0.7410	0.00044142854591482024
0.7420	0.00043015364307848577
0.7430	0.0004394990573399948
0.7440	0.0004463932972412469
0.7450	0.00047376058409038824
0.7460	0.0004859166117222122
0.7470	0.0004209305379245659
0.7480	0.0003249703066560154
0.7490	0.00022573368896661644
0.7500	0.00016600291302852713
0.7510	0.00013987993414128815
0.7520	0.0001150644146531353
0.7530	0.0001094941084389303
0.7540	8.515634330164625e-05
0.7550	6.061464644823899e-05
0.7560	5.890805998173426e-05
0.7570	5.2168578543146014e-05
0.7580	6.165377464189983e-05
0.7590	6.764442480953383e-05
0.7600	9.709845480040095e-05
0.7610	0.000128299757756828
0.7620	0.00011656806784521142
0.7630	0.00015975067113690645
0.7640	0.00019020314282237923
0.7650	0.0002246493812862747
0.7660	0.0002620909448339872
0.7670	0.00026708315330701546
0.7680	0.0002870519871991288
0.7690	0.00028954809143564295
0.7700	0.0002920441956721571
0.7710	0.00032698965498335544
0.7720	0.0003344779676928979
0.7730	0.0003444623846389545
0.7740	0.00032698965498335544
0.7750	0.0002945402999086713
0.7760	0.00026458704907050134
0.7770	0.00022539821255722895
0.7780	0.0002001875597684359
0.7790	0.0001877070385858651
0.7800	0.00016848703596470603
0.7810	0.00017522651740329426
0.7820	0.00016374443791532912
0.7830	0.00016599093172819186
0.7840	0.00018271483011283676
0.7850	0.00019819067637922457
0.7860	0.00021815951027133787
0.7870	0.00023563223992693704
0.7880	0.0002505913926163664
0.7890	0.00028887663939602064
0.7900	0.00027028066283399014
0.7910	0.00025932276523569294
0.7920	0.0002533795410485527
0.7930	0.00027111685775322236
0.7940	0.0002701483693094549
0.7950	0.0002371855655933198
0.7960	0.00023731436457192392
0.7970	0.00022385137676186114
0.7980	0.00016904241915733043
0.7990	0.00017405883984145294
0.8000	0.00012968958859571906
0.8010	0.0001161125288220476
0.8020	8.725831267921482e-05
0.8030	6.39377100183103e-05
0.8040	9.949321720491264e-05
0.8050	7.257448028707294e-05
0.8060	5.5550550173199054e-05
0.8070	8.29205827370005e-05
0.8080	7.260767847341859e-05
0.8090	7.795982517735226e-05
0.8100	0.0001280943283781629
0.8110	0.0001319927439747507
0.8120	0.00018297417534301056
0.8130	0.0002222748373260788
0.8140	0.0002717982942097907
0.8150	0.0003503756555752566
0.8160	0.0003595762957910478
0.8170	0.0003816693143884346
0.8180	0.00038726058787822635
0.8190	0.0003300423904646122
0.8200	0.0003555900173253347
0.8210	0.00039047806623909313
0.8220	0.0004770853949334251
0.8230	0.0005057207027347156
0.8240	0.0003811426363945302
0.8250	0.000286028584462158
0.8260	0.00020881459523067615
0.8270	0.0001400743806613126
0.8280	0.0001373975584780748
0.8290	0.00010959894481686388
0.8300	0.00010276011842966238
0.8310	9.189133175260875e-05
0.8320	8.409649744282233e-05
0.8330	0.00010411300692585305
0.8340	8.517032148537073e-05
0.8350	9.306749606885423e-05
0.8360	9.531648598595349e-05
0.8370	8.980334055876465e-05
0.8380	0.00012152732774231777
0.8390	0.00010829148541777776
0.8400	0.00011948351759345998
0.8410	0.00011906417208172559
0.8420	9.510157141118961e-05
0.8430	0.00012131066589458835
0.8440	0.00011082702810122885
0.8450	0.00013054625156969074
0.8460	0.00013778495385558182
0.8470	9.75976756477038e-05
0.8480	0.0001285493681804794
0.8490	0.00013603768089002192
0.8500	0.0001205618346236341
0.8510	0.0001604995024078607
0.8520	0.00013628729131367332
0.8530	0.00014427482487051866
0.8540	0.00015226235842736397
0.8550	0.00010982858640662319
0.8560	5.416546193235734e-05
0.8570	0.00011032780725392601
0.8580	-0.0006989091862239657
0.8590	-0.0006439948930206541
0.8600	-0.0006714520396223099
0.8610	-0.000566615661688715
0.8620	-0.0005815922871078
0.8630	-0.0005516390362696301
0.8640	-0.0005616234532156867
0.8650	-0.0004917325345932901
0.8660	-0.0005341663066140309
0.8670	-0.000504213055775861
0.8680	-0.0004692675964646627
0.8690	-0.0005017169515393468
0.8700	-0.00041684940749786526
0.8710	-0.0004567870752820919
0.8720	-0.0003868961566596953
0.8730	-0.00043182603291695026
0.8740	-0.000366927322767582
0.8750	-0.000366927322767582
0.8760	-0.0003419662804024404
0.8770	-0.00032698965498335544
0.8780	-0.0003195013422738129
0.8790	-0.0002945402999086713
0.8800	-0.0003095169253277563
0.8810	-0.00027457146601655795
0.8820	-0.0002770675702530721
0.8830	-0.0002620909448339872
0.8840	-0.0002273950959464403
0.8850	-0.00022365093959166902
0.8860	-0.0002156634060348237
0.8870	-0.00019719223468461888
0.8880	-0.0001799691154526712
0.8890	-0.00019020314282237923
0.8900	-0.0001697350880829631
0.8910	-0.00018695820731491085
0.8920	-0.0001819659988418825
0.8930	-0.00017148236104852304
0.8940	-0.00016624054215184328
0.8950	-0.00015176313758006113
0.8960	-0.00014702053953068422
0.8970	-0.00015026547503815263
0.8980	-0.00014627170825972998
0.8990	-0.00015550729393483238
0.9000	-0.00015176313758006113
0.9010	-0.00014102988936305023
0.9020	-0.00013628729131367332
0.9030	-0.0001327927453825535
0.9040	-0.00012780053690952516
0.9050	-0.0001235571597074511
0.9060	-0.00012280832843649685
0.9070	-0.00011357274276139444
0.9080	-0.00011207508021948593
0.9090	-0.0001115758593721831
0.9100	-0.00011606884699790859
0.9110	-0.00010458676750994345
0.9120	-9.634962352944671e-05
0.9130	-9.909533818961229e-05
0.9140	-9.435274014023536e-05
0.9150	-9.010936293816131e-05
0.9160	-8.611559615973862e-05
0.9170	-8.661481700704148e-05
0.9180	-8.08737772630589e-05
0.9190	-8.23714398049674e-05
0.9200	-7.138858116430508e-05
0.9210	-5.266779939044885e-05
0.9220	-4.018727820787803e-05
0.9230	-3.569429058215254e-05
0.9240	-3.794078439501528e-05
0.9250	-4.218416159708936e-05
0.9260	-5.266779939044885e-05
0.9270	-5.366624108505451e-05
0.9280	-5.341663066140309e-05
0.9290	-4.343221371534644e-05
0.9300	-9.634962352944671e-06
0.9310	2.1815951027133787e-05
0.9320	-3.794078439501528e-05
0.9330	-3.9688057360575196e-05
0.9340	-3.794078439501528e-05
0.9350	-3.8689615665969535e-05
0.9360	-3.6443121853106784e-05
0.9370	-3.569429058215254e-05
0.9380	-3.619351142945537e-05
0.9390	-3.4446238463895455e-05
0.9400	-3.2199744651032704e-05
0.9410	-3.0202861261821376e-05
0.9420	-3.1201302956427043e-05
0.9430	-3.070208210912421e-05
0.9440	-2.995325083816996e-05
0.9450	-2.945402999086713e-05
0.9460	-3.0202861261821376e-05
0.9470	-2.920441956721571e-05
0.9480	-2.7956367448958628e-05
0.9490	-2.8954809143564296e-05
0.9500	-2.8455588296261462e-05
0.9510	-2.8205977872610047e-05
0.9520	-2.8705198719912877e-05
0.9530	-2.945402999086713e-05
0.9540	-2.7956367448958628e-05
0.9550	-2.7457146601655798e-05
0.9560	-2.6957925754352964e-05
0.9570	-2.6209094483398714e-05
0.9580	-2.6209094483398714e-05
0.9590	-2.570987363609588e-05
0.9600	-2.521065278879305e-05
0.9610	-2.4761354026220502e-05
0.9620	-2.546026321244447e-05
0.9630	-2.521065278879305e-05
0.9640	-2.3762912331614837e-05
0.9650	-2.2514860213357754e-05
0.9660	-2.2789431679374312e-05
0.9670	-2.2340132916801764e-05
0.9680	-2.1491457476386947e-05
0.9690	-2.004371701920873e-05
0.9700	-1.956945721427104e-05
0.9710	-1.9369768875349907e-05
0.9720	-1.892047011277736e-05
0.9730	-1.8271483011283678e-05
0.9740	-1.807179467236254e-05
0.9750	-1.7497690697964286e-05
0.9760	-1.7672417994520276e-05
0.9770	-1.6873664638835744e-05
0.9780	-1.5800339817134655e-05
0.9790	-1.6124833367881495e-05
0.9800	-1.5525768351118096e-05
0.9810	-1.4452443529417005e-05
0.9820	-1.3978183724479314e-05
0.9830	-1.3603768089002191e-05
0.9840	-1.3179430368794782e-05
0.9850	-1.2580365352031384e-05
0.9860	-1.1931378250537701e-05
0.9870	-1.1806573038711992e-05
0.9880	-1.178161199634685e-05
0.9890	-1.1631845742156002e-05
0.9900	-1.130735219140916e-05
0.9910	-1.0982858640662319e-05
0.9920	-1.0833092386471468e-05
0.9930	-1.0483637793359485e-05
0.9940	-9.560079225849244e-06
0.9950	-8.761325870164713e-06
0.9960	-7.862728345019615e-06
;; Skysat9 Band: Green
0.3500	-4.608044352997587e-09
0.3510	-7.788921197208491e-09
0.3520	-5.6703906501799284e-09
0.3530	6.004261578573307e-09
0.3540	-1.783812337126469e-08
0.3550	-5.119540964072286e-09
0.3560	5.419940771708107e-10
0.3570	-6.108923018933759e-09
0.3580	3.670572878725241e-09
0.3590	-1.4134102712870283e-08
0.3600	3.082144040302628e-08
0.3610	3.623750655406092e-08
0.3620	3.628675625057308e-08
0.3630	8.792401269460178e-08
0.3640	6.489522806292709e-08
0.3650	1.2491963779971254e-07
0.3660	1.2594127723873505e-07
0.3670	1.7464619274777633e-07
0.3680	3.0565622074223745e-07
0.3690	2.1329600078739763e-07
0.3700	4.742652409768044e-07
0.3710	6.14512504703346e-07
0.3720	4.948614173760156e-07
0.3730	1.1360527861141513e-06
0.3740	1.0614289924084417e-06
0.3750	3.7462680283882536e-08
0.3760	3.037609243646129e-07
0.3770	-1.1070934977432296e-07
0.3780	-5.949410020846485e-07
0.3790	3.4186058295077835e-07
0.3800	-7.393569841984286e-07
0.3810	4.95613000422315e-07
0.3820	-6.31971638822351e-07
0.3830	-3.003461231325134e-07
0.3840	1.339580074586728e-06
0.3850	8.791864424427105e-08
0.3860	7.142396389772238e-07
0.3870	1.2681540099910502e-05
0.3880	1.620254328420448e-05
0.3890	9.481220129067069e-06
0.3900	4.0654107300047706e-05
0.3910	8.258753965499202e-06
0.3920	1.7669927488294703e-06
0.3930	-1.131592304121983e-06
0.3940	9.314214641605195e-06
0.3950	-2.468343438795311e-06
0.3960	1.1755389053509438e-06
0.3970	6.418799308457703e-06
0.3980	-3.7112330547082716e-06
0.3990	7.889287877304375e-06
0.4000	7.119031960289452e-06
0.4010	2.8709538725101727e-06
0.4020	8.822931413080041e-06
0.4030	-9.779916037250098e-06
0.4040	4.271419176173671e-06
0.4050	-6.605528015612835e-06
0.4060	-3.6878919663138797e-06
0.4070	3.734574143102663e-06
0.4080	-1.1833931815956564e-05
0.4090	-2.777589518932606e-06
0.4100	6.068682982541828e-06
0.4110	-1.1273745694491165e-05
0.4120	6.908962164739927e-06
0.4130	3.1043647564540888e-06
0.4140	3.944643938652188e-06
0.4150	5.975318628964261e-06
0.4160	-1.7389110853821774e-05
0.4170	1.8252731124414266e-05
0.4180	-6.53550475042966e-06
0.4190	-2.0913615201374914e-06
0.4200	5.111698358371771e-06
0.4210	-2.9176360492989558e-05
0.4220	-1.2557505556182706e-05
0.4230	-1.7295746500244208e-05
0.4240	5.39179141910447e-06
0.4250	2.6375429885662557e-06
0.4260	-1.1180381340913597e-05
0.4270	6.792256722767969e-07
0.4280	-1.2277412495450005e-05
0.4290	-1.5358436163509702e-05
0.4300	-8.169380938037077e-06
0.4310	7.352442844233368e-06
0.4320	-3.40779890558118e-06
0.4330	1.1133699164124814e-05
0.4340	5.158380535160553e-06
0.4350	1.2487482290999529e-05
0.4360	-3.874620673469013e-06
0.4370	-9.663210595278142e-06
0.4380	1.8836258334274058e-05
0.4390	4.784923120850287e-06
0.4400	7.23573740226141e-06
0.4410	1.2814257528521013e-05
0.4420	-9.616528418489359e-06
0.4430	-2.940977137693347e-06
0.4440	-3.4311399939755715e-05
0.4450	1.762252173776569e-05
0.4460	7.072349783500668e-06
0.4470	-1.603532772694706e-05
0.4480	1.974656078165533e-05
0.4490	-9.756574948855708e-07
0.4500	-1.9769901870049724e-05
0.4510	-3.151046933242872e-05
0.4520	-4.784923120850287e-05
0.4530	-1.7412451942216166e-05
0.4540	-1.3841265417874245e-05
0.4550	1.8696211803907707e-05
0.4560	3.921302850257796e-05
0.4570	1.5171707456354569e-05
0.4580	2.427473193016731e-05
0.4590	2.1077002820135657e-05
0.4600	1.2184048141872439e-05
0.4610	2.2757561184531854e-05
0.4620	1.1530497666829474e-05
0.4630	4.318101352962454e-05
0.4640	3.9679850270465795e-05
0.4650	2.824271695721389e-05
0.4660	4.948310739611029e-05
0.4670	5.765248833414737e-05
0.4680	6.605528015612836e-05
0.4690	9.733233860461315e-05
0.4700	0.00013701218887507896
0.4710	0.000198399251352329
0.4720	0.000189996459530348
0.4730	0.0002159050676481227
0.4740	0.00021940623090728145
0.4750	0.00018206048947625483
0.4760	0.00016665537113595634
0.4770	0.00015591847047453618
0.4780	0.00016268738610890977
0.4790	0.00014191381743790122
0.4800	0.00011250404606096772
0.4810	0.00011600520932012648
0.4820	0.00012090683788294872
0.4830	0.00011693885285590214
0.4840	0.00011530497666829473
0.4850	7.982652230881942e-05
0.4860	5.881954275386694e-05
0.4870	3.664550877919488e-05
0.4880	2.6608840769606473e-05
0.4890	1.9979971665599248e-05
0.4900	1.851069683334908e-05
0.4910	2.5464427205629452e-05
0.4920	2.0077630779441383e-05
0.4930	2.3664829290421858e-05
0.4940	3.8699757968785294e-05
0.4950	5.914818527845998e-05
0.4960	0.00010159978979575979
0.4970	0.0001821088055292312
0.4980	0.00031443947230504703
0.4990	0.000530181152334409
0.5000	0.0008291524853604927
0.5010	0.001264188359072843
0.5020	0.0019661435832280987
0.5030	0.003304778343734854
0.5040	0.006233590106157044
0.5050	0.013282447084188758
0.5060	0.029849967965289822
0.5070	0.06545938683763722
0.5080	0.13543794683421037
0.5090	0.25009913193651984
0.5100	0.38706810945465425
0.5110	0.5044303323082892
0.5120	0.6212015261262545
0.5130	0.7780895060529931
0.5140	0.9007565560985927
0.5150	0.9335952057180363
0.5160	0.9426917903855611
0.5170	0.9619970925593381
0.5180	0.9738618812941521
0.5190	0.9744366369229932
0.5200	0.9740266507053458
0.5210	0.9740170855273218
0.5220	0.976116926864873
0.5230	0.9805747176295493
0.5240	0.9811575656137369
0.5250	0.9772578859477676
0.5260	0.9718083370054311
0.5270	0.9704879573101577
0.5280	0.9689059496891803
0.5290	0.9629929330933583
0.5300	0.9569135902357467
0.5310	0.9533901082278654
0.5320	0.9503081975984466
0.5330	0.9447257141553776
0.5340	0.9380795026226935
0.5350	0.9331942338287268
0.5360	0.9305762249970378
0.5370	0.9278601275754802
0.5380	0.9206812584009829
0.5390	0.9149790188356888
0.5400	0.9078132790234134
0.5410	0.8995217518356996
0.5420	0.8889962514118674
0.5430	0.8777390522149391
0.5440	0.8704134212789444
0.5450	0.8709076851644575
0.5460	0.878540925970293
0.5470	0.8906099959107348
0.5480	0.9063634939999725
0.5490	0.9220737737299393
0.5500	0.937052004570484
0.5510	0.9509605716826345
0.5520	0.9609333014487842
0.5530	0.9700352172208981
0.5540	0.9771738743683097
0.5550	0.9820303869413743
0.5560	0.9859882792817992
0.5570	0.9879430020704759
0.5580	0.9918024253612914
0.5590	0.9950124575590157
0.5600	0.997538455820254
0.5610	0.9984830183171806
0.5620	0.9987410960633397
0.5630	1.0
0.5640	0.9998974999444249
0.5650	0.9975088546519523
0.5660	0.9936597014400304
0.5670	0.9899005864765898
0.5680	0.9856434870581461
0.5690	0.9830094569033833
0.5700	0.980166748081939
0.5710	0.9770204907400348
0.5720	0.9738474144875653
0.5730	0.9725235966499712
0.5740	0.9710361251052088
0.5750	0.9719122538650719
0.5760	0.9716568019913572
0.5770	0.9706965146031793
0.5780	0.9697804188976585
0.5790	0.9685042005416272
0.5800	0.9691267773923709
0.5810	0.9687831545572463
0.5820	0.9684908424367391
0.5830	0.9665915313919107
0.5840	0.9524734990183998
0.5850	0.913781730704172
0.5860	0.837766411331654
0.5870	0.7319922546052644
0.5880	0.6262890244441789
0.5890	0.5333788884467672
0.5900	0.4228162444153295
0.5910	0.28145255075568687
0.5920	0.15460409410719772
0.5930	0.07631936505816099
0.5940	0.03782040813872382
0.5950	0.020030215692477017
0.5960	0.011465123946454459
0.5970	0.007085675210865027
0.5980	0.004581414505248426
0.5990	0.0031283010426025374
0.6000	0.002230126624750989
0.6010	0.0015878825729262664
0.6020	0.0011810170587971073
0.6030	0.0009359963174858205
0.6040	0.0007427157668183816
0.6050	0.0006371813697519792
0.6060	0.0005689460319398147
0.6070	0.0004942265397716881
0.6080	0.00048770037145661626
0.6090	0.0004615186726046271
0.6100	0.00047843162525520327
0.6110	0.00045845165358960406
0.6120	0.000504935431127035
0.6130	0.0005356453011275361
0.6140	0.0004890681592365276
0.6150	0.0005144305858858735
0.6160	0.0004878287474427854
0.6170	0.0005065016181582987
0.6180	0.00048082642092446787
0.6190	0.00042480780877792796
0.6200	0.0003617868701130705
0.6210	0.0003314434552003614
0.6220	0.00024741553698055146
0.6230	0.0002427473193016731
0.6240	0.00019373103367345066
0.6250	0.0001885959942266845
0.6260	0.00014144699567001338
0.6270	0.00011717226373984607
0.6280	8.706225971108083e-05
0.6290	0.0001136711004806873
0.6300	8.939636855052001e-05
0.6310	8.869613589868825e-05
0.6320	7.165714137078236e-05
0.6330	0.00010923629368575289
0.6340	9.126365562207133e-05
0.6350	9.149706650601525e-05
0.6360	0.00012114024876689265
0.6370	0.00011413792224857515
0.6380	0.00012439493013260663
0.6390	0.00017678166892497922
0.6400	0.00018463407788262047
0.6410	0.00023757493411347591
0.6420	0.0002592004525108798
0.6430	0.00031746214325212074
0.6440	0.00035556180183828626
0.6450	0.00045669640374234585
0.6460	0.000563696621159916
0.6470	0.0006399216135294807
0.6480	0.0007375807273716155
0.6490	0.0007900654987352445
0.6500	0.0008010241397364114
0.6510	0.0008597759933339345
0.6520	0.0008584152078805415
0.6530	0.0008425409336635158
0.6540	0.0008062338706660395
0.6550	0.0007191015876897756
0.6560	0.0006745574545979184
0.6570	0.0005625202303048386
0.6580	0.00047849231208502873
0.6590	0.00046682176788783293
0.6600	0.0003874620673469013
0.6610	0.0003664550877919488
0.6620	0.0003221070198426047
0.6630	0.0002660884076960648
0.6640	0.00023807910162279477
0.6650	0.00019186374660189933
0.6660	0.0001799597915207596
0.6670	0.00017785909356526433
0.6680	0.0001332776147319763
0.6690	0.00014238063920578902
0.6700	0.00012557505556182706
0.6710	9.4998229765174e-05
0.6720	0.00011297086782885556
0.6730	0.00011250404606096772
0.6740	8.3794507335866e-05
0.6750	7.165714137078236e-05
0.6760	6.155721901164514e-05
0.6770	6.65482439430179e-05
0.6780	6.905087544066458e-05
0.6790	8.144826113046175e-05
0.6800	7.404073331761762e-05
0.6810	6.690933058047915e-05
0.6820	9.025251967282629e-05
0.6830	7.646820651063436e-05
0.6840	6.586831803808929e-05
0.6850	7.243486643608347e-05
0.6860	5.367656733704669e-05
0.6870	8.590057374169196e-05
0.6880	0.00010816470431756639
0.6890	0.00011620757655650586
0.6900	0.00014633788733217417
0.6910	0.00012556641935912113
0.6920	0.00013702222554308854
0.6930	0.00018680316522711127
0.6940	0.0001757929404205928
0.6950	0.0002263901179657674
0.6960	0.00027791300307666356
0.6970	0.00032209768340724695
0.6980	0.00039430334035529753
0.6990	0.00040033234348756883
0.7000	0.000454464995691842
0.7010	0.0004694009581554132
0.7020	0.0005060347963904109
0.7030	0.0005391698054750892
0.7040	0.0005157213480740835
0.7050	0.0005355192592502064
0.7060	0.000562776982277177
0.7070	0.000559630603561613
0.7080	0.0005610217324299187
0.7090	0.000560954043273575
0.7100	0.0005700103855705989
0.7110	0.0005708880104942281
0.7120	0.0005782801331887319
0.7130	0.0006055331879980236
0.7140	0.0006082384201429336
0.7150	0.0006300530013563319
0.7160	0.0006608562357104106
0.7170	0.0006920796096555883
0.7180	0.0007452972911948014
0.7190	0.0007554179871226094
0.7200	0.0007579108153631305
0.7210	0.0007880675015686846
0.7220	0.0007970818299065986
0.7230	0.0008393245316827686
0.7240	0.0008354499110092996
0.7250	0.000811263875215031
0.7260	0.0008146039849642685
0.7270	0.0007445807197810935
0.7280	0.0006838938899556752
0.7290	0.0006558845838824052
0.7300	0.0006185388424513786
0.7310	0.0005741907745020345
0.7320	0.0005345109242315687
0.7330	0.0005135039446766162
0.7340	0.00047148998556671126
0.7350	0.00043492850470573614
0.7360	0.0004420965529516538
0.7370	0.00042633898417660004
0.7380	0.00041412692672865433
0.7390	0.00044764472966300073
0.7400	0.00048293412120648145
0.7410	0.0005314345687811878
0.7420	0.0006040977110617684
0.7430	0.0007109532137312934
0.7440	0.0008340867914470671
0.7450	0.000961564145713037
0.7460	0.0011120558131358772
0.7470	0.0012404364675227101
0.7480	0.001312203312008946
0.7490	0.0013467574592680035
0.7500	0.0013164093761376154
0.7510	0.0012723694105550773
0.7520	0.0012536031754859865
0.7530	0.0012138579701680165
0.7540	0.0010531218990488778
0.7550	0.0007853692717502928
0.7560	0.0005796712620570377
0.7570	0.0004251602592126833
0.7580	0.00031513503673919987
0.7590	0.000283150743312365
0.7600	0.00020880400832589695
0.7610	0.00017667920154692786
0.7620	0.00015686191726743752
0.7630	0.00014299194231083816
0.7640	0.0001559646858295571
0.7650	0.0001393866777974404
0.7660	0.00013421125826775196
0.7670	0.0001416804065539573
0.7680	0.00015078343102777002
0.7690	0.00017505816295793734
0.7700	0.000170389945279059
0.7710	0.00020306746903120732
0.7720	0.00024741553698055146
0.7730	0.00029176360492989557
0.7740	0.000382793849668023
0.7750	0.00043647835297512376
0.7760	0.0004901628562822245
0.7770	0.0005088357269977379
0.7780	0.0004854946386033462
0.7790	0.0004963108989653074
0.7800	0.0004747717425949627
0.7810	0.0005080911462779568
0.7820	0.0005856069008357314
0.7830	0.0005932230979788214
0.7840	0.0005160761326176782
0.7850	0.00035214700060618673
0.7860	0.00022895133559528398
0.7870	0.00016721509043565386
0.7880	0.00010544243317812848
0.7890	9.717361920353129e-05
0.7900	8.838243167066763e-05
0.7910	5.4321014787615845e-05
0.7920	4.582322473586968e-05
0.7930	6.813590477560442e-05
0.7940	5.793538232548739e-05
0.7950	4.259841996330053e-05
0.7960	1.5918318850825977e-05
0.7970	4.385767168217796e-05
0.7980	3.447922236531139e-05
0.7990	2.4374631788495307e-05
0.8000	3.0221574431290414e-05
0.8010	2.6484199357580427e-05
0.8020	4.587480854122128e-05
0.8030	3.847895127257434e-05
0.8040	2.520907569859481e-05
0.8050	4.414243296058954e-05
0.8060	5.213465503771318e-06
0.8070	1.8397492554636282e-05
0.8080	2.1852557164216108e-05
0.8090	5.695412296938717e-06
0.8100	3.3712234200671685e-05
0.8110	3.951156102314224e-05
0.8120	2.86164077824081e-05
0.8130	5.775822346457395e-05
0.8140	1.5539913125776097e-05
0.8150	3.435878234919634e-05
0.8160	4.336564153882418e-05
0.8170	4.2947602645680626e-05
0.8180	4.458147883328804e-05
0.8190	4.3414424413568466e-05
0.8200	4.528171148511979e-05
0.8210	4.924969651216637e-05
0.8220	4.9949929163998115e-05
0.8230	5.2517448887381203e-05
0.8240	6.908962164739928e-05
0.8250	3.5711865243419214e-05
0.8260	5.975318628964261e-05
0.8270	5.088357269977379e-05
0.8280	5.998659717358653e-05
0.8290	9.453140799728616e-05
0.8300	5.975318628964261e-05
0.8310	7.935970054093159e-05
0.8320	7.165714137078236e-05
0.8330	7.865946788909984e-05
0.8340	8.286086380009035e-05
0.8350	5.905295363781086e-05
0.8360	8.566179440741734e-05
0.8370	8.986319031840783e-05
0.8380	8.262745291614642e-05
0.8390	0.00010946970456969682
0.8400	9.826598214038883e-05
0.8410	0.00011320427871279949
0.8420	0.00011297086782885556
0.8430	0.00010013326921194016
0.8440	0.0001164720310880143
0.8450	0.00010412366168384535
0.8460	0.00010283149903033183
0.8470	0.00011907549608752475
0.8480	8.184972785084529e-05
0.8490	0.000134951871002506
0.8500	9.869102336005069e-05
0.8510	0.0001123880408516476
0.8520	0.00010905003180036565
0.8530	9.217465830210443e-05
0.8540	0.00012028129671397903
0.8550	7.440228677684675e-05
0.8560	8.471321257506926e-06
0.8570	8.371421399178929e-05
0.8580	-0.0007076691225942025
0.8590	-0.0006045341894147437
0.8600	-0.0006698892369190402
0.8610	-0.0005858613186992302
0.8620	-0.0006092024070936219
0.8630	-0.0005345109242315687
0.8640	-0.0005345109242315687
0.8650	-0.0004924969651216637
0.8660	-0.0005275085977132512
0.8670	-0.0005088357269977379
0.8680	-0.0004598194413695154
0.8690	-0.0005088357269977379
0.8700	-0.00040613493806241464
0.8710	-0.0004458147883328804
0.8720	-0.000396798502704658
0.8730	-0.0004271419176173671
0.8740	-0.00036412097895250966
0.8750	-0.0003477822170764355
0.8760	-0.0003664550877919488
0.8770	-0.00030810236680596975
0.8780	-0.00035011632591587467
0.8790	-0.00028009306073269977
0.8800	-0.0003127705844848481
0.8810	-0.0002684225165355039
0.8820	-0.00028476127841157805
0.8830	-0.0002567519723383081
0.8840	-0.00023807910162279477
0.8850	-0.0002567519723383081
0.8860	-0.0002173055329517862
0.8870	-0.00024041321046223393
0.8880	-0.00021217049350502005
0.8890	-0.00021823917648756188
0.8900	-0.00019933289488810465
0.8910	-0.00020820250847797348
0.8920	-0.00019489808809317023
0.8930	-0.0001717904105827225
0.8940	-0.00017365769765427386
0.8950	-0.00015918622284975104
0.8960	-0.00016152033168919018
0.8970	-0.00015708552489425575
0.8980	-0.00014844932218833085
0.8990	-0.0001377124215269107
0.9000	-0.00014191381743790122
0.9010	-0.00013957970859846202
0.9020	-0.0001302432732407054
0.9030	-0.00011997319434717306
0.9040	-0.00011460474401646298
0.9050	-0.0001164720310880143
0.9060	-0.0001136711004806873
0.9070	-0.00010853606103392114
0.9080	-0.00011087016987336032
0.9090	-0.00010526830865870631
0.9100	-0.00010620195219448199
0.9110	-0.00010060009097982798
0.9120	-9.4998229765174e-05
0.9130	-9.33643535775666e-05
0.9140	-8.51949726395295e-05
0.9150	-8.869613589868825e-05
0.9160	-8.099357672853902e-05
0.9170	-8.052675496065117e-05
0.9180	-7.562512639782894e-05
0.9190	-7.562512639782894e-05
0.9200	-7.305760667444586e-05
0.9210	-6.418799308457703e-05
0.9220	-5.741907745020345e-05
0.9230	-4.10803155741293e-05
0.9240	-3.6178687011307054e-05
0.9250	-3.104364756454089e-05
0.9260	-3.804597408285838e-05
0.9270	-4.5748533253007624e-05
0.9280	-4.924969651216637e-05
0.9290	-4.7148998556671123e-05
0.9300	-3.734574143102663e-05
0.9310	-1.1110358075730424e-05
0.9320	1.881291724587967e-05
0.9330	-4.178054822596105e-05
0.9340	-3.734574143102663e-05
0.9350	-3.734574143102663e-05
0.9360	-3.3377756403980056e-05
0.9370	-3.2677523752148306e-05
0.9380	-3.221070198426047e-05
0.9390	-2.964318226087739e-05
0.9400	-3.104364756454089e-05
0.9410	-2.940977137693347e-05
0.9420	-3.174388021637264e-05
0.9430	-2.9176360492989558e-05
0.9440	-3.0110004028765224e-05
0.9450	-2.8009306073269976e-05
0.9460	-2.824271695721389e-05
0.9470	-2.8709538725101725e-05
0.9480	-2.7309073421438223e-05
0.9490	-2.824271695721389e-05
0.9500	-2.7309073421438223e-05
0.9510	-2.7542484305382143e-05
0.9520	-2.6608840769606473e-05
0.9530	-2.847612784115781e-05
0.9540	-2.7542484305382143e-05
0.9550	-2.7309073421438223e-05
0.9560	-2.6608840769606473e-05
0.9570	-2.4741553698055144e-05
0.9580	-2.4741553698055144e-05
0.9590	-2.3807910162279478e-05
0.9600	-2.3807910162279478e-05
0.9610	-2.3084336422053336e-05
0.9620	-2.3574499278335562e-05
0.9630	-2.3014313156870163e-05
0.9640	-2.201064635591132e-05
0.9650	-2.100697955495248e-05
0.9660	-2.054015778706465e-05
0.9670	-2.0190041461148772e-05
0.9680	-1.974656078165533e-05
0.9690	-1.986326622362729e-05
0.9700	-2.0610181052247824e-05
0.9710	-2.075022758261417e-05
0.9720	-2.030674690312073e-05
0.9730	-1.8649529627118922e-05
0.9740	-1.7692545002948867e-05
0.9750	-1.6782242555567594e-05
0.9760	-1.6338761876074153e-05
0.9770	-1.6805583643961983e-05
0.9780	-1.5848599019791928e-05
0.9790	-1.5241730721537744e-05
0.9800	-1.4681544600072345e-05
0.9810	-1.4191381743790121e-05
0.9820	-1.4168040655395729e-05
0.9830	-1.3724559975902287e-05
0.9840	-1.3164373854436888e-05
0.9850	-1.2837598616915405e-05
0.9860	-1.2604187732971489e-05
0.9870	-1.2417459025816355e-05
0.9880	-1.1833931815956564e-05
0.9890	-1.1016993722152856e-05
0.9900	-1.1040334810547247e-05
0.9910	-1.050348977747624e-05
0.9920	-1.0106691274771582e-05
0.9930	-9.686551683672532e-06
0.9940	-9.616528418489359e-06
0.9950	-9.616528418489359e-06
0.9960	-9.476481888123008e-06
;; Skysat9 Band: Red
0.3500	-1.2063522820784707e-09
0.3510	-6.971346083468533e-09
0.3520	-4.222348862354572e-09
0.3530	1.740140107757289e-09
0.3540	-1.0270541359080226e-08
0.3550	1.114340516113585e-09
0.3560	-7.0417286070147015e-09
0.3570	-6.144623738238862e-09
0.3580	1.1208596481101401e-08
0.3590	-3.827492940003686e-09
0.3600	4.3058484449482e-08
0.3610	4.7013764427626474e-08
0.3620	1.2946537279841722e-08
0.3630	3.0681171912261625e-08
0.3640	6.787012006324563e-08
0.3650	1.8971415710486555e-07
0.3660	2.478405734474159e-07
0.3670	1.3886631803269567e-07
0.3680	3.162949356636411e-07
0.3690	2.6140954530658035e-07
0.3700	4.0352569583083986e-07
0.3710	4.828004730104192e-07
0.3720	4.10904620920435e-07
0.3730	9.650262056244127e-07
0.3740	1.2460904819877947e-06
0.3750	-5.815793436428983e-08
0.3760	-2.552519435593899e-07
0.3770	-6.642168156418881e-07
0.3780	-8.057002882297595e-07
0.3790	-3.6622782510472675e-07
0.3800	-1.2113905305535897e-06
0.3810	-1.8606965409107872e-06
0.3820	-9.371072638673924e-07
0.3830	-4.939407031943652e-07
0.3840	8.875660321964518e-07
0.3850	3.434421493883639e-06
0.3860	1.4583226433743974e-06
0.3870	1.9957165015404674e-06
0.3880	-2.177570851974051e-06
0.3890	1.4092495470263519e-06
0.3900	-2.844524637003757e-07
0.3910	-2.1209380654117283e-08
0.3920	1.057844462145573e-07
0.3930	-2.0771326501970525e-06
0.3940	-7.018066915694109e-07
0.3950	-7.3971870021912416e-06
0.3960	-5.25029987138121e-07
0.3970	-5.168028564634782e-07
0.3980	-2.5492517583400274e-06
0.3990	2.6651268382645736e-06
0.4000	-3.314027285842035e-07
0.4010	-5.654703900317878e-06
0.4020	-4.148327861298771e-06
0.4030	-4.264202941223318e-06
0.4040	-2.43337667841548e-06
0.4050	-7.276955019261532e-06
0.4060	-1.0243357065329927e-05
0.4070	5.979154124106609e-07
0.4080	-7.276955019261532e-06
0.4090	-8.203955658657905e-06
0.4100	6.7207546356237084e-06
0.4110	-1.119353272071121e-05
0.4120	7.763630354944628e-06
0.4130	2.2572465569301693e-06
0.4140	3.4762523977364008e-06
0.4150	1.1286232784650847e-05
0.4160	-3.2676772538722165e-06
0.4170	1.7311736940727274e-05
0.4180	-4.009277765389315e-06
0.4190	-2.2479765505362057e-05
0.4200	-7.972205498808812e-06
0.4210	-1.6917761668983816e-05
0.4220	1.603711106155726e-05
0.4230	-7.439180131155898e-06
0.4240	-1.114718268874139e-05
0.4250	8.78333105828064e-06
0.4260	-4.820403324861142e-07
0.4270	7.230604987291713e-06
0.4280	4.88992837281587e-06
0.4290	-2.757826902204211e-05
0.4300	1.0057956937450652e-05
0.4310	-3.0822771259929416e-06
0.4320	-1.4438034958598516e-05
0.4330	-4.125152845313862e-06
0.4340	-2.8505269661438486e-05
0.4350	-1.5874885949662896e-05
0.4360	-9.849381793586468e-06
0.4370	-6.998854827442619e-06
0.4380	-6.095029204031155e-06
0.4390	1.9327963331414388e-05
0.4400	3.3372023018269445e-05
0.4410	2.301279087301497e-05
0.4420	-1.21668833920774e-06
0.4430	9.409056489873191e-06
0.4440	-2.317501598490934e-05
0.4450	-2.1297839690131683e-05
0.4460	-1.953653847527857e-05
0.4470	-5.23755361258951e-05
0.4480	-5.098503516680054e-05
0.4490	-5.747403964257516e-05
0.4500	-6.581704539714252e-05
0.4510	-8.551580898431546e-05
0.4520	-7.485530163125716e-05
0.4530	-2.2178490297558236e-05
0.4540	-4.1715028772836804e-05
0.4550	-5.7705789802424244e-05
0.4560	-4.2416768256859864e-05
0.4570	-7.015749414095618e-05
0.4580	-5.3650162005065114e-05
0.4590	-3.7860096613906986e-05
0.4600	-3.2485115156526965e-05
0.4610	-3.833842894383552e-05
0.4620	-3.903437467386234e-05
0.4630	-2.0695497849667905e-05
0.4640	-1.5686009569385884e-05
0.4650	4.074631310466759e-06
0.4660	1.541847718485609e-05
0.4670	-7.969285446794713e-06
0.4680	1.6298409366787114e-05
0.4690	3.314027285842035e-05
0.4700	3.4762523977364004e-05
0.4710	6.813454699563345e-05
0.4720	6.790279683578436e-05
0.4730	6.210904283955703e-05
0.4740	8.296655722597544e-05
0.4750	0.00010799557448967751
0.4760	0.00012027833296167946
0.4770	0.00013441509271247415
0.4780	0.00017728887228455644
0.4790	0.00017126336812848
0.4800	0.00011680208056394306
0.4810	0.00010521457257148839
0.4820	0.00010428757193209202
0.4830	7.253780003276623e-05
0.4840	5.538828820393332e-05
0.4850	4.1019778293289525e-05
0.4860	4.5423031330422294e-05
0.4870	4.1715028772836804e-05
0.4880	3.777527605540222e-05
0.4890	6.720754635623708e-05
0.4900	3.9861027494044066e-05
0.4910	4.774053292891323e-05
0.4920	5.005803452740417e-05
0.4930	2.064893924255422e-05
0.4940	4.1019778293289525e-05
0.4950	2.2734690681196057e-05
0.4960	3.453077381751491e-05
0.4970	5.979154124106609e-05
0.4980	7.727593205088094e-05
0.4990	8.091000630747457e-05
0.5000	6.308610151348081e-05
0.5010	0.0001121388038474596
0.5020	0.0001902114929479017
0.5030	0.00024668182264817046
0.5040	0.0003063737113205014
0.5050	0.0003791084989891394
0.5060	0.000516990574092956
0.5070	0.000669197126577045
0.5080	0.0007594151463046987
0.5090	0.000866064252365653
0.5100	0.000927371439652132
0.5110	0.0009497214250679786
0.5120	0.000936808306161187
0.5130	0.0008598209030593183
0.5140	0.000795878716455355
0.5150	0.0007320130074041418
0.5160	0.0007284880874728371
0.5170	0.000725065137611866
0.5180	0.0006189281994041782
0.5190	0.00048680511577261153
0.5200	0.00038022321725801356
0.5210	0.0003346958983556591
0.5220	0.00031557651016810896
0.5230	0.0003003968746979933
0.5240	0.0002997363867424234
0.5250	0.0002971894524856819
0.5260	0.0003138198439564528
0.5270	0.0003461281337410149
0.5280	0.00037566469161378187
0.5290	0.00041653846730636644
0.5300	0.0004799661685554648
0.5310	0.0005812873384414884
0.5320	0.0007466294899858241
0.5330	0.0008631465178531527
0.5340	0.0009231304117268937
0.5350	0.0009981386684636512
0.5360	0.0010579487497175053
0.5370	0.0010752257241342551
0.5380	0.0010257076674792993
0.5390	0.0009270052743995705
0.5400	0.000806967961604134
0.5410	0.000689769588266849
0.5420	0.0006167891454287711
0.5430	0.00056273342064397
0.5440	0.0004980287760141032
0.5450	0.000522348637788667
0.5460	0.0004898479953714301
0.5470	0.0004582650835871957
0.5480	0.00046417007766015063
0.5490	0.00044032530371327744
0.5500	0.0004611828180996958
0.5510	0.0004843578340846052
0.5520	0.0005399778724483876
0.5530	0.0005955979108121699
0.5540	0.0006373129395850068
0.5550	0.0007091554891382257
0.5560	0.0007276955019261532
0.5570	0.0007879505434869175
0.5580	0.0008203955658657904
0.5590	0.0008111255594718268
0.5600	0.0008157605626688087
0.5610	0.0007809980386914447
0.5620	0.0007323305051231351
0.5630	0.0007068379875397348
0.5640	0.0006442654443804796
0.5650	0.0006002329140091518
0.5660	0.000558517885236315
0.5670	0.0004982628436755507
0.5680	0.0004820403324861142
0.5690	0.00047045282449365955
0.5700	0.00041321517001413047
0.5710	0.00041223023183477184
0.5720	0.0004012429567563263
0.5730	0.00044484443183033474
0.5740	0.0004903694332310906
0.5750	0.0004727958186097339
0.5760	0.0005249210645629919
0.5770	0.0005407681404934729
0.5780	0.0006151900693258123
0.5790	0.0006829213710433083
0.5800	0.0007508125803711003
0.5810	0.0009056170521470977
0.5820	0.0010737981431495848
0.5830	0.0013249805539020244
0.5840	0.001705094848584909
0.5850	0.0022116821580022393
0.5860	0.0029776697388402577
0.5870	0.004053926751185841
0.5880	0.005579232143261423
0.5890	0.007911452194404372
0.5900	0.01136166282667853
0.5910	0.016817909795111236
0.5920	0.025554812026367706
0.5930	0.04051275992857488
0.5940	0.0664485460427185
0.5950	0.11038402639960625
0.5960	0.17873673604321685
0.5970	0.26975192997071934
0.5980	0.3729704708604499
0.5990	0.4758328441995147
0.6000	0.5770729571496295
0.6010	0.6834128922748339
0.6020	0.7938946222243309
0.6030	0.8912694043858435
0.6040	0.9562883161374752
0.6050	0.9889854224352226
0.6060	0.9998209359214909
0.6070	1.0
0.6080	0.9933377993597636
0.6090	0.9877191696893279
0.6100	0.9835451847678323
0.6110	0.9824170435296997
0.6120	0.9779643790409855
0.6130	0.9714620396610132
0.6140	0.965415142647681
0.6150	0.9587274239973438
0.6160	0.9518998070455121
0.6170	0.9473832791652483
0.6180	0.9456804716907412
0.6190	0.9409129583873607
0.6200	0.9368022088144815
0.6210	0.9320372053653323
0.6220	0.9299840171416508
0.6230	0.9267964906805624
0.6240	0.9236545355709068
0.6250	0.9189655160466673
0.6260	0.9151400370155526
0.6270	0.9107332474709806
0.6280	0.9057484915677576
0.6290	0.9015824070092113
0.6300	0.89852760618217
0.6310	0.895473681370733
0.6320	0.8935007945774394
0.6330	0.8908701614329666
0.6340	0.8892861676304109
0.6350	0.8880598315320487
0.6360	0.8888037171001418
0.6370	0.8899300900845547
0.6380	0.892727518454074
0.6390	0.8942532757589613
0.6400	0.8960448667197066
0.6410	0.8982816010699886
0.6420	0.9011313470380937
0.6430	0.9046649552828911
0.6440	0.9073999872393727
0.6450	0.9108765826273456
0.6460	0.9131732452514629
0.6470	0.9152362689519283
0.6480	0.9153938312506066
0.6490	0.9153899077204003
0.6500	0.9168102882276042
0.6510	0.9171621753528174
0.6520	0.9169222536823322
0.6530	0.9154588487579522
0.6540	0.9132753242443716
0.6550	0.912076649845089
0.6560	0.9115969617767253
0.6570	0.9105093976740808
0.6580	0.911410609155689
0.6590	0.9126032256057933
0.6600	0.910967771680243
0.6610	0.9085749953123315
0.6620	0.9065877029291015
0.6630	0.9048742442172477
0.6640	0.902837813847625
0.6650	0.9011909531792069
0.6660	0.8994731306118431
0.6670	0.8973833768479408
0.6680	0.8935756545140737
0.6690	0.8895646710675079
0.6700	0.8868206518398275
0.6710	0.8846970625525872
0.6720	0.8826982266938951
0.6730	0.8800802795531725
0.6740	0.8764472690298127
0.6750	0.8716505899688153
0.6760	0.8667892085806895
0.6770	0.8621149399541245
0.6780	0.8554929178391013
0.6790	0.8481312303263958
0.6800	0.8364999493637488
0.6810	0.8159780439713159
0.6820	0.7824280600052983
0.6830	0.735549387380851
0.6840	0.678565786696555
0.6850	0.6153630638676348
0.6860	0.5493115591512746
0.6870	0.48040718910965763
0.6880	0.40734714240917314
0.6890	0.32981767104841403
0.6900	0.25221357613618356
0.6910	0.18179971301589753
0.6920	0.12491794798684232
0.6930	0.0831436560631289
0.6940	0.05498682276702353
0.6950	0.036723494177438296
0.6960	0.025124097401783372
0.6970	0.017685276483375242
0.6980	0.012694953941312743
0.6990	0.009386887269582027
0.7000	0.007124493541601609
0.7010	0.00547083100599201
0.7020	0.004272705854588181
0.7030	0.003350653081104586
0.7040	0.002636732808679863
0.7050	0.0021300504816969944
0.7060	0.0017026915994272738
0.7070	0.0013802390620164424
0.7080	0.0011231284821750626
0.7090	0.0009316310075901584
0.7100	0.0008189981124019004
0.7110	0.0007042168932318416
0.7120	0.0006178783711800617
0.7130	0.0005508353674373176
0.7140	0.00048574138253890424
0.7150	0.0004471642509304241
0.7160	0.00036958588492094015
0.7170	0.00033372950018908845
0.7180	0.0003108511244087859
0.7190	0.0002786262646817695
0.7200	0.00026074442234781344
0.7210	0.00021193737518327468
0.7220	0.00019286433702769427
0.7230	0.00019443838411338935
0.7240	0.00016801886589059268
0.7250	0.00016176161157466717
0.7260	0.0001360373438314178
0.7270	0.00011703383072379215
0.7280	0.00012166883392077403
0.7290	0.0001330245917533796
0.7300	0.0001494788531026652
0.7310	0.00012421808567911405
0.7320	0.00010753207416997934
0.7330	0.0001086908249692248
0.7340	8.776749353740924e-05
0.7350	0.00010607853716740582
0.7360	0.00010236775360790213
0.7370	8.933342936750957e-05
0.7380	9.417190920483894e-05
0.7390	6.756606385352362e-05
0.7400	5.980683675161613e-05
0.7410	6.475423916407457e-05
0.7420	7.821475194842961e-05
0.7430	8.46592603935132e-05
0.7440	6.134125455997697e-05
0.7450	7.099851547104855e-05
0.7460	7.380199715474302e-05
0.7470	5.96721899087438e-05
0.7480	6.002723115363262e-05
0.7490	5.731668128403762e-05
0.7500	4.6538676599935835e-05
0.7510	3.854584533690046e-05
0.7520	4.395164956554041e-05
0.7530	6.664786972020151e-05
0.7540	4.000795709538839e-05
0.7550	1.3421926382740166e-05
0.7560	3.504340517110111e-05
0.7570	2.289075123883844e-05
0.7580	2.1340759819735734e-05
0.7590	2.4091587867112503e-05
0.7600	3.293331996567511e-05
0.7610	4.378803395268695e-05
0.7620	2.9860312846076134e-05
0.7630	3.385591735203435e-05
0.7640	2.2557448158943476e-05
0.7650	1.9899134775378463e-05
0.7660	4.063437777746049e-05
0.7670	2.6036666958725942e-05
0.7680	4.360611007720541e-05
0.7690	5.3685156279202326e-05
0.7700	4.60635887722452e-05
0.7710	6.498158607088654e-05
0.7720	2.6375022192105616e-05
0.7730	2.471105604438913e-05
0.7740	4.018455071719339e-05
0.7750	2.2749545866442388e-05
0.7760	3.6616525256156755e-05
0.7770	4.009277765389315e-05
0.7780	1.705681176489327e-05
0.7790	2.618776806294755e-05
0.7800	2.013908889088621e-06
0.7810	1.5457735661934525e-05
0.7820	5.214378596604601e-05
0.7830	5.608353868348059e-05
0.7840	6.396304411834977e-05
0.7850	2.8505269661438486e-05
0.7860	3.8702276694798594e-05
0.7870	4.8204033248611426e-05
0.7880	2.8968769981136672e-05
0.7890	4.403253037132774e-05
0.7900	3.082277125992942e-05
0.7910	6.396304411834977e-05
0.7920	5.9559791081216996e-05
0.7930	4.009277765389315e-05
0.7940	4.148327861298772e-05
0.7950	4.8899283728158705e-05
0.7960	6.234079299940612e-05
0.7970	8.343005754567361e-05
0.7980	6.720754635623708e-05
0.7990	8.73698102631082e-05
0.8000	6.118204220016065e-05
0.8010	6.210904283955703e-05
0.8020	0.00010057956937450651
0.8030	9.803031761616649e-05
0.8040	9.895731825556288e-05
0.8050	8.180780642672996e-05
0.8060	7.578230227065354e-05
0.8070	0.00010660507353058295
0.8080	9.061431250099551e-05
0.8090	0.0001015065700139029
0.8100	0.00012329108503971768
0.8110	0.00010104306969420471
0.8120	0.00011332582816620666
0.8130	0.00012027833296167946
0.8140	0.00010683682369043206
0.8150	0.00011286232784650846
0.8160	9.803031761616649e-05
0.8170	9.687156681692102e-05
0.8180	0.00012051008312152855
0.8190	0.00011772908120333943
0.8200	0.00012004658280183036
0.8210	0.00010706857385028114
0.8220	0.00013348809207307778
0.8230	0.00015898060965647805
0.8240	0.00011425282880560304
0.8250	0.00011494807928515032
0.8260	0.00011100832656771572
0.8270	0.00012329108503971768
0.8280	0.00014252634830719244
0.8290	0.00013140234063443594
0.8300	0.00017242211892772548
0.8310	0.00014090409718824876
0.8320	0.00014646610102462702
0.8330	0.00017033636748908361
0.8340	0.00014020884670870148
0.8350	0.00015643135789813803
0.8360	0.00018609537835882197
0.8370	0.00019397488379369117
0.8380	0.00023175015984909338
0.8390	0.00020000038794976756
0.8400	0.00023175015984909338
0.8410	0.00025029017263702085
0.8420	0.00020811164354448585
0.8430	0.00026651268382645737
0.8440	0.00027114768702343924
0.8450	0.00027114768702343924
0.8460	0.0002966402046068395
0.8470	0.00029200520140985767
0.8480	0.00035226024297062194
0.8490	0.00039397527174345876
0.8500	0.00036616525256156753
0.8510	0.00044032530371327744
0.8520	0.00047045282449365955
0.8530	0.0005144853548649873
0.8540	0.0005005803452740417
0.8550	0.0005330253676529147
0.8560	0.0005075328500695146
0.8570	0.0005562003836378241
0.8580	-7.392830099186079e-05
0.8590	-1.2584033679805769e-05
0.8600	1.7195861860802727e-05
0.8610	5.677878916302787e-05
0.8620	3.174977189932579e-05
0.8630	7.462355147140806e-05
0.8640	0.00010938607544877208
0.8650	0.00011517982944499941
0.8660	7.253780003276623e-05
0.8670	8.899206138205184e-05
0.8680	0.0001476248518238725
0.8690	0.00013418334255262506
0.8700	0.00014438034958598516
0.8710	0.00010289707097299746
0.8720	0.00014692960134432518
0.8730	0.00013418334255262506
0.8740	0.00013673259431096508
0.8750	0.0001225958345601704
0.8760	0.00011680208056394306
0.8770	0.00018377787676033104
0.8780	0.0001610663610951199
0.8790	0.00019582888507248389
0.8800	0.00017659362180500913
0.8810	0.00022201665313543144
0.8820	0.00021575939881950592
0.8830	0.00022804215729150789
0.8840	0.0002097338946634295
0.8850	0.00017358086972697095
0.8860	0.0001501741035822125
0.8870	0.00011448457896545213
0.8880	0.00013464684287232324
0.8890	0.00013070709015488866
0.8900	0.00016801886589059268
0.8910	0.00012143708376092492
0.8920	7.091554891382257e-05
0.8930	2.4565516944003897e-06
0.8940	-5.005803452740417e-05
0.8950	-6.187729267970792e-05
0.8960	-8.667455978356093e-05
0.8970	-9.965256873511016e-05
0.8980	-9.733506713661921e-05
0.8990	-9.293181409948644e-05
0.9000	-8.945556170175004e-05
0.9010	-8.968731186159914e-05
0.9020	-8.041730546763541e-05
0.9030	-6.952504795472801e-05
0.9040	-6.28042933191043e-05
0.9050	-3.174977189932579e-05
0.9060	-1.953653847527857e-05
0.9070	-5.446128756453694e-06
0.9080	-4.8435783408460515e-06
0.9090	-3.6848275416005846e-06
0.9100	-1.3858659558975785e-05
0.9110	-1.571266083776853e-05
0.9120	-9.77985674563174e-06
0.9130	-4.959453420770598e-06
0.9140	1.4577085054507973e-05
0.9150	3.128627157962761e-05
0.9160	3.6384775096307656e-05
0.9170	2.4333766784154803e-05
0.9180	6.002329140091519e-06
0.9190	-2.1228314642176955e-05
0.9200	-2.966402046068395e-05
0.9210	-2.3638516304607527e-05
0.9220	-2.238706544142242e-05
0.9230	-1.1726558088364124e-05
0.9240	-6.1877292679707925e-06
0.9250	4.982628436755508e-06
0.9260	7.809980386914447e-06
0.9270	6.303604347895339e-06
0.9280	-3.4762523977364008e-06
0.9290	-8.319830738582452e-06
0.9300	-7.902680450854084e-06
0.9310	-7.601405243050262e-06
0.9320	2.873701982128758e-06
0.9330	1.0637332337073387e-05
0.9340	1.4044059686855057e-05
0.9350	2.7578269022042112e-06
0.9360	-6.836629715548255e-06
0.9370	-1.647743636527054e-05
0.9380	-1.9884163715052208e-05
0.9390	-1.9814638667097483e-05
0.9400	-2.4333766784154803e-05
0.9410	-2.317501598490934e-05
0.9420	-2.5724267743249365e-05
0.9430	-2.3151840968924428e-05
0.9440	-2.479726710385299e-05
0.9450	-2.4102016624305713e-05
0.9460	-2.5029017263702085e-05
0.9470	-2.5956017903098458e-05
0.9480	-2.45655169440039e-05
0.9490	-2.5029017263702085e-05
0.9500	-2.317501598490934e-05
0.9510	-2.526076742355118e-05
0.9520	-2.340676614475843e-05
0.9530	-2.618776806294755e-05
0.9540	-2.3638516304607527e-05
0.9550	-2.268834064922624e-05
0.9560	-2.1946740137709143e-05
0.9570	-2.092703943437313e-05
0.9580	-2.173816499384496e-05
0.9590	-2.0463539114674944e-05
0.9600	-2.0069563842931486e-05
0.9610	-2.020861393884094e-05
0.9620	-2.1344189722101498e-05
0.9630	-1.9745113619142755e-05
0.9640	-1.81228625001991e-05
0.9650	-1.8030162436259466e-05
0.9660	-1.793746237231983e-05
0.9670	-1.826191259610856e-05
0.9680	-1.775206224444055e-05
0.9690	-1.6940936684968725e-05
0.9700	-1.6662836493149813e-05
0.9710	-1.6570136429210176e-05
0.9720	-1.745078703663673e-05
0.9730	-1.6245686205421445e-05
0.9740	-1.543456064594962e-05
0.9750	-1.527233553405525e-05
0.9760	-1.4507560006553245e-05
0.9770	-1.4298984862689061e-05
0.9780	-1.3881834574960694e-05
0.9790	-1.2862133871624682e-05
0.9800	-1.256085866382086e-05
0.9810	-1.2584033679805769e-05
0.9820	-1.158750799245467e-05
0.9830	-1.1772908120333943e-05
0.9840	-1.158750799245467e-05
0.9850	-1.0730032401013022e-05
0.9860	-1.0521457257148838e-05
0.9870	-1.0428757193209201e-05
0.9880	-9.965256873511017e-06
0.9890	-9.73350671366192e-06
0.9900	-1.01738320173752e-05
0.9910	-8.899206138205185e-06
0.9920	-8.829681090250457e-06
0.9930	-8.667455978356093e-06
0.9940	-8.435705818506998e-06
0.9950	-8.597930930401364e-06
0.9960	-8.597930930401364e-06
;; Skysat9 Band: NIR
0.3500	-1.596092794159268e-08
0.3510	-8.593064373714252e-09
0.3520	-4.0971010231356025e-09
0.3530	-2.5650202266088084e-09
0.3540	4.81254460334894e-10
0.3550	5.026429667643189e-09
0.3560	-1.9021398482070634e-09
0.3570	-2.3573968860203027e-09
0.3580	-4.866179190332928e-09
0.3590	1.6483064892225477e-08
0.3600	1.4431590936361047e-08
0.3610	5.3962862013945286e-08
0.3620	2.4796033904558667e-08
0.3630	3.409650646969329e-08
0.3640	1.6331927721717004e-07
0.3650	2.45602638382673e-07
0.3660	1.7701798190008422e-07
0.3670	3.9085960283215966e-07
0.3680	2.4781792321169496e-07
0.3690	6.821522458320454e-07
0.3700	7.274052036929575e-07
0.3710	6.114212259446345e-07
0.3720	7.791844651345036e-07
0.3730	1.0670800331975228e-06
0.3740	1.920529782721062e-06
0.3750	2.527103644044245e-07
0.3760	-8.020395933395563e-07
0.3770	-1.49022164718454e-07
0.3780	4.857817159719103e-07
0.3790	-1.4309818865547218e-06
0.3800	-1.8557077133728734e-06
0.3810	-2.8241941793642633e-06
0.3820	-5.818307433936021e-07
0.3830	8.700104898407632e-07
0.3840	1.9902906764005407e-07
0.3850	-4.1933297035587635e-07
0.3860	7.447270194527681e-08
0.3870	4.110101367605534e-07
0.3880	1.637958476337939e-06
0.3890	2.0673552811942825e-06
0.3900	1.2882655421878263e-05
0.3910	1.2979700706853554e-05
0.3920	2.4403606420986418e-05
0.3930	3.624678957636561e-05
0.3940	2.6821572499847408e-05
0.3950	4.126008824281053e-05
0.3960	7.679937163520953e-05
0.3970	5.1609407694702684e-05
0.3980	4.017694396486348e-05
0.3990	4.964955676958739e-05
0.4000	2.538006948024303e-05
0.4010	1.776931505437864e-05
0.4020	1.5809464129263353e-05
0.4030	3.0443017703457532e-05
0.4040	6.010209503686895e-05
0.4050	8.982650073445087e-05
0.4060	7.382105151267598e-05
0.4070	8.264038067569479e-05
0.4080	9.733926261405948e-05
0.4090	0.00011726441368606494
0.4100	9.27662771221238e-05
0.4110	0.0001087717263438987
0.4120	9.015314255530342e-05
0.4130	3.171692080478247e-05
0.4140	-4.246343671083132e-06
0.4150	-1.950051670489715e-05
0.4160	3.887037668145329e-06
0.4170	-9.962575536002732e-07
0.4180	3.0998308798906866e-05
0.4190	0.00010387209903111046
0.4200	7.218784240841324e-05
0.4210	0.0001303300865201669
0.4220	0.00010419874085196301
0.4230	6.565500599136227e-05
0.4240	4.3443362173388967e-05
0.4250	9.570605350979674e-06
0.4260	8.002724610887441e-05
0.4270	3.49506748312227e-05
0.4280	2.956108478715565e-06
0.4290	4.3116720352536415e-05
0.4300	5.3569258619817966e-05
0.4310	5.487582590322816e-05
0.4320	0.00011530456276094965
0.4330	4.279007853168387e-05
0.4340	6.728821509562501e-05
0.4350	0.00021917666179206013
0.4360	0.00015548150672581312
0.4370	6.92480660207403e-05
0.4380	0.00016789389591821
0.4390	0.00016038113403860137
0.4400	6.336851324539443e-05
0.4410	7.970060428802185e-06
0.4420	5.683567682834346e-06
0.4430	-2.629466657863016e-05
0.4440	-3.5930600293780345e-05
0.4450	-7.872067882546422e-06
0.4460	-2.8548495142512747e-05
0.4470	-8.296702249654733e-06
0.4480	-5.062948223214503e-06
0.4490	2.8744480235024278e-05
0.4500	-6.0102095036868945e-06
0.4510	2.6131345668203887e-05
0.4520	0.00020839748170392602
0.4530	0.0002828718168583071
0.4540	0.00019925151072005463
0.4550	0.000214930318120977
0.4560	0.00026294666578630165
0.4570	6.500172234965716e-05
0.4580	-1.3522971383295514e-05
0.4590	-1.6332091042627432e-05
0.4600	-4.4423287635946614e-05
0.4610	-6.434843870795207e-05
0.4620	-3.194557007937925e-05
0.4630	-3.887037668145328e-07
0.4640	2.057843471371056e-06
0.4650	6.99013496624454e-05
0.4660	0.00012249068281970573
0.4670	0.0001342497883703975
0.4680	9.309291894297636e-05
0.4690	6.304187142454188e-05
0.4700	8.525351524251519e-05
0.4710	4.9976198590439934e-05
0.4720	4.736306402361955e-05
0.4730	4.213679488997877e-05
0.4740	4.5729854919356806e-05
0.4750	8.002724610887441e-05
0.4760	6.892142419988775e-05
0.4770	0.00011171150273157161
0.4780	0.00016560740317224213
0.4790	0.00015156180487558256
0.4800	0.00013392314654954492
0.4810	0.00010256553174770025
0.4820	9.897247171832223e-05
0.4830	0.00010223888992684771
0.4840	8.035388792972696e-05
0.4850	5.3895900440670524e-05
0.4860	3.364410754781251e-06
0.4870	-3.8217093039748184e-05
0.4880	-5.193604951555523e-05
0.4890	-4.540321309850426e-05
0.4900	-2.8417838414171726e-05
0.4910	-4.964955676958739e-05
0.4920	-6.532836417050973e-05
0.4930	-5.030284041129249e-05
0.4940	-5.683567682834345e-05
0.4950	-3.462403301037015e-05
0.4960	-1.0060568082258497e-05
0.4970	-1.9827158525749702e-05
0.4980	2.0807083988307346e-05
0.4990	-2.3616203647639265e-05
0.5000	-4.573638775577386e-05
0.5010	-1.6303019920571553e-05
0.5020	-4.546462176082453e-05
0.5030	-6.010699466418173e-05
0.5040	-4.895772939302169e-05
0.5050	-2.6146665169601877e-05
0.5060	-2.3350284541283203e-05
0.5070	-5.3816199836382496e-05
0.5080	-5.9921135468116635e-05
0.5090	-4.2861286448629724e-05
0.5100	-3.658388393548544e-05
0.5110	-1.7573329961867114e-05
0.5120	4.932291494873484e-05
0.5130	8.492687342166264e-05
0.5140	7.284112605011834e-05
0.5150	7.05546333041505e-05
0.5160	8.492687342166264e-05
0.5170	0.0001169377718652124
0.5180	0.00012053083189459045
0.5190	6.630828963306737e-05
0.5200	4.474992945679916e-05
0.5210	2.9855062425922946e-05
0.5220	2.283226327759315e-06
0.5230	1.2445053374482102e-05
0.5240	1.6364755224712687e-05
0.5250	2.2570949820911107e-05
0.5260	1.1734640078309894e-05
0.5270	1.756075425176429e-05
0.5280	4.217566526666022e-05
0.5290	3.969286078636e-05
0.5300	2.3743757278682185e-05
0.5310	3.648654467287138e-05
0.5320	6.10826737830683e-05
0.5330	9.999322740848644e-05
0.5340	7.078197601146387e-05
0.5350	7.839403700461166e-05
0.5360	8.492687342166264e-05
0.5370	6.598164781221482e-05
0.5380	0.00010615859177707829
0.5390	0.00012314396646141083
0.5400	3.5930600293780345e-05
0.5410	4.148351124827367e-05
0.5420	6.467508052880463e-05
0.5430	4.409664581509406e-05
0.5440	4.0503585785716024e-05
0.5450	4.279007853168387e-05
0.5460	6.108202049942659e-05
0.5470	4.605649674020936e-05
0.5480	0.00010681187541878341
0.5490	0.00010485202449366811
0.5500	0.00012151075735714809
0.5510	0.00014894867030876215
0.5520	0.0002217897963588805
0.5530	0.0001451769372033778
0.5540	0.00013001291731211907
0.5550	0.0001659703022352093
0.5560	0.00018049965706855154
0.5570	0.00013125807593320898
0.5580	0.00014875758484356343
0.5590	0.00028254517503745457
0.5600	0.0003266418208525486
0.5610	0.0003789045121889564
0.5620	0.00036257242114632894
0.5630	0.0003331746572695996
0.5640	0.0003887037668145329
0.5650	0.0004050358578571603
0.5660	0.0002668663676365322
0.5670	0.00015874792493433864
0.5680	9.995239718087987e-05
0.5690	5.062948223214504e-05
0.5700	6.010209503686895e-05
0.5710	9.341956076382891e-06
0.5720	5.7162318649196004e-05
0.5730	6.794149873733011e-05
0.5740	2.3975509650577068e-05
0.5750	2.224430800005856e-05
0.5760	4.377000399424152e-05
0.5770	0.00014764210302535197
0.5780	0.00022930255823848912
0.5790	0.00017116031412673548
0.5800	0.00018389934513998485
0.5810	0.00013359650472869237
0.5820	0.00013653628111636533
0.5830	0.0003299082390610741
0.5840	0.0002440014401768538
0.5850	4.540321309850426e-05
0.5860	2.55433903906693e-05
0.5870	2.828718168583071e-05
0.5880	-2.8646487688768516e-05
0.5890	-1.1171150273157162e-05
0.5900	4.3116720352536415e-05
0.5910	5.291597497811287e-06
0.5920	-1.0060568082258497e-05
0.5930	2.6653972581567966e-05
0.5940	1.443756848168265e-05
0.5950	5.258933315726032e-05
0.5960	6.369515506624697e-05
0.5970	-2.4824778384793695e-05
0.5980	3.527731665207525e-05
0.5990	1.1661113004435986e-05
0.6000	3.7182945034929017e-06
0.6010	7.166456221140746e-05
0.6020	6.0299386696663887e-05
0.6030	6.511768019605983e-05
0.6040	-1.034539975004192e-06
0.6050	3.531978008878608e-05
0.6060	7.78671637475765e-05
0.6070	1.3513662091401215e-05
0.6080	5.650903500749091e-05
0.6090	4.736306402361955e-05
0.6100	-2.903845787379157e-05
0.6110	4.344336217338897e-06
0.6120	6.761485691647756e-05
0.6130	8.362030613825245e-05
0.6140	-3.139027898392992e-05
0.6150	1.4045598296659591e-05
0.6160	6.238858778283678e-05
0.6170	-1.2227836563615156e-05
0.6180	2.2359579898637426e-06
0.6190	1.5637029912035295e-05
0.6200	1.1002080466683883e-05
0.6210	4.177716224522011e-05
0.6220	3.578197826529244e-05
0.6230	2.4883149278180043e-05
0.6240	4.434750673350882e-05
0.6250	2.0660617795837063e-05
0.6260	4.209073839323856e-05
0.6270	-8.585453619288387e-06
0.6280	-2.866213383198735e-05
0.6290	4.33839133619938e-05
0.6300	1.0059620820978025e-05
0.6310	6.260057832457009e-06
0.6320	6.008543630400547e-06
0.6330	1.5156997092110387e-05
0.6340	1.708137471548109e-05
0.6350	7.75532609577372e-06
0.6360	1.9092965705019426e-05
0.6370	3.8551247622480345e-05
0.6380	2.100875264850171e-05
0.6390	4.8178035366646655e-05
0.6400	2.8348949654153926e-05
0.6410	4.176344328874431e-05
0.6420	1.3604403189234053e-05
0.6430	2.5091579424066056e-06
0.6440	8.752040947923188e-05
0.6450	2.7924576600502295e-05
0.6460	-2.5519741522839575e-05
0.6470	1.5450158126325547e-05
0.6480	-6.85947823790352e-06
0.6490	2.4628793292282164e-05
0.6500	3.3644107547812505e-05
0.6510	-3.49506748312227e-05
0.6520	1.5646143218837078e-05
0.6530	-9.27662771221238e-06
0.6540	4.83429894861772e-05
0.6550	6.85947823790352e-05
0.6560	-1.5678807400922333e-05
0.6570	3.7237167577190545e-06
0.6580	2.9397763876729374e-05
0.6590	3.658388393548544e-05
0.6600	4.5729854919356806e-05
0.6610	5.193604951555523e-05
0.6620	2.7862547318722396e-05
0.6630	-5.8142244111753645e-06
0.6640	1.3065672834101943e-05
0.6650	7.251448422926579e-06
0.6660	7.806739518375911e-06
0.6670	5.716231864919601e-06
0.6680	2.743791295161408e-05
0.6690	1.887989724527731e-05
0.6700	1.8912561427362565e-05
0.6710	2.9299771330473612e-05
0.6720	5.258933315726032e-05
0.6730	6.892142419988775e-05
0.6740	3.49506748312227e-05
0.6750	2.7960539864978158e-05
0.6760	-3.6910525756337993e-07
0.6770	-2.7339920405358317e-06
0.6780	3.462403301037015e-05
0.6790	5.1609407694702684e-05
0.6800	6.500172234965716e-05
0.6810	7.022799148329796e-05
0.6820	7.12079169458556e-05
0.6830	9.341956076382891e-05
0.6840	7.610754425864383e-05
0.6850	0.00010223888992684771
0.6860	8.166045521313715e-05
0.6870	9.864582989746968e-05
0.6880	0.00013588299747466023
0.6890	0.0001087717263438987
0.6900	0.0001136713536566869
0.6910	9.603269533064929e-05
0.6920	6.500172234965716e-05
0.6930	0.0001202041900737379
0.6940	0.00010975165180645632
0.6950	6.761485691647756e-05
0.6960	5.454918408237561e-05
0.6970	7.12079169458556e-05
0.6980	4.115686942742112e-05
0.6990	4.9976198590439934e-05
0.7000	4.0503585785716024e-05
0.7010	8.32936643173999e-05
0.7020	9.962575536002732e-05
0.7030	9.53794116889442e-05
0.7040	8.525351524251519e-05
0.7050	4.213679488997877e-05
0.7060	7.414769333352854e-05
0.7070	0.00011301807001498182
0.7080	9.603269533064929e-05
0.7090	0.00011236478637327673
0.7100	0.00015090852123387746
0.7110	0.0001835727033191323
0.7120	0.0001767132250812288
0.7130	0.00018291941967742722
0.7140	0.00021362375083756681
0.7150	0.0002639265912488593
0.7160	0.00034297391189517607
0.7170	0.0003789045121889564
0.7180	0.00041483511248273673
0.7190	0.0005226269133640778
0.7200	0.0006402179688709953
0.7210	0.0008002724610887441
0.7220	0.001048520244936681
0.7230	0.0013440102353345221
0.7240	0.0017339389089772517
0.7250	0.002239698038712504
0.7260	0.0029551187539983816
0.7270	0.003964455046105591
0.7280	0.00535054001438413
0.7290	0.007341333719188783
0.7300	0.010217898381690335
0.7310	0.014560372740650373
0.7320	0.021268194447550265
0.7330	0.03162284796037693
0.7340	0.04774165495966049
0.7350	0.07227983127800174
0.7360	0.10786287160872213
0.7370	0.15596921236210987
0.7380	0.21612020894597866
0.7390	0.2853055597371153
0.7400	0.3607283941444698
0.7410	0.440927522445895
0.7420	0.5246886504059534
0.7430	0.6123897026113714
0.7440	0.702916569139585
0.7450	0.791417694554581
0.7460	0.8709038519543767
0.7470	0.9320057682071116
0.7480	0.9710819227028655
0.7490	0.9920676895664338
0.7500	1.0
0.7510	0.9979341211398359
0.7520	0.9912115548211429
0.7530	0.9848879945522939
0.7540	0.9792016373483095
0.7550	0.973615030023577
0.7560	0.9700384948039158
0.7570	0.9659283607721282
0.7580	0.963809987304935
0.7590	0.9608045003821611
0.7600	0.9577642587696485
0.7610	0.9537159711002211
0.7620	0.9497089872890405
0.7630	0.9463102040154511
0.7640	0.9430510111240027
0.7650	0.9406165496331889
0.7660	0.9393378906269523
0.7670	0.9378742249598029
0.7680	0.9335839969600883
0.7690	0.9295445253534056
0.7700	0.9271961927779141
0.7710	0.9232097743357743
0.7720	0.9206975786244337
0.7730	0.9174475904994972
0.7740	0.9143433401557703
0.7750	0.9112953146686669
0.7760	0.9081062746410833
0.7770	0.9050930593728279
0.7780	0.9031997355873657
0.7790	0.9023256845382011
0.7800	0.9003970932353412
0.7810	0.8994602583617906
0.7820	0.8978608109561311
0.7830	0.8955473833256157
0.7840	0.892666131352985
0.7850	0.892932096189196
0.7860	0.8907024815834932
0.7870	0.8884387231082567
0.7880	0.8870541831557908
0.7890	0.882689235839556
0.7900	0.8801540935403005
0.7910	0.8778534408713987
0.7920	0.8744433982542446
0.7930	0.8706552415981076
0.7940	0.8679912195020166
0.7950	0.8643167178674455
0.7960	0.8615563560327122
0.7970	0.8595491257114821
0.7980	0.8562677277090525
0.7990	0.8535664847774753
0.8000	0.849940446989864
0.8010	0.8479779306674906
0.8020	0.8422576811081744
0.8030	0.8411217057821226
0.8040	0.8349663823831038
0.8050	0.828005834632992
0.8060	0.8258824831444491
0.8070	0.8226497711054173
0.8080	0.8171355900716225
0.8090	0.8091017266959533
0.8100	0.8015553011102875
0.8110	0.7933693663685022
0.8120	0.7840733949276589
0.8130	0.7761869384729039
0.8140	0.7690025888128168
0.8150	0.7616869160750742
0.8160	0.7545164976886465
0.8170	0.7457559738526358
0.8180	0.7448570359631403
0.8190	0.7454908027560495
0.8200	0.7430832696169466
0.8210	0.7388578832850893
0.8220	0.7368520542572708
0.8230	0.7376554788119307
0.8240	0.736049541033291
0.8250	0.7332054641662915
0.8260	0.7324037740797001
0.8270	0.7291982745707637
0.8280	0.7240558903231361
0.8290	0.716502895970453
0.8300	0.706244791247034
0.8310	0.697444773148464
0.8320	0.6917669020989853
0.8330	0.6848924897970324
0.8340	0.6772560678568854
0.8350	0.6710152034978217
0.8360	0.6630270144479622
0.8370	0.6562640131382658
0.8380	0.6498729784684832
0.8390	0.6434580793472693
0.8400	0.637674683391146
0.8410	0.6306703787027129
0.8420	0.6241578855382646
0.8430	0.6170870341116692
0.8440	0.6085051996837558
0.8450	0.602970482678684
0.8460	0.5967441538806482
0.8470	0.5892923400983925
0.8480	0.5804972608241538
0.8490	0.5733299063380056
0.8500	0.565346744305769
0.8510	0.5577229666705072
0.8520	0.5502922637491333
0.8530	0.5426197446213639
0.8540	0.5346540154631062
0.8550	0.5272179131524335
0.8560	0.5181771632983133
0.8570	0.509947213571168
0.8580	0.5027504253905429
0.8590	0.4970402951948369
0.8600	0.4901668334205826
0.8610	0.4821968383201446
0.8620	0.47454827510351655
0.8630	0.4675309406728496
0.8640	0.4609227447213098
0.8650	0.45410562539473437
0.8660	0.44735832249094803
0.8670	0.4397400879673862
0.8680	0.4308989979262622
0.8690	0.4227957590942619
0.8700	0.414723570833752
0.8710	0.4060790440411624
0.8720	0.3978121053942238
0.8730	0.3904871756272782
0.8740	0.38208453690228456
0.8750	0.37392641897796297
0.8760	0.36678237691856913
0.8770	0.36030956420251803
0.8780	0.3541134628385839
0.8790	0.3482439053029561
0.8800	0.3407574152249987
0.8810	0.33295905406932763
0.8820	0.32184275349072805
0.8830	0.30717974988996577
0.8840	0.2897022729704279
0.8850	0.2676324962280872
0.8860	0.2441232351125951
0.8870	0.2204664854157334
0.8880	0.19736150234907407
0.8890	0.17642075979409205
0.8900	0.1584232462308294
0.8910	0.13679666691027612
0.8920	0.11337149319872607
0.8930	0.0860402484001296
0.8940	0.06124954855650545
0.8950	0.04118166154162383
0.8960	0.027445272191837893
0.8970	0.017736814193203814
0.8980	0.011698281577230797
0.8990	0.007676546621420503
0.9000	0.005172422229473235
0.9010	0.003504197122015099
0.9020	0.0024342197758666136
0.9030	0.0016761821022141042
0.9040	0.0011993471057153455
0.9050	0.0008355497777408193
0.9060	0.0006016285041554752
0.9070	0.0004253203149321035
0.9080	0.00029472074890973327
0.9090	0.0002121483097327758
0.9100	0.00013545966967483533
0.9110	8.248751230353581e-05
0.9120	5.6707633234569264e-05
0.9130	2.1253015402135247e-05
0.9140	8.427358977995754e-06
0.9150	-1.1922426461118025e-05
0.9160	-1.9141210701959347e-05
0.9170	-3.037768933928702e-05
0.9180	-3.0051047518434473e-05
0.9190	-4.279007853168387e-05
0.9200	-4.932291494873484e-05
0.9210	-3.985030214401093e-05
0.9220	-4.9976198590439934e-05
0.9230	-4.115686942742112e-05
0.9240	-4.474992945679916e-05
0.9250	-4.148351124827367e-05
0.9260	-4.605649674020936e-05
0.9270	-3.985030214401093e-05
0.9280	-4.6709780381914454e-05
0.9290	-4.3116720352536415e-05
0.9300	-3.8543734860600736e-05
0.9310	-4.213679488997877e-05
0.9320	-3.2664182085254864e-05
0.9330	-3.756380939804309e-05
0.9340	-3.3970749368665057e-05
0.9350	-3.56039584729278e-05
0.9360	-3.331746572695996e-05
0.9370	-3.42973911895176e-05
0.9380	-3.42973911895176e-05
0.9390	-3.0475681885542787e-05
0.9400	-3.42973911895176e-05
0.9410	-2.9691741515496667e-05
0.9420	-3.331746572695996e-05
0.9430	-2.8385174232086475e-05
0.9440	-3.250086117482858e-05
0.9450	-3.188024171520874e-05
0.9460	-3.174958498686773e-05
0.9470	-3.181491335103823e-05
0.9480	-2.943042805881463e-05
0.9490	-3.1292286437674155e-05
0.9500	-2.8123860775404437e-05
0.9510	-2.943042805881463e-05
0.9520	-2.8123860775404437e-05
0.9530	-3.152093571227094e-05
0.9540	-2.7862547318722396e-05
0.9550	-2.6719300945738476e-05
0.9560	-2.5968024757777615e-05
0.9570	-2.547806202649879e-05
0.9580	-2.6817293491994238e-05
0.9590	-2.6784629309908983e-05
0.9600	-2.72092636770173e-05
0.9610	-2.5053427659390477e-05
0.9620	-2.5282076933987263e-05
0.9630	-2.5282076933987263e-05
0.9640	-2.35182111013835e-05
0.9650	-2.3158905098445696e-05
0.9660	-2.3485546919298244e-05
0.9670	-2.3224233462616206e-05
0.9680	-2.270160654925213e-05
0.9690	-2.0937740716648363e-05
0.9700	-2.0251792892858012e-05
0.9710	-2.0611098895795815e-05
0.9720	-2.191766617920601e-05
0.9730	-2.015380034660225e-05
0.9740	-1.9598509251152916e-05
0.9750	-1.9663837615323426e-05
0.9760	-1.8324606149827976e-05
0.9770	-1.7638658326037624e-05
0.9780	-1.7442673233526094e-05
0.9790	-1.6593404499309467e-05
0.9800	-1.5711471583007588e-05
0.9810	-1.6593404499309467e-05
0.9820	-1.61361059501159e-05
0.9830	-1.518884466964351e-05
0.9840	-1.5090852123387745e-05
0.9850	-1.4372240117512139e-05
0.9860	-1.371895647580704e-05
0.9870	-1.2837023559505159e-05
0.9880	-1.2151075735714808e-05
0.9890	-1.2020419007373789e-05
0.9900	-1.296768028784618e-05
0.9910	-1.1726441368606494e-05
0.9920	-1.1007829362730888e-05
0.9930	-1.0648523359793085e-05
0.9940	-1.0125896446429006e-05
0.9950	-9.4072844405534e-06
0.9960	-9.178635165956617e-06
;; Skysat9 Band: PAN
0.3500	2.073782947171726e-10
0.3510	-2.131204085359431e-08
0.3520	-6.069158640722855e-09
0.3530	1.8960307812126504e-09
0.3540	1.5670926509734795e-09
0.3550	-8.711659611786165e-10
0.3560	-1.0038679850673624e-08
0.3570	-3.492094273587051e-09
0.3580	2.8164688237435085e-08
0.3590	4.16336649634777e-08
0.3600	-3.2139944651320364e-08
0.3610	9.58737227680684e-08
0.3620	9.937749474605223e-08
0.3630	2.2180336909510917e-08
0.3640	-1.4496868075381854e-08
0.3650	8.166262447266844e-08
0.3660	1.436905824954809e-07
0.3670	-6.13547049665643e-08
0.3680	3.249119710112482e-07
0.3690	4.5967314040901166e-07
0.3700	1.902134512307613e-07
0.3710	5.873378586733488e-07
0.3720	6.670687098368304e-07
0.3730	1.1070855328253095e-06
0.3740	1.6165812420324859e-06
0.3750	-1.7368892368563286e-07
0.3760	7.421307825363538e-08
0.3770	1.7150862487261714e-07
0.3780	-7.544925654747177e-07
0.3790	-2.9088539762789616e-07
0.3800	-1.583568118340373e-06
0.3810	1.6878613047478854e-06
0.3820	1.1974990650523522e-06
0.3830	1.373774819074873e-06
0.3840	9.966241230697558e-06
0.3850	4.549882388817838e-06
0.3860	4.338647227037075e-07
0.3870	1.7374558473655213e-05
0.3880	8.361697007043289e-06
0.3890	4.4311705772576966e-06
0.3900	1.4785194512539371e-05
0.3910	5.1467581910625975e-06
0.3920	6.506623413125214e-06
0.3930	6.376625457276275e-06
0.3940	9.652186991151084e-07
0.3950	-7.1230772207689115e-06
0.3960	5.189461275779808e-07
0.3970	1.1792869134418354e-05
0.3980	1.4211328624875244e-05
0.3990	7.6239056318212405e-06
0.4000	2.139760825366143e-05
0.4010	4.330194135294239e-05
0.4020	0.0001087155123329192
0.4030	0.00011378276078911458
0.4040	0.0001499444884083271
0.4050	0.00022272860259731542
0.4060	0.00013128780091051684
0.4070	0.00014787152313079264
0.4080	0.00022434090892428665
0.4090	0.0002786986650907463
0.4100	0.00026718219132666586
0.4110	0.0002786986650907463
0.4120	0.00026027230706821756
0.4130	0.00018311193284887873
0.4140	0.00011769836186890193
0.4150	8.383992900250548e-05
0.4160	8.245795215081585e-05
0.4170	0.00011355243131383297
0.4180	0.00016399458640050524
0.4190	0.00023493606478724064
0.4200	0.0003155513811358036
0.4210	0.00034779750767522885
0.4220	0.00040077328698999876
0.4230	0.0003938634027315505
0.4240	0.0003708304552033897
0.4250	0.0002786986650907463
0.4260	0.00030403490737172323
0.4270	0.0004698721295744813
0.4280	0.0007347510261483311
0.4290	0.0009812035646996522
0.4300	0.0009650805014299394
0.4310	0.0009673837961827556
0.4320	0.001153441643020486
0.4330	0.0010158520276662645
0.4340	0.0007247409071525923
0.4350	0.0006598570939657633
0.4360	0.0007541056119562446
0.4370	0.0013435118293176223
0.4380	0.0029260826210300256
0.4390	0.008644576152110396
0.4400	0.032455436146792596
0.4410	0.10665239824704252
0.4420	0.23682721258357733
0.4430	0.3567944810146358
0.4440	0.4498837737889724
0.4450	0.6144156059938667
0.4460	0.7842190741214371
0.4470	0.8303012442584821
0.4480	0.842812817364506
0.4490	0.8573838768671709
0.4500	0.8617931937838137
0.4510	0.8613803051664239
0.4520	0.8629039945310754
0.4530	0.8663955682600483
0.4540	0.8659249475596791
0.4550	0.8628775803468501
0.4560	0.8628728033135328
0.4570	0.8653009734946675
0.4580	0.8675093241344778
0.4590	0.8698417348362641
0.4600	0.8706750945173701
0.4610	0.8720762186583398
0.4620	0.8741927231165869
0.4630	0.8751250277336843
0.4640	0.8741138813371979
0.4650	0.8690360446350239
0.4660	0.8595789720456786
0.4670	0.8492633025746209
0.4680	0.8422151999013507
0.4690	0.8411000251973536
0.4700	0.8461788384965029
0.4710	0.8531978528603396
0.4720	0.8568556116090229
0.4730	0.8574018103201162
0.4740	0.85846669949307
0.4750	0.8580624620507717
0.4760	0.8639019015893223
0.4770	0.869700342481273
0.4780	0.8745264544032066
0.4790	0.8803646639823594
0.4800	0.8865799252158428
0.4810	0.8900629122619773
0.4820	0.8940570971521411
0.4830	0.8964566212564352
0.4840	0.89986720192872
0.4850	0.9015101789286198
0.4860	0.9014487684839202
0.4870	0.9032461652739331
0.4880	0.9050111869529003
0.4890	0.9069537742309516
0.4900	0.9101411495186253
0.4910	0.9141331278524161
0.4920	0.9159156246286729
0.4930	0.9186577753439221
0.4940	0.9211790608220289
0.4950	0.9216594428855606
0.4960	0.9210565462708319
0.4970	0.9190101863509872
0.4980	0.9181307492583511
0.4990	0.9176857665318756
0.5000	0.9186687206005875
0.5010	0.9195827370573474
0.5020	0.9225214187006754
0.5030	0.9255189748611801
0.5040	0.9274031713139527
0.5050	0.929999622513023
0.5060	0.9324024057793922
0.5070	0.9314103974590071
0.5080	0.9306456321989348
0.5090	0.929275761464466
0.5100	0.928779327739802
0.5110	0.9306398532324001
0.5120	0.9346883843622567
0.5130	0.9399957328700751
0.5140	0.9463073708659006
0.5150	0.9516619230963832
0.5160	0.9567979709668453
0.5170	0.9597652802606559
0.5180	0.9606372086123978
0.5190	0.9604604100104663
0.5200	0.9612148864528778
0.5210	0.9604892541706559
0.5220	0.9595426345766698
0.5230	0.9601794080506227
0.5240	0.960324358996007
0.5250	0.9598744587352341
0.5260	0.956753422943031
0.5270	0.9539517113287689
0.5280	0.9513244374393165
0.5290	0.9480953517869638
0.5300	0.9454521552208852
0.5310	0.942742087098248
0.5320	0.9392754350185006
0.5330	0.9352298221630958
0.5340	0.9310955969519606
0.5350	0.9260414381198455
0.5360	0.920367356718189
0.5370	0.9147129800031428
0.5380	0.9061274050494206
0.5390	0.8991096897438244
0.5400	0.8898812306751699
0.5410	0.8803527352188345
0.5420	0.8711332359667684
0.5430	0.8627608839181987
0.5440	0.8578458970649329
0.5450	0.8595077725982795
0.5460	0.8678315688901652
0.5470	0.8806292849099209
0.5480	0.8964579064949072
0.5490	0.9113395077126205
0.5500	0.925294613222603
0.5510	0.9383478959182469
0.5520	0.9476471283247712
0.5530	0.9557832176107761
0.5540	0.9618373818026581
0.5550	0.9660007045364056
0.5560	0.9698103264180264
0.5570	0.971662739706505
0.5580	0.9747428114015293
0.5590	0.9773011200394929
0.5600	0.9797996789082737
0.5610	0.9818119201229449
0.5620	0.9831581129873548
0.5630	0.9846746137690827
0.5640	0.9847423882171842
0.5650	0.9834742540119473
0.5660	0.9812968596536149
0.5670	0.9789031928278774
0.5680	0.974718101655421
0.5690	0.9712687611390357
0.5700	0.967238746195697
0.5710	0.9636509292954777
0.5720	0.9605582493649765
0.5730	0.9587601063074638
0.5740	0.9566591813349248
0.5750	0.9567254862809742
0.5760	0.9565490124436029
0.5770	0.9566593540820313
0.5780	0.9571995780465358
0.5790	0.957298246587157
0.5800	0.9588777309639006
0.5810	0.9596914596638282
0.5820	0.9613844112499798
0.5830	0.9646643444372955
0.5840	0.9666193948432543
0.5850	0.9691609792580177
0.5860	0.9726256297746249
0.5870	0.9756733816376777
0.5880	0.9767943836773995
0.5890	0.9791529091350933
0.5900	0.9808604060276092
0.5910	0.982978280946234
0.5920	0.9842369969792266
0.5930	0.9850940022842649
0.5940	0.9872982254198781
0.5950	0.9886206436758495
0.5960	0.9918515466277619
0.5970	0.9931921148463855
0.5980	0.9951062334012919
0.5990	0.9959894824467438
0.6000	0.9985363690460283
0.6010	1.0
0.6020	0.9991375796489979
0.6030	0.9985224986050268
0.6040	0.9973134370003153
0.6050	0.9961424212183309
0.6060	0.9947210856659051
0.6070	0.9935142121912087
0.6080	0.9889536125719061
0.6090	0.9848543905311294
0.6100	0.9805846532765072
0.6110	0.9786032140225653
0.6120	0.9739872938698895
0.6130	0.9690912470093761
0.6140	0.9652346079719661
0.6150	0.9600070801438066
0.6160	0.9530828348425745
0.6170	0.9476299065899043
0.6180	0.9443763806769297
0.6190	0.9388650408693281
0.6200	0.9343160521588744
0.6210	0.9288768169935097
0.6220	0.9256688341276825
0.6230	0.9212473166587339
0.6240	0.9173757845174522
0.6250	0.9128801378101788
0.6260	0.9095650471317562
0.6270	0.9056386459028729
0.6280	0.900102699997427
0.6290	0.8946704967909427
0.6300	0.8900384466651129
0.6310	0.8858140728006473
0.6320	0.8835614413192141
0.6330	0.8816079226042659
0.6340	0.8810702437804633
0.6350	0.8803532235173221
0.6360	0.8809113579018245
0.6370	0.8818805659074516
0.6380	0.8848554092783986
0.6390	0.8869319861221056
0.6400	0.8895271751156513
0.6410	0.8923504455687998
0.6420	0.8951749713175887
0.6430	0.8980569412375128
0.6440	0.900199003054337
0.6450	0.9032452669889794
0.6460	0.9057992408262183
0.6470	0.9084312479863877
0.6480	0.9092056387152321
0.6490	0.909553802446773
0.6500	0.9107299039035717
0.6510	0.9109227748962881
0.6520	0.9107542911884144
0.6530	0.909676736197615
0.6540	0.9080500895575128
0.6550	0.9069890261571435
0.6560	0.9056561279100468
0.6570	0.9035211533311771
0.6580	0.9031790610846046
0.6590	0.9036609310765464
0.6600	0.9023680871252012
0.6610	0.9014430194602173
0.6620	0.9007215561414978
0.6630	0.9001726303294172
0.6640	0.8986139147614598
0.6650	0.897010623530151
0.6660	0.8953279285155338
0.6670	0.8933560640578794
0.6680	0.8899252466378962
0.6690	0.8859164220062834
0.6700	0.8825278216758247
0.6710	0.8791102435940807
0.6720	0.8754678432148091
0.6730	0.8717437150278233
0.6740	0.8681450933719186
0.6750	0.8647383200458602
0.6760	0.8617242584751568
0.6770	0.8586937605930973
0.6780	0.8535438514948128
0.6790	0.8491259432887418
0.6800	0.8448283730203264
0.6810	0.8405416673932602
0.6820	0.8356788616826195
0.6830	0.8310673707657533
0.6840	0.8271756778855002
0.6850	0.8233782980154907
0.6860	0.8187653468097512
0.6870	0.8147417235093515
0.6880	0.8117144479366514
0.6890	0.8090477439443254
0.6900	0.8070435158920993
0.6910	0.8049430009060263
0.6920	0.8040749881553643
0.6930	0.8033120286783783
0.6940	0.8023145454263656
0.6950	0.8010444672403574
0.6960	0.8002266386757697
0.6970	0.7993195482263314
0.6980	0.7973724948597544
0.6990	0.796292180521841
0.7000	0.7959392858228779
0.7010	0.7957602990909313
0.7020	0.7956043706427551
0.7030	0.7952436217086848
0.7040	0.7944554158179131
0.7050	0.7951202595450187
0.7060	0.796859366854722
0.7070	0.79728475775603
0.7080	0.7988080924132895
0.7090	0.8001163868658366
0.7100	0.8007791760540227
0.7110	0.8018094743463786
0.7120	0.8019443460739245
0.7130	0.8018920589797409
0.7140	0.8021022829951252
0.7150	0.8008321403168638
0.7160	0.8001687062061469
0.7170	0.7996409384596656
0.7180	0.7979841900604389
0.7190	0.7955973064377482
0.7200	0.7930884956040227
0.7210	0.7904374171632998
0.7220	0.7885817331962722
0.7230	0.7870217346931374
0.7240	0.7850232671810881
0.7250	0.7829106092250783
0.7260	0.7805059948393807
0.7270	0.7780352828041612
0.7280	0.7752265760837348
0.7290	0.7727075086784749
0.7300	0.7698720537960839
0.7310	0.7676516937774325
0.7320	0.7640499212143058
0.7330	0.7596269434564838
0.7340	0.7561849228108231
0.7350	0.7523571809093819
0.7360	0.7494339037013609
0.7370	0.7459512897889763
0.7380	0.7435742458414698
0.7390	0.7405993564046276
0.7400	0.7369475355498171
0.7410	0.7343600234376825
0.7420	0.7311964596111633
0.7430	0.7284437022235776
0.7440	0.7263327740419271
0.7450	0.7236614703699799
0.7460	0.7212612345476073
0.7470	0.7177554563998937
0.7480	0.7132724524775186
0.7490	0.7093524498014586
0.7500	0.705968806161308
0.7510	0.7013221485401557
0.7520	0.6962050107196144
0.7530	0.6921818158320389
0.7540	0.688314634614545
0.7550	0.6841165574662724
0.7560	0.6808930273608638
0.7570	0.6772746710755168
0.7580	0.6753537531945
0.7590	0.6733812346011359
0.7600	0.6718758702495378
0.7610	0.6699335317273197
0.7620	0.6681085414661682
0.7630	0.6664041563248637
0.7640	0.6645402956614636
0.7650	0.6627665514052674
0.7660	0.6617625935917048
0.7670	0.6605494298190384
0.7680	0.6572287766837878
0.7690	0.6540220928762012
0.7700	0.6519338959104664
0.7710	0.6488276956397661
0.7720	0.6466418666160489
0.7730	0.6437799860329588
0.7740	0.6411642631666917
0.7750	0.63879192715366
0.7760	0.6362817619826198
0.7770	0.6340611462982507
0.7780	0.6328848905207036
0.7790	0.6325593474469301
0.7800	0.6314875276600652
0.7810	0.631237961067008
0.7820	0.6304185639586937
0.7830	0.6288610484073024
0.7840	0.6267531605747259
0.7850	0.6268794640457912
0.7860	0.625175606358985
0.7870	0.6231373586432597
0.7880	0.6219959701416807
0.7890	0.6188823947211819
0.7900	0.6168715746393733
0.7910	0.615163057387282
0.7920	0.6125356199639022
0.7930	0.6099984509651798
0.7940	0.6081315269197586
0.7950	0.6055513116454009
0.7960	0.6034911895394081
0.7970	0.6021052556273332
0.7980	0.5998760048909358
0.7990	0.5980400210039291
0.8000	0.5956779024064208
0.8010	0.5943532614710131
0.8020	0.5905488795849549
0.8030	0.5896777873292085
0.8040	0.5851666440548382
0.8050	0.5801219033949673
0.8060	0.5783701486937763
0.8070	0.5758792390668697
0.8080	0.5717252654065238
0.8090	0.5659449537475726
0.8100	0.5607479445748879
0.8110	0.554827288560058
0.8120	0.5484642594517076
0.8130	0.5429502316991295
0.8140	0.5381798572069193
0.8150	0.5332257051296767
0.8160	0.5284207029041528
0.8170	0.5223212812736726
0.8180	0.5220441142995925
0.8190	0.5225129660695915
0.8200	0.5210906055510007
0.8210	0.5182405685095297
0.8220	0.5168236829225663
0.8230	0.5171997994392274
0.8240	0.5160988913429292
0.8250	0.5138782710519707
0.8260	0.5134058722080523
0.8270	0.5108758549395376
0.8280	0.5069448148750221
0.8290	0.5016555103782973
0.8300	0.4943214191120438
0.8310	0.4882983632190933
0.8320	0.48440746036894045
0.8330	0.4796232937477504
0.8340	0.4745598871872027
0.8350	0.4703168911846605
0.8360	0.4647609480741707
0.8370	0.4602785337952523
0.8380	0.45575995087883053
0.8390	0.45144855853860355
0.8400	0.44712053641026117
0.8410	0.4421183007517588
0.8420	0.43712844990914224
0.8430	0.4319275735045675
0.8440	0.42578912254450096
0.8450	0.42179831889103414
0.8460	0.417005263855393
0.8470	0.4113383917663127
0.8480	0.404974694702484
0.8490	0.3999936032898125
0.8500	0.3946769034052976
0.8510	0.3888170866180687
0.8520	0.3842100111172437
0.8530	0.37858722178643756
0.8540	0.3732652058976332
0.8550	0.36790486088084723
0.8560	0.3617633718750017
0.8570	0.35667717421287487
0.8580	0.35127623823266
0.8590	0.3473509356753738
0.8600	0.34253000846992887
0.8610	0.33704756349500126
0.8620	0.3316528533205033
0.8630	0.3267757648791004
0.8640	0.3222759492083246
0.8650	0.3176485885906115
0.8660	0.3131336794293204
0.8670	0.3078826902408086
0.8680	0.3018614378276496
0.8690	0.29609784117871957
0.8700	0.29037051451226215
0.8710	0.28404141523891546
0.8720	0.27790758008153355
0.8730	0.2723636901124851
0.8740	0.2661848255426857
0.8750	0.26029464211743564
0.8760	0.25520751162093397
0.8770	0.250806645492739
0.8780	0.24655531616978124
0.8790	0.24224243359784914
0.8800	0.2361146238595406
0.8810	0.22877595594661335
0.8820	0.21809190672596918
0.8830	0.20449237464674744
0.8840	0.18927486552887302
0.8850	0.17207091440085362
0.8860	0.1560981549335308
0.8870	0.14188421667570061
0.8880	0.12884237905168347
0.8890	0.1163084662898521
0.8900	0.10381436828111791
0.8910	0.08703594164550228
0.8920	0.06920973931694638
0.8930	0.050313562140622534
0.8940	0.03495088556765712
0.8950	0.023416941312876582
0.8960	0.015824968559508382
0.8970	0.01051334053003921
0.8980	0.007168578808610793
0.8990	0.004876185549859786
0.9000	0.0034165047463891327
0.9010	0.0023987686236150644
0.9020	0.0017246518318346168
0.9030	0.001259768638694735
0.9040	0.0009182683388737054
0.9050	0.0006690311169662296
0.9060	0.0004957058835220665
0.9070	0.00037031682047351165
0.9080	0.0002837037245886156
0.9090	0.00021008789066438545
0.9100	0.0001502100582933268
0.9110	0.00010867819895792359
0.9120	8.176696372497102e-05
0.9130	5.573973301814925e-05
0.9140	3.9846999223718265e-05
0.9150	2.1558838886358554e-05
0.9160	1.195409976711548e-05
0.9170	7.186279628786185e-06
0.9180	-3.501008024280449e-06
0.9190	-1.3934933254537312e-05
0.9200	-1.7320776541176956e-05
0.9210	-1.978530192669017e-05
0.9220	-2.0867850460513728e-05
0.9230	-1.7597171911514888e-05
0.9240	-2.418459490456889e-05
0.9250	-2.114424583085166e-05
0.9260	-2.0614488037703962e-05
0.9270	-1.957800539893672e-05
0.9280	-2.418459490456889e-05
0.9290	-2.4875583330413715e-05
0.9300	-2.28256510004074e-05
0.9310	-2.6718219132666586e-05
0.9320	-2.2111629627034414e-05
0.9330	-2.28256510004074e-05
0.9340	-1.9762268979162004e-05
0.9350	-1.983136782174649e-05
0.9360	-1.817299559971891e-05
0.9370	-1.9416774766239596e-05
0.9380	-1.9278577081070627e-05
0.9390	-1.690618348567006e-05
0.9400	-1.8610621602753966e-05
0.9410	-1.621519505982524e-05
0.9420	-1.895611581567638e-05
0.9430	-1.7781435491740174e-05
0.9440	-1.9163412343429827e-05
0.9450	-1.7574138963986726e-05
0.9460	-1.8472423917584997e-05
0.9470	-1.934767592365511e-05
0.9480	-1.768930370162753e-05
0.9490	-1.798873201949362e-05
0.9500	-1.600789853207179e-05
0.9510	-1.715954590847983e-05
0.9520	-1.6767985800501096e-05
0.9530	-1.771233664915569e-05
0.9540	-1.6883150538141903e-05
0.9550	-1.6076997374656273e-05
0.9560	-1.5132646526001676e-05
0.9570	-1.4856251155663747e-05
0.9580	-1.5570272529036734e-05
0.9590	-1.554723958150857e-05
0.9600	-1.5247811263642481e-05
0.9610	-1.4833218208135587e-05
0.9620	-1.4833218208135587e-05
0.9630	-1.4349526310044208e-05
0.9640	-1.3612471989143061e-05
0.9650	-1.303664830093904e-05
0.9660	-1.3681570831727544e-05
0.9670	-1.3911900307009151e-05
0.9680	-1.386583441195283e-05
0.9690	-1.2299593980037892e-05
0.9700	-1.1677704396777549e-05
0.9710	-1.2599022297903984e-05
0.9720	-1.3658537884199382e-05
0.9730	-1.2529923455319501e-05
0.9740	-1.2161396294868928e-05
0.9750	-1.1170979551158011e-05
0.9760	-9.835068594524681e-06
0.9770	-9.696870909355717e-06
0.9780	-9.78900269946836e-06
0.9790	-9.121047221151696e-06
0.9800	-8.95981658845457e-06
0.9810	-9.858101542052842e-06
0.9820	-9.420475539017787e-06
0.9830	-8.7064541656448e-06
0.9840	-8.291861110137905e-06
0.9850	-8.015465739799976e-06
0.9860	-7.531773841708597e-06
0.9870	-6.978983101032736e-06
0.9880	-6.702587730694807e-06
0.9890	-6.725620678222967e-06
0.9900	-7.048081943617219e-06
0.9910	-6.633488888110324e-06
0.9920	-6.357093517772394e-06
0.9930	-6.195862885075268e-06
0.9940	-6.034632252378142e-06
0.9950	-5.15938024630803e-06
0.9960	-4.9060178234982604e-06
