;; Skysat12 RSR
;;
;; Quinten Vanhellemont 2022-02-19 from Skysat_RSR_Skysat12.csv
;; normalised to per channel maximum value
;;
;; datasets: wavelength, RSR
;; Skysat12 Band: Blue
0.3500	0.0
0.3510	0.0
0.3520	0.0
0.3530	0.0
0.3540	0.0
0.3550	0.0
0.3560	0.0
0.3570	0.0
0.3580	0.0
0.3590	0.0
0.3600	0.0
0.3610	0.0
0.3620	0.0
0.3630	0.0
0.3640	0.0
0.3650	0.0
0.3660	0.0
0.3670	0.0
0.3680	0.0
0.3690	0.0
0.3700	0.0
0.3710	0.0
0.3720	0.0
0.3730	0.0
0.3740	0.0
0.3750	0.0
0.3760	0.0
0.3770	0.0
0.3780	0.0
0.3790	0.0
0.3800	0.0
0.3810	0.0
0.3820	0.0
0.3830	0.0
0.3840	0.0
0.3850	0.0
0.3860	0.0
0.3870	0.0
0.3880	0.0
0.3890	0.0
0.3900	0.0
0.3910	0.0
0.3920	0.0
0.3930	0.0
0.3940	0.0
0.3950	0.0
0.3960	0.0
0.3970	2.239434784754762e-05
0.3980	1.0737356570633265e-05
0.3990	9.096927094564295e-06
0.4000	1.7473059419340708e-05
0.4010	1.3098580816490119e-05
0.4020	1.7796174316142172e-05
0.4030	2.1623843093636435e-05
0.4040	4.772158475837007e-05
0.4050	7.531062594680277e-05
0.4060	7.705047539111835e-05
0.4070	8.77381219776283e-05
0.4080	4.275058634603986e-05
0.4090	5.5426632297481904e-05
0.4100	0.00010414241673831801
0.4110	0.00017647044363772266
0.4120	0.00030074540394597806
0.4130	0.00034051339124461973
0.4140	0.0003777958793370964
0.4150	0.00042750586346039857
0.4160	0.00024631297133096216
0.4170	0.00014415895395757626
0.4180	8.202147380344856e-05
0.4190	6.164038031289467e-05
0.4200	7.257657682002115e-05
0.4210	6.835122816954047e-05
0.4220	7.680192547050183e-05
0.4230	0.00011035616475373078
0.4240	8.972652134256039e-05
0.4250	0.00011085326459496381
0.4260	0.00012154091118147377
0.4270	7.083672737570558e-05
0.4280	3.504553880692802e-05
0.4290	8.202147380344856e-05
0.4300	0.00014366185411634322
0.4310	0.00018293274157375194
0.4320	0.00024794768415885694
0.4330	0.00026665926783262975
0.4340	0.00023335879801835026
0.4350	0.00021759277945380373
0.4360	0.00021641316153055777
0.4370	0.0006364841512155546
0.4380	0.003299910303553198
0.4390	0.010627954837574703
0.4400	0.02239300070697788
0.4410	0.05608709903053775
0.4420	0.15734224307251168
0.4430	0.3127340030704813
0.4440	0.43474605056848054
0.4450	0.5610417366443433
0.4460	0.7553832849427765
0.4470	0.8696752948559514
0.4480	0.8868491672793485
0.4490	0.8981033883809022
0.4500	0.912280290600491
0.4510	0.9204111861750927
0.4520	0.9233544795380445
0.4530	0.9270623571957984
0.4540	0.9309896497524742
0.4550	0.932551798431045
0.4560	0.9329086440375733
0.4570	0.9339216166955435
0.4580	0.9346157644283422
0.4590	0.9351913563345058
0.4600	0.9365285176249346
0.4610	0.9375616874494541
0.4620	0.9384604340204066
0.4630	0.938845502470421
0.4640	0.9386529558179176
0.4650	0.9367965488883291
0.4660	0.9317299059810463
0.4670	0.9243130968138751
0.4680	0.9197045587507799
0.4690	0.9197682571244356
0.4700	0.9230161409586052
0.4710	0.926737795738459
0.4720	0.9297409722337849
0.4730	0.9320729048714972
0.4740	0.9356888762251048
0.4750	0.939119098766538
0.4760	0.9421666240241995
0.4770	0.9434618300880282
0.4780	0.9435719551013557
0.4790	0.945172626532123
0.4800	0.9461740590172789
0.4810	0.9464366544939093
0.4820	0.9455349029544168
0.4830	0.9452274566446109
0.4840	0.9467951256169186
0.4850	0.9491865337651351
0.4860	0.9554554971454129
0.4870	0.9638700751719103
0.4880	0.9721543658155196
0.4890	0.9779394770653331
0.4900	0.9808460272935203
0.4910	0.984141013823146
0.4920	0.9870849906983796
0.4930	0.9901523800656968
0.4940	0.9909361176173817
0.4950	0.993492388927943
0.4960	0.9975384833756752
0.4970	0.9995667675463685
0.4980	0.9999573538046206
0.4990	1.0
0.5000	0.9953980360823051
0.5010	0.9836143315703613
0.5020	0.952485946968847
0.5030	0.8652681617645301
0.5040	0.7184817667121232
0.5050	0.5835410496088665
0.5060	0.4740360689132791
0.5070	0.3156736129236096
0.5080	0.14915108408415728
0.5090	0.058198401360216284
0.5100	0.024395768742820807
0.5110	0.010931551109110151
0.5120	0.004854649708990421
0.5130	0.0021902914944504654
0.5140	0.0011094895631440116
0.5150	0.0006618909241009743
0.5160	0.00045878089997157404
0.5170	0.00036585554115067917
0.5180	0.00027451841632252384
0.5190	0.00019313223611617107
0.5200	0.00013136360404423828
0.5210	0.00010821366443801646
0.5220	0.00011124125102104618
0.5230	0.00010821764123674632
0.5240	0.00011879120340969331
0.5250	0.00011689103926658009
0.5260	9.580182705218977e-05
0.5270	9.91502915827354e-05
0.5280	8.852453392645895e-05
0.5290	8.428725487978868e-05
0.5300	7.935428460531279e-05
0.5310	5.637037634606279e-05
0.5320	8.771053293643988e-05
0.5330	0.00010093512856268255
0.5340	0.00010151698392684582
0.5350	9.345153900284004e-05
0.5360	7.084343822356221e-05
0.5370	9.412486073779016e-05
0.5380	0.00011602658264267586
0.5390	0.00010794050807525891
0.5400	8.49016702835527e-05
0.5410	8.207093523765124e-05
0.5420	9.974780559189749e-05
0.5430	0.0001114612177007918
0.5440	0.00014669590299730897
0.5450	0.0002053929551502629
0.5460	0.00022049509687684275
0.5470	0.0002734049126781619
0.5480	0.00034299889045078484
0.5490	0.0003951943737802521
0.5500	0.00043496236107889384
0.5510	0.00041259286822340786
0.5520	0.00041259286822340786
0.5530	0.00040762186981107765
0.5540	0.0003653683833062708
0.5550	0.0003079906341319493
0.5560	0.00017268825949570118
0.5570	0.00010642808180830745
0.5580	9.04296690679845e-05
0.5590	6.374758653988144e-05
0.5600	5.121072854398465e-05
0.5610	5.397311236171654e-05
0.5620	5.745455109979202e-05
0.5630	6.937624804216295e-05
0.5640	6.785064862941881e-05
0.5650	3.858389547682467e-05
0.5660	5.921329033807444e-05
0.5670	5.002241137351711e-05
0.5680	9.047863340234596e-05
0.5690	0.00011732625017757959
0.5700	0.00015844560339461328
0.5710	0.00025968247156092427
0.5720	0.0003510419658819351
0.5730	0.0004848314171513906
0.5740	0.0006067501242122015
0.5750	0.0006398544881391144
0.5760	0.0007169745575080055
0.5770	0.0007979297521520091
0.5780	0.0008092064620503802
0.5790	0.0007854426041402357
0.5800	0.0006922836083939613
0.5810	0.000658349087732189
0.5820	0.0005944419321432718
0.5830	0.000535552999451602
0.5840	0.0005082746456639399
0.5850	0.00043839732098181403
0.5860	0.0004343136457860848
0.5870	0.0004253061966629424
0.5880	0.00038417367030011605
0.5890	0.0003956169086453002
0.5900	0.00038161857711617827
0.5910	0.00042382981013448036
0.5920	0.0004505688105944046
0.5930	0.00040783810824201403
0.5940	0.00037983398868615177
0.5950	0.000319215148546991
0.5960	0.0003795829532663291
0.5970	0.0004356235038677338
0.5980	0.0002900826123515297
0.5990	0.00018864938974793167
0.6000	6.536862912214234e-05
0.6010	2.8086141029665717e-05
0.6020	3.355423928322895e-05
0.6030	-4.250203642542334e-06
0.6040	3.827668777494266e-05
0.6050	1.8069579228820333e-05
0.6060	2.3786227403000082e-05
0.6070	3.3305689362612445e-05
0.6080	4.598173531405449e-06
0.6090	3.7531038013093125e-06
0.6100	-2.1996667974561203e-05
0.6110	-2.7589041188432696e-05
0.6120	-6.238603007474421e-06
0.6130	1.9958558625505812e-05
0.6140	3.256003960076291e-05
0.6150	4.449043579035543e-05
0.6160	7.903887475605043e-06
0.6170	1.3272565760921675e-05
0.6180	-5.020708396453518e-07
0.6190	-2.41839072759865e-05
0.6200	2.7589041188432696e-05
0.6210	3.23114896801464e-06
0.6220	3.7531038013093125e-05
0.6230	1.3073725824428465e-05
0.6240	-1.985913865725921e-06
0.6250	5.9154881106729565e-06
0.6260	-2.162384309363644e-06
0.6270	2.5103541982267588e-05
0.6280	9.69344690404392e-06
0.6290	-2.18475380221913e-05
0.6300	1.6255164808319805e-06
0.6310	2.560064182350061e-06
0.6320	2.142500315714323e-05
0.6330	2.6346291585350142e-05
0.6340	9.817721864352176e-06
0.6350	1.4614735332250832e-05
0.6360	1.799501425263538e-05
0.6370	1.0637936602386661e-05
0.6380	2.7229140903379987e-05
0.6390	-1.4012200614692289e-05
0.6400	2.080136655132434e-05
0.6410	9.925990209772728e-06
0.6420	-1.8372511872067735e-05
0.6430	1.72742194828475e-05
0.6440	-3.3802789203845464e-06
0.6450	6.536862912214233e-06
0.6460	1.888979396685482e-05
0.6470	1.570835498296348e-05
0.6480	1.4962705221113948e-05
0.6490	-7.38193264231037e-07
0.6500	-1.2054671149900773e-05
0.6510	1.4714155300497438e-05
0.6520	2.197181298249955e-05
0.6530	4.797013467898658e-05
0.6540	-4.970998412330215e-06
0.6550	1.4018215522771208e-05
0.6560	7.903887475605043e-06
0.6570	-2.4382747212479704e-05
0.6580	1.6280019800381454e-05
0.6590	1.8293274157375193e-05
0.6600	-2.510354198226759e-06
0.6610	2.3189707593520457e-05
0.6620	1.988399364932086e-05
0.6630	1.3719955618031394e-05
0.6640	1.3943650546586254e-05
0.6650	8.326422340653111e-06
0.6660	-9.693123789147119e-06
0.6670	8.610067510060673e-07
0.6680	1.6741825552886934e-05
0.6690	8.67461592444478e-06
0.6700	3.9543546720325015e-05
0.6710	0.00013045739103367048
0.6720	0.0001970874110029416
0.6730	0.0003386790928304699
0.6740	0.00044982067533334884
0.6750	0.0004535588661394212
0.6760	0.0004806135249985284
0.6770	0.0004141363632304364
0.6780	0.0004128836716305292
0.6790	0.0005853276065542645
0.6800	0.0007298370158999099
0.6810	0.0005796457553689709
0.6820	0.0002955258556130313
0.6830	0.0001536132958379871
0.6840	9.662552148911287e-05
0.6850	2.9088045759670873e-05
0.6860	4.628173506823862e-05
0.6870	5.087245210202558e-05
0.6880	1.6434120751163693e-06
0.6890	1.9007581774234984e-05
0.6900	2.1421150633373674e-05
0.6910	7.192139922927603e-06
0.6920	2.658092271041213e-05
0.6930	1.605289488292209e-05
0.6940	2.29308179962063e-05
0.6950	2.6308263447495816e-05
0.6960	1.73239294669708e-05
0.6970	3.877378761617568e-05
0.6980	3.00745403945978e-05
0.6990	2.095275830797186e-05
0.7000	2.7837591109049205e-05
0.7010	2.4009922331554942e-05
0.7020	4.598173531405449e-05
0.7030	4.7473034837753556e-05
0.7040	4.3993335949122407e-05
0.7050	7.456497618495324e-05
0.7060	6.810267824892395e-05
0.7070	8.102727412098251e-05
0.7080	0.00010961051499188125
0.7090	0.00011607281292791052
0.7100	0.00013272565760921674
0.7110	0.00013272565760921674
0.7120	0.00014241910451326067
0.7130	0.00014589880340189183
0.7140	0.00015086980181422204
0.7150	0.00017149944522539242
0.7160	0.00019063778911286374
0.7170	0.00020182253554060673
0.7180	0.00019511168768396095
0.7190	0.00019908848641382511
0.7200	0.00020757149520446663
0.7210	0.0001940148368842803
0.7220	0.00020786925800936524
0.7230	0.00020522667525337047
0.7240	0.00019341632867543574
0.7250	0.00019357689192415402
0.7260	0.00015607120600296377
0.7270	0.00014495505935331092
0.7280	0.0001478101522914328
0.7290	0.0001257970800221109
0.7300	0.00013939822877808762
0.7310	0.00011163694249466766
0.7320	0.00010090231997316118
0.7330	0.00012420710617992706
0.7340	0.00011196577403964331
0.7350	0.00012503179481653266
0.7360	0.00016568089158375992
0.7370	0.00023150536126031294
0.7380	0.00030592518429162614
0.7390	0.0003453501726998171
0.7400	0.00039943463542596976
0.7410	0.0004238024696432125
0.7420	0.0004136168938963479
0.7430	0.0004232457178210315
0.7440	0.00042989442819752323
0.7450	0.0004565265521915823
0.7460	0.00046782314608360276
0.7470	0.0004057403469120107
0.7480	0.00031367248531724275
0.7490	0.0002178962589068765
0.7500	0.00016020831943162558
0.7510	0.00013512118174411868
0.7520	0.00011124299087049049
0.7530	0.00010584175254557309
0.7540	8.231327141025234e-05
0.7550	5.865827836533778e-05
0.7560	5.691793182118097e-05
0.7570	5.045563388515168e-05
0.7580	5.9900530868579096e-05
0.7590	6.536862912214234e-05
0.7600	9.420041991365758e-05
0.7610	0.0001242749603082554
0.7620	0.00011309021388051241
0.7630	0.0001548466005440862
0.7640	0.0001841754911768345
0.7650	0.00021748118053944692
0.7660	0.000253520919028841
0.7670	0.00025849191744117117
0.7680	0.0002783759110904921
0.7690	0.0002783759110904921
0.7700	0.0002833469095028223
0.7710	0.00031565839918296865
0.7720	0.00032062939759529887
0.7730	0.00033057139441995936
0.7740	0.00031565839918296865
0.7750	0.0002833469095028223
0.7760	0.000253520919028841
0.7770	0.00021598988101574786
0.7780	0.0001913834388747133
0.7790	0.00017920449276450428
0.7800	0.00016081179863888247
0.7810	0.00016677699673367874
0.7820	0.00015559225030593575
0.7830	0.00015807774951210086
0.7840	0.00017373639451094105
0.7850	0.00018815228990669866
0.7860	0.00020729063379416998
0.7870	0.00022369492855485971
0.7880	0.00023752424613796233
0.7890	0.0002740784829630326
0.7900	0.0002562425406595918
0.7910	0.0002456110663551411
0.7920	0.00024012656380681722
0.7930	0.0002567098145103508
0.7940	0.0002559517372524705
0.7950	0.00022474032952097276
0.7960	0.0002250830798615029
0.7970	0.00021227555100205472
0.7980	0.00016022000127789455
0.7990	0.0001651025159184853
0.8000	0.0001232529230346803
0.8010	0.00011035218795500092
0.8020	8.283970014211811e-05
0.8030	6.070434131185289e-05
0.8040	9.47725818309168e-05
0.8050	6.92415339851888e-05
0.8060	5.29953169740112e-05
0.8070	7.9234234993655e-05
0.8080	6.932454965867471e-05
0.8090	7.469496779343567e-05
0.8100	0.0001226777785183737
0.8110	0.0001263314623514364
0.8120	0.00017516655075416844
0.8130	0.00021319667700785952
0.8140	0.000261138974095737
0.8150	0.0003372946697726359
0.8160	0.0003471397321282559
0.8170	0.0003681769974092374
0.8180	0.00037416456499688914
0.8190	0.00031895665662954974
0.8200	0.000344114879594353
0.8210	0.00037939902632507286
0.8220	0.00046471875757510256
0.8230	0.000492814840601593
0.8240	0.00037126647292250067
0.8250	0.00027916381433884643
0.8260	0.00020379179656165137
0.8270	0.00013731587754316248
0.8280	0.00013483982323398078
0.8290	0.00010779162667280963
0.8300	0.0001013526924293183
0.8310	9.073861661931083e-05
0.8320	8.315212739233306e-05
0.8330	0.00010307812597823811
0.8340	8.465063486373e-05
0.8350	9.246131611910386e-05
0.8360	9.499155431097994e-05
0.8370	8.968277655653187e-05
0.8380	0.00012181406754423131
0.8390	0.00010883329939011343
0.8400	0.00012037347220433803
0.8410	0.0001202981615783912
0.8420	9.643736919920619e-05
0.8430	0.00012303221070517282
0.8440	0.00011259311403927939
0.8450	0.00013322275745044978
0.8460	0.0001406792550689451
0.8470	0.00010016561800845383
0.8480	0.00013247710768860024
0.8490	0.00014043070514832857
0.8500	0.0001250206100701049
0.8510	0.00016677699673367874
0.8520	0.00014192200467202766
0.8530	0.00015062125189360554
0.8540	0.00016006614887703293
0.8550	0.0001155757130866775
0.8560	5.741503166241399e-05
0.8570	0.00011756411245160959
0.8580	-0.0007456497618495323
0.8590	-0.0006909687793138999
0.8600	-0.0007232802689940464
0.8610	-0.0006139183039227816
0.8620	-0.0006338022975721025
0.8630	-0.0006014908078919561
0.8640	-0.0006164038031289468
0.8650	-0.0005418388269439935
0.8660	-0.0005915488110672957
0.8670	-0.0005617228205933143
0.8680	-0.0005269258317070029
0.8690	-0.0005642083197994794
0.8700	-0.0004722448491713705
0.8710	-0.0005169838348823423
0.8720	-0.00044241885869738916
0.8730	-0.0004970998412330216
0.8740	-0.00042502036425423346
0.8750	-0.00042750586346039857
0.8760	-0.00039767987298641727
0.8770	-0.0003827668777494266
0.8780	-0.00037282488092476614
0.8790	-0.00034548438965694995
0.8800	-0.0003678538825124359
0.8810	-0.00032560039600762914
0.8820	-0.00033057139441995936
0.8830	-0.0003131728999768036
0.8840	-0.00027091941347199677
0.8850	-0.0002684339142658316
0.8860	-0.00025849191744117117
0.8870	-0.00023562532474445222
0.8880	-0.00021598988101574786
0.8890	-0.00022990867657027246
0.8900	-0.00020405948482615536
0.8910	-0.00022344637863424318
0.8920	-0.00021598988101574786
0.8930	-0.0002025681853024563
0.8940	-0.0001963544372870435
0.8950	-0.00017845884300265473
0.8960	-0.00017174799514600895
0.8970	-0.00017473059419340707
0.8980	-0.0001687653960986108
0.8990	-0.00017870739292327124
0.9000	-0.00017348784459032452
0.9010	-0.00016106034855949898
0.9020	-0.0001541009507822367
0.9030	-0.00014937850229052295
0.9040	-0.00014241910451326067
0.9050	-0.00013695100625969744
0.9060	-0.0001364539064184644
0.9070	-0.00012576625983195446
0.9080	-0.00012352931054640585
0.9090	-0.0001220380110227068
0.9100	-0.00012651190959380397
0.9110	-0.00011383586364236194
0.9120	-0.00010463951657955104
0.9130	-0.00010762211562694917
0.9140	-0.00010215401737338593
0.9150	-9.69344690404392e-05
0.9160	-9.246057046934202e-05
0.9170	-9.246057046934202e-05
0.9180	-8.674392229516226e-05
0.9190	-8.798667189824481e-05
0.9200	-7.655337554988532e-05
0.9210	-5.6420831979947946e-05
0.9220	-4.349623610788938e-05
0.9230	-3.877378761617568e-05
0.9240	-4.101073690172428e-05
0.9250	-4.598173531405449e-05
0.9260	-5.76635815830305e-05
0.9270	-5.915488110672956e-05
0.9280	-5.915488110672956e-05
0.9290	-4.84672345202196e-05
0.9300	-1.083677653887987e-05
0.9310	2.4581587148972915e-05
0.9320	-4.2999136266656365e-05
0.9330	-4.498753563158845e-05
0.9340	-4.324768618727287e-05
0.9350	-4.3993335949122407e-05
0.9360	-4.15078367429573e-05
0.9370	-4.0265087139874745e-05
0.9380	-4.076218698110776e-05
0.9390	-3.852523769555917e-05
0.9400	-3.579118856877755e-05
0.9410	-3.3305689362612445e-05
0.9420	-3.4051339124461975e-05
0.9430	-3.3305689362612445e-05
0.9440	-3.206293975952989e-05
0.9450	-3.1317289997680355e-05
0.9460	-3.181438983891338e-05
0.9470	-3.0571640235830825e-05
0.9480	-2.908034071213176e-05
0.9490	-2.9825990473981295e-05
0.9500	-2.908034071213176e-05
0.9510	-2.883179079151525e-05
0.9520	-2.932889063274827e-05
0.9530	-3.00745403945978e-05
0.9540	-2.8334690950282226e-05
0.9550	-2.7837591109049205e-05
0.9560	-2.7340491267816184e-05
0.9570	-2.6843391426583163e-05
0.9580	-2.6843391426583163e-05
0.9590	-2.6346291585350142e-05
0.9600	-2.584919174411712e-05
0.9610	-2.53520919028841e-05
0.9620	-2.609774166473363e-05
0.9630	-2.584919174411712e-05
0.9640	-2.4507022172787963e-05
0.9650	-2.331398255382871e-05
0.9660	-2.3612242458568525e-05
0.9670	-2.321456258558211e-05
0.9680	-2.236949285548597e-05
0.9690	-2.092790331591021e-05
0.9700	-2.0530223442923792e-05
0.9710	-2.033138350643058e-05
0.9720	-1.9933703633444164e-05
0.9730	-1.9262618847779587e-05
0.9740	-1.9038923919224723e-05
0.9750	-1.846725910180675e-05
0.9760	-1.8715809022423262e-05
0.9770	-1.7895594284388777e-05
0.9780	-1.6801974633676127e-05
0.9790	-1.7149944522539243e-05
0.9800	-1.6528569720997966e-05
0.9810	-1.541009507822367e-05
0.9820	-1.4912995236990648e-05
0.9830	-1.454017035606588e-05
0.9840	-1.409278049895616e-05
0.9850	-1.3496260689476534e-05
0.9860	-1.2800320911750305e-05
0.9870	-1.26511909593804e-05
0.9880	-1.26511909593804e-05
0.9890	-1.2477206014948842e-05
0.9900	-1.2154091118147376e-05
0.9910	-1.1830976221345913e-05
0.9920	-1.1656991276914355e-05
0.9930	-1.130902138805124e-05
0.9940	-1.0289966713523546e-05
0.9950	-9.44489698342741e-06
0.9960	-8.450697300961366e-06
;; Skysat12 Band: Green
0.3500	0.0
0.3510	0.0
0.3520	0.0
0.3530	0.0
0.3540	0.0
0.3550	0.0
0.3560	0.0
0.3570	0.0
0.3580	0.0
0.3590	0.0
0.3600	0.0
0.3610	0.0
0.3620	0.0
0.3630	0.0
0.3640	0.0
0.3650	0.0
0.3660	0.0
0.3670	0.0
0.3680	0.0
0.3690	0.0
0.3700	0.0
0.3710	0.0
0.3720	0.0
0.3730	0.0
0.3740	0.0
0.3750	0.0
0.3760	0.0
0.3770	0.0
0.3780	0.0
0.3790	0.0
0.3800	0.0
0.3810	0.0
0.3820	0.0
0.3830	0.0
0.3840	0.0
0.3850	0.0
0.3860	0.0
0.3870	0.0
0.3880	0.0
0.3890	0.0
0.3900	0.0
0.3910	0.0
0.3920	0.0
0.3930	0.0
0.3940	0.0
0.3950	0.0
0.3960	0.0
0.3970	7.031020679821442e-06
0.3980	-4.56193315011826e-06
0.3990	1.0887500250024506e-05
0.4000	1.0064471073456778e-05
0.4010	3.6448434962285062e-06
0.4020	9.429562851533103e-06
0.4030	-9.029805822914492e-06
0.4040	3.6683586155590127e-06
0.4050	-5.667143758652064e-06
0.4060	-3.268601586940402e-06
0.4070	3.4332074222539477e-06
0.4080	-1.1240227039982103e-05
0.4090	-2.7277538423387526e-06
0.4100	6.113931025931688e-06
0.4110	-1.2039741097219324e-05
0.4120	8.11271616902474e-06
0.4130	4.044600524847117e-06
0.4140	5.455507684677505e-06
0.4150	7.783504498397649e-06
0.4160	-1.9917306072939e-05
0.4170	1.869451986775266e-05
0.4180	-6.207991503253714e-06
0.4190	-1.8671004748422156e-06
0.4200	4.209206360160662e-06
0.4210	-2.198663657402357e-05
0.4220	-8.77113951027892e-06
0.4230	-1.1945680619897297e-05
0.4240	3.974055166855597e-06
0.4250	2.144578882942192e-06
0.4260	-9.946895476804246e-06
0.4270	6.419627577228273e-07
0.4280	-1.192216550056679e-05
0.4290	-1.5049676371524153e-05
0.4300	-8.018655691702714e-06
0.4310	7.266171873126506e-06
0.4320	-3.3626620642624286e-06
0.4330	1.1005075846677038e-05
0.4340	5.079265775389402e-06
0.4350	1.2345437648515907e-05
0.4360	-3.832964450872558e-06
0.4370	-9.500108209524624e-06
0.4380	1.84828837937781e-05
0.4390	4.655993627440286e-06
0.4400	7.0545357991519475e-06
0.4410	1.2510043483829453e-05
0.4420	-9.429562851533103e-06
0.4430	-2.8923596776522986e-06
0.4440	-3.3861771835929344e-05
0.4450	1.744821854323582e-05
0.4460	7.031020679821442e-06
0.4470	-1.587270554809188e-05
0.4480	1.9611609521642413e-05
0.4490	-9.71174428349918e-07
0.4500	-1.9658639760303426e-05
0.4510	-3.15102599028787e-05
0.4520	-4.7500541047623115e-05
0.4530	-1.7307127827252776e-05
0.4540	-1.3756344808346297e-05
0.4550	1.8600459390430635e-05
0.4560	3.9035098088640774e-05
0.4570	1.5096706610185168e-05
0.4580	2.4220572910421684e-05
0.4590	2.0999001562142295e-05
0.4600	1.2157316693871855e-05
0.4610	2.271560527326927e-05
0.4620	1.1498893352617673e-05
0.4630	4.303266837482688e-05
0.4640	3.9505400475250904e-05
0.4650	2.821814319660779e-05
0.4660	4.9852052980673766e-05
0.4670	5.83174959396561e-05
0.4680	6.725324128524856e-05
0.4690	9.899865238143233e-05
0.4700	0.0001387392040499883
0.4710	0.0001998785143093052
0.4720	0.0001909427689637127
0.4730	0.00021680940022726985
0.4740	0.00022080697051345596
0.4750	0.00018412338435786583
0.4760	0.0001683682544064265
0.4770	0.00015708099712778337
0.4780	0.00016366523054032518
0.4790	0.00014250162314286935
0.4800	0.00011240227039982104
0.4810	0.00011545923591278687
0.4820	0.0001199271085855831
0.4830	0.0001152240847194818
0.4840	0.00011287257278643116
0.4850	7.830534737058663e-05
0.4860	5.784719355304597e-05
0.4870	3.644843496228506e-05
0.4880	2.6572084843472335e-05
0.4890	2.003488166959153e-05
0.4900	1.8580518569238367e-05
0.4910	2.559315042574335e-05
0.4920	2.022246177649098e-05
0.4930	2.3866435213304256e-05
0.4940	3.90174617491429e-05
0.4950	5.9712177667148436e-05
0.4960	0.00010267524128875702
0.4970	0.0001842334351163326
0.4980	0.00031812194035082405
0.4990	0.0005368666348989946
0.5000	0.0008389489123544801
0.5010	0.0012795517032501804
0.5020	0.0019886595327093357
0.5030	0.00333408884276393
0.5040	0.006258969930450319
0.5050	0.01323450668621143
0.5060	0.029513238393735434
0.5070	0.0644981652257597
0.5080	0.13348090356206416
0.5090	0.24785648987923134
0.5100	0.38643584990557056
0.5110	0.5064675819600789
0.5120	0.6253138909825052
0.5130	0.7836046022606391
0.5140	0.9055488589460005
0.5150	0.9373853793720303
0.5160	0.9450134019014146
0.5170	0.9634767775521961
0.5180	0.9742955007812028
0.5190	0.9757231412999487
0.5200	0.9764206444180182
0.5210	0.9774461481780694
0.5220	0.9827363586829251
0.5230	0.9888400230077571
0.5240	0.9906111371170041
0.5250	0.9887940509494658
0.5260	0.9866534696368099
0.5270	0.9873277703866361
0.5280	0.9876197011870765
0.5290	0.9833257533913845
0.5300	0.978444623659962
0.5310	0.9757180408705659
0.5320	0.9740840622342306
0.5330	0.9704964898111315
0.5340	0.9651904465764306
0.5350	0.9624030560399578
0.5360	0.9617967868818668
0.5370	0.9626328152164004
0.5380	0.9608598857399411
0.5390	0.9610246985083046
0.5400	0.9636225477769259
0.5410	0.9668470302969785
0.5420	0.9695907085781278
0.5430	0.9711416858977623
0.5440	0.9729869314206988
0.5450	0.9765261567584543
0.5460	0.9796228346049455
0.5470	0.9815005592107012
0.5480	0.9822799396227677
0.5490	0.9819164711262999
0.5500	0.9812806270026269
0.5510	0.979484078940312
0.5520	0.9755754099142667
0.5530	0.9734582849331429
0.5540	0.9710255094507099
0.5550	0.968706638854802
0.5560	0.9676871690743711
0.5570	0.9674084020377318
0.5580	0.9712978380476766
0.5590	0.9761967146396577
0.5600	0.981884822127193
0.5610	0.9860498341720838
0.5620	0.990525544434153
0.5630	0.9950466670946732
0.5640	0.9985884743925311
0.5650	1.0
0.5660	0.9989738754407985
0.5670	0.9985624266948487
0.5680	0.9972251782948093
0.5690	0.9970349057067465
0.5700	0.9969683108888024
0.5710	0.99552860711384
0.5720	0.9942920763214049
0.5730	0.9942246937469633
0.5740	0.9940868551719837
0.5750	0.9945474364082626
0.5760	0.995211858456458
0.5770	0.993070258939135
0.5780	0.9895439504564277
0.5790	0.9869638409938294
0.5800	0.9838689620539669
0.5810	0.9805972023865005
0.5820	0.9769244817163056
0.5830	0.9695250096862303
0.5840	0.9518364337022696
0.5850	0.9084932810978504
0.5860	0.828767281901983
0.5870	0.720042745595798
0.5880	0.6133660116989506
0.5890	0.520158815754511
0.5900	0.41088631602861503
0.5910	0.2726503802110263
0.5920	0.14940327304218207
0.5930	0.0737088752131957
0.5940	0.036492596356387755
0.5950	0.019331107069196534
0.5960	0.011060745540180078
0.5970	0.006843144282418427
0.5980	0.004432832793481846
0.5990	0.003034586173899001
0.6000	0.002165175775963783
0.6010	0.001544416601341273
0.6020	0.0011517893569036723
0.6030	0.0009154741651917474
0.6040	0.0007286136209438106
0.6050	0.0006265932757284081
0.6060	0.0005608802747593078
0.6070	0.00048821620451610964
0.6080	0.000483494368554544
0.6090	0.0004591280019042731
0.6100	0.0004770136016670564
0.6110	0.00045765595543418344
0.6120	0.0005055703625820234
0.6130	0.0005375697369669767
0.6140	0.0004917505269514848
0.6150	0.0005185836296195258
0.6160	0.0004938175059406363
0.6170	0.0005126296014050416
0.6180	0.00048676297014148436
0.6190	0.00043267819568131944
0.6200	0.0003691873734889519
0.6210	0.0003386177183592935
0.6220	0.0002539632887694701
0.6230	0.00024690875297031815
0.6240	0.0001984676071494748
0.6250	0.00019376458328337347
0.6260	0.00014508828626922504
0.6270	0.00012016225977888817
0.6280	8.935745345592467e-05
0.6290	0.0001166349918793122
0.6300	9.170896538897531e-05
0.6310	9.076836061575507e-05
0.6320	7.313202111787518e-05
0.6330	0.00011099136323999064
0.6340	9.24144189688905e-05
0.6350	9.24144189688905e-05
0.6360	0.00012227862051863376
0.6370	0.00011475378233287168
0.6380	0.00012438439945468063
0.6390	0.00017610049594468365
0.6400	0.00018333539270910055
0.6410	0.00023508111824946
0.6420	0.0002556493228254674
0.6430	0.00031239836030577873
0.6440	0.00034893850423345276
0.6450	0.00044758207831299446
0.6460	0.0005515024451703018
0.6470	0.0006251353383299168
0.6480	0.0007192404943786707
0.6490	0.0007701930549440122
0.6500	0.0007801305443730842
0.6510	0.0008364445521457811
0.6520	0.0008348149543761771
0.6530	0.0008206353374198816
0.6540	0.0007848077016079219
0.6550	0.0006999486904799232
0.6560	0.0006560718293211311
0.6570	0.0005479022804008013
0.6580	0.0004655993627440285
0.6590	0.00045619331501182595
0.6600	0.0003785934212211545
0.6610	0.0003574298138236987
0.6620	0.000315102599028787
0.6630	0.00026101782456862204
0.6640	0.0002332699837586244
0.6650	0.00018812095464405194
0.6660	0.00017659854617210375
0.6670	0.00017448218543235816
0.6680	0.00013097921467092116
0.6690	0.0001401501112098187
0.6700	0.00012345437648515908
0.6710	9.359017493541583e-05
0.6720	0.00011146166562660078
0.6730	0.00011099136323999064
0.6740	8.277322004338285e-05
0.6750	7.078050918482454e-05
0.6760	6.0843254906945805e-05
0.6770	6.584421533496462e-05
0.6780	6.83916082120384e-05
0.6790	8.06672059561427e-05
0.6800	7.340032862943628e-05
0.6810	6.637636248541398e-05
0.6820	8.957496830973186e-05
0.6830	7.603049472655343e-05
0.6840	6.548678552114092e-05
0.6850	7.197060937414147e-05
0.6860	5.33913135911083e-05
0.6870	8.545370849586729e-05
0.6880	0.0001074930189371912
0.6890	0.00011545312198176095
0.6900	0.0001452670011761369
0.6910	0.00012450197505133316
0.6920	0.00013572997422926338
0.6930	0.00018466799452156036
0.6940	0.00017341201235162681
0.6950	0.00022314672488684136
0.6960	0.00027325979569208376
0.6970	0.00031610199160033353
0.6980	0.00038619115627684116
0.6990	0.00039104232539472465
0.7000	0.0004430224966748093
0.7010	0.0004561768544282946
0.7020	0.0004904383832928425
0.7030	0.00052143131057045
0.7040	0.0004978809185609478
0.7050	0.0005162250631506759
0.7060	0.000541111113938151
0.7070	0.0005368830954825259
0.7080	0.0005375156521925166
0.7090	0.0005369630468882496
0.7100	0.0005454073262398344
0.7110	0.0005460681010930218
0.7120	0.0005526640920652288
0.7130	0.0005786459474135054
0.7140	0.0005810350835374849
0.7150	0.0006020481941712255
0.7160	0.0006321898741290687
0.7170	0.0006623691782778407
0.7180	0.0007125574974649407
0.7190	0.0007231393011636687
0.7200	0.000725615443229171
0.7210	0.0007555055114101777
0.7220	0.00076466465038941
0.7230	0.0008054633824278389
0.7240	0.0008026157014769144
0.7250	0.0007797190297848004
0.7260	0.0007830534737058662
0.7270	0.0007172111395804479
0.7280	0.0006584233412541817
0.7290	0.0006325567099906246
0.7300	0.0005949325190618143
0.7310	0.0005549568161999532
0.7320	0.0005149811133380922
0.7330	0.000496169017873687
0.7340	0.00045619331501182595
0.7350	0.0004213439081640153
0.7360	0.00042840785001089946
0.7370	0.0004135321855224211
0.7380	0.00040173465015430593
0.7390	0.0004346181930260862
0.7400	0.00046932650915791385
0.7410	0.0005162109540790777
0.7420	0.0005877016198676835
0.7430	0.0006927107367499932
0.7440	0.0008127013361577688
0.7450	0.0009374772623493023
0.7460	0.0010832310264955807
0.7470	0.0012097306109340403
0.7480	0.0012814728884994826
0.7490	0.0013152805755609518
0.7500	0.001285392858891878
0.7510	0.0012435312434597103
0.7520	0.0012262147095847254
0.7530	0.0011871584478886873
0.7540	0.0010299246024852555
0.7550	0.0007689538081552945
0.7560	0.0005678807257839996
0.7570	0.00041657739347572163
0.7580	0.00030895809834772565
0.7590	0.00027751838380283845
0.7600	0.00020481668936871155
0.7610	0.00017313053637324065
0.7620	0.0001538573094187642
0.7630	0.00014029778615921428
0.7640	0.00015288825135115406
0.7650	0.0001365664070238495
0.7660	0.00013121436586422622
0.7670	0.00013850405285668324
0.7680	0.00014743979820227573
0.7690	0.00017095491753278222
0.7700	0.00016625189366668088
0.7710	0.00019776215356955958
0.7720	0.0002398542171711662
0.7730	0.0002821814319660779
0.7740	0.0003738903973550532
0.7750	0.00042327214794911686
0.7760	0.0004773569224092818
0.7770	0.0004938175059406363
0.7780	0.00047030238661012984
0.7790	0.00047955558606668417
0.7800	0.000458563639040341
0.7810	0.0004892367606950536
0.7820	0.000563165944358233
0.7830	0.000571198709121534
0.7840	0.0004964347387221217
0.7850	0.0003383496459989257
0.7860	0.00022001568674798443
0.7870	0.00016059650746769408
0.7880	0.00010111854038907748
0.7890	9.328001051144645e-05
0.7900	8.477741366392191e-05
0.7910	5.205353845239578e-05
0.7920	4.393682471308485e-05
0.7930	6.527326823761992e-05
0.7940	5.553612762524379e-05
0.7950	4.0837767136517405e-05
0.7960	1.5275350971739026e-05
0.7970	4.2078659983588226e-05
0.7980	3.3063903837045265e-05
0.7990	2.3392229316885267e-05
0.8000	2.905927901506001e-05
0.8010	2.5466168781358616e-05
0.8020	4.406380635746959e-05
0.8030	3.696247547084993e-05
0.8040	2.4295350989892695e-05
0.8050	4.261010168045768e-05
0.8060	5.032117961131737e-06
0.8070	1.778627189873118e-05
0.8080	2.110971074395032e-05
0.8090	5.521044322251628e-06
0.8100	3.26662631691664e-05
0.8110	3.8261450662667115e-05
0.8120	2.7717271154868005e-05
0.8130	5.605040328500197e-05
0.8140	1.5106065627678709e-05
0.8150	3.3464836621630396e-05
0.8160	4.2357784450041337e-05
0.8170	4.209206360160662e-05
0.8180	4.3502970761437007e-05
0.8190	4.2327214794911685e-05
0.8200	4.4208424341352205e-05
0.8210	4.844114582084337e-05
0.8220	4.938175059406363e-05
0.8230	5.173326252711428e-05
0.8240	6.795869486516377e-05
0.8250	3.527267899575974e-05
0.8260	5.902294951957129e-05
0.8270	5.055750656058896e-05
0.8280	5.949325190618142e-05
0.8290	9.406047732202597e-05
0.8300	5.949325190618142e-05
0.8310	7.924595214380688e-05
0.8320	7.17211139580448e-05
0.8330	7.877564975719675e-05
0.8340	8.347867362329805e-05
0.8350	5.925810071287636e-05
0.8360	8.653563913626389e-05
0.8370	9.076836061575507e-05
0.8380	8.371382481660311e-05
0.8390	0.00011146166562660078
0.8400	0.00010017440834795765
0.8410	0.00011545923591278687
0.8420	0.00011569438710609194
0.8430	0.00010276107147431337
0.8440	0.0001199271085855831
0.8450	0.00010751089042788238
0.8460	0.00010627987393093035
0.8470	0.0001236178065645061
0.8480	8.532766745625577e-05
0.8490	0.00014095197677898896
0.8500	0.00010353871647057322
0.8510	0.00011820345033865698
0.8520	0.00011489299183930829
0.8530	9.747792961432847e-05
0.8540	0.00012805910715245886
0.8550	7.918834010144713e-05
0.8560	9.094801612744013e-06
0.8570	9.015508630361545e-05
0.8580	-0.0007648739349514516
0.8590	-0.0006560718293211311
0.8600	-0.0007313202111787519
0.8610	-0.0006419627577228272
0.8620	-0.000670180900919435
0.8630	-0.0005902294951957128
0.8640	-0.0005925810071287636
0.8650	-0.0005502537923338519
0.8660	-0.0005902294951957128
0.8670	-0.0005737689116643584
0.8680	-0.0005220356491372441
0.8690	-0.0005808234474635103
0.8700	-0.00046324785081097784
0.8710	-0.0005126296014050416
0.8720	-0.0004585448269448766
0.8730	-0.000496169017873687
0.8740	-0.0004256236598821675
0.8750	-0.000409163076350813
0.8760	-0.0004303266837482688
0.8770	-0.0003621328376898
0.8780	-0.00041621761214996486
0.8790	-0.0003339146944931922
0.8800	-0.0003738903973550532
0.8810	-0.0003221571348279389
0.8820	-0.0003409692302923441
0.8830	-0.0003103995751626857
0.8840	-0.0002868844558321792
0.8850	-0.00031275108709573633
0.8860	-0.0002633693365016727
0.8870	-0.00028923596776522987
0.8880	-0.0002586663126355714
0.8890	-0.00026807236036777404
0.8900	-0.00024220572910421686
0.8910	-0.00025161177683641947
0.8920	-0.00023421058853184465
0.8930	-0.00020552214294862673
0.8940	-0.00020716820130176218
0.8950	-0.00018929671061057726
0.8960	-0.00019117792015701778
0.8970	-0.0001850639891310861
0.8980	-0.00017354158065913792
0.8990	-0.0001601379626407492
0.9000	-0.00016413553292693532
0.9010	-0.00016131371860727452
0.9020	-0.00014885070536210608
0.9030	-0.00013615254092363258
0.9040	-0.00012909800512448064
0.9050	-0.00013097921467092116
0.9060	-0.00012768709796465025
0.9070	-0.00012180831813202362
0.9080	-0.00012345437648515908
0.9090	-0.00011639984068600713
0.9100	-0.00011710529426592232
0.9110	-0.0001105210608533805
0.9120	-0.00010440712982744883
0.9130	-0.00010252592028100831
0.9140	-9.335502374211078e-05
0.9150	-9.664714044838168e-05
0.9160	-8.794654629609429e-05
0.9170	-8.700594152287401e-05
0.9180	-8.183261527016259e-05
0.9190	-8.183261527016259e-05
0.9200	-7.924595214380688e-05
0.9210	-6.983990441160428e-05
0.9220	-6.255021741914726e-05
0.9230	-4.5149029114572465e-05
0.9240	-3.974055166855597e-05
0.9250	-3.433207422253948e-05
0.9260	-4.209206360160662e-05
0.9270	-5.1262960140504156e-05
0.9280	-5.526053042669025e-05
0.9290	-5.337932088024974e-05
0.9300	-4.2327214794911685e-05
0.9310	-1.2651134199812493e-05
0.9320	2.151633418741344e-05
0.9330	-4.7970843434233245e-05
0.9340	-4.303266837482688e-05
0.9350	-4.303266837482688e-05
0.9360	-3.832964450872558e-05
0.9370	-3.7624190928810384e-05
0.9380	-3.6683586155590124e-05
0.9390	-3.362662064262428e-05
0.9400	-3.503752780245467e-05
0.9410	-3.268601586940402e-05
0.9420	-3.503752780245467e-05
0.9430	-3.198056228948883e-05
0.9440	-3.268601586940402e-05
0.9450	-3.0099352743048307e-05
0.9460	-3.0099352743048307e-05
0.9470	-3.0334503936353375e-05
0.9480	-2.8923596776522985e-05
0.9490	-2.962905035643818e-05
0.9500	-2.821814319660779e-05
0.9510	-2.8453294389912855e-05
0.9520	-2.7277538423387533e-05
0.9530	-2.9393899163133115e-05
0.9540	-2.821814319660779e-05
0.9550	-2.7982992003302725e-05
0.9560	-2.7277538423387533e-05
0.9570	-2.539632887694701e-05
0.9580	-2.5631480070252078e-05
0.9590	-2.4690875297031814e-05
0.9600	-2.4690875297031814e-05
0.9610	-2.3985421717116623e-05
0.9620	-2.4455724103726753e-05
0.9630	-2.3985421717116623e-05
0.9640	-2.297427158590484e-05
0.9650	-2.198663657402357e-05
0.9660	-2.1539849306743946e-05
0.9670	-2.123415275544736e-05
0.9680	-2.078736548816774e-05
0.9690	-2.097548644281179e-05
0.9700	-2.1869060977371037e-05
0.9710	-2.203366681268458e-05
0.9720	-2.1657424903396477e-05
0.9730	-1.989379095360849e-05
0.9740	-1.888264082239671e-05
0.9750	-1.7942036049176453e-05
0.9760	-1.7495248781896828e-05
0.9770	-1.803609652649848e-05
0.9780	-1.7048461514617206e-05
0.9790	-1.6390038173363024e-05
0.9800	-1.5802160190100363e-05
0.9810	-1.5308342684159728e-05
0.9820	-1.528482756482922e-05
0.9830	-1.481452517821909e-05
0.9840	-1.4250162314286932e-05
0.9850	-1.3920950643659843e-05
0.9860	-1.3662284331024273e-05
0.9870	-1.3497678495710726e-05
0.9880	-1.2862770273787052e-05
0.9890	-1.1969195739227805e-05
0.9900	-1.1992710858558311e-05
0.9910	-1.1428347994626155e-05
0.9920	-1.0981560727346532e-05
0.9930	-1.0558288579397415e-05
0.9940	-1.0487743221405895e-05
0.9950	-1.0464228102075389e-05
0.9960	-1.0299622266761845e-05
;; Skysat12 Band: Red
0.3500	0.0
0.3510	0.0
0.3520	0.0
0.3530	0.0
0.3540	0.0
0.3550	0.0
0.3560	0.0
0.3570	0.0
0.3580	0.0
0.3590	0.0
0.3600	0.0
0.3610	0.0
0.3620	0.0
0.3630	0.0
0.3640	0.0
0.3650	0.0
0.3660	0.0
0.3670	0.0
0.3680	0.0
0.3690	0.0
0.3700	0.0
0.3710	0.0
0.3720	0.0
0.3730	0.0
0.3740	0.0
0.3750	0.0
0.3760	0.0
0.3770	0.0
0.3780	0.0
0.3790	0.0
0.3800	0.0
0.3810	0.0
0.3820	0.0
0.3830	0.0
0.3840	0.0
0.3850	0.0
0.3860	0.0
0.3870	0.0
0.3880	0.0
0.3890	0.0
0.3900	0.0
0.3910	0.0
0.3920	0.0
0.3930	0.0
0.3940	0.0
0.3950	0.0
0.3960	0.0
0.3970	-5.743367167840213e-07
0.3980	-3.167124281854274e-06
0.3990	3.7343704218878747e-06
0.4000	-4.750686422781411e-07
0.4010	-7.2796587970978834e-06
0.4020	-4.490698608599344e-06
0.4030	-3.994358236069942e-06
0.4040	-2.1200824483755847e-06
0.4050	-6.310613307873814e-06
0.4060	-9.170479263876554e-06
0.4070	5.554285121162346e-07
0.4080	-6.996035727081082e-06
0.4090	-8.106892751313552e-06
0.4100	6.877859447907415e-06
0.4110	-1.2124886243218228e-05
0.4120	9.21774977554602e-06
0.4130	2.9780422351764066e-06
0.4140	4.8452274461203435e-06
0.4150	1.4842940664212567e-05
0.4160	-3.7816409335573414e-06
0.4170	1.7962794434397375e-05
0.4180	-3.852546701061542e-06
0.4190	-2.030268476203598e-05
0.4200	-6.641506889560082e-06
0.4210	-1.2881214429929697e-05
0.4220	1.1344922800672024e-05
0.4230	-5.199756283641345e-06
0.4240	-8.295974797991419e-06
0.4250	7.232388285428416e-06
0.4260	-4.348887073590943e-07
0.4270	6.925129959576882e-06
0.4280	4.797956934450878e-06
0.4290	-2.741689676829073e-05
0.4300	1.0021348473926956e-05
0.4310	-3.0725832585153404e-06
0.4320	-1.4393870803352633e-05
0.4330	-4.136169771078342e-06
0.4340	-2.8598659560027396e-05
0.4350	-1.5906527176775567e-05
0.4360	-9.832266427249088e-06
0.4370	-6.996035727081082e-06
0.4380	-6.050625493691747e-06
0.4390	1.9097286714464576e-05
0.4400	3.308935816862674e-05
0.4410	2.2737116113013514e-05
0.4420	-1.207761573154876e-06
0.4430	9.383196566389154e-06
0.4440	-2.323345648554292e-05
0.4450	-2.1342636018764246e-05
0.4460	-1.9640897598663445e-05
0.4470	-5.247026795310812e-05
0.4480	-5.128850516137145e-05
0.4490	-5.7906376795096796e-05
0.4500	-6.617871633725347e-05
0.4510	-8.603233123842951e-05
0.4520	-7.53964661127995e-05
0.4530	-2.2311681507988315e-05
0.4540	-4.2070755385825426e-05
0.4550	-5.8142729353444136e-05
0.4560	-4.27471964078155e-05
0.4570	-7.074386600173224e-05
0.4580	-5.41653885015752e-05
0.4590	-3.820190035823792e-05
0.4600	-3.279344476557588e-05
0.4610	-3.8713367294501556e-05
0.4620	-3.9435660712811005e-05
0.4630	-2.092504831867618e-05
0.4640	-1.5879653890891478e-05
0.4650	4.135744336473318e-06
0.4660	1.571888688070362e-05
0.4670	-8.162766496106861e-06
0.4680	1.6766023255205648e-05
0.4690	3.4034768402016074e-05
0.4700	3.568923631044741e-05
0.4710	6.948765215411616e-05
0.4720	6.901494703742149e-05
0.4730	6.310613307873814e-05
0.4740	8.461421588834553e-05
0.4750	0.00011061299730655225
0.4760	0.00012290333034061359
0.4770	0.00013732083639980097
0.4780	0.00018057335457736306
0.4790	0.00017395548294363771
0.4800	0.00011817627917366693
0.4810	0.0001061222986979529
0.4820	0.0001047041833478689
0.4830	7.232388285428415e-05
0.4840	5.507014609492879e-05
0.4850	4.065264003574143e-05
0.4860	4.5143338644340764e-05
0.4870	4.183440282747809e-05
0.4880	3.805276189392075e-05
0.4890	6.806953680403215e-05
0.4900	4.041628747739409e-05
0.4910	4.845227446120344e-05
0.4920	5.1052152603024115e-05
0.4930	2.108264820458218e-05
0.4940	4.183440282747809e-05
0.4950	2.323345648554292e-05
0.4960	3.545288375210008e-05
0.4970	6.121531261195947e-05
0.4980	7.914336322027979e-05
0.4990	8.293894895477962e-05
0.5000	6.4617371336811e-05
0.5010	0.00011489901459962279
0.5020	0.000194758526071695
0.5030	0.0002519329189935901
0.5040	0.0003114086767761132
0.5050	0.0003823900770989845
0.5060	0.0005174513830409849
0.5070	0.0006674879870798725
0.5080	0.0007576564880893803
0.5090	0.0008688650938429679
0.5100	0.0009372560701263525
0.5110	0.0009652969376486801
0.5120	0.0009546185290625475
0.5130	0.0008765749142962579
0.5140	0.0008099636727772288
0.5150	0.0007440331266262399
0.5160	0.0007392729861011247
0.5170	0.0007351202716509622
0.5180	0.0006268282564673806
0.5190	0.0004934497807408132
0.5200	0.00038585027855318944
0.5210	0.0003400096998617241
0.5220	0.00032162856139905194
0.5230	0.0003066579903533318
0.5240	0.00030635073202748024
0.5250	0.00030439845989553127
0.5260	0.0003225361552231057
0.5270	0.0003564692920250324
0.5280	0.00038763474036871185
0.5290	0.0004305705461180885
0.5300	0.0004968083505949288
0.5310	0.0006022263186690067
0.5320	0.0007747305969043917
0.5330	0.0008976079284635872
0.5340	0.0009615034790872054
0.5350	0.0010420524309719768
0.5360	0.0011069028459313182
0.5370	0.0011292547073742255
0.5380	0.0010836504812411075
0.5390	0.000985644529396802
0.5400	0.000867123175487948
0.5410	0.0007505233678784579
0.5420	0.0006809884452126723
0.5430	0.0006302790038192516
0.5440	0.0005635732212768837
0.5450	0.0005929069372933713
0.5460	0.0005529326291000867
0.5470	0.0005112518554355344
0.5480	0.0005092404951639986
0.5490	0.0004750686422781411
0.5500	0.0004892497957789811
0.5510	0.0005034309492798211
0.5520	0.0005554285121162346
0.5530	0.0006050625493691747
0.5540	0.0006405154331212747
0.5550	0.0007066941494585282
0.5560	0.0007208753029593683
0.5570	0.0007799634425462018
0.5580	0.0008130528007148285
0.5590	0.0008059622239644085
0.5600	0.0008130528007148285
0.5610	0.0007823269681296751
0.5620	0.0007350564564602084
0.5630	0.0007137847262089483
0.5640	0.0006523330610386414
0.5650	0.0006097896005361213
0.5660	0.0005696096656170746
0.5670	0.0005081580004467678
0.5680	0.0004939768469459278
0.5690	0.0004845227446120344
0.5700	0.0004254724214345365
0.5710	0.0004252124336203544
0.5720	0.0004147112894529824
0.5730	0.00046036987667452033
0.5740	0.0005081910898049365
0.5750	0.0004897626808305947
0.5760	0.00054426558078549
0.5770	0.000560044477580758
0.5780	0.0006354551248470583
0.5790	0.0007045055247682319
0.5800	0.0007716178337109574
0.5810	0.0009279461428530509
0.5820	0.0010964844251593678
0.5830	0.0013453636690991103
0.5840	0.001724934060177011
0.5850	0.0022259542133616895
0.5860	0.002981949142965888
0.5870	0.004036842608432876
0.5880	0.005531380194732906
0.5890	0.007810350650457485
0.5900	0.011177020306747663
0.5910	0.016492523165262864
0.5920	0.024999192087867432
0.5930	0.03960874169128875
0.5940	0.06490500767326852
0.5950	0.10784288623458191
0.5960	0.17455553245524433
0.5970	0.2637261316916795
0.5980	0.36531745021451395
0.5990	0.46726112549485815
0.6000	0.5671637522588125
0.6010	0.6728888297566302
0.6020	0.7837796713131476
0.6030	0.882461974365471
0.6040	0.9496825776869056
0.6050	0.9845268985082474
0.6060	0.9977828239206553
0.6070	1.0
0.6080	0.9968909853581409
0.6090	0.9946993708079817
0.6100	0.9927012320985596
0.6110	0.9927852365248475
0.6120	0.9912479947583053
0.6130	0.9869548797979076
0.6140	0.9826591791405216
0.6150	0.9783663123503101
0.6160	0.974264652416276
0.6170	0.9716842379076354
0.6180	0.9708183390383995
0.6190	0.9682651523444804
0.6200	0.9663849110182134
0.6210	0.9641342485084021
0.6220	0.9631526007007669
0.6230	0.961020048291413
0.6240	0.9585938703717729
0.6250	0.9548135459219655
0.6260	0.9505853168294108
0.6270	0.9460499263155536
0.6280	0.9407074343584008
0.6290	0.9356862495231676
0.6300	0.9315479927589991
0.6310	0.927490251857357
0.6320	0.9226495481992035
0.6330	0.9178576206185162
0.6340	0.9129113217278697
0.6350	0.9090987895149363
0.6360	0.906828375021824
0.6370	0.9041664448793347
0.6380	0.9036415176648732
0.6390	0.9017752258665999
0.6400	0.9006960779015953
0.6410	0.8997935278411366
0.6420	0.899731289121947
0.6430	0.9011909576153141
0.6440	0.9014609029627793
0.6450	0.9036868051785781
0.6460	0.9044168036902898
0.6470	0.9050953742488306
0.6480	0.903620302659236
0.6490	0.9033529619169638
0.6500	0.9038903638194548
0.6510	0.9032590188655973
0.6520	0.902692758315732
0.6530	0.9026363362330034
0.6540	0.899949144729078
0.6550	0.8987138244476199
0.6560	0.8981469659257819
0.6570	0.8978771694804285
0.6580	0.8995203184648407
0.6590	0.9002018316127328
0.6600	0.9000718566138464
0.6610	0.8981950896701871
0.6620	0.8968920543807625
0.6630	0.8960070464071843
0.6640	0.8945375338297622
0.6650	0.8940970979278586
0.6660	0.8928784357747127
0.6670	0.8908439200430357
0.6680	0.888207357620634
0.6690	0.8853799286897388
0.6700	0.8835979627572326
0.6710	0.8817364240089075
0.6720	0.8808392438785745
0.6730	0.8783549705000928
0.6740	0.8760045010319425
0.6750	0.8714147376120375
0.6760	0.8672826732848975
0.6770	0.8634957049646751
0.6780	0.8577565614170526
0.6790	0.8503401372120669
0.6800	0.8394734525414805
0.6810	0.8194440835143919
0.6820	0.7861160328970901
0.6830	0.7403439846299176
0.6840	0.6829420078295897
0.6850	0.6189466218853256
0.6860	0.5531200732235353
0.6870	0.48379096636555846
0.6880	0.4098008334278094
0.6890	0.33171090537771153
0.6900	0.2534504087768312
0.6910	0.1824776778658001
0.6920	0.12526333663449316
0.6930	0.08320530174335798
0.6940	0.05490991087799721
0.6950	0.036642994516197576
0.6960	0.02500762987420043
0.6970	0.01756976849217276
0.6980	0.012586858590238344
0.6990	0.009281933676290823
0.7000	0.007030630651046381
0.7010	0.0053821613705459
0.7020	0.004191982064206482
0.7030	0.0032803158855723956
0.7040	0.002576855039112059
0.7050	0.00207858366618096
0.7060	0.0016573017756059216
0.7070	0.0013404357182575683
0.7080	0.001089315852064693
0.7090	0.000902765141286726
0.7100	0.0007932960903625749
0.7110	0.0006818936755111425
0.7120	0.0005977805270464933
0.7130	0.0005328568427940642
0.7140	0.0004697294379850748
0.7150	0.00043254881703145567
0.7160	0.0003579086791053677
0.7170	0.00032333502687031967
0.7180	0.00030085553504590476
0.7190	0.00027000207207924376
0.7200	0.0002527057918593859
0.7210	0.0002056813232031587
0.7220	0.00018729829392001975
0.7230	0.00018908204667786711
0.7240	0.0001633196178180077
0.7250	0.00015741080385932437
0.7260	0.00013235743267450695
0.7270	0.00011392193312341492
0.7280	0.0001186489842903616
0.7290	0.00012975755453268627
0.7300	0.00014582952850030498
0.7310	0.0001214852149905296
0.7320	0.00010494053590621624
0.7330	0.00010659500381464756
0.7340	8.602453160400405e-05
0.7350	0.00010403034220402065
0.7360	0.0001004193478175901
0.7370	8.771681592177098e-05
0.7380	9.247861091479471e-05
0.7390	6.640750561373369e-05
0.7400	5.8837605874985286e-05
0.7410	6.367361557133009e-05
0.7420	7.702871688074618e-05
0.7430	8.350241345387967e-05
0.7440	6.050436411645069e-05
0.7450	7.007238838346745e-05
0.7460	7.277413447793584e-05
0.7470	5.8911584225748006e-05
0.7480	5.934316399729024e-05
0.7490	5.666623492144834e-05
0.7500	4.6001771136258285e-05
0.7510	3.813619434701736e-05
0.7520	4.352077833128632e-05
0.7530	6.598443453429197e-05
0.7540	3.960843443296291e-05
0.7550	1.330317465234719e-05
0.7560	3.475328017939197e-05
0.7570	2.27047121772641e-05
0.7580	2.118007272913295e-05
0.7590	2.3903043283340916e-05
0.7600	3.2702212678053804e-05
0.7610	4.3436636820514665e-05
0.7620	2.96487739767646e-05
0.7630	3.362706023886693e-05
0.7640	2.238471444851764e-05
0.7650	1.973654947902661e-05
0.7660	4.026029478888485e-05
0.7670	2.5778737186385357e-05
0.7680	4.315301375049787e-05
0.7690	5.309754764296194e-05
0.7700	4.5494794898603254e-05
0.7710	6.411441309264786e-05
0.7720	2.598152768144737e-05
0.7730	2.430696980555651e-05
0.7740	3.955643687012649e-05
0.7750	2.2368737015573364e-05
0.7760	3.592558886879475e-05
0.7770	3.947087724400475e-05
0.7780	1.673376113099124e-05
0.7790	2.5762428859859393e-05
0.7800	1.968816811033291e-06
0.7810	1.50792932225599e-05
0.7820	5.081580004467678e-05
0.7830	5.459744097823412e-05
0.7840	6.239707540369614e-05
0.7850	2.765324932663806e-05
0.7860	3.7580056777226085e-05
0.7870	4.6797806552772106e-05
0.7880	2.8125954443332727e-05
0.7890	4.277981306086743e-05
0.7900	3.0016774910111402e-05
0.7910	6.192437028700147e-05
0.7920	5.7906376795096796e-05
0.7930	3.899817212731009e-05
0.7940	4.041628747739409e-05
0.7950	4.7506864227814104e-05
0.7960	6.050625493691746e-05
0.7970	8.083257495478818e-05
0.7980	6.523330610386414e-05
0.7990	8.485056844669285e-05
0.8000	5.956084470352813e-05
0.8010	6.050625493691746e-05
0.8020	9.784995915579621e-05
0.8030	9.525008101397554e-05
0.8040	9.643184380571222e-05
0.8050	7.988716472139885e-05
0.8060	7.39783507627155e-05
0.8070	0.00010423147823117424
0.8080	8.863220938025019e-05
0.8090	9.974077962257489e-05
0.8100	0.00012101250987383492
0.8110	9.903172194753289e-05
0.8120	0.00011108570242324691
0.8130	0.00011817627917366693
0.8140	0.00010494053590621624
0.8150	0.00011132205498159424
0.8160	9.690454892240688e-05
0.8170	9.572278613067022e-05
0.8180	0.00011912168940705626
0.8190	0.00011652181126523559
0.8200	0.00011912168940705626
0.8210	0.00010635865125630024
0.8220	0.0001333028429078963
0.8230	0.00015859256665106102
0.8240	0.00011415828568176226
0.8250	0.00011486734335680426
0.8260	0.00011108570242324691
0.8270	0.0001236123880156556
0.8280	0.00014322965035848433
0.8290	0.00013235743267450695
0.8300	0.00017419183550198506
0.8310	0.00014252059268344232
0.8320	0.00014842940664212565
0.8330	0.00017277372015190106
0.8340	0.00014252059268344232
0.8350	0.0001590652717677557
0.8360	0.00019002745691125642
0.8370	0.00019853614901176042
0.8380	0.0002387160839308072
0.8390	0.0002058630783205278
0.8400	0.0002387160839308072
0.8410	0.00025762428859859394
0.8420	0.00021555353321276845
0.8430	0.0002765324932663806
0.8440	0.0002812595444333273
0.8450	0.0002836230700168006
0.8460	0.0003096218514350074
0.8470	0.00030489480026806064
0.8480	0.00037107351660531417
0.8490	0.00041598050269130756
0.8500	0.00038761819568962754
0.8510	0.000467978065527721
0.8520	0.0005034309492798211
0.8530	0.0005507014609492879
0.8540	0.0005388838330319212
0.8550	0.0005743367167840213
0.8560	0.0005507014609492879
0.8570	0.000607426074952648
0.8580	-8.083257495478818e-05
0.8590	-1.3850259919153764e-05
0.8600	1.8979110435290906e-05
0.8610	6.28697805203908e-05
0.8620	3.5216531193752744e-05
0.8630	8.343245309660884e-05
0.8640	0.00012313968289896093
0.8650	0.00013023025964938094
0.8660	8.225069030487218e-05
0.8670	0.00010139524753100622
0.8680	0.00016946478433503835
0.8690	0.0001548109257175037
0.8700	0.00016733761130991237
0.8710	0.00011983074708209826
0.8720	0.00017206466247685903
0.8730	0.000157883508976019
0.8740	0.00016166514990957636
0.8750	0.00014559317594195769
0.8760	0.00013944800942492698
0.8770	0.00022004423182136782
0.8780	0.00019380909784481377
0.8790	0.00023611620578898652
0.8800	0.00021413541786268449
0.8810	0.0002694419165159606
0.8820	0.0002623513397655406
0.8830	0.00027889601884985396
0.8840	0.00025762428859859394
0.8850	0.0002127173025126005
0.8860	0.00018411864295257306
0.8870	0.00014015706709996897
0.8880	0.00016544679084313368
0.8890	0.00016166514990957636
0.8900	0.00020704484111226445
0.8910	0.000148665759200473
0.8920	8.626868379677686e-05
0.8930	2.9780422351764066e-06
0.8940	-6.07426074952648e-05
0.8950	-7.445105587941017e-05
0.8960	-0.00010399512567282689
0.8970	-0.0001186489842903616
0.8980	-0.00011510369591515158
0.8990	-0.00010966758707316292
0.9000	-0.0001047041833478689
0.9010	-0.0001047041833478689
0.9020	-9.312290798884955e-05
0.9030	-7.988716472139885e-05
0.9040	-7.18511777375895e-05
0.9050	-3.6161941427142075e-05
0.9060	-2.226441099631885e-05
0.9070	-6.168801772865414e-06
0.9080	-5.4597440978234115e-06
0.9090	-4.136169771078342e-06
0.9100	-1.5481092571750368e-05
0.9110	-1.7490089317702706e-05
0.9120	-1.0872217683977357e-05
0.9130	-5.507014609492879e-06
0.9140	1.6166514990957635e-05
0.9150	3.4507473518710746e-05
0.9160	3.9943582360699425e-05
0.9170	2.647148653490139e-05
0.9180	6.594236377890615e-06
0.9190	-2.3257091741377652e-05
0.9200	-3.261665305193207e-05
0.9210	-2.5998781418206723e-05
0.9220	-2.4817018626470053e-05
0.9230	-1.2999390709103361e-05
0.9240	-6.854224192072682e-06
0.9250	5.554285121162346e-06
0.9260	8.768679914686086e-06
0.9270	7.114212006254749e-06
0.9280	-3.947087724400475e-06
0.9290	-9.525008101397555e-06
0.9300	-9.099573496372355e-06
0.9310	-8.768679914686086e-06
0.9320	3.3325710726974077e-06
0.9330	1.236123880156556e-05
0.9340	1.6379232293470236e-05
0.9350	3.21439479352374e-06
0.9360	-7.941445960470418e-06
0.9370	-1.9097286714464576e-05
0.9380	-2.2926198159691384e-05
0.9390	-2.2737116113013514e-05
0.9400	-2.765324932663806e-05
0.9410	-2.623513397655406e-05
0.9420	-2.8598659560027396e-05
0.9430	-2.5762428859859393e-05
0.9440	-2.741689676829073e-05
0.9450	-2.623513397655406e-05
0.9460	-2.7180544209943393e-05
0.9470	-2.7889601884985398e-05
0.9480	-2.623513397655406e-05
0.9490	-2.647148653490139e-05
0.9500	-2.4344313509775387e-05
0.9510	-2.647148653490139e-05
0.9520	-2.4344313509775387e-05
0.9530	-2.7180544209943393e-05
0.9540	-2.4580666068122723e-05
0.9550	-2.351707955555972e-05
0.9560	-2.2808021880517718e-05
0.9570	-2.1838976391293646e-05
0.9580	-2.2713480857178783e-05
0.9590	-2.1413541786268447e-05
0.9600	-2.1059012948747444e-05
0.9610	-2.120082448375585e-05
0.9620	-2.245349304299672e-05
0.9630	-2.079902513456538e-05
0.9640	-1.9144557226134045e-05
0.9650	-1.912092197029931e-05
0.9660	-1.905001620279511e-05
0.9670	-1.942818029615084e-05
0.9680	-1.893183992362144e-05
0.9690	-1.8104605969405772e-05
0.9700	-1.791552392272791e-05
0.9710	-1.7820982899388974e-05
0.9720	-1.8837298900282508e-05
0.9730	-1.7537359829372172e-05
0.9740	-1.668649061932177e-05
0.9750	-1.6521043828478637e-05
0.9760	-1.57174451300977e-05
0.9770	-1.5528363083419834e-05
0.9780	-1.5102928478394633e-05
0.9790	-1.3992071454162165e-05
0.9800	-1.3708448384145364e-05
0.9810	-1.3732083639980097e-05
0.9820	-1.2668497127417095e-05
0.9830	-1.2881214429929697e-05
0.9840	-1.2692132383251828e-05
0.9850	-1.1793992661531958e-05
0.9860	-1.1557640103184626e-05
0.9870	-1.1463099079845692e-05
0.9880	-1.0943123451481558e-05
0.9890	-1.0706770893134223e-05
0.9900	-1.117947600982889e-05
0.9910	-9.808631171414355e-06
0.9920	-9.71409014807542e-06
0.9930	-9.572278613067022e-06
0.9940	-9.28865554305022e-06
0.9950	-9.477737589728087e-06
0.9960	-9.454102333893354e-06
;; Skysat12 Band: NIR
0.3500	0.0
0.3510	0.0
0.3520	0.0
0.3530	0.0
0.3540	0.0
0.3550	0.0
0.3560	0.0
0.3570	0.0
0.3580	0.0
0.3590	0.0
0.3600	0.0
0.3610	0.0
0.3620	0.0
0.3630	0.0
0.3640	0.0
0.3650	0.0
0.3660	0.0
0.3670	0.0
0.3680	0.0
0.3690	0.0
0.3700	0.0
0.3710	0.0
0.3720	0.0
0.3730	0.0
0.3740	0.0
0.3750	0.0
0.3760	0.0
0.3770	0.0
0.3780	0.0
0.3790	0.0
0.3800	0.0
0.3810	0.0
0.3820	0.0
0.3830	0.0
0.3840	0.0
0.3850	0.0
0.3860	0.0
0.3870	0.0
0.3880	0.0
0.3890	0.0
0.3900	0.0
0.3910	0.0
0.3920	0.0
0.3930	0.0
0.3940	0.0
0.3950	0.0
0.3960	0.0
0.3970	5.7967099613272494e-05
0.3980	5.055270315110973e-05
0.3990	7.009974836953883e-05
0.4000	3.673496428980641e-05
0.4010	2.3220541647409736e-05
0.4020	1.732272627978027e-05
0.4030	2.8781338994031804e-05
0.4040	5.2911829298161516e-05
0.4050	7.886221691573118e-05
0.4060	6.706658618047224e-05
0.4070	7.751414483170158e-05
0.4080	9.470206390307889e-05
0.4090	0.00011728227131057457
0.4100	9.571311796610109e-05
0.4110	0.00011896736141561155
0.4120	0.00010818278474337483
0.4130	4.246427064693217e-05
0.4140	-5.998920773931688e-06
0.4150	-2.5950387617569664e-05
0.4160	4.549743283599876e-06
0.4170	-1.0481260453330086e-06
0.4180	3.019681468226288e-05
0.4190	9.50390819240863e-05
0.4200	6.100026180233907e-05
0.4210	0.00010043137026020466
0.4220	7.4480982642635e-05
0.4230	4.6508486899020955e-05
0.4240	3.262334443351615e-05
0.4250	7.987327097875337e-06
0.4260	7.313291055860541e-05
0.4270	3.3701802100739826e-05
0.4280	2.938797143184512e-06
0.4290	4.3475324709954366e-05
0.4300	5.392288336118371e-05
0.4310	5.52709554452133e-05
0.4320	0.00011660823526855978
0.4330	4.3475324709954366e-05
0.4340	6.807764024349443e-05
0.4350	0.00022175785782286802
0.4360	0.00015705039778944756
0.4370	6.976273034853142e-05
0.4380	0.0001685090105036991
0.4390	0.00016042057799952155
0.4400	6.302236992838347e-05
0.4410	7.987327097875337e-06
0.4420	5.72930635712577e-06
0.4430	-2.6455914649080758e-05
0.4440	-3.6397946268799006e-05
0.4450	-7.987327097875337e-06
0.4460	-2.901725160873699e-05
0.4470	-8.425450525184956e-06
0.4480	-5.156375721413193e-06
0.4490	2.9253164223442163e-05
0.4500	-6.133727982334647e-06
0.4510	2.662442365958446e-05
0.4520	0.00021232135323466086
0.4530	0.0002878133899403181
0.4540	0.00020288484864645372
0.4550	0.0002190617136548088
0.4560	0.00026826634472188897
0.4570	6.639255013845745e-05
0.4580	-1.3817738861303325e-05
0.4590	-1.668239203986621e-05
0.4600	-4.5497432835998754e-05
0.4610	-6.571851409644265e-05
0.4620	-3.265704623561689e-05
0.4630	-3.976812647887299e-07
0.4640	2.1097328115063127e-06
0.4650	7.178483847457581e-05
0.4660	0.00012638175787777433
0.4670	0.00013885142465504805
0.4680	9.706119005013067e-05
0.4690	6.571851409644265e-05
0.4700	8.863573952494572e-05
0.4710	5.156375721413192e-05
0.4720	4.886761304607274e-05
0.4730	4.3475324709954366e-05
0.4740	4.718252294103575e-05
0.4750	8.290643316781997e-05
0.4760	7.111080243256102e-05
0.4770	0.00011526016318453018
0.4780	0.00017053111862974348
0.4790	0.00015570232570541795
0.4800	0.00013716633455001107
0.4810	0.00010447558651229345
0.4820	0.00010043137026020466
0.4830	0.00010312751442826384
0.4840	8.054730702076817e-05
0.4850	5.4259901382191106e-05
0.4860	3.370180210073982e-06
0.4870	-3.875707241585079e-05
0.4880	-5.2911829298161516e-05
0.4890	-4.6508486899020955e-05
0.4900	-2.9185760619240683e-05
0.4910	-5.122673919312453e-05
0.4920	-6.740360420147965e-05
0.4930	-5.190077523513933e-05
0.4940	-5.8641135655287286e-05
0.4950	-3.572391022678421e-05
0.4960	-1.0413856849128605e-05
0.4970	-2.055809928145129e-05
0.4980	2.1535451542372743e-05
0.4990	-2.450121012723785e-05
0.5000	-4.739349622218638e-05
0.5010	-1.6899330539988676e-05
0.5020	-4.7094898255573825e-05
0.5030	-6.210332178509629e-05
0.5040	-5.0343414960064136e-05
0.5050	-2.6680941581707398e-05
0.5060	-2.364397108900343e-05
0.5070	-5.4305398815027114e-05
0.5080	-6.048024299592466e-05
0.5090	-4.350194913361396e-05
0.5100	-3.74090003318212e-05
0.5110	-1.8064165925996543e-05
0.5120	5.088972117211713e-05
0.5130	8.762468546192352e-05
0.5140	7.48180006636424e-05
0.5150	7.279589253759801e-05
0.5160	8.728766744091613e-05
0.5170	0.00011997841547863375
0.5180	0.00012334859568870774
0.5190	6.807764024349443e-05
0.5200	4.583445085700616e-05
0.5210	3.0702341713773975e-05
0.5220	2.3523857866316397e-06
0.5230	1.284038660038187e-05
0.5240	1.691830465457139e-05
0.5250	2.3389050657913434e-05
0.5260	1.2201400432551845e-05
0.5270	1.8296573553283246e-05
0.5280	4.4027697246385496e-05
0.5290	4.1509161575397205e-05
0.5300	2.486384151784181e-05
0.5310	3.824210887975149e-05
0.5320	6.41217227129096e-05
0.5330	0.00010519983823943833
0.5340	7.458512121112628e-05
0.5350	8.256941514681256e-05
0.5360	8.998381160897532e-05
0.5370	7.009974836953883e-05
0.5380	0.00011357507307949319
0.5390	0.0001324480822559075
0.5400	3.909409043685819e-05
0.5410	4.583445085700616e-05
0.5420	7.21218564955832e-05
0.5430	4.9878667109094934e-05
0.5440	4.6508486899020955e-05
0.5450	4.920463106708014e-05
0.5460	6.976273034853142e-05
0.5470	5.190077523513933e-05
0.5480	0.00011863034339460417
0.5490	0.00011424910912150798
0.5500	0.0001304259741298631
0.5510	0.00015705039778944756
0.5520	0.00023085734439006776
0.5530	0.00014920461826039533
0.5540	0.0001323126010114625
0.5550	0.00016766916159534866
0.5560	0.0001814238780867236
0.5570	0.00013163148759100655
0.5580	0.0001491975408819542
0.5590	0.0002837691736882293
0.5600	0.00033061467860825766
0.5610	0.000384200543948434
0.5620	0.00037071982310813806
0.5630	0.0003403882012174722
0.5640	0.0003976812647887299
0.5650	0.0004179023460491738
0.5660	0.00027466968712102957
0.5670	0.00016379075820959553
0.5680	0.00010346453244927125
0.5690	5.257481127715412e-05
0.5700	6.234833388636866e-05
0.5710	9.739820807113808e-06
0.5720	5.9989207739316876e-05
0.5730	7.111080243256102e-05
0.5740	2.5141544367151906e-05
0.5750	2.3287945251611216e-05
0.5760	4.583445085700616e-05
0.5770	0.00015469127164239577
0.5780	0.0002396198129362601
0.5790	0.00017861955113392106
0.5800	0.00019108921791119478
0.5810	0.00013851440663404068
0.5820	0.00014087353278109246
0.5830	0.0003403882012174722
0.5840	0.00024973035356648206
0.5850	4.617146887801355e-05
0.5860	2.588298401336818e-05
0.5870	2.8511724577225888e-05
0.5880	-2.8747637191931066e-05
0.5890	-1.1155296495344882e-05
0.5900	4.2801288667939574e-05
0.5910	5.257481127715412e-06
0.5920	-9.975733421818988e-06
0.5930	2.635480924277854e-05
0.5940	1.4255862288612944e-05
0.5950	5.190077523513933e-05
0.5960	6.302236992838347e-05
0.5970	-2.456861373143933e-05
0.5980	3.5049874184769416e-05
0.5990	1.1559718120553759e-05
0.6000	3.697121392253259e-06
0.6010	7.138479808364003e-05
0.6020	6.0226131408085086e-05
0.6030	6.522680480379287e-05
0.6040	-1.0393905382284966e-06
0.6050	3.557124106326786e-05
0.6060	7.861551972435376e-05
0.6070	1.3671439338384015e-05
0.6080	5.763008159226509e-05
0.6090	4.819357700405794e-05
0.6100	-2.9657585848651042e-05
0.6110	4.414936075196916e-06
0.6120	6.942571232752403e-05
0.6130	8.593959535688654e-05
0.6140	-3.2320028214609484e-05
0.6150	1.4491774903318124e-05
0.6160	6.437044201241306e-05
0.6170	-1.2687919647678125e-05
0.6180	2.3221923421295867e-06
0.6190	1.6279486995751866e-05
0.6200	1.1482001764909453e-05
0.6210	4.372033681122675e-05
0.6220	3.7490895710926e-05
0.6230	2.6103258991898617e-05
0.6240	4.656240978238213e-05
0.6250	2.1717205361102034e-05
0.6260	4.423159314909497e-05
0.6270	-9.022511651201663e-06
0.6280	-3.0115964059023203e-05
0.6290	4.555068168331793e-05
0.6300	1.0551090587282817e-05
0.6310	6.559583953679595e-06
0.6320	6.277028044866993e-06
0.6330	1.5798494876170106e-05
0.6340	1.7739887186183226e-05
0.6350	8.031746073044114e-06
0.6360	1.970760060363702e-05
0.6370	3.9625230837965856e-05
0.6380	2.1513882389028272e-05
0.6390	4.9150371165697944e-05
0.6400	2.882879113138965e-05
0.6410	4.232204904206705e-05
0.6420	1.374184240297246e-05
0.6430	2.52870350468208e-06
0.6440	8.796271453699395e-05
0.6450	2.8027598190048762e-05
0.6460	-2.5570130184467015e-05
0.6470	1.543542536213884e-05
0.6480	-6.841465826450184e-06
0.6490	2.460231553354007e-05
0.6500	3.356699489233686e-05
0.6510	-3.471285616376201e-05
0.6520	1.5603934372642538e-05
0.6530	-9.234293775602711e-06
0.6540	4.819357700405794e-05
0.6550	6.841465826450183e-05
0.6560	-1.5637636174743276e-05
0.6570	3.7071982310813803e-06
0.6580	2.935426962974438e-05
0.6590	3.6397946268799006e-05
0.6600	4.5497432835998754e-05
0.6610	5.190077523513933e-05
0.6620	2.787139033731183e-05
0.6630	-5.8304117634279885e-06
0.6640	1.307629921508705e-05
0.6650	7.279589253759802e-06
0.6660	7.852519889472378e-06
0.6670	5.763008159226509e-06
0.6680	2.756807411840517e-05
0.6690	1.900781638481726e-05
0.6700	1.9041518186918e-05
0.6710	2.9556480442348824e-05
0.6720	5.324884731916892e-05
0.6730	6.976273034853142e-05
0.6740	3.538689220577681e-05
0.6750	2.8275811962520707e-05
0.6760	-3.7071982310813807e-07
0.6770	-2.7702881326808134e-06
0.6780	3.5049874184769416e-05
0.6790	5.2237793256146725e-05
0.6800	6.571851409644265e-05
0.6810	7.111080243256102e-05
0.6820	7.21218564955832e-05
0.6830	9.50390819240863e-05
0.6840	7.751414483170158e-05
0.6850	0.00010380155047027866
0.6860	8.324345118882736e-05
0.6870	0.00010043137026020466
0.6880	0.00013817738861303326
0.6890	0.00011087892891143401
0.6900	0.00011559718120553758
0.6910	9.739820807113808e-05
0.6920	6.571851409644265e-05
0.6930	0.00012166350558367076
0.6940	0.00011087892891143401
0.6950	6.807764024349443e-05
0.6960	5.4933937424205905e-05
0.6970	7.144782045356842e-05
0.6980	4.1453216583909984e-05
0.6990	5.021568513010233e-05
0.7000	4.044216252088778e-05
0.7010	8.290643316781997e-05
0.7020	9.874628015516768e-05
0.7030	9.43650458820715e-05
0.7040	8.425450525184955e-05
0.7050	4.179023460491738e-05
0.7060	7.313291055860541e-05
0.7070	0.00011087892891143401
0.7080	9.40280278610641e-05
0.7090	0.00010986787484841181
0.7100	0.00014795091122224782
0.7110	0.00017996762321795064
0.7120	0.00017289024477679528
0.7130	0.00017895656915492845
0.7140	0.0002089511730245869
0.7150	0.00025815580409166704
0.7160	0.000336006966944376
0.7170	0.000374090003318212
0.7180	0.0004077918054189518
0.7190	0.0005122673919312453
0.7200	0.0006302236992838346
0.7210	0.0007852519889472378
0.7220	0.0010279049640725645
0.7230	0.0013209118017166064
0.7240	0.0017059919626998697
0.7250	0.0022045528317167443
0.7260	0.0029112122181650566
0.7270	0.003907589146372379
0.7280	0.0052789559160140035
0.7290	0.007243915896236168
0.7300	0.010094154814040567
0.7310	0.014386362406707428
0.7320	0.02103547519766764
0.7330	0.03133841941608271
0.7340	0.04733986991468368
0.7350	0.0717117695974412
0.7360	0.10704507256769763
0.7370	0.15493481771527676
0.7380	0.21471232084433745
0.7390	0.2836867795224534
0.7400	0.35902473495908627
0.7410	0.43863187628737094
0.7420	0.52276444841922
0.7430	0.6110740522350566
0.7440	0.7014201346253535
0.7450	0.7902126043809686
0.7460	0.8688014862009419
0.7470	0.9308671563327314
0.7480	0.9712241442891698
0.7490	0.9922594307567458
0.7500	1.0
0.7510	0.9988505023041281
0.7520	0.99295158488757
0.7530	0.98646899944115
0.7540	0.9807418297782773
0.7550	0.976266934826963
0.7560	0.9732407388003906
0.7570	0.9692636228362845
0.7580	0.9677210846137733
0.7590	0.9644172767327562
0.7600	0.9621449933893577
0.7610	0.9571119291916509
0.7620	0.9539959684151834
0.7630	0.9508851876056985
0.7640	0.9467555406554646
0.7650	0.9438228030962976
0.7660	0.9415584801185554
0.7670	0.939424121400254
0.7680	0.9346703372961956
0.7690	0.9301039722837997
0.7700	0.9264393461691319
0.7710	0.9215240394381453
0.7720	0.917554044664823
0.7730	0.9129820447111159
0.7740	0.9105618340477565
0.7750	0.90650209474562
0.7760	0.9026189427759509
0.7770	0.8982010982352328
0.7780	0.8953012435243757
0.7790	0.8929043309168084
0.7800	0.8906420839700754
0.7810	0.8869802921769644
0.7820	0.8842861263046886
0.7830	0.8831063172080074
0.7840	0.8794103585279266
0.7850	0.8786499009547848
0.7860	0.8765935416872654
0.7870	0.873863237372597
0.7880	0.8712049571791979
0.7890	0.867766517339149
0.7900	0.864624835347318
0.7910	0.86150854766337
0.7920	0.8586798138654862
0.7930	0.854201744204414
0.7940	0.8521242336858961
0.7950	0.8485860803239718
0.7960	0.8467063656819832
0.7970	0.8445818377793548
0.7980	0.8409327953779785
0.7990	0.8389287311967788
0.8000	0.8369728235206009
0.8010	0.8350577792794701
0.8020	0.8285289178885855
0.8030	0.8274688816263902
0.8040	0.824115943258271
0.8050	0.8185516274435095
0.8060	0.816391163309301
0.8070	0.8145099691582002
0.8080	0.8084061953375726
0.8090	0.8032569643982048
0.8100	0.7954260372533384
0.8110	0.7868047455561461
0.8120	0.777765285268668
0.8130	0.7714129404364661
0.8140	0.7655709756952781
0.8150	0.7597686577540812
0.8160	0.7547655274970004
0.8170	0.7454152455992877
0.8180	0.7456994023437001
0.8190	0.7465078445426729
0.8200	0.7451157814963613
0.8210	0.743862030645871
0.8220	0.743711518397689
0.8230	0.7448291645203955
0.8240	0.74290907174931
0.8250	0.7414889957650922
0.8260	0.7406394238868357
0.8270	0.7406915066518022
0.8280	0.7362778546152653
0.8290	0.730176059090421
0.8300	0.7217672235536717
0.8310	0.7136057154319992
0.8320	0.7087390505119846
0.8330	0.7026097913886086
0.8340	0.6974696161234651
0.8350	0.6907562946591426
0.8360	0.6846648219962819
0.8370	0.6790858492677869
0.8380	0.6749673643544086
0.8390	0.6700659663571491
0.8400	0.6656591557864386
0.8410	0.6592692098536331
0.8420	0.6543094268544142
0.8430	0.6488777916643431
0.8440	0.6409686123051791
0.8450	0.6376082595405976
0.8460	0.631637894303586
0.8470	0.6265342652726406
0.8480	0.6197672871691935
0.8490	0.6132714366934665
0.8500	0.6074278475254171
0.8510	0.6007361289162412
0.8520	0.593768116193083
0.8530	0.5876857868291322
0.8540	0.5829629409794023
0.8550	0.5746724358400089
0.8560	0.5697384482001178
0.8570	0.5624342027079411
0.8580	0.5565029854842496
0.8590	0.5525618394535255
0.8600	0.5472843697869841
0.8610	0.5409032436157885
0.8620	0.5355710017804729
0.8630	0.5297435490352693
0.8640	0.524113875315694
0.8650	0.5192736797910493
0.8660	0.5135010093251605
0.8670	0.5074508719225764
0.8680	0.5002153005925403
0.8690	0.492987585152574
0.8700	0.4860726763589859
0.8710	0.47843258903869507
0.8720	0.4711666018322631
0.8730	0.46462109512132105
0.8740	0.4570569750331456
0.8750	0.44975863409669686
0.8760	0.4424243670392088
0.8770	0.4361931633346582
0.8780	0.4310858237353016
0.8790	0.425177675395148
0.8800	0.4179987399435423
0.8810	0.4093481647505046
0.8820	0.3972688996487659
0.8830	0.3801072039496031
0.8840	0.35849445395393215
0.8850	0.3319132966678846
0.8860	0.30268977654957024
0.8870	0.27302157126307725
0.8880	0.24550904445489455
0.8890	0.220915946364229
0.8900	0.1973892339552747
0.8910	0.1694582419809477
0.8920	0.13956781712194305
0.8930	0.10538632379118258
0.8940	0.07489811321741607
0.8950	0.050195713442177436
0.8960	0.0332411287976446
0.8970	0.0213779326895341
0.8980	0.013996729132260355
0.8990	0.00914588720833205
0.9000	0.006127661657956514
0.9010	0.004146831499125111
0.9020	0.002852456496382627
0.9030	0.001951175943162962
0.9040	0.0013846520200297358
0.9050	0.0009606563881607483
0.9060	0.0006929124213714208
0.9070	0.00048820767541152716
0.9080	0.00033623917236085015
0.9090	0.0002404296672407409
0.9100	0.00015305471213238384
0.9110	9.296102880655468e-05
0.9120	6.373078180854102e-05
0.9130	2.390721586521231e-05
0.9140	9.47020639030789e-06
0.9150	-1.331221182979223e-05
0.9160	-2.1299538927667566e-05
0.9170	-3.366810029863908e-05
0.9180	-3.3331082277631685e-05
0.9190	-4.751954096204315e-05
0.9200	-5.459691940319851e-05
0.9210	-4.4149360751969164e-05
0.9220	-5.560797346622071e-05
0.9230	-4.617146887801355e-05
0.9240	-5.021568513010233e-05
0.9250	-4.6508486899020955e-05
0.9260	-5.2237793256146725e-05
0.9270	-4.583445085700616e-05
0.9280	-5.3585865340176315e-05
0.9290	-4.9878667109094934e-05
0.9300	-4.482339679398396e-05
0.9310	-4.920463106708014e-05
0.9320	-3.8420054394843394e-05
0.9330	-4.4149360751969164e-05
0.9340	-4.010514449988039e-05
0.9350	-4.179023460491738e-05
0.9360	-3.909409043685819e-05
0.9370	-4.044216252088778e-05
0.9380	-4.010514449988039e-05
0.9390	-3.538689220577681e-05
0.9400	-3.976812647887299e-05
0.9410	-3.4038820121747215e-05
0.9420	-3.7746018352828596e-05
0.9430	-3.191560658940061e-05
0.9440	-3.60609282477916e-05
0.9450	-3.5049874184769416e-05
0.9460	-3.471285616376201e-05
0.9470	-3.437583814275462e-05
0.9480	-3.171339577679617e-05
0.9490	-3.34321876839339e-05
0.9500	-2.985979666125548e-05
0.9510	-3.114046514108359e-05
0.9520	-2.9691287650751784e-05
0.9530	-3.329738047553095e-05
0.9540	-2.9387971431845123e-05
0.9550	-2.800619754571479e-05
0.9560	-2.7298459701599254e-05
0.9570	-2.6894038076390375e-05
0.9580	-2.834321556672219e-05
0.9590	-2.834321556672219e-05
0.9600	-2.8848742598233284e-05
0.9610	-2.659072185748372e-05
0.9620	-2.6927739878491117e-05
0.9630	-2.6961441680591855e-05
0.9640	-2.5141544367151906e-05
0.9650	-2.4804526346144507e-05
0.9660	-2.5242649773454128e-05
0.9670	-2.5006737158748947e-05
0.9680	-2.4467508325137108e-05
0.9690	-2.264761101169716e-05
0.9700	-2.2007276771783102e-05
0.9710	-2.241169839699198e-05
0.9720	-2.389457768942453e-05
0.9730	-2.2040978573883844e-05
0.9740	-2.1434346136070525e-05
0.9750	-2.1501749740272005e-05
0.9760	-2.0086274052040932e-05
0.9770	-1.9378536207925395e-05
0.9780	-1.9210027197421697e-05
0.9790	-1.8266376738600983e-05
0.9800	-1.732272627978027e-05
0.9810	-1.833378034280246e-05
0.9820	-1.7861955113392104e-05
0.9830	-1.6817199248269168e-05
0.9840	-1.671609384196695e-05
0.9850	-1.5940952393649933e-05
0.9860	-1.5233214549534398e-05
0.9870	-1.4289564090713684e-05
0.9880	-1.3548124444497406e-05
0.9890	-1.337961543399371e-05
0.9900	-1.4424371299116642e-05
0.9910	-1.3042597412986312e-05
0.9920	-1.2267455964669294e-05
0.9930	-1.1863034339460418e-05
0.9940	-1.129010370374784e-05
0.9950	-1.0481260453330083e-05
0.9960	-1.0245347838624905e-05
;; Skysat12 Band: PAN
0.3500	0.0
0.3510	0.0
0.3520	0.0
0.3530	0.0
0.3540	0.0
0.3550	0.0
0.3560	0.0
0.3570	0.0
0.3580	0.0
0.3590	0.0
0.3600	0.0
0.3610	0.0
0.3620	0.0
0.3630	0.0
0.3640	0.0
0.3650	0.0
0.3660	0.0
0.3670	0.0
0.3680	0.0
0.3690	0.0
0.3700	0.0
0.3710	0.0
0.3720	0.0
0.3730	0.0
0.3740	0.0
0.3750	0.0
0.3760	0.0
0.3770	0.0
0.3780	0.0
0.3790	0.0
0.3800	0.0
0.3810	0.0
0.3820	0.0
0.3830	0.0
0.3840	0.0
0.3850	0.0
0.3860	0.0
0.3870	0.0
0.3880	0.0
0.3890	0.0
0.3900	0.0
0.3910	0.0
0.3920	0.0
0.3930	0.0
0.3940	0.0
0.3950	0.0
0.3960	0.0
0.3970	1.3065529335210546e-05
0.3980	1.7741860877848854e-05
0.3990	1.0645116526709311e-05
0.4000	3.0783891059578804e-05
0.4010	5.5927985283814926e-05
0.4020	0.00011796575047258443
0.4030	0.00010645116526709313
0.4040	0.00013042030181729952
0.4050	0.00019316304161048686
0.4060	0.00011749576740297255
0.4070	0.00013747004786147788
0.4080	0.00021572222895185756
0.4090	0.00027494009572295576
0.4100	0.00027494009572295576
0.4110	0.0003007891645516097
0.4120	0.00030783891059578807
0.4130	0.00024204128085012343
0.4140	0.0001642590828293556
0.4150	0.00011044602135879417
0.4160	9.564155466601964e-05
0.4170	0.00011773075893777848
0.4180	0.00015791431138959506
0.4190	0.00021290233053418626
0.4200	0.0002631905189826585
0.4210	0.0002631905189826585
0.4220	0.00028433975711519355
0.4230	0.00027494009572295576
0.4240	0.00027729001107101517
0.4250	0.0002298217210402143
0.4260	0.00027494009572295576
0.4270	0.00044883383147935514
0.4280	0.0007214240118542513
0.4290	0.0009728649540966125
0.4300	0.0009611153773563154
0.4310	0.0009658152080524343
0.4320	0.001151693512083937
0.4330	0.001016834220174153
0.4340	0.0007247115434261866
0.4350	0.0006609630398640297
0.4360	0.0007535990527998814
0.4370	0.001340201371389918
0.4380	0.0029061285613683823
0.4390	0.008552418212817752
0.4400	0.03205330593093913
0.4410	0.10535107354613722
0.4420	0.23516957614229078
0.4430	0.3551456909447169
0.4440	0.4501151298726305
0.4450	0.6163296336610747
0.4460	0.78887716401237
0.4470	0.8330616517868931
0.4480	0.8473355122939065
0.4490	0.8631420087401623
0.4500	0.8676090333227491
0.4510	0.8675997981554312
0.4520	0.8690194337153315
0.4530	0.8716681736987116
0.4540	0.8715989639918805
0.4550	0.8696985780502434
0.4560	0.8699198554790781
0.4570	0.8728600084647711
0.4580	0.8761657236816695
0.4590	0.8780232612668502
0.4600	0.8792693814273651
0.4610	0.8809320240833237
0.4620	0.883507782745739
0.4630	0.885163366255992
0.4640	0.8852362136317818
0.4650	0.8824011018621472
0.4660	0.8766546400192408
0.4670	0.8702090149125722
0.4680	0.8667031644552257
0.4690	0.8664099749169096
0.4700	0.8683057808735334
0.4710	0.8702502465272693
0.4720	0.8715527811055451
0.4730	0.872531697091663
0.4740	0.8752600005088977
0.4750	0.8786499037930557
0.4760	0.8834064050477085
0.4770	0.8880770450953738
0.4780	0.8911171258813275
0.4790	0.8944386654281798
0.4800	0.8972649180169523
0.4810	0.8986228095510824
0.4820	0.8967929046204798
0.4830	0.8942039018351627
0.4840	0.893603900299258
0.4850	0.8943287739868432
0.4860	0.899223971945169
0.4870	0.9065518375205363
0.4880	0.9140972300598427
0.4890	0.9202603483433676
0.4900	0.9251676460158205
0.4910	0.9304077152007123
0.4920	0.9342295705244892
0.4930	0.9382421026794384
0.4940	0.9405268666244728
0.4950	0.9422548110780385
0.4960	0.9426181902378857
0.4970	0.941531344989747
0.4980	0.9406710950288754
0.4990	0.9410493750019445
0.5000	0.9413200688006336
0.5010	0.9425703976595369
0.5020	0.9449274825993234
0.5030	0.9455770767487334
0.5040	0.9429959320803404
0.5050	0.9384023833555835
0.5060	0.9335831158619841
0.5070	0.9293796060866981
0.5080	0.9288374782659855
0.5090	0.9326298962001973
0.5100	0.9390293642695993
0.5110	0.9462561646856772
0.5120	0.9528159604295311
0.5130	0.9586717262349372
0.5140	0.9634147577748148
0.5150	0.9676512721111642
0.5160	0.9713262013277191
0.5170	0.9734399008350763
0.5180	0.9732610652273429
0.5190	0.9739330070717132
0.5200	0.9758054008217241
0.5210	0.9761024254218881
0.5220	0.9783090523316843
0.5230	0.9805603957806387
0.5240	0.9818813489954127
0.5250	0.9835302281971776
0.5260	0.983695460144961
0.5270	0.9828205044138414
0.5280	0.9820043036161691
0.5290	0.9803991962875924
0.5300	0.978993258384256
0.5310	0.9770644314171613
0.5320	0.9749930985336144
0.5330	0.972933585724268
0.5340	0.9701619945164067
0.5350	0.9671458734673417
0.5360	0.9633169284489598
0.5370	0.9610358914696672
0.5380	0.9576716704103482
0.5390	0.9563408499010277
0.5400	0.9565751317613985
0.5410	0.958251331079
0.5420	0.9621653547825586
0.5430	0.9666833490290446
0.5440	0.9711075346548362
0.5450	0.975973849803619
0.5460	0.9799613835590956
0.5470	0.9828171487347243
0.5480	0.9838737811212331
0.5490	0.9828012233584106
0.5500	0.9812647124087591
0.5510	0.9787581023553756
0.5520	0.9742958833496758
0.5530	0.9713278932667697
0.5540	0.9679146435736287
0.5550	0.9649868816915661
0.5560	0.9638881670210041
0.5570	0.9635408471826455
0.5580	0.9667048836532942
0.5590	0.9709879404130274
0.5600	0.976663162222242
0.5610	0.9818905888625612
0.5620	0.9874446067379536
0.5630	0.9922310341645639
0.5640	0.9959334409412837
0.5650	0.998442022573644
0.5660	0.9990643906038316
0.5670	1.0
0.5680	0.9986861458794926
0.5690	0.9976281716913199
0.5700	0.9963035784576718
0.5710	0.9943663810921074
0.5720	0.9931695245569491
0.5730	0.9925924534950108
0.5740	0.9917970306488461
0.5750	0.9914307916420204
0.5760	0.9921709139302992
0.5770	0.9911295959421136
0.5780	0.9891013417067273
0.5790	0.9879241751122703
0.5800	0.9858174807025657
0.5810	0.9837218496943197
0.5820	0.9820625862166318
0.5830	0.9798709282676027
0.5840	0.9782312771834096
0.5850	0.975779711547139
0.5860	0.9743881151771717
0.5870	0.9719252558477386
0.5880	0.9687789071899148
0.5890	0.9670017813580295
0.5900	0.9652811686403496
0.5910	0.9643206242924229
0.5920	0.9631976655452151
0.5930	0.9634725116443241
0.5940	0.964724943677464
0.5950	0.9662230311612593
0.5960	0.969011450112928
0.5970	0.9713691460307049
0.5980	0.9750521636558878
0.5990	0.9784134661203446
0.6000	0.981757137169945
0.6010	0.9849690555157256
0.6020	0.9867766503500138
0.6030	0.9890250493550371
0.6040	0.9907948152520523
0.6050	0.992022596673191
0.6060	0.993064727732087
0.6070	0.9938858751015669
0.6080	0.9928623953207885
0.6090	0.9921853706095204
0.6100	0.9900833807303426
0.6110	0.9893011056605503
0.6120	0.9875861961874203
0.6130	0.9849145844779575
0.6140	0.9828429531551613
0.6150	0.9800386675750625
0.6160	0.9758403910612566
0.6170	0.9723007840699351
0.6180	0.9698422556344883
0.6190	0.9665191345946069
0.6200	0.964180801979298
0.6210	0.961224472176349
0.6220	0.9590421480910825
0.6230	0.9556233149990745
0.6240	0.952433772547238
0.6250	0.9488456022053335
0.6260	0.9451478318115955
0.6270	0.9411096926290986
0.6280	0.9351934494022948
0.6290	0.9288602301463853
0.6300	0.9230920503858321
0.6310	0.9178284984968673
0.6320	0.9127272576109081
0.6330	0.9086545864223715
0.6340	0.9048154850698552
0.6350	0.9015467387212124
0.6360	0.8991121841221466
0.6370	0.8963233304361384
0.6380	0.8960082302871172
0.6390	0.8947269365936723
0.6400	0.8944790440236056
0.6410	0.89418676860236
0.6420	0.8941185223608216
0.6430	0.8949429831109422
0.6440	0.8946415970678923
0.6450	0.8964509543386915
0.6460	0.897449109081764
0.6470	0.8987018231047457
0.6480	0.8978474479322442
0.6490	0.8979293777308542
0.6500	0.8982315603952074
0.6510	0.8974498023067916
0.6520	0.8969559299977513
0.6530	0.8972707458070155
0.6540	0.8951348889478415
0.6550	0.8940350651172353
0.6560	0.8926275809695996
0.6570	0.8913191857024457
0.6580	0.8917296195672225
0.6590	0.891714507261619
0.6600	0.8919085609211466
0.6610	0.8914779600828528
0.6620	0.8914219897990927
0.6630	0.8916849500263713
0.6640	0.8906855404285029
0.6650	0.8902825933940252
0.6660	0.8890961023354671
0.6670	0.8871777136923485
0.6680	0.8849097915906137
0.6690	0.8820786958263088
0.6700	0.879649677627803
0.6710	0.8764960653816383
0.6720	0.873950897917224
0.6730	0.8703602178657277
0.6740	0.8680311204177368
0.6750	0.8648277393144156
0.6760	0.8625373849207681
0.6770	0.8603907889484534
0.6780	0.85612248260736
0.6790	0.8516559186081817
0.6800	0.8481486464520495
0.6810	0.8444278210388315
0.6820	0.8399319253962787
0.6830	0.8367975096085924
0.6840	0.8328217489290097
0.6850	0.828483036774173
0.6860	0.8247504641341303
0.6870	0.8207873412992894
0.6880	0.8169093605973394
0.6890	0.8139962692367948
0.6900	0.8113045681010216
0.6910	0.8082470297939469
0.6920	0.8065998213819945
0.6930	0.8042083712801581
0.6940	0.8014920665306905
0.6950	0.7995875541377022
0.6960	0.7968150088642098
0.6970	0.7943959355074569
0.6980	0.7908788712540693
0.6990	0.7876834775130163
0.7000	0.7857469616229027
0.7010	0.7831557452173278
0.7020	0.7808651534822301
0.7030	0.7788410632968404
0.7040	0.7767041489757598
0.7050	0.7761992461640758
0.7060	0.7759071234873277
0.7070	0.7745834326211734
0.7080	0.7750487793078036
0.7090	0.7756162086670687
0.7100	0.7759386006034151
0.7110	0.7766835284685807
0.7120	0.7761482765001763
0.7130	0.7760094623007358
0.7140	0.7759515932853746
0.7150	0.7749477634967366
0.7160	0.7751730851298851
0.7170	0.7750242015431781
0.7180	0.7726135479331174
0.7190	0.7712658949801589
0.7200	0.768930020376304
0.7210	0.7673923744175394
0.7220	0.7661091890422395
0.7230	0.7648542942978148
0.7240	0.7637414589859264
0.7250	0.7620163743793392
0.7260	0.7603204334228987
0.7270	0.7583084852501124
0.7280	0.7563110783535001
0.7290	0.7539370199751547
0.7300	0.752052705104583
0.7310	0.7500047985271407
0.7320	0.7472480634841099
0.7330	0.7443853801576964
0.7340	0.7414450415286911
0.7350	0.7381060186116493
0.7360	0.7354436397195889
0.7370	0.7327266440950092
0.7380	0.7304782568395626
0.7390	0.7281712955941504
0.7400	0.725273781822448
0.7410	0.7223761059065864
0.7420	0.7203769671223627
0.7430	0.7187590386556469
0.7440	0.7166901778830461
0.7450	0.7144881145088559
0.7460	0.7114826244768254
0.7470	0.7088706136703355
0.7480	0.7054080580533616
0.7490	0.7015641135253128
0.7500	0.6980826998376707
0.7510	0.6941247656159183
0.7520	0.689636476649347
0.7530	0.6855484393643494
0.7540	0.6816962983315668
0.7550	0.6783171130113111
0.7560	0.6755096573954078
0.7570	0.6720215393992777
0.7580	0.6705195769050734
0.7590	0.6683628856964234
0.7600	0.667409379344964
0.7610	0.6648087891270658
0.7620	0.663627505480919
0.7630	0.6621457898573537
0.7640	0.6596982825248894
0.7650	0.6575969600216703
0.7660	0.6559172264313854
0.7670	0.6542500907372814
0.7680	0.6506433513642964
0.7690	0.6471054903600785
0.7700	0.6441251796710026
0.7710	0.6404083984620988
0.7720	0.6372353124674448
0.7730	0.6334900620340994
0.7740	0.6313799790464629
0.7750	0.6283338519283185
0.7760	0.6253722465654131
0.7770	0.6222040765936672
0.7780	0.6203424172569663
0.7790	0.6189623730708499
0.7800	0.617668237090028
0.7810	0.615526087157552
0.7820	0.6139516250750293
0.7830	0.6131976500357736
0.7840	0.6105488489545946
0.7850	0.6099620821419302
0.7860	0.6083997009742119
0.7870	0.6060677037306814
0.7880	0.6040586718028422
0.7890	0.6016231654880604
0.7900	0.5992183631672163
0.7910	0.5969654335254019
0.7920	0.5947743936041094
0.7930	0.5917855151236745
0.7940	0.5903457830877176
0.7950	0.5878889583408982
0.7960	0.586464098919179
0.7970	0.5850120556767135
0.7980	0.5825518282524702
0.7990	0.5812183593885525
0.8000	0.5800370216943527
0.8010	0.5787593092718984
0.8020	0.5744336908453812
0.8030	0.5736261776847508
0.8040	0.5711106403029601
0.8050	0.5670917187281797
0.8060	0.5653368230954869
0.8070	0.5638118619797712
0.8080	0.5592992725385857
0.8090	0.5555804140045142
0.8100	0.5502440664378971
0.8110	0.5440899718293088
0.8120	0.537974303036492
0.8130	0.5335829880265891
0.8140	0.5297933006940118
0.8150	0.525941354704203
0.8160	0.5226903737155915
0.8170	0.5162506539461926
0.8180	0.5167963489384036
0.8190	0.5173810548753078
0.8200	0.5166790905124509
0.8210	0.5159222391768092
0.8220	0.515807887596142
0.8230	0.5163959304128404
0.8240	0.5150897440661136
0.8250	0.5138787198913218
0.8260	0.5133794098781662
0.8270	0.5131312588174111
0.8280	0.5097435010059659
0.8290	0.5055179584243765
0.8300	0.49954278167055877
0.8310	0.49403205393570826
0.8320	0.4907482634290072
0.8330	0.4865342589317768
0.8340	0.4832643705242749
0.8350	0.47874519897019946
0.8360	0.4745672727233078
0.8370	0.4709645023573458
0.8380	0.4680710891879258
0.8390	0.4648650926288222
0.8400	0.4615287039668855
0.8410	0.4570042239540388
0.8420	0.4531261751045437
0.8430	0.4491059211277609
0.8440	0.443494661664405
0.8450	0.44104620496614
0.8460	0.43645844878271617
0.8470	0.43244874592584603
0.8480	0.42754095712108525
0.8490	0.42308005406798027
0.8500	0.4193173954617363
0.8510	0.41412545724300354
0.8520	0.40993358894835186
0.8530	0.40544963087576713
0.8540	0.4024454168477707
0.8550	0.39654008427792803
0.8560	0.39331745266807555
0.8570	0.38899424760462087
0.8580	0.38449012255851905
0.8590	0.3818379822476303
0.8600	0.3781717759168475
0.8610	0.37385895042948514
0.8620	0.37011932099365213
0.8630	0.36612258731958797
0.8640	0.36236544396466586
0.8650	0.3591763409469995
0.8660	0.3554159617586432
0.8670	0.35132137995940116
0.8680	0.3465057830335755
0.8690	0.3413987825050983
0.8700	0.3365242520522586
0.8710	0.33091252730566384
0.8720	0.32547546706705965
0.8730	0.32045180628640146
0.8740	0.3148585847732573
0.8750	0.3095850269447404
0.8760	0.3044005262080842
0.8770	0.30023648326106894
0.8780	0.2967953142236776
0.8790	0.29245463753961004
0.8800	0.28640059057696543
0.8810	0.2781209857864806
0.8820	0.26619613356020233
0.8830	0.25021422533287513
0.8840	0.2316033563596525
0.8850	0.2110156328494516
0.8860	0.1913849452635628
0.8870	0.1737440085500824
0.8880	0.15848390032106519
0.8890	0.14401577466214305
0.8900	0.12790378217089335
0.8910	0.10661226606369467
0.8920	0.08425001572798342
0.8930	0.06093811760181438
0.8940	0.04226175648784134
0.8950	0.028223724085497778
0.8960	0.018952758157211803
0.8970	0.012530032975610108
0.8980	0.00848122987726364
0.8990	0.005744621859188918
0.9000	0.004002251275301409
0.9010	0.002806969183426318
0.9020	0.0019984009108046296
0.9030	0.0014500622638270455
0.9040	0.0010483019366000171
0.9050	0.0007606135501138389
0.9060	0.0005645413133024544
0.9070	0.0004203223085613498
0.9080	0.0003200537705750011
0.9090	0.0002354356688067283
0.9100	0.00016782531436157063
0.9110	0.00012110923223368356
0.9120	9.094172396990075e-05
0.9130	6.20377651887695e-05
0.9140	4.417840854351768e-05
0.9150	2.373414501540045e-05
0.9160	1.3159525949132923e-05
0.9170	7.87221641599916e-06
0.9180	-3.8538611708174995e-06
0.9190	-1.527444976238643e-05
0.9200	-1.903431431928155e-05
0.9210	-2.18072144299917e-05
0.9220	-2.305266956446321e-05
0.9230	-1.950429738889344e-05
0.9240	-2.6789034967877735e-05
0.9250	-2.349915348059451e-05
0.9260	-2.3123167024904997e-05
0.9270	-2.215970173220062e-05
0.9280	-2.7494009572295574e-05
0.9290	-2.8668967246325298e-05
0.9300	-2.6319051898265846e-05
0.9310	-3.0783891059578804e-05
0.9320	-2.5614077293848014e-05
0.9330	-2.6554043433071793e-05
0.9340	-2.3076168717943805e-05
0.9350	-2.3123167024904997e-05
0.9360	-2.110223982557387e-05
0.9370	-2.251218903440954e-05
0.9380	-2.2230199192642404e-05
0.9390	-1.9410300774971063e-05
0.9400	-2.1196236439496245e-05
0.9410	-1.830584056138312e-05
0.9420	-2.121973559297684e-05
0.9430	-1.9762788077179982e-05
0.9440	-2.1125738979054464e-05
0.9450	-1.9151810086684524e-05
0.9460	-1.9950781305024737e-05
0.9470	-2.074975252336495e-05
0.9480	-1.88228219379562e-05
0.9490	-1.8987316012320363e-05
0.9500	-1.6801894738625072e-05
0.9510	-1.7953353259174204e-05
0.9520	-1.7506869343042908e-05
0.9530	-1.8493833789227874e-05
0.9540	-1.7600865956965288e-05
0.9550	-1.66843989712221e-05
0.9560	-1.5720933678517725e-05
0.9570	-1.548594214371178e-05
0.9580	-1.62614142085714e-05
0.9590	-1.62614142085714e-05
0.9600	-1.600292352028486e-05
0.9610	-1.557993875763416e-05
0.9620	-1.5603437911114752e-05
0.9630	-1.5133454841502863e-05
0.9640	-1.4404981083604432e-05
0.9650	-1.381750224658957e-05
0.9660	-1.4522476851007407e-05
0.9670	-1.480446669277454e-05
0.9680	-1.480446669277454e-05
0.9690	-1.3159525949132923e-05
0.9700	-1.2548547958637467e-05
0.9710	-1.3559011558303031e-05
0.9720	-1.4733969232332757e-05
0.9730	-1.3535512404822437e-05
0.9740	-1.3136026795652329e-05
0.9750	-1.2078564889025576e-05
0.9760	-1.0668615680189906e-05
0.9770	-1.0551119912786934e-05
0.9780	-1.0668615680189906e-05
0.9790	-9.940141922291478e-06
0.9800	-9.775647847927314e-06
0.9810	-1.0762612294112284e-05
0.9820	-1.0292629224500395e-05
0.9830	-9.54065631312137e-06
0.9840	-9.070673243509481e-06
0.9850	-8.81218255522294e-06
0.9860	-8.271702025169267e-06
0.9870	-7.684223188154405e-06
0.9880	-7.355235039426081e-06
0.9890	-7.378734192906676e-06
0.9900	-7.754720648596188e-06
0.9910	-7.308236732464892e-06
0.9920	-7.002747737217163e-06
0.9930	-6.838253662853002e-06
0.9940	-6.650260435008245e-06
0.9950	-5.663295988823276e-06
0.9960	-5.4048053005367365e-06
