;; Skysat1 RSR
;;
;; Quinten Vanhellemont 2022-02-19 from Skysat_RSR_Skysat1.csv
;; normalised to per channel maximum value
;;
;; datasets: wavelength, RSR
;; Skysat1 Band: Blue
0.3500	0.0
0.3510	0.0
0.3520	0.0
0.3530	0.0
0.3540	0.0
0.3550	0.0
0.3560	0.0
0.3570	0.0
0.3580	0.0
0.3590	0.0
0.3600	0.0
0.3610	0.0
0.3620	0.0
0.3630	0.0
0.3640	0.0
0.3650	0.0
0.3660	0.0
0.3670	0.0
0.3680	0.0
0.3690	0.0
0.3700	0.0
0.3710	0.0
0.3720	0.0
0.3730	0.0
0.3740	0.0
0.3750	0.0
0.3760	0.0
0.3770	0.0
0.3780	0.0
0.3790	0.0
0.3800	0.0
0.3810	0.0
0.3820	0.0
0.3830	0.0
0.3840	0.0
0.3850	0.0
0.3860	0.0
0.3870	0.0
0.3880	0.0
0.3890	0.0
0.3900	0.0
0.3910	0.0
0.3920	0.0
0.3930	0.0
0.3940	0.0
0.3950	0.0
0.3960	0.0
0.3970	1.56139779098473e-07
0.3980	6.96591738700419e-08
0.3990	4.451214744519405e-08
0.4000	1.6385633194293798e-08
0.4010	1.7886710378091087e-07
0.4020	8.87702649536599e-07
0.4030	3.432140597961189e-06
0.4040	1.9340129705312488e-06
0.4050	1.4142468938895113e-06
0.4060	1.8991752711053982e-06
0.4070	8.655349656394603e-07
0.4080	7.034958316423836e-07
0.4090	2.2686738011898655e-06
0.4100	7.325361271737892e-06
0.4110	4.384934483620925e-06
0.4120	1.5562396998004492e-06
0.4130	8.272706469526908e-07
0.4140	1.3995305933604625e-06
0.4150	3.404146450500962e-06
0.4160	1.6563429933612993e-05
0.4170	6.934436079306703e-05
0.4180	8.714486082084807e-05
0.4190	6.477279058758107e-05
0.4200	7.880546241178358e-05
0.4210	5.208315978253449e-05
0.4220	2.1291365372793317e-05
0.4230	1.88201311513216e-05
0.4240	3.4181435242310756e-05
0.4250	9.66611758099879e-05
0.4260	0.00021266107677463716
0.4270	0.0003645850244446058
0.4280	0.0006797565039994241
0.4290	0.0008075560834169026
0.4300	0.0006932934663093438
0.4310	0.0007572465320772635
0.4320	0.0013718778970067999
0.4330	0.004481306031400095
0.4340	0.008075858695772624
0.4350	0.003943828086719941
0.4360	0.0012511398170697735
0.4370	0.00044784824002635365
0.4380	0.0002397759270944834
0.4390	0.0001944539835497478
0.4400	0.00024081650539583803
0.4410	0.00045545945157198474
0.4420	0.0013174636674712192
0.4430	0.006093231321239293
0.4440	0.05477834234040992
0.4450	0.38707938018516513
0.4460	0.7645517332038797
0.4470	0.8079010362135391
0.4480	0.8622712282429293
0.4490	0.8644795741720145
0.4500	0.8361255009208816
0.4510	0.8431988494812229
0.4520	0.8673462329912791
0.4530	0.8863155637463352
0.4540	0.9023434942143749
0.4550	0.9096496567316955
0.4560	0.9130953585083572
0.4570	0.9121925157714571
0.4580	0.9094095512195258
0.4590	0.9090302450512742
0.4600	0.9117647065945997
0.4610	0.909901490241802
0.4620	0.9034199926878125
0.4630	0.8968663157601897
0.4640	0.8964441344724929
0.4650	0.8942602543627669
0.4660	0.8964438366108894
0.4670	0.8995026912352863
0.4680	0.9031600878547401
0.4690	0.9060199539764593
0.4700	0.9099322450577835
0.4710	0.9147059179937701
0.4720	0.9189046865535024
0.4730	0.9224252750962592
0.4740	0.9262885207218299
0.4750	0.9315937458517323
0.4760	0.9367124975095865
0.4770	0.9421585651668495
0.4780	0.9454139430653673
0.4790	0.9476234949707013
0.4800	0.95071213091218
0.4810	0.9519896230054316
0.4820	0.954105312181046
0.4830	0.9555041501856371
0.4840	0.9578413854317139
0.4850	0.9597341118780195
0.4860	0.9650500915069593
0.4870	0.9659498369675097
0.4880	0.9675128838946899
0.4890	0.9672487387716346
0.4900	0.9657528438954122
0.4910	0.9667582478895125
0.4920	0.9670476022751163
0.4930	0.9707728096313506
0.4940	0.9731131034075523
0.4950	0.9769757363584424
0.4960	0.9800750493065086
0.4970	0.9803096940226121
0.4980	0.9807282912845094
0.4990	0.9841453111682197
0.5000	0.9881237033091523
0.5010	0.9904155909423106
0.5020	0.9904552622332875
0.5030	0.9918620286841403
0.5040	0.9955191879829669
0.5050	0.9968050758988175
0.5060	0.9962134065153947
0.5070	0.9966684494450494
0.5080	0.9987258957797844
0.5090	1.0
0.5100	0.9966688950266354
0.5110	0.9941686713640524
0.5120	0.9921777450324822
0.5130	0.9900418254842135
0.5140	0.957381642100656
0.5150	0.7662941751521545
0.5160	0.42822999476228535
0.5170	0.18545395958520772
0.5180	0.07957911070517122
0.5190	0.037446855677984156
0.5200	0.018536600807641808
0.5210	0.00953158100173405
0.5220	0.005305084674837418
0.5230	0.003251881051724428
0.5240	0.0022375799557409625
0.5250	0.0017542304871880571
0.5260	0.0015048186161351835
0.5270	0.001348170050671538
0.5280	0.0012036563185057472
0.5290	0.0010461940823200744
0.5300	0.000922085080820363
0.5310	0.0008808130864289565
0.5320	0.0009535324855710996
0.5330	0.0011668595130854913
0.5340	0.0015480133919351905
0.5350	0.0019259440692044772
0.5360	0.001922875852523499
0.5370	0.0016061206210275917
0.5380	0.0012036272588371033
0.5390	0.0008779603956237535
0.5400	0.0006279503797246275
0.5410	0.0004640829082420427
0.5420	0.0003677283119362473
0.5430	0.00032567170649145733
0.5440	0.0003109844656310524
0.5450	0.0002986655877651201
0.5460	0.00026793983145237204
0.5470	0.0002269502001746215
0.5480	0.0001811959940588089
0.5490	0.00015078940977333226
0.5500	0.0001394391875288611
0.5510	0.00013676811965268194
0.5520	0.00014739136585324651
0.5530	0.00016081790142231968
0.5540	0.00016892942359643544
0.5550	0.00017296266344029435
0.5560	0.00018329846108519033
0.5570	0.00020403156600694503
0.5580	0.0002458084721410381
0.5590	0.0003095193740035924
0.5600	0.0003789114410860164
0.5610	0.0004256418099043565
0.5620	0.0004588642760814207
0.5630	0.0004904666657315911
0.5640	0.0005402507213965876
0.5650	0.0005657626888268209
0.5660	0.0005325135846201665
0.5670	0.0004512240048671458
0.5680	0.00038566054912854707
0.5690	0.00036161609496482733
0.5700	0.00038747193514067943
0.5710	0.0004455258881739005
0.5720	0.0005019064886210475
0.5730	0.000479821140451733
0.5740	0.00038393634212234616
0.5750	0.0002869763360531375
0.5760	0.0002152275298436985
0.5770	0.00016659084676232285
0.5780	0.00013531707353173314
0.5790	0.0001134516101884903
0.5800	9.938987869564399e-05
0.5810	8.966215461712026e-05
0.5820	8.989342114674412e-05
0.5830	9.605189142408882e-05
0.5840	0.00011185986683852426
0.5850	0.00014239915694414104
0.5860	0.00018518806603875568
0.5870	0.00025276099786407564
0.5880	0.0003458415381693323
0.5890	0.00046576110410622416
0.5900	0.0006380316631049845
0.5910	0.0008669492028467936
0.5920	0.00107750829692286
0.5930	0.0010919218925702022
0.5940	0.0009026296326633156
0.5950	0.0007071912528382578
0.5960	0.0005818593236164518
0.5970	0.0005271351242820034
0.5980	0.000530082259010299
0.5990	0.0005944712198078761
0.6000	0.000729690701285747
0.6010	0.0009982528939749078
0.6020	0.0015528276103738523
0.6030	0.0026537894815313406
0.6040	0.003753344380398657
0.6050	0.003193667270513666
0.6060	0.001841266616415396
0.6070	0.0010810511548583542
0.6080	0.0007434746707791394
0.6090	0.0005929407439259674
0.6100	0.0005250525146958619
0.6110	0.0004919075409685145
0.6120	0.00045382242357171535
0.6130	0.0004032440702971208
0.6140	0.0003341668162916717
0.6150	0.0002654310133927876
0.6160	0.0002094603964374241
0.6170	0.00016565851572666646
0.6180	0.00013687128147636755
0.6190	0.00011281157098660986
0.6200	9.69026132236371e-05
0.6210	8.43142069310332e-05
0.6220	7.633902303563808e-05
0.6230	6.937899023153427e-05
0.6240	6.254875728070625e-05
0.6250	5.714486973247979e-05
0.6260	5.322181446556209e-05
0.6270	4.947190639098056e-05
0.6280	4.590555855666593e-05
0.6290	4.482357022749381e-05
0.6300	4.728807229239637e-05
0.6310	5.4278375584670845e-05
0.6320	7.028783136837021e-05
0.6330	0.00010157661876109257
0.6340	0.00016604839961430459
0.6350	0.00024288071052517177
0.6360	0.00023985002924952517
0.6370	0.00015655848049084958
0.6380	9.441292611257654e-05
0.6390	6.287253042217965e-05
0.6400	4.798574650375377e-05
0.6410	4.14468367310802e-05
0.6420	3.75334680203771e-05
0.6430	3.663116530898603e-05
0.6440	3.5794489015948954e-05
0.6450	3.46415466625048e-05
0.6460	3.332611232856055e-05
0.6470	3.177674766203342e-05
0.6480	3.16401672194074e-05
0.6490	3.26894634213552e-05
0.6500	3.6548103089445735e-05
0.6510	4.431623684575353e-05
0.6520	6.331762768024105e-05
0.6530	0.00011943620678178275
0.6540	0.0004964384276378992
0.6550	0.010290597751959533
0.6560	0.011945783201853185
0.6570	0.00044146964275903187
0.6580	0.0001178003896010402
0.6590	5.970526870390701e-05
0.6600	3.764365259731831e-05
0.6610	2.7835772266118682e-05
0.6620	2.2329449385922706e-05
0.6630	1.9799030305979712e-05
0.6640	1.7423160230440846e-05
0.6650	1.608832856767683e-05
0.6660	1.6001173778135865e-05
0.6670	1.619156304053405e-05
0.6680	1.7072337380738152e-05
0.6690	1.8903822997015845e-05
0.6700	2.4207164091734633e-05
0.6710	3.226519225915521e-05
0.6720	5.164895990021452e-05
0.6730	0.0001106957849454333
0.6740	0.0005440551163498762
0.6750	0.0054022263038356515
0.6760	0.0036476906901268345
0.6770	0.000270528563600727
0.6780	9.47076395854061e-05
0.6790	5.187247718486669e-05
0.6800	3.4430137573120905e-05
0.6810	2.572410301133335e-05
0.6820	2.056659302042554e-05
0.6830	1.7525353398505e-05
0.6840	1.6292448523509233e-05
0.6850	1.5087925258222278e-05
0.6860	1.5546099367173408e-05
0.6870	1.6063167737909376e-05
0.6880	1.9143056719126215e-05
0.6890	2.6998127317460145e-05
0.6900	4.9621321520590945e-05
0.6910	0.00030787750272521575
0.6920	0.006802461594160727
0.6930	0.0034588609632791954
0.6940	7.852479444546519e-05
0.6950	2.318954292860861e-05
0.6960	1.0618790384705842e-05
0.6970	6.2541492363545285e-06
0.6980	3.7704193573659637e-06
0.6990	3.3525897550486914e-06
0.7000	2.1379706765470575e-06
0.7010	1.4895041707598823e-06
0.7020	1.4510461209488207e-06
0.7030	1.2687838792146884e-06
0.7040	7.299449733863806e-07
0.7050	6.023197519807652e-07
0.7060	6.609912229726678e-07
0.7070	3.379615246887458e-07
0.7080	7.790267537258177e-07
0.7090	6.895326608590208e-07
0.7100	1.74864376589128e-07
0.7110	2.7855145378547906e-07
0.7120	5.273724449092614e-07
0.7130	9.802746456405888e-07
0.7140	2.4498995814090343e-07
0.7150	2.676686078783629e-07
0.7160	6.048091969279204e-07
0.7170	5.666683818328871e-07
0.7180	8.924660135551343e-07
0.7190	1.0682043596787256e-06
0.7200	6.311057754115372e-07
0.7210	1.353151362204902e-06
0.7220	1.3809033457597641e-06
0.7230	1.9261813898317355e-06
0.7240	1.2396491397601903e-06
0.7250	1.9037860718635533e-06
0.7260	2.3571483840150747e-06
0.7270	3.1899282598148256e-06
0.7280	4.372753639181051e-06
0.7290	6.651515988668434e-06
0.7300	1.1295372119905927e-05
0.7310	2.524800877338519e-05
0.7320	8.92538662726744e-05
0.7330	0.0003929399961238277
0.7340	0.00041732832303316604
0.7350	0.00011045265238444656
0.7360	4.319332281657468e-05
0.7370	2.7266929252415616e-05
0.7380	1.9580889060026658e-05
0.7390	1.54970369599464e-05
0.7400	1.376818040676252e-05
0.7410	1.3010231599359696e-05
0.7420	1.2587704017278336e-05
0.7430	1.2499604788506444e-05
0.7440	1.349865198009095e-05
0.7450	1.5182829292734936e-05
0.7460	1.8728278382016543e-05
0.7470	2.5100288791112362e-05
0.7480	4.214112064776249e-05
0.7490	0.00011478472248752623
0.7500	0.0047211887527768455
0.7510	0.02730721079643408
0.7520	0.0021481633553238825
0.7530	7.689478919845142e-05
0.7540	2.8864484536110436e-05
0.7550	1.506523450028955e-05
0.7560	9.655752965849156e-06
0.7570	7.002532569495423e-06
0.7580	4.310057404081976e-06
0.7590	4.082544414991287e-06
0.7600	3.081511479382785e-06
0.7610	2.203497807699851e-06
0.7620	2.4497784994563516e-06
0.7630	1.4421441757875926e-06
0.7640	1.9310706790810603e-06
0.7650	1.3785931021025795e-06
0.7660	8.548845970814948e-07
0.7670	9.589157891873699e-07
0.7680	1.0808985915979743e-06
0.7690	9.632384148981405e-07
0.7700	8.283410114144053e-07
0.7710	5.047494928700359e-07
0.7720	7.562802980948559e-07
0.7730	5.828328225160202e-07
0.7740	5.910978766061376e-07
0.7750	6.642531707779381e-07
0.7760	1.2836454780869563e-06
0.7770	9.513820700914559e-07
0.7780	9.111271641025835e-07
0.7790	1.1073089871171127e-06
0.7800	1.1348139634885024e-06
0.7810	8.624304243726773e-07
0.7820	1.3740525288769803e-06
0.7830	1.1457403988985843e-06
0.7840	2.051305058094927e-06
0.7850	1.4651182654895978e-06
0.7860	1.5527307448117063e-06
0.7870	1.734075185344504e-06
0.7880	9.183121671747717e-07
0.7890	2.383616898871501e-06
0.7900	1.6394641691573386e-06
0.7910	1.63472502152934e-06
0.7920	3.211626145735556e-06
0.7930	2.1473182032941574e-06
0.7940	3.450569271159488e-06
0.7950	4.416004112679291e-06
0.7960	4.25603063679498e-06
0.7970	1.3287993598813685e-09
0.7980	0.0
0.7990	1.3635644101356095e-05
0.8000	2.1498706108567077e-05
0.8010	2.2315355446630444e-05
0.8020	1.2990543673853497e-05
0.8030	4.3685157708371576e-05
0.8040	1.917349672203063e-05
0.8050	3.75041661878279e-05
0.8060	2.7766029061373477e-05
0.8070	1.9634576797846145e-05
0.8080	2.8374586955556454e-05
0.8090	4.362703837108391e-05
0.8100	4.345243819531553e-05
0.8110	3.825608511398713e-05
0.8120	3.3934428058838156e-05
0.8130	3.504184359807363e-05
0.8140	5.211536758194807e-05
0.8150	8.752336300493402e-05
0.8160	5.543277092154719e-05
0.8170	9.82938448599607e-05
0.8180	9.761990271132908e-05
0.8190	0.00011933401361371858
0.8200	0.0001693379541047867
0.8210	0.00022012287319065786
0.8220	0.00024788381681001867
0.8230	0.00029339125790626405
0.8240	0.0003760224256950085
0.8250	0.0004101651147124608
0.8260	0.00044845122815071327
0.8270	0.000496690278099479
0.8280	0.0005535987958603224
0.8290	0.0005922142522098717
0.8300	0.0006059473672831372
0.8310	0.0006498952728288301
0.8320	0.0006743175026849196
0.8330	0.0007060700339564166
0.8340	0.000693843178374523
0.8350	0.0007039438348673094
0.8360	0.0006794755938692005
0.8370	0.0006658562958314564
0.8380	0.0006185011441372739
0.8390	0.0005533396804815815
0.8400	0.000491471645938857
0.8410	0.0004322335114083997
0.8420	0.0003908743380110617
0.8430	0.0003303115669182563
0.8440	0.0002655157707596655
0.8450	0.00021745446911743775
0.8460	0.00018733581771544043
0.8470	0.0001461873269157703
0.8480	9.986887890045654e-05
0.8490	7.629301189361867e-05
0.8500	5.07505318113093e-05
0.8510	2.3726129710117023e-05
0.8520	3.761919404287641e-05
0.8530	3.114930098323195e-05
0.8540	3.1479612550150205e-05
0.8550	1.2824709831459346e-05
0.8560	1.9110001346043853e-05
0.8570	3.057028708550354e-05
0.8580	1.166953957008584e-05
0.8590	2.527609978640756e-05
0.8600	2.4585448328305754e-05
0.8610	1.8155681827780316e-05
0.8620	1.3460269001090552e-05
0.8630	2.5153564850292727e-05
0.8640	1.5328006554001428e-05
0.8650	2.1250754485863554e-05
0.8660	3.028235420202421e-05
0.8670	1.772286227972093e-05
0.8680	2.8638303448499254e-05
0.8690	2.4476716734796738e-05
0.8700	2.835715115437015e-05
0.8710	2.746429283528833e-05
0.8720	3.0011372791920452e-05
0.8730	4.646447285024902e-05
0.8740	4.665699315501443e-05
0.8750	4.6169275049608724e-05
0.8760	6.248361519016298e-05
0.8770	8.362549278417432e-05
0.8780	8.027878761202599e-05
0.8790	0.00010053604045973791
0.8800	0.00013381057187645566
0.8810	0.00015762012705197102
0.8820	0.00017178502036850296
0.8830	0.0002158653895704307
0.8840	0.00021992163498529932
0.8850	0.0002468764149636991
0.8860	0.0002764470494478547
0.8870	0.0002867898698460062
0.8880	0.0002984597484455596
0.8890	0.00028992831405954037
0.8900	0.00028982902685834066
0.8910	0.0002729453593762726
0.8920	0.00024891785668592844
0.8930	0.0002399403563862264
0.8940	0.0002221248421963127
0.8950	0.00022445155299906242
0.8960	0.0002135558724049619
0.8970	0.0002092281612521788
0.8980	0.00021350574447655127
0.8990	0.0002213273964559448
0.9000	0.00022714586861015664
0.9010	0.00022229435693006842
0.9020	0.00023061292924327152
0.9030	0.00020155737738582788
0.9040	0.00017531819174778255
0.9050	0.00014090766945099622
0.9060	0.00010489087396992193
0.9070	8.484624103112074e-05
0.9080	5.0352172186983396e-05
0.9090	2.8757690253844343e-05
0.9100	1.1816775224547935e-05
0.9110	7.382463520623027e-06
0.9120	3.6249514994130335e-06
0.9130	5.145183848124718e-07
0.9140	1.5672048814353896e-06
0.9150	4.575275313238043e-06
0.9160	6.1622238178778645e-06
0.9170	3.2098825656169257e-10
0.9180	1.0114048156752967e-05
0.9190	5.004389753545337e-07
0.9200	5.978445630096146e-10
0.9210	2.0881091284323443e-06
0.9220	0.0
0.9230	1.4385238254023815e-06
0.9240	4.232201708507036e-06
0.9250	3.3474316638644104e-07
0.9260	1.4383446241124112e-06
0.9270	1.395653549235564e-06
0.9280	4.421380151378401e-07
0.9290	9.428143111196318e-06
0.9300	1.6817919981761377e-06
0.9310	3.4991231341852287e-06
0.9320	2.1260876937107826e-09
0.9330	5.807114667050203e-06
0.9340	1.0856692205336703e-06
0.9350	1.2875806415491423e-10
0.9360	2.304506794266768e-06
0.9370	6.141349289235377e-07
0.9380	1.2673405823387113e-06
0.9390	2.283317452547305e-06
0.9400	2.0383056996549183e-06
0.9410	1.8120882874579324e-06
0.9420	4.283758403959307e-06
0.9430	0.0
0.9440	3.123987028383857e-11
0.9450	0.0
0.9460	7.391811047370127e-07
0.9470	1.703543160156048e-06
0.9480	1.8296330624016478e-07
0.9490	3.734675964934047e-06
0.9500	2.2316154587518153e-06
0.9510	2.841599698337392e-06
0.9520	2.7788792468477814e-06
0.9530	1.547282056940987e-06
0.9540	6.889684189595198e-07
0.9550	8.27227057449725e-07
0.9560	1.9503275528357083e-06
0.9570	9.8111737603126e-07
0.9580	9.557216472756017e-07
0.9590	3.3384231665848217e-06
0.9600	1.8435889682678492e-06
0.9610	0.0
0.9620	2.239577807960226e-06
0.9630	1.5849119061956996e-06
0.9640	2.9732884300750367e-06
0.9650	5.886859241086993e-06
0.9660	3.3020259316084187e-06
0.9670	2.1957582492843768e-06
0.9680	2.7157955495001236e-06
0.9690	2.1160306267209623e-06
0.9700	2.582653834330287e-07
0.9710	7.248595313737095e-13
0.9720	2.1906340610468473e-06
0.9730	0.0
0.9740	0.0
0.9750	9.449840997117048e-07
0.9760	8.23313688739022e-07
0.9770	1.370962517444519e-06
0.9780	2.1444848856013837e-06
0.9790	1.8689919619406682e-06
0.9800	2.1876651315670687e-06
0.9810	2.387411607268575e-09
0.9820	4.106542858012987e-07
0.9830	1.7981081652011941e-06
0.9840	1.9354296293776357e-07
0.9850	0.0
0.9860	3.436499548257765e-10
0.9870	2.6660550833380927e-07
0.9880	3.390439973457286e-07
0.9890	2.1311271245814343e-10
0.9900	8.553059622768304e-07
0.9910	0.0
0.9920	2.5268108377530507e-06
0.9930	1.1200104839535222e-07
0.9940	0.0
0.9950	1.0205198650732462e-08
0.9960	0.0
;; Skysat1 Band: Green
0.3500	0.0
0.3510	0.0
0.3520	0.0
0.3530	0.0
0.3540	0.0
0.3550	0.0
0.3560	0.0
0.3570	0.0
0.3580	0.0
0.3590	0.0
0.3600	0.0
0.3610	0.0
0.3620	0.0
0.3630	0.0
0.3640	0.0
0.3650	0.0
0.3660	0.0
0.3670	0.0
0.3680	0.0
0.3690	0.0
0.3700	0.0
0.3710	0.0
0.3720	0.0
0.3730	0.0
0.3740	0.0
0.3750	0.0
0.3760	0.0
0.3770	0.0
0.3780	0.0
0.3790	0.0
0.3800	0.0
0.3810	0.0
0.3820	0.0
0.3830	0.0
0.3840	0.0
0.3850	0.0
0.3860	0.0
0.3870	0.0
0.3880	0.0
0.3890	0.0
0.3900	0.0
0.3910	0.0
0.3920	0.0
0.3930	0.0
0.3940	0.0
0.3950	0.0
0.3960	0.0
0.3970	1.3251139418102552e-05
0.3980	1.2688187667972897e-05
0.3990	1.2963271050636984e-05
0.4000	2.1764362400229174e-05
0.4010	1.3448396935030122e-05
0.4020	3.4193648060988814e-05
0.4030	4.7345685651929996e-05
0.4040	2.768058379219723e-05
0.4050	1.2083314753256988e-05
0.4060	1.675660272716244e-05
0.4070	2.789479900243834e-05
0.4080	4.401600981890714e-05
0.4090	4.025547757208112e-05
0.4100	5.087671893059284e-05
0.4110	4.3194568480428794e-05
0.4120	4.6916770032783586e-05
0.4130	5.600065942380053e-05
0.4140	7.347605971203134e-05
0.4150	3.9171786355606574e-05
0.4160	1.209782219331635e-05
0.4170	2.7778836521696267e-05
0.4180	6.330168632324115e-05
0.4190	0.00027100286189822684
0.4200	0.00023586356164072633
0.4210	5.889389905838199e-05
0.4220	7.548963416843132e-05
0.4230	6.988850078899003e-05
0.4240	8.474213009525524e-05
0.4250	0.0007660607629473887
0.4260	0.0006150572346773163
0.4270	7.531520524865402e-05
0.4280	6.747366703730264e-05
0.4290	0.0001015911389080132
0.4300	0.00013685659081820383
0.4310	0.00011478635918006752
0.4320	0.000568204025669542
0.4330	0.0011116556414852903
0.4340	0.00012182731959550083
0.4350	3.740056863197089e-05
0.4360	0.00010218841846363449
0.4370	0.00013697158290161752
0.4380	0.002333715813014323
0.4390	0.0018068846774404981
0.4400	0.0002286986329665918
0.4410	0.00020392511697090552
0.4420	0.00011769415477457478
0.4430	0.00011341858414570813
0.4440	0.00029140546572753266
0.4450	0.0015020561906680726
0.4460	0.0009334518761005716
0.4470	0.0004964940890951724
0.4480	0.0005581579873274308
0.4490	0.0007929601768902355
0.4500	0.0006844770335566962
0.4510	0.0006476043610713671
0.4520	0.0007103478263314545
0.4530	0.0006134245411723078
0.4540	0.0002858232550959949
0.4550	0.0002058042913973241
0.4560	0.0001821918558050511
0.4570	0.0001288435348790603
0.4580	0.00010598655360693545
0.4590	0.00025111456865296546
0.4600	0.0003500756882017217
0.4610	0.000453602527180532
0.4620	0.0005992470362045951
0.4630	0.0006498047370134812
0.4640	0.0005910568827530212
0.4650	0.0004199491478321218
0.4660	0.0003662594896458714
0.4670	0.0003396584728815031
0.4680	0.0003755850079716563
0.4690	0.0004497185118736689
0.4700	0.0005443492333445048
0.4710	0.0007662281564865351
0.4720	0.0008892818157057832
0.4730	0.000776429458401188
0.4740	0.0005528062460613847
0.4750	0.0004708440617126219
0.4760	0.0004691895342677246
0.4770	0.0005146599270825495
0.4780	0.0006031043655849276
0.4790	0.0006433734287196062
0.4800	0.0008506527240560763
0.4810	0.0011996706791698578
0.4820	0.002161336857593239
0.4830	0.002537023757284375
0.4840	0.0016985543716861796
0.4850	0.0010199167040530431
0.4860	0.0007680694854171467
0.4870	0.0007344913118616864
0.4880	0.0008184015688471832
0.4890	0.001047820479230769
0.4900	0.0015498021652179616
0.4910	0.0022017902962203103
0.4920	0.002070032172965444
0.4930	0.001223945168339422
0.4940	0.000658472811149285
0.4950	0.0004456695290209803
0.4960	0.00044178793970743813
0.4970	0.0003861550608710957
0.4980	0.0003609077483798252
0.4990	0.00036423863720950854
0.5000	0.0003643696408488406
0.5010	0.0003684647175746275
0.5020	0.0004450921426105909
0.5030	0.0006443947719077319
0.5040	0.0009601038387246801
0.5050	0.0015346833748417152
0.5060	0.0024278904477408178
0.5070	0.004221124060764253
0.5080	0.007661900683913961
0.5090	0.016059081127518922
0.5100	0.03986815318242932
0.5110	0.12045925344194293
0.5120	0.34517357811178967
0.5130	0.6791474585916236
0.5140	0.8707405795119202
0.5150	0.9178128945324707
0.5160	0.9263626796599376
0.5170	0.9433196548794517
0.5180	0.9668094443793833
0.5190	0.9694759482521942
0.5200	0.9513890156975815
0.5210	0.9368782568793547
0.5220	0.9375274454140646
0.5230	0.9397429280165884
0.5240	0.9319068482902093
0.5250	0.9226155461742233
0.5260	0.9182870913169529
0.5270	0.9135232579943291
0.5280	0.9016860796714304
0.5290	0.8899221420868918
0.5300	0.8860375542456049
0.5310	0.8912245754171443
0.5320	0.8990283991363279
0.5330	0.9027420903041128
0.5340	0.9048378549882337
0.5350	0.9082768946001657
0.5360	0.9144101696145603
0.5370	0.9224955419886085
0.5380	0.9317989595152394
0.5390	0.9421538268071092
0.5400	0.9503883225646036
0.5410	0.9549087171614421
0.5420	0.955651539334368
0.5430	0.9568978303271868
0.5440	0.9624129646693932
0.5450	0.9723522593053819
0.5460	0.9826286238793789
0.5470	0.9891196625548093
0.5480	0.9887087841960043
0.5490	0.9864046266856127
0.5500	0.9848375368919895
0.5510	0.9862235796560558
0.5520	0.9865690629389009
0.5530	0.9836640087168462
0.5540	0.9806155249176697
0.5550	0.977277217400411
0.5560	0.9749890035181246
0.5570	0.9725495022663496
0.5580	0.9674319785254759
0.5590	0.9648167868373967
0.5600	0.9597340955086254
0.5610	0.9576122295623642
0.5620	0.9568252470330169
0.5630	0.9517696952915271
0.5640	0.9442170128269229
0.5650	0.9375901694713782
0.5660	0.9360881132807102
0.5670	0.9388486535066282
0.5680	0.9424691404370149
0.5690	0.9441051818128064
0.5700	0.9425346058667811
0.5710	0.9391677298521747
0.5720	0.9407951031538304
0.5730	0.9457893354881395
0.5740	0.9518810435329726
0.5750	0.956174275393216
0.5760	0.9593909339013884
0.5770	0.9619573437157696
0.5780	0.9642120497783068
0.5790	0.9657122961779575
0.5800	0.9653062237119213
0.5810	0.9644894863744923
0.5820	0.9670158770030508
0.5830	0.9746825302078805
0.5840	0.985409581265086
0.5850	0.991083606039849
0.5860	0.9911865797523507
0.5870	0.9870759985032495
0.5880	0.9873981873982267
0.5890	0.9938346921697954
0.5900	1.0
0.5910	0.9987259241056762
0.5920	0.9913092743645584
0.5930	0.9890874987353601
0.5940	0.985376391250462
0.5950	0.9392957228337954
0.5960	0.7863835564484214
0.5970	0.5346547820844343
0.5980	0.29855492869424605
0.5990	0.15008723544473088
0.6000	0.07405426610816322
0.6010	0.038564021656852084
0.6020	0.021448796467018163
0.6030	0.012975711544386887
0.6040	0.008488213416980805
0.6050	0.00582133108921188
0.6060	0.004092832681965044
0.6070	0.0030619213761813925
0.6080	0.0022582480127857803
0.6090	0.0017315211949247569
0.6100	0.0012668731201538768
0.6110	0.0009363533641124444
0.6120	0.0007479022029399746
0.6130	0.0006319639821311133
0.6140	0.0005180369097853312
0.6150	0.00040552419154567086
0.6160	0.0003868246350276818
0.6170	0.0003594424484139631
0.6180	0.0003611818856250941
0.6190	0.0003395468771887388
0.6200	0.0002966917051739128
0.6210	0.0003611479217186006
0.6220	0.0003306143697809499
0.6230	0.0002786471668525839
0.6240	0.00019196569769655016
0.6250	0.00021213249497505822
0.6260	0.00015489118256691682
0.6270	0.0001648173768389724
0.6280	0.00017141777686731867
0.6290	0.00017136367721626116
0.6300	0.00018872093162976104
0.6310	0.00018768867147169092
0.6320	0.00014638370918896085
0.6330	0.00019002902722842473
0.6340	0.0001868446683953276
0.6350	0.0001318563759843653
0.6360	0.00018161738058664685
0.6370	0.00012433191510006388
0.6380	0.00013494078389263869
0.6390	0.00020473370054478274
0.6400	0.00016104908141351926
0.6410	0.00017123825336156734
0.6420	0.00024744646675166815
0.6430	0.00017197405713581564
0.6440	0.00019137229973024243
0.6450	4.466229443961191e-05
0.6460	8.05400670640138e-05
0.6470	8.998882585050371e-05
0.6480	0.0001055006271447464
0.6490	0.00015936762544275924
0.6500	0.00020611093695309393
0.6510	0.0002484484019932262
0.6520	0.0001863961022302814
0.6530	0.00015711897223355786
0.6540	5.730002144650875e-05
0.6550	0.00011725868897346177
0.6560	9.542353608812686e-05
0.6570	3.9622050715977466e-05
0.6580	0.00011332445560485472
0.6590	0.00016051390728691466
0.6600	0.00018462439930798152
0.6610	0.00022033186720125177
0.6620	0.00021649879775412892
0.6630	0.00019755300291406195
0.6640	0.00010663502162162909
0.6650	9.015961578029956e-05
0.6660	3.923437698328745e-05
0.6670	0.00013288645274844654
0.6680	0.0001915392080707247
0.6690	0.0001843529306553657
0.6700	0.0001675514713116986
0.6710	0.00022051430189898825
0.6720	0.00023505958745415894
0.6730	0.00010824030140211085
0.6740	9.368725266831306e-05
0.6750	5.02018075887007e-05
0.6760	0.0001589814073060618
0.6770	0.00018217293305714758
0.6780	0.0001447784294084791
0.6790	0.00017407254135844936
0.6800	0.00017572876699867136
0.6810	0.00022509845887828147
0.6820	0.0001601310855408666
0.6830	0.00019415321587406325
0.6840	0.00013041703414703746
0.6850	0.000135296434513492
0.6860	0.00013950529032603212
0.6870	6.0614898720273724e-05
0.6880	0.00021458226303056751
0.6890	0.0001787847907850895
0.6900	0.00011154741549724873
0.6910	0.00010140676341561994
0.6920	9.496720674445358e-05
0.6930	8.287872462542293e-05
0.6940	0.00013519357239668312
0.6950	0.00016788456019466692
0.6960	0.0001749155740374843
0.6970	0.00017703298100802152
0.6980	0.00013576634941976268
0.6990	0.0001311848610331225
0.7000	0.00010443513087817909
0.7010	0.00010561853042014524
0.7020	8.511185147737012e-05
0.7030	0.00013478260912811184
0.7040	0.00016727515067244082
0.7050	0.00017124917033151167
0.7060	0.00021971663529505534
0.7070	0.00015365319817522898
0.7080	0.00015000887100847713
0.7090	0.0001586182361059135
0.7100	0.00013891334795571695
0.7110	9.495459157918456e-05
0.7120	0.00012077832008351608
0.7130	0.00011214978963884404
0.7140	0.0001636087469664682
0.7150	0.00017174601376364505
0.7160	0.00012712932799846728
0.7170	0.00015416993475259424
0.7180	0.00017137774797752276
0.7190	0.00011280893202414992
0.7200	0.00010934145977049633
0.7210	8.252089061058077e-05
0.7220	0.00010176944941710404
0.7230	0.00014814303954532385
0.7240	0.00012976153075171303
0.7250	0.00014930484774673341
0.7260	0.0001707380135387846
0.7270	0.0001230965993010291
0.7280	0.00013090781259586843
0.7290	9.246819102452872e-05
0.7300	0.0001118314993151336
0.7310	8.201385800649933e-05
0.7320	9.719111482178111e-05
0.7330	0.00014504771466710608
0.7340	0.00017861351565662945
0.7350	0.00020782393083702646
0.7360	0.00022390705355835615
0.7370	0.0001950343366482373
0.7380	0.00014050164578295198
0.7390	9.15657215091302e-05
0.7400	9.175737498148633e-05
0.7410	8.673993559506894e-05
0.7420	0.00011925552407594709
0.7430	0.00013767148197471558
0.7440	0.00014987131718717845
0.7450	0.00015737564232691585
0.7460	0.00018512463913076426
0.7470	0.00018646888202991034
0.7480	6.474321155455786e-05
0.7490	6.143682525741628e-05
0.7500	3.419025167033946e-05
0.7510	0.00010142447316686299
0.7520	9.651207929124333e-05
0.7530	0.00013937258849137542
0.7540	0.00015451005901619336
0.7550	0.00019107244695577128
0.7560	0.00013330687739096956
0.7570	0.000123030854882031
0.7580	0.00012099326309175349
0.7590	6.536814743403815e-05
0.7600	8.095539712056282e-05
0.7610	0.00011951801655327537
0.7620	0.00016215776036119972
0.7630	0.00015111415356550823
0.7640	0.00013767900255401056
0.7650	0.0002271622513964254
0.7660	0.0001608926048443171
0.7670	0.00012580885983386666
0.7680	5.789511760814118e-05
0.7690	9.135587308686682e-05
0.7700	0.000115338757859251
0.7710	0.00011923538833138309
0.7720	0.00013183332904781613
0.7730	0.00014541913424454564
0.7740	0.00012920428008588762
0.7750	0.00013343933662629418
0.7760	0.0001605917816725176
0.7770	7.678972398913584e-05
0.7780	8.047116885369842e-05
0.7790	8.296387699098877e-05
0.7800	7.310706612791275e-05
0.7810	8.574867472412314e-05
0.7820	9.52726393035629e-05
0.7830	0.00015157557749515552
0.7840	0.00015397415709159247
0.7850	0.00014138082576246926
0.7860	0.00010376774011558194
0.7870	0.00012306142239787513
0.7880	0.00012614194871683502
0.7890	9.518214975269096e-05
0.7900	0.0001045678327128358
0.7910	0.00016308327681314742
0.7920	0.00018458946500415964
0.7930	0.00017745461864720504
0.7940	0.0001743525009876886
0.7950	0.0001699675180600465
0.7960	0.0001638896769930358
0.7970	0.00013226467066028349
0.7980	7.26201692683953e-05
0.7990	0.00010684487004389246
0.8000	8.234258010148993e-05
0.8010	0.00015286280955125893
0.8020	0.0001441537361283309
0.8030	0.00019704912410129776
0.8040	0.00018908774181989075
0.8050	0.00011498140904307302
0.8060	0.00015637613307867875
0.8070	0.0
0.8080	8.417590325414228e-05
0.8090	0.00018413168006449376
0.8100	0.0002224558243537556
0.8110	0.00020221479167962603
0.8120	0.000176719542670953
0.8130	0.00015615051569982911
0.8140	0.00012848012107957995
0.8150	0.00011481886749056844
0.8160	6.34331751612374e-05
0.8170	0.00011529363438348107
0.8180	0.00012929962162340153
0.8190	0.00015799208722977278
0.8200	0.00015426042430346623
0.8210	0.00016289356413544807
0.8220	0.00015859810036134952
0.8230	0.00010605666481391131
0.8240	0.00010898022936500482
0.8250	6.029175640992134e-05
0.8260	0.00011830768848544653
0.8270	0.00015281040809552614
0.8280	0.00014854211544662236
0.8290	0.00018997589797469563
0.8300	0.00017510261812253062
0.8310	0.000212121820604446
0.8320	0.000181680699012324
0.8330	0.00011819269640203284
0.8340	0.0001111544045792526
0.8350	0.0001341574306492995
0.8360	0.0001665815591819773
0.8370	0.00017749440493766886
0.8380	0.0001899438748628589
0.8390	0.00022781023421245483
0.8400	0.00023358579651167342
0.8410	0.00020926739686299994
0.8420	0.00019917744804177933
0.8430	0.00017305993174627907
0.8440	0.00015907505064825103
0.8450	0.0002033356005939113
0.8460	0.00023276702376584814
0.8470	0.0002891274579991476
0.8480	0.0003096440835145387
0.8490	0.00039568921462248353
0.8500	0.00041817574671449727
0.8510	0.00043528870360057606
0.8520	0.000368770392733069
0.8530	0.00031226415630117955
0.8540	0.00025348233813422615
0.8550	0.00022843832388325238
0.8560	0.0002201188649876711
0.8570	9.690509020923946e-05
0.8580	0.00016036276790301862
0.8590	0.0001899111239530259
0.8600	0.00017355677517841248
0.8610	0.0002235421841628832
0.8620	0.00022863361634559
0.8630	0.00020038001293098108
0.8640	0.0002197338598476342
0.8650	0.00018682113626011427
0.8660	0.00014267848958985282
0.8670	0.00011518810367401914
0.8680	0.00013234788223119256
0.8690	0.00013722194541234098
0.8700	0.00014040363565278504
0.8710	0.00015626817637589586
0.8720	0.00017419675221648273
0.8730	0.0001807563955570368
0.8740	0.00016732925032349834
0.8750	0.00012559561502095394
0.8760	9.311932763187542e-05
0.8770	0.000100551115571316
0.8780	0.00010404357555617552
0.8790	0.00014969664566806906
0.8800	0.00015939528176661823
0.8810	0.00017313707833388573
0.8820	0.00023065325578529235
0.8830	0.00025725718374164586
0.8840	0.00017715185468074874
0.8850	0.0
0.8860	0.0
0.8870	0.00019880408766968297
0.8880	0.0002472208493728185
0.8890	0.0002949280080295721
0.8900	0.0003562425632236118
0.8910	0.00043871905815641893
0.8920	0.0005243590483797629
0.8930	0.0006240528179114502
0.8940	0.0007205491282461073
0.8950	0.0008104030688679655
0.8960	0.0008294252824976427
0.8970	0.000719161460066516
0.8980	0.000525894702151933
0.8990	0.00027602466807262195
0.9000	0.00012862082869219584
0.9010	5.2538039156788866e-05
0.9020	1.7107134502108504e-05
0.9030	2.3927766204131874e-06
0.9040	0.0
0.9050	0.0
0.9060	0.0
0.9070	0.0
0.9080	0.0
0.9090	0.0
0.9100	0.0
0.9110	0.0
0.9120	0.0
0.9130	0.0
0.9140	0.0
0.9150	0.0
0.9160	0.0
0.9170	0.0
0.9180	0.0
0.9190	0.0
0.9200	0.0
0.9210	0.0
0.9220	0.0
0.9230	0.0
0.9240	0.0
0.9250	0.0
0.9260	0.0
0.9270	0.0
0.9280	0.0
0.9290	0.0
0.9300	0.0
0.9310	0.0
0.9320	0.0
0.9330	0.0
0.9340	0.0
0.9350	0.0
0.9360	0.0
0.9370	0.0
0.9380	0.0
0.9390	0.0
0.9400	0.0
0.9410	0.0
0.9420	0.0
0.9430	0.0
0.9440	0.0
0.9450	0.0
0.9460	0.0
0.9470	0.0
0.9480	0.0
0.9490	0.0
0.9500	0.0
0.9510	0.0
0.9520	0.0
0.9530	0.0
0.9540	0.0
0.9550	0.0
0.9560	0.0
0.9570	0.0
0.9580	0.0
0.9590	0.0
0.9600	0.0
0.9610	0.0
0.9620	0.0
0.9630	0.0
0.9640	0.0
0.9650	0.0
0.9660	0.0
0.9670	0.0
0.9680	0.0
0.9690	0.0
0.9700	0.0
0.9710	0.0
0.9720	0.0
0.9730	0.0
0.9740	0.0
0.9750	0.0
0.9760	0.0
0.9770	0.0
0.9780	0.0
0.9790	0.0
0.9800	0.0
0.9810	0.0
0.9820	0.0
0.9830	0.0
0.9840	0.0
0.9850	0.0
0.9860	0.0
0.9870	0.0
0.9880	0.0
0.9890	0.0
0.9900	0.0
0.9910	0.0
0.9920	0.0
0.9930	0.0
0.9940	0.0
0.9950	0.0
0.9960	0.0
;; Skysat1 Band: Red
0.3500	0.0
0.3510	0.0
0.3520	0.0
0.3530	0.0
0.3540	0.0
0.3550	0.0
0.3560	0.0
0.3570	0.0
0.3580	0.0
0.3590	0.0
0.3600	0.0
0.3610	0.0
0.3620	0.0
0.3630	0.0
0.3640	0.0
0.3650	0.0
0.3660	0.0
0.3670	0.0
0.3680	0.0
0.3690	0.0
0.3700	0.0
0.3710	0.0
0.3720	0.0
0.3730	0.0
0.3740	0.0
0.3750	0.0
0.3760	0.0
0.3770	0.0
0.3780	0.0
0.3790	0.0
0.3800	0.0
0.3810	0.0
0.3820	0.0
0.3830	0.0
0.3840	0.0
0.3850	0.0
0.3860	0.0
0.3870	0.0
0.3880	0.0
0.3890	0.0
0.3900	0.0
0.3910	0.0
0.3920	0.0
0.3930	0.0
0.3940	0.0
0.3950	0.0
0.3960	0.0
0.3970	5.59938453684868e-08
0.3980	3.177394086916739e-08
0.3990	1.7133524564044776e-07
0.4000	3.0950548704577987e-07
0.4010	0.0
0.4020	5.410258593105697e-08
0.4030	3.2432556810795616e-07
0.4040	1.3513850558791132e-06
0.4050	2.865859456472476e-07
0.4060	3.7606139051603504e-08
0.4070	4.6500143489775284e-08
0.4080	5.7012084194352254e-08
0.4090	1.1328585356178646e-07
0.4100	8.933511615665142e-08
0.4110	1.3968794287735437e-07
0.4120	2.5001491420397886e-07
0.4130	2.2643553448827708e-05
0.4140	0.0001352668550197431
0.4150	1.5495223521122276e-05
0.4160	1.579406989344831e-06
0.4170	3.715728275285465e-06
0.4180	5.905687399976371e-06
0.4190	9.927180693151376e-06
0.4200	9.296752731504493e-05
0.4210	0.0001871376276875766
0.4220	2.2627515881726442e-05
0.4230	5.9510130850461084e-06
0.4240	5.571954429702916e-06
0.4250	9.584524381426758e-06
0.4260	1.452047681701467e-05
0.4270	2.298757882115853e-05
0.4280	0.00013929996088056002
0.4290	0.00015955496807426453
0.4300	2.9925953525898e-05
0.4310	5.4532128696254e-05
0.4320	0.0018455645949466241
0.4330	0.00092739676514155
0.4340	2.243284035302616e-05
0.4350	1.1693928957948955e-05
0.4360	6.462455011507224e-06
0.4370	3.644365991186995e-06
0.4380	3.20184159774184e-06
0.4390	5.452161626659921e-06
0.4400	1.6472781688974767e-05
0.4410	0.0012106187332992634
0.4420	0.0056874077995744555
0.4430	0.0006451551421679227
0.4440	0.00014441755832157843
0.4450	0.00032492208737208857
0.4460	0.0010554112660750268
0.4470	0.0019624774812144227
0.4480	0.0015210434467520671
0.4490	0.0009630852414440325
0.4500	0.0008177325658333939
0.4510	0.0005418546299275406
0.4520	0.0002586546645295696
0.4530	0.0001491510853675345
0.4540	0.00012620562960752763
0.4550	0.00013187207366656956
0.4560	0.00014773924161738493
0.4570	0.00019011509003096565
0.4580	0.0003042394932140531
0.4590	0.0004985091932346364
0.4600	0.0005289610127183823
0.4610	0.0003752497331566417
0.4620	0.00026493523006053805
0.4630	0.00019908048120074673
0.4640	0.00014999085736437675
0.4650	0.00011903786390871623
0.4660	0.00011220429568288399
0.4670	0.00013321448648597587
0.4680	0.00019898904751026086
0.4690	0.0003628157291509953
0.4700	0.000689583603590379
0.4710	0.00097092311341456
0.4720	0.0008916936203325722
0.4730	0.0007029148312433066
0.4740	0.0006638819354599503
0.4750	0.0008328533512787189
0.4760	0.001104949257259929
0.4770	0.000948091583054998
0.4780	0.0004769147069228246
0.4790	0.00021324121289597003
0.4800	0.00011532037541265136
0.4810	6.743699176039187e-05
0.4820	4.6444403165094054e-05
0.4830	3.3779859132366936e-05
0.4840	2.9367572378652692e-05
0.4850	2.798457669127672e-05
0.4860	3.3167693461306407e-05
0.4870	4.3252536151768854e-05
0.4880	7.535285129045135e-05
0.4890	0.00019028157757968462
0.4900	0.0004641286587612967
0.4910	0.00035634691778667354
0.4920	0.00010192974030841875
0.4930	3.877008504198657e-05
0.4940	2.177742703531603e-05
0.4950	1.5139854503768606e-05
0.4960	1.25387860370428e-05
0.4970	1.2377481360618783e-05
0.4980	1.1790643310773056e-05
0.4990	1.1988692595967199e-05
0.5000	1.3547588123729771e-05
0.5010	1.5501213161274425e-05
0.5020	2.028788909576427e-05
0.5030	3.3254726599843766e-05
0.5040	6.232648409751273e-05
0.5050	8.921458992828368e-05
0.5060	7.398159040827143e-05
0.5070	4.301832899806439e-05
0.5080	2.6234134916199482e-05
0.5090	1.7576464565173957e-05
0.5100	1.256797636496797e-05
0.5110	8.787608871060938e-06
0.5120	7.927912152896259e-06
0.5130	7.765238415866035e-06
0.5140	7.186834757254969e-06
0.5150	8.3189989835654e-06
0.5160	9.459133098404814e-06
0.5170	1.1896109872472542e-05
0.5180	1.5540818128811087e-05
0.5190	1.988724328836251e-05
0.5200	2.87536953818344e-05
0.5210	4.438934540513606e-05
0.5220	8.448057393211108e-05
0.5230	0.0001749329413334696
0.5240	0.0002918788317408819
0.5250	0.000296125364371202
0.5260	0.0002341426122758902
0.5270	0.0001916403702313437
0.5280	0.00018041187298448302
0.5290	0.0001855336265023417
0.5300	0.0002013741466663577
0.5310	0.00023127296345523983
0.5320	0.00029436514359179475
0.5330	0.00044348273586949883
0.5340	0.0008318510033348899
0.5350	0.0017989749735672288
0.5360	0.002961190080183875
0.5370	0.002523662757951371
0.5380	0.0014924667513486066
0.5390	0.0009431189593531725
0.5400	0.0007277266099797018
0.5410	0.0006574938008813514
0.5420	0.0007006143204746647
0.5430	0.0009002306911126976
0.5440	0.0012298955955848557
0.5450	0.0013627727064214454
0.5460	0.0009909431800292352
0.5470	0.0005786603574747304
0.5480	0.0003581633678409786
0.5490	0.000253312883414285
0.5500	0.00019672691933361424
0.5510	0.00016026516826373374
0.5520	0.0001353771132935643
0.5530	0.00011302084254444236
0.5540	0.00010028148912859044
0.5550	9.345843333241297e-05
0.5560	9.0140172688122e-05
0.5570	9.43903724450658e-05
0.5580	0.00011171999049343874
0.5590	0.00013953392355915624
0.5600	0.0001819122167238195
0.5610	0.000246914969831356
0.5620	0.00033845622936486456
0.5630	0.00047218655832925006
0.5640	0.0006256704760403172
0.5650	0.0006954656746948983
0.5660	0.0005601584812822938
0.5670	0.0003511713797449996
0.5680	0.0002122364202010584
0.5690	0.00013673688384565643
0.5700	9.921362185575001e-05
0.5710	7.988884244894061e-05
0.5720	6.837895435248301e-05
0.5730	6.37573969061059e-05
0.5740	6.14982024307583e-05
0.5750	6.148940132686128e-05
0.5760	6.071857131054583e-05
0.5770	6.0960357192606086e-05
0.5780	6.265188046659482e-05
0.5790	6.744261468788165e-05
0.5800	7.19580699372778e-05
0.5810	8.140434364498861e-05
0.5820	9.55247369473505e-05
0.5830	0.00011771378672242876
0.5840	0.00014766272090850237
0.5850	0.0001881106386184156
0.5860	0.00024120452025282893
0.5870	0.00030779171653694026
0.5880	0.0003850605192507548
0.5890	0.00048515840757304874
0.5900	0.000616294855638891
0.5910	0.0008084278432133605
0.5920	0.0010959550180273743
0.5930	0.0015494979046014024
0.5940	0.002330158265019613
0.5950	0.0036299321807958555
0.5960	0.005862762460469659
0.5970	0.009919223028377807
0.5980	0.017305916186627975
0.5990	0.03098315190501434
0.6000	0.05813431539701445
0.6010	0.113797011897122
0.6020	0.22911969271004418
0.6030	0.4399996329939675
0.6040	0.6934251143088597
0.6050	0.854194629831413
0.6060	0.8996928996590692
0.6070	0.916813652843459
0.6080	0.9419754368133326
0.6090	0.9747397952410466
0.6100	0.9952745895276378
0.6110	1.0
0.6120	0.9966774023672886
0.6130	0.9943660613513512
0.6140	0.9943861327577386
0.6150	0.9975482642636471
0.6160	0.9976384560205831
0.6170	0.9931782203638877
0.6180	0.9868183568868069
0.6190	0.9786449843909734
0.6200	0.9725999095080275
0.6210	0.9683446368925877
0.6220	0.9677443673802946
0.6230	0.9727523568512797
0.6240	0.9807851390466112
0.6250	0.9892480091866314
0.6260	0.9945608542281034
0.6270	0.9986593009511026
0.6280	0.9943394111198007
0.6290	0.9880050855125277
0.6300	0.9820793804906878
0.6310	0.9793600080743283
0.6320	0.9780094835708303
0.6330	0.97822965540857
0.6340	0.9777216728048906
0.6350	0.9750424676488166
0.6360	0.9724470245543319
0.6370	0.9699406657445424
0.6380	0.9696934598493322
0.6390	0.9699812094964948
0.6400	0.9720207308633234
0.6410	0.972558233836324
0.6420	0.9707554792775832
0.6430	0.9652216825227761
0.6440	0.9591206937378225
0.6450	0.9528943601201172
0.6460	0.9494123402693154
0.6470	0.9496157264461227
0.6480	0.9497137951910465
0.6490	0.9509821100498931
0.6500	0.9493546710360301
0.6510	0.9440102006945548
0.6520	0.9356701939649373
0.6530	0.9278785302346205
0.6540	0.9229283273449727
0.6550	0.9199685234386525
0.6560	0.9215109242308613
0.6570	0.9245895210370317
0.6580	0.9333389820122012
0.6590	0.9370719677853782
0.6600	0.939497718262475
0.6610	0.9403862703776665
0.6620	0.9379822659614485
0.6630	0.9383158375781505
0.6640	0.9372061381695372
0.6650	0.9352524128971982
0.6660	0.9328571729136113
0.6670	0.9293736642094
0.6680	0.923556577033405
0.6690	0.919356032615698
0.6700	0.9168616335282043
0.6710	0.9169001187997451
0.6720	0.9189574917389782
0.6730	0.9200057301053772
0.6740	0.9183979028846982
0.6750	0.9131918445705102
0.6760	0.9037891461060941
0.6770	0.8939933463361168
0.6780	0.8821881347536431
0.6790	0.8771305901782155
0.6800	0.8812677910953746
0.6810	0.8907557526985443
0.6820	0.9026590599182038
0.6830	0.9079600552511788
0.6840	0.9067936914019752
0.6850	0.8971484540721654
0.6860	0.8842911047453161
0.6870	0.874525651670526
0.6880	0.870445547914899
0.6890	0.8730767601624722
0.6900	0.8758571584553533
0.6910	0.8775626779292893
0.6920	0.8628981881602573
0.6930	0.8078022460798527
0.6940	0.6789870500508364
0.6950	0.47928133109499094
0.6960	0.2818856598817604
0.6970	0.1492635096908148
0.6980	0.07701191071481545
0.6990	0.04113720305387157
0.7000	0.02307484176629765
0.7010	0.01370348012125711
0.7020	0.008631885561358292
0.7030	0.005659205151086619
0.7040	0.003816593815447667
0.7050	0.002661901207911905
0.7060	0.001888452863187099
0.7070	0.0013292722823378092
0.7080	0.000954729082244013
0.7090	0.000682063549260578
0.7100	0.0004898718876601282
0.7110	0.00034812521989619204
0.7120	0.0002522591956977231
0.7130	0.00018825683473314974
0.7140	0.00013799984225488113
0.7150	0.0001059088171703122
0.7160	8.186371237339228e-05
0.7170	6.701527219865887e-05
0.7180	5.529073495715688e-05
0.7190	4.5713178116315284e-05
0.7200	3.820168041530297e-05
0.7210	3.491911313681664e-05
0.7220	3.0434950701276604e-05
0.7230	2.845592469998467e-05
0.7240	2.493939474290213e-05
0.7250	2.305106900677132e-05
0.7260	2.0296519067085528e-05
0.7270	1.723415051860089e-05
0.7280	1.544439714611689e-05
0.7290	1.3180679881266654e-05
0.7300	1.137303093085868e-05
0.7310	1.0499325788991215e-05
0.7320	8.561371605885454e-06
0.7330	6.801590881673026e-06
0.7340	6.73509365222875e-06
0.7350	5.334813574699435e-06
0.7360	5.460522675362106e-06
0.7370	4.886568463721207e-06
0.7380	4.234186637353384e-06
0.7390	4.317503754245329e-06
0.7400	4.14862034946553e-06
0.7410	4.436929844625947e-06
0.7420	4.203162746116331e-06
0.7430	4.377620183364252e-06
0.7440	4.469542824066632e-06
0.7450	4.992108367953168e-06
0.7460	4.63463686466854e-06
0.7470	5.374271857171148e-06
0.7480	4.7871159896846954e-06
0.7490	5.347721860415088e-06
0.7500	5.068995789498111e-06
0.7510	4.648523050817197e-06
0.7520	4.3584288873665475e-06
0.7530	4.680573737508905e-06
0.7540	5.403071024923117e-06
0.7550	5.306063301969117e-06
0.7560	5.093492195344863e-06
0.7570	5.537483439439523e-06
0.7580	5.57787072732259e-06
0.7590	6.426394933040199e-06
0.7600	7.878234810899653e-06
0.7610	8.983408985259173e-06
0.7620	9.807167862510954e-06
0.7630	1.1913247577560938e-05
0.7640	1.3869464051253052e-05
0.7650	1.8656995648621772e-05
0.7660	2.4222618173020987e-05
0.7670	3.353073899705915e-05
0.7680	4.465240062161415e-05
0.7690	6.104445662984443e-05
0.7700	8.023844185373955e-05
0.7710	0.0001053643711042372
0.7720	0.00012926279083620652
0.7730	0.0001420463942466519
0.7740	0.00013615381071247778
0.7750	0.00011302964364833938
0.7760	8.551299231425512e-05
0.7770	6.69707777289572e-05
0.7780	5.211084722413598e-05
0.7790	4.1117535031412776e-05
0.7800	3.34705981204294e-05
0.7810	2.839578382335492e-05
0.7820	2.402195300416856e-05
0.7830	2.0998382655363357e-05
0.7840	2.0883161536844654e-05
0.7850	1.8509846080965494e-05
0.7860	1.804798370645768e-05
0.7870	1.755125918151328e-05
0.7880	1.9404527187120892e-05
0.7890	1.7903572260013808e-05
0.7900	1.8994004585345793e-05
0.7910	1.9592039595149416e-05
0.7920	1.975375987925746e-05
0.7930	1.9790626725581712e-05
0.7940	2.1930884060765188e-05
0.7950	2.042611532196939e-05
0.7960	2.1125998661870385e-05
0.7970	1.627326555313112e-05
0.7980	3.078234983010129e-05
0.7990	5.405638013559753e-05
0.8000	4.972012514054935e-05
0.8010	7.800858439138208e-05
0.8020	6.456392028822598e-05
0.8030	7.652193125810769e-05
0.8040	9.094205104318531e-05
0.8050	8.44111430013678e-05
0.8060	0.00011219084955193017
0.8070	6.931798324327514e-05
0.8080	8.718593548001677e-05
0.8090	7.668010665314609e-05
0.8100	0.00010725343026569276
0.8110	6.762670444439464e-05
0.8120	7.133490288634597e-05
0.8130	7.380141225349043e-05
0.8140	8.558682379694692e-05
0.8150	9.600953108701227e-05
0.8160	5.5282422803476356e-05
0.8170	8.769664398115313e-05
0.8180	7.280493171225931e-05
0.8190	5.937566954092303e-05
0.8200	3.425536321791515e-05
0.8210	7.076747616009538e-05
0.8220	3.390967541484822e-05
0.8230	2.1817789875688268e-05
0.8240	4.588797781871476e-05
0.8250	4.271517986383313e-05
0.8260	1.876490696140377e-05
0.8270	2.5535425056818094e-05
0.8280	2.8546136014929294e-05
0.8290	1.6079543477353015e-05
0.8300	1.9633233650889713e-05
0.8310	1.2196618675534685e-05
0.8320	2.492497071151532e-05
0.8330	2.7612730051626935e-05
0.8340	1.7555659733461797e-05
0.8350	2.4836226247220202e-05
0.8360	3.490542253075459e-06
0.8370	1.894088014432285e-05
0.8380	2.165944334807409e-05
0.8390	3.543568904055103e-05
0.8400	2.197814109919011e-05
0.8410	9.457006164963032e-06
0.8420	2.1996158914668206e-05
0.8430	2.2436263004541678e-05
0.8440	4.1229015680775235e-06
0.8450	2.6473964997393726e-05
0.8460	1.4323478774786006e-05
0.8470	2.412888641651755e-05
0.8480	1.1797537508825735e-05
0.8490	2.210553707809971e-05
0.8500	2.6507213612115862e-05
0.8510	1.9434304255305866e-05
0.8520	3.139231522518757e-05
0.8530	3.588650114016589e-05
0.8540	4.801222203430778e-05
0.8550	3.564520420832215e-05
0.8560	4.009709592957306e-05
0.8570	4.115322839721742e-05
0.8580	4.099774222836978e-05
0.8590	5.292446038439535e-05
0.8600	6.087112377809446e-05
0.8610	5.477904855558752e-05
0.8620	5.7568998490948053e-05
0.8630	5.9540934714100705e-05
0.8640	7.230962514294276e-05
0.8650	6.39894037838361e-05
0.8660	7.445293841697938e-05
0.8670	7.039831874663636e-05
0.8680	7.030786295658349e-05
0.8690	7.699670191833115e-05
0.8700	8.524211389431299e-05
0.8710	8.39793999601965e-05
0.8720	7.659405141504173e-05
0.8730	9.23543837435514e-05
0.8740	9.06347458321138e-05
0.8750	8.640972701131982e-05
0.8760	9.422804097318714e-05
0.8770	0.00010003481374436516
0.8780	9.418330202837722e-05
0.8790	9.694611522672188e-05
0.8800	0.0001154394347903696
0.8810	0.00011231015340475667
0.8820	0.00011386917117007336
0.8830	0.00012427036465061263
0.8840	0.00012331911200440793
0.8850	0.00013157576983536935
0.8860	0.00014532480544829794
0.8870	0.00014742386872774113
0.8880	0.00016917530805905006
0.8890	0.00018066588262195582
0.8900	0.00020101623510787825
0.8910	0.0002222955930051545
0.8920	0.00023405997968930137
0.8930	0.0002732033782215872
0.8940	0.00028364735484607043
0.8950	0.00030375298774863355
0.8960	0.00030169695208824256
0.8970	0.00030015431415517866
0.8980	0.0002908984865567954
0.8990	0.00027066083709577674
0.9000	0.00024169395941954746
0.9010	0.00020109495609273506
0.9020	0.00016532311377833887
0.9030	0.00013845285463047027
0.9040	0.00011012894648894115
0.9050	7.973286732987646e-05
0.9060	6.775505387622643e-05
0.9070	6.158083501734714e-05
0.9080	6.582321157082694e-05
0.9090	7.952188531145583e-05
0.9100	0.00010719720099079502
0.9110	0.00013241065233004655
0.9120	0.00016376996341562023
0.9130	0.00019084240347801243
0.9140	0.00021399810783111515
0.9150	0.00023360134438622248
0.9160	0.00023448316610168385
0.9170	0.00020758308099060865
0.9180	0.00017738184849282
0.9190	0.000138079541140171
0.9200	9.810566066515644e-05
0.9210	6.243258629449367e-05
0.9220	3.612486437071063e-05
0.9230	1.9794269404694656e-05
0.9240	1.1719329921696236e-05
0.9250	8.279491806072038e-06
0.9260	4.882974679629916e-06
0.9270	4.167102667649307e-06
0.9280	3.577502049080344e-06
0.9290	5.411921023841804e-06
0.9300	5.021763198584015e-06
0.9310	9.61735738846487e-07
0.9320	4.620530650922456e-06
0.9330	1.2903151738380106e-06
0.9340	1.979109122828739e-06
0.9350	7.932801655061278e-10
0.9360	3.575570695725161e-06
0.9370	1.0376061439411057e-06
0.9380	8.95368081209585e-10
0.9390	3.294522111279798e-06
0.9400	2.454212269199424e-06
0.9410	1.2216078894151465e-06
0.9420	3.515283134030461e-06
0.9430	4.204825176852437e-08
0.9440	4.51726436519723e-07
0.9450	0.0
0.9460	1.9372378710385884e-06
0.9470	2.8697466106936667e-06
0.9480	1.123803177608247e-06
0.9490	4.3465473971055485e-06
0.9500	2.2577569617110764e-06
0.9510	2.498853423966058e-06
0.9520	1.4032626738499776e-06
0.9530	3.134537600440337e-06
0.9540	2.3750781214096536e-06
0.9550	1.6561159440607508e-06
0.9560	3.4415494413819565e-06
0.9570	3.2689011199350926e-07
0.9580	1.2931804221067127e-06
0.9590	2.364098744298101e-06
0.9600	4.023595779105963e-06
0.9610	2.927931686457408e-07
0.9620	8.959059264477372e-10
0.9630	1.4594943934987928e-06
0.9640	0.0
0.9650	9.834866892275794e-06
0.9660	3.374832184340255e-07
0.9670	1.9187628871080593e-06
0.9680	4.12082352965739e-10
0.9690	2.130148289457296e-06
0.9700	4.043691633004196e-06
0.9710	4.765553285136957e-10
0.9720	1.4658703043219791e-06
0.9730	1.7025197643578752e-08
0.9740	0.0
0.9750	8.439427421889848e-07
0.9760	2.386001269246309e-07
0.9770	1.5888681760341452e-12
0.9780	1.2331544487778418e-06
0.9790	1.5597780829033572e-06
0.9800	3.3523160268703375e-08
0.9810	1.7481265958021013e-06
0.9820	6.275920503911701e-07
0.9830	0.0
0.9840	0.0
0.9850	0.0
0.9860	2.037675579761351e-08
0.9870	3.407787428932492e-07
0.9880	3.236997118308335e-07
0.9890	0.0
0.9900	2.445582297878163e-06
0.9910	2.582977308715231e-07
0.9920	2.2970563353624264e-06
0.9930	1.971185684570324e-06
0.9940	6.192750072084707e-07
0.9950	1.2664446242683821e-06
0.9960	6.90302360408637e-09
;; Skysat1 Band: NIR
0.3500	0.0
0.3510	0.0
0.3520	0.0
0.3530	0.0
0.3540	0.0
0.3550	0.0
0.3560	0.0
0.3570	0.0
0.3580	0.0
0.3590	0.0
0.3600	0.0
0.3610	0.0
0.3620	0.0
0.3630	0.0
0.3640	0.0
0.3650	0.0
0.3660	0.0
0.3670	0.0
0.3680	0.0
0.3690	0.0
0.3700	0.0
0.3710	0.0
0.3720	0.0
0.3730	0.0
0.3740	0.0
0.3750	0.0
0.3760	0.0
0.3770	0.0
0.3780	0.0
0.3790	0.0
0.3800	0.0
0.3810	0.0
0.3820	0.0
0.3830	0.0
0.3840	0.0
0.3850	0.0
0.3860	0.0
0.3870	0.0
0.3880	0.0
0.3890	0.0
0.3900	0.0
0.3910	0.0
0.3920	0.0
0.3930	0.0
0.3940	0.0
0.3950	0.0
0.3960	0.0
0.3970	4.5045842699457156e-07
0.3980	0.0
0.3990	6.943121883448959e-08
0.4000	1.386911648661738e-08
0.4010	2.204153156580945e-07
0.4020	1.7533368461178247e-06
0.4030	4.0990803888473996e-06
0.4040	1.4445637539472126e-06
0.4050	3.5779618880472506e-07
0.4060	5.519293459444796e-07
0.4070	2.836507682401399e-06
0.4080	2.4382965899427926e-05
0.4090	2.392505765329214e-05
0.4100	1.4433111618072926e-05
0.4110	3.603776972120414e-06
0.4120	1.2378057096735874e-06
0.4130	1.2774321741350233e-06
0.4140	2.676431519540596e-06
0.4150	9.16517651720159e-06
0.4160	2.433855913435088e-05
0.4170	3.5689235045303353e-05
0.4180	1.8565716193055795e-05
0.4190	6.227245390187946e-06
0.4200	3.906626727699334e-06
0.4210	7.193275124220164e-06
0.4220	2.6334343771049732e-05
0.4230	0.0003722061110347849
0.4240	0.0008456202062262586
0.4250	0.00046316694200017436
0.4260	0.00047032461137114603
0.4270	0.000761287523173274
0.4280	0.00037817327009201336
0.4290	3.7443740490502155e-05
0.4300	9.800711823645572e-06
0.4310	5.4642962651964115e-06
0.4320	4.04134429050298e-06
0.4330	7.3992041935207225e-06
0.4340	1.216226797268959e-05
0.4350	2.6062169741346405e-05
0.4360	5.249748777673663e-05
0.4370	0.001779966297675542
0.4380	0.010469512033303935
0.4390	0.0009225615000920764
0.4400	2.450073877555744e-05
0.4410	9.056241171621954e-06
0.4420	6.9472850176749325e-06
0.4430	9.802501240988315e-06
0.4440	1.5965838868935447e-05
0.4450	3.089257404255645e-05
0.4460	6.05111559745225e-05
0.4470	0.00011276725500359524
0.4480	0.0001893977745513163
0.4490	0.00027618305492549703
0.4500	0.00028264869452820386
0.4510	0.0002608119599513353
0.4520	0.0002993823029933399
0.4530	0.0004561626512585806
0.4540	0.000810686397449363
0.4550	0.0013307531590766345
0.4560	0.0018106164604462386
0.4570	0.001877705003310586
0.4580	0.0014214474033766764
0.4590	0.0009713103411293731
0.4600	0.0007836442843411765
0.4610	0.0007659400082644057
0.4620	0.0007919888121537635
0.4630	0.0007701433130837876
0.4640	0.0007435576839916069
0.4650	0.0008249761730864102
0.4660	0.0009967200673963227
0.4670	0.0009589304946152943
0.4680	0.0006231518080577761
0.4690	0.0003397504626839819
0.4700	0.00020050457844155779
0.4710	0.00013356247564954486
0.4720	9.855599461730115e-05
0.4730	7.539107414746194e-05
0.4740	6.588707693422019e-05
0.4750	5.9551443979271804e-05
0.4760	5.709409922430912e-05
0.4770	5.766415646349723e-05
0.4780	6.096508368003872e-05
0.4790	6.985994862232229e-05
0.4800	8.310638439238641e-05
0.4810	0.00010786206036120279
0.4820	0.00016341214804977373
0.4830	0.0003338954161010845
0.4840	0.001158070733629814
0.4850	0.0028265928495737522
0.4860	0.0013834350663958375
0.4870	0.00036090721867060814
0.4880	0.00014836022669960329
0.4890	8.420705865177971e-05
0.4900	5.380376243693896e-05
0.4910	4.124497418858605e-05
0.4920	3.2471095769904676e-05
0.4930	2.840316585030952e-05
0.4940	2.811737033756858e-05
0.4950	2.8658833417994074e-05
0.4960	2.9794967355750712e-05
0.4970	2.8840331462758003e-05
0.4980	2.9764547260924083e-05
0.4990	2.9611424262595075e-05
0.5000	3.228795438268313e-05
0.5010	3.9689641849250926e-05
0.5020	4.9734116137443624e-05
0.5030	7.034674317699092e-05
0.5040	0.00010745341587007436
0.5050	0.00016148761143829307
0.5060	0.00024477951093478426
0.5070	0.0003817594085217553
0.5080	0.0005576846964182814
0.5090	0.0006430691186441434
0.5100	0.0005236529000570133
0.5110	0.00035957830240321195
0.5120	0.00025929898932868547
0.5130	0.0002162317309482041
0.5140	0.00019711929297885843
0.5150	0.00019046266046385472
0.5160	0.00018469014619105115
0.5170	0.00017922438917700352
0.5180	0.00017579637681040602
0.5190	0.00018733665792224665
0.5200	0.00020860187451107593
0.5210	0.0002598073299289096
0.5220	0.0003359817306478376
0.5230	0.0004201478883317832
0.5240	0.0004919984724511038
0.5250	0.0005396407962336021
0.5260	0.0006029021771077567
0.5270	0.0007152994974647809
0.5280	0.0009203922880480166
0.5290	0.0011382921941843125
0.5300	0.0012142438307034295
0.5310	0.0011122178271900584
0.5320	0.0009769013573574126
0.5330	0.0009164190511727016
0.5340	0.0009527697863352793
0.5350	0.0010511439177206038
0.5360	0.0011574754784729423
0.5370	0.001240887889749659
0.5380	0.0012680322552774308
0.5390	0.0012945265875664103
0.5400	0.0012768369189781515
0.5410	0.0012291252096252204
0.5420	0.001081133091636124
0.5430	0.0008993940233117477
0.5440	0.0007480348792205922
0.5450	0.0006581294393002084
0.5460	0.0006348962288215747
0.5470	0.0006711812302858475
0.5480	0.0007461687725631603
0.5490	0.0008511600962445055
0.5500	0.0009381513422067082
0.5510	0.0009752507111555354
0.5520	0.0009981150825492365
0.5530	0.0010365181698477764
0.5540	0.0011101435638213278
0.5550	0.0011759320402080907
0.5560	0.001148258153221752
0.5570	0.0009833615191519273
0.5580	0.0007571097814587886
0.5590	0.0005894851989093129
0.5600	0.0004729320480705715
0.5610	0.00040505835269869384
0.5620	0.00035829905159675716
0.5630	0.0003197568279701385
0.5640	0.00028386659388290745
0.5650	0.000248992310621699
0.5660	0.00023350581648829102
0.5670	0.00022379074106604815
0.5680	0.00022957238501917178
0.5690	0.0002611588878034997
0.5700	0.0003325420322904303
0.5710	0.0004798669532417323
0.5720	0.0007674482314532889
0.5730	0.0012473736146490701
0.5740	0.0014894598698894199
0.5750	0.0010722152198994338
0.5760	0.0005667632505286057
0.5770	0.00029558946860115047
0.5780	0.00016938368935355585
0.5790	0.00010789784870805765
0.5800	7.401176204469869e-05
0.5810	5.4385870854149625e-05
0.5820	4.308223105620639e-05
0.5830	3.563292317708887e-05
0.5840	3.1012465004520235e-05
0.5850	2.6958266124126525e-05
0.5860	2.3774710077780456e-05
0.5870	2.0811434958198166e-05
0.5880	1.9326839381983307e-05
0.5890	1.7232563753991034e-05
0.5900	1.490106251256084e-05
0.5910	1.3763175676182741e-05
0.5920	1.3136989162386558e-05
0.5930	1.2753542588941646e-05
0.5940	1.3830662273109047e-05
0.5950	1.3955738893494649e-05
0.5960	1.4716241264160395e-05
0.5970	1.681869708571949e-05
0.5980	1.9573450306790307e-05
0.5990	2.3182887680709194e-05
0.6000	2.872423844780739e-05
0.6010	3.6320132474144716e-05
0.6020	4.8423094043474824e-05
0.6030	6.512420084667121e-05
0.6040	8.696349173402943e-05
0.6050	0.00010257378433257824
0.6060	9.408208607323103e-05
0.6070	7.087736019719612e-05
0.6080	4.9499665946823024e-05
0.6090	3.4328949196327204e-05
0.6100	2.4397463831776275e-05
0.6110	1.948383336476804e-05
0.6120	1.5507857585357097e-05
0.6130	1.1698735843476611e-05
0.6140	1.019080480436353e-05
0.6150	8.465952560844472e-06
0.6160	7.335588581050148e-06
0.6170	5.819842535583047e-06
0.6180	5.528423139764914e-06
0.6190	5.38139876788975e-06
0.6200	4.746593835871376e-06
0.6210	3.7819883319690973e-06
0.6220	3.5204741170075386e-06
0.6230	4.23719419273013e-06
0.6240	3.265463886306031e-06
0.6250	2.654823392158943e-06
0.6260	3.338446550785046e-06
0.6270	3.0173155233331236e-06
0.6280	2.1004509437608e-06
0.6290	1.6865842754892576e-06
0.6300	2.306007522104298e-06
0.6310	2.0715171608902854e-06
0.6320	2.1297426100998634e-06
0.6330	1.513291987397053e-06
0.6340	2.699956879789473e-06
0.6350	1.9001311500489214e-06
0.6360	2.953268989951439e-06
0.6370	3.5981859558923743e-06
0.6380	4.328527514652579e-06
0.6390	4.20056591528582e-06
0.6400	5.338452751663919e-06
0.6410	7.347566721630141e-06
0.6420	8.490200991774702e-06
0.6430	9.432603113138457e-06
0.6440	1.1549702941931021e-05
0.6450	1.1508692417933056e-05
0.6460	1.3008260669872909e-05
0.6470	1.3781069849610171e-05
0.6480	1.663603044187459e-05
0.6490	1.857553972908024e-05
0.6500	2.2230625504599714e-05
0.6510	2.636078332525679e-05
0.6520	3.359824610222632e-05
0.6530	4.4249734575542954e-05
0.6540	5.959124938546751e-05
0.6550	8.096602213813818e-05
0.6560	0.00010788470196839669
0.6570	0.00013769420377521702
0.6580	0.00015842843815662828
0.6590	0.0001630181110471575
0.6600	0.00015435733110828173
0.6610	0.00013886024654570237
0.6620	0.00012038359951384963
0.6630	0.00010461043341838993
0.6640	9.244129992609961e-05
0.6650	8.13732058804154e-05
0.6660	7.099020304595277e-05
0.6670	6.375620954750488e-05
0.6680	5.856470813027356e-05
0.6690	5.376906965172252e-05
0.6700	4.967093874962842e-05
0.6710	4.8614452142984476e-05
0.6720	4.648687144118441e-05
0.6730	4.7755166631255065e-05
0.6740	4.796405371697934e-05
0.6750	5.089395072531128e-05
0.6760	5.46184951087062e-05
0.6770	5.992831718288624e-05
0.6780	6.48897506560506e-05
0.6790	7.263756256291467e-05
0.6800	8.078196778288463e-05
0.6810	9.110325397838327e-05
0.6820	0.00010191644734952982
0.6830	0.00011173048850644277
0.6840	0.00012107818559260412
0.6850	0.0001322069007156139
0.6860	0.00014240913587973823
0.6870	0.0001510768543756573
0.6880	0.0001665242734772952
0.6890	0.00018274442872122783
0.6900	0.00020203179136550696
0.6910	0.00022909070308548243
0.6920	0.0002622668658071491
0.6930	0.0003082607345110472
0.6940	0.000374630954127808
0.6950	0.0004557572934523675
0.6960	0.0005794498543014402
0.6970	0.0007414103831803153
0.6980	0.0009620930158781829
0.6990	0.001273667093971007
0.7000	0.001700432174598811
0.7010	0.0022715703679368165
0.7020	0.0030151718743939605
0.7030	0.004032411811277777
0.7040	0.005352366384471777
0.7050	0.0071008973668690925
0.7060	0.009424652987515698
0.7070	0.012494270623466707
0.7080	0.01686402777444494
0.7090	0.02264628889395825
0.7100	0.03017653321504968
0.7110	0.04000840281169175
0.7120	0.05192750357499108
0.7130	0.065080360121774
0.7140	0.07876896091722992
0.7150	0.09251475368208315
0.7160	0.10616083573035219
0.7170	0.12014004885788593
0.7180	0.1349365838345257
0.7190	0.15139334387363446
0.7200	0.16854160781142166
0.7210	0.18709245723304418
0.7220	0.2064403934803112
0.7230	0.22556697515040883
0.7240	0.2445048061576962
0.7250	0.2632758744242563
0.7260	0.28298978303683553
0.7270	0.305335449817213
0.7280	0.33014747052109306
0.7290	0.3553862161350075
0.7300	0.3819277598268583
0.7310	0.40766533656597537
0.7320	0.43388235664116737
0.7330	0.4562263216491331
0.7340	0.47869991351015606
0.7350	0.4987445137514184
0.7360	0.5204516032158693
0.7370	0.5419807040846712
0.7380	0.5659291154602222
0.7390	0.5889851005844817
0.7400	0.613631227693201
0.7410	0.6330344678919751
0.7420	0.6477292836223603
0.7430	0.6611523385360252
0.7440	0.6678653303935811
0.7450	0.67510191672124
0.7460	0.6791962971506584
0.7470	0.6883944500731763
0.7480	0.6972111941668967
0.7490	0.7144859918220486
0.7500	0.7358613561780041
0.7510	0.760943571596894
0.7520	0.7893320897880979
0.7530	0.8180653958343992
0.7540	0.8490094466664727
0.7550	0.8794420491551409
0.7560	0.9054260542254586
0.7570	0.928998757344604
0.7580	0.9501762340536849
0.7590	0.9654915028586252
0.7600	0.980343053288874
0.7610	0.9917845220446738
0.7620	0.997151181856655
0.7630	1.0
0.7640	0.9981888467143508
0.7650	0.9943834973563787
0.7660	0.987709865376619
0.7670	0.9805623482101631
0.7680	0.9735519844052206
0.7690	0.9682170776213929
0.7700	0.9633223821113687
0.7710	0.9630970250823468
0.7720	0.9668687260905312
0.7730	0.9670727306232202
0.7740	0.9702806519604047
0.7750	0.9688825911461361
0.7760	0.9655553412352954
0.7770	0.9657088586358143
0.7780	0.9623365628822745
0.7790	0.9632771281119578
0.7800	0.9601797781590664
0.7810	0.955745616591238
0.7820	0.95488705415019
0.7830	0.9537543712315942
0.7840	0.9582559280995459
0.7850	0.9562941679554641
0.7860	0.954467329879025
0.7870	0.9545138364705756
0.7880	0.9464437724115163
0.7890	0.9395602892517906
0.7900	0.9323218258618579
0.7910	0.9263001297462692
0.7920	0.9160270446109887
0.7930	0.9108888386155941
0.7940	0.8983347284154372
0.7950	0.8917321216966958
0.7960	0.8851590586234703
0.7970	0.8869737432694672
0.7980	0.8642004240035349
0.7990	0.8732087599165811
0.8000	0.8716849213224782
0.8010	0.8709647977019324
0.8020	0.8644971532214272
0.8030	0.8235031137742478
0.8040	0.8618301033613835
0.8050	0.8361931758699874
0.8060	0.8259801968980625
0.8070	0.8409696310642499
0.8080	0.8295573772854743
0.8090	0.8242354200402129
0.8100	0.8025127699486244
0.8110	0.8069248778606716
0.8120	0.7829918627780125
0.8130	0.7915324340420493
0.8140	0.7726900374090842
0.8150	0.7677658639872422
0.8160	0.7653928592190767
0.8170	0.7406104515462831
0.8180	0.7274565469121994
0.8190	0.7419675273996588
0.8200	0.7292280773852592
0.8210	0.7239204646937167
0.8220	0.7257962488122879
0.8230	0.710499611858945
0.8240	0.7063520126970043
0.8250	0.7096699028595805
0.8260	0.692834520370108
0.8270	0.7042898406768896
0.8280	0.6823378201488107
0.8290	0.6847753023712689
0.8300	0.6488318203365389
0.8310	0.6497931720223751
0.8320	0.6338726090640832
0.8330	0.63178241622913
0.8340	0.6179490807856233
0.8350	0.6190254481841323
0.8360	0.598393685334634
0.8370	0.6139047090931261
0.8380	0.5865867153050264
0.8390	0.5819313196718087
0.8400	0.5696754542164773
0.8410	0.5715272893576328
0.8420	0.5526944971483644
0.8430	0.5439567649600064
0.8440	0.5342901681402634
0.8450	0.5198414009463774
0.8460	0.5187654425575469
0.8470	0.5161380337694531
0.8480	0.4925889071367664
0.8490	0.4873999839412575
0.8500	0.48089285541930393
0.8510	0.478212936361881
0.8520	0.46149500538379074
0.8530	0.4572226838330609
0.8540	0.4411623089503467
0.8550	0.4302709363006829
0.8560	0.40963499570947015
0.8570	0.42641243029201487
0.8580	0.40992214606677063
0.8590	0.40405336479279963
0.8600	0.4175873745373311
0.8610	0.40191204209618175
0.8620	0.390720726581153
0.8630	0.3810788784988217
0.8640	0.38436885009897903
0.8650	0.3567404435281231
0.8660	0.35733642175567615
0.8670	0.3431865749029594
0.8680	0.3334632243384744
0.8690	0.3358741245837126
0.8700	0.3281175664431018
0.8710	0.3111154467760069
0.8720	0.3118842060295542
0.8730	0.31211914557104
0.8740	0.3049920971478619
0.8750	0.2916822466182942
0.8760	0.28676348527094614
0.8770	0.29512656459394354
0.8780	0.27767099561658115
0.8790	0.2798745900367265
0.8800	0.28499307227075754
0.8810	0.28097844507674336
0.8820	0.2758098262902664
0.8830	0.27684940107708533
0.8840	0.26234618446977026
0.8850	0.2641478392360143
0.8860	0.26545660082113587
0.8870	0.2682678119853063
0.8880	0.26408999723337817
0.8890	0.26437342998485225
0.8900	0.25455475825408097
0.8910	0.2539593351110914
0.8920	0.2494110123686681
0.8930	0.2514688350090782
0.8940	0.24344972552182156
0.8950	0.24805391095218762
0.8960	0.23597996350691486
0.8970	0.21914033023828525
0.8980	0.20475670513941951
0.8990	0.178261288244418
0.9000	0.144203454034877
0.9010	0.10821090179436232
0.9020	0.08235715900285207
0.9030	0.05904310703091982
0.9040	0.04367604737545957
0.9050	0.03222943313183118
0.9060	0.023639853743835943
0.9070	0.01828063644725195
0.9080	0.013896501875705602
0.9090	0.009731578232389518
0.9100	0.00733498602214902
0.9110	0.005354272661722618
0.9120	0.004305918774307842
0.9130	0.0034800588481664445
0.9140	0.0029155451508687154
0.9150	0.002498782547999632
0.9160	0.0021130170357534094
0.9170	0.0018038458895208397
0.9180	0.001530521520097178
0.9190	0.0012589025749573136
0.9200	0.0010181236899388048
0.9210	0.0007865110039616932
0.9220	0.0005860268760040525
0.9230	0.00043524472770912863
0.9240	0.00029764218592432556
0.9250	0.000200552783153648
0.9260	0.00013707886332164115
0.9270	9.494356270823727e-05
0.9280	5.939879572431946e-05
0.9290	4.403062224786015e-05
0.9300	2.6885557350057112e-05
0.9310	2.933453931784657e-05
0.9320	1.5623475856931058e-05
0.9330	1.4999699578739385e-05
0.9340	1.1428059081345783e-05
0.9350	8.44400480935491e-06
0.9360	9.834820309321529e-06
0.9370	5.680267982849099e-06
0.9380	9.798484181647464e-10
0.9390	5.770578780575696e-06
0.9400	7.894288497920026e-06
0.9410	9.018955557194597e-10
0.9420	6.119405606246726e-06
0.9430	6.64268236347455e-07
0.9440	2.2596104867174637e-10
0.9450	1.7254000243382667e-06
0.9460	4.328344921046177e-06
0.9470	6.001486655232094e-06
0.9480	2.8024393673188505e-06
0.9490	7.936138952507442e-06
0.9500	3.3442530274686407e-06
0.9510	4.817440155155484e-06
0.9520	2.094184331189072e-06
0.9530	5.453011980320748e-06
0.9540	7.659071414152533e-07
0.9550	1.7441085652502506e-06
0.9560	6.391141411294687e-09
0.9570	1.9596347545033158e-06
0.9580	2.1677841620577267e-06
0.9590	2.8318478935660117e-06
0.9600	1.7151528711469676e-06
0.9610	4.3377302324152573e-07
0.9620	6.631690228369129e-10
0.9630	4.979291127870518e-06
0.9640	2.131710969176881e-06
0.9650	6.904412038891663e-06
0.9660	4.390864971878338e-06
0.9670	2.0581695682622746e-06
0.9680	4.916186777497869e-10
0.9690	3.800576361100855e-06
0.9700	1.7528511471247945e-06
0.9710	1.0730734098495249e-09
0.9720	4.427018505946002e-06
0.9730	0.0
0.9740	1.1296883834506343e-10
0.9750	4.294236435370221e-06
0.9760	4.614396064836083e-06
0.9770	3.69091064109561e-12
0.9780	6.284324151549319e-06
0.9790	3.835086552710897e-06
0.9800	3.2945437440616676e-06
0.9810	3.618691217891357e-06
0.9820	1.5443584635903472e-06
0.9830	0.0
0.9840	2.1714141229530055e-06
0.9850	4.5320463483486276e-07
0.9860	2.0982123461463073e-06
0.9870	0.0
0.9880	5.106047609435021e-07
0.9890	6.444860450298255e-10
0.9900	3.5145471285437183e-06
0.9910	6.513442608862973e-07
0.9920	4.62597249948199e-06
0.9930	0.0
0.9940	2.1658705810626302e-06
0.9950	3.816498523579139e-07
0.9960	4.78051972794093e-07
;; Skysat1 Band: PAN
0.3500	0.0
0.3510	0.0
0.3520	0.0
0.3530	0.0
0.3540	0.0
0.3550	0.0
0.3560	0.0
0.3570	0.0
0.3580	0.0
0.3590	0.0
0.3600	0.0
0.3610	0.0
0.3620	0.0
0.3630	0.0
0.3640	0.0
0.3650	0.0
0.3660	0.0
0.3670	0.0
0.3680	0.0
0.3690	0.0
0.3700	0.0
0.3710	0.0
0.3720	0.0
0.3730	0.0
0.3740	0.0
0.3750	0.0
0.3760	0.0
0.3770	0.0
0.3780	0.0
0.3790	0.0
0.3800	0.0
0.3810	0.0
0.3820	0.0
0.3830	0.0
0.3840	0.0
0.3850	0.0
0.3860	0.0
0.3870	0.0
0.3880	0.0
0.3890	0.0
0.3900	0.0
0.3910	0.0
0.3920	0.0
0.3930	0.0
0.3940	0.0
0.3950	0.0
0.3960	0.0
0.3970	1.771314380952959e-06
0.3980	3.391621278385136e-07
0.3990	2.653443896369552e-07
0.4000	2.6354343129002037e-07
0.4010	4.593928617363444e-07
0.4020	1.2922786197996475e-06
0.4030	7.333540706981286e-06
0.4040	8.006098064121853e-06
0.4050	2.1396127577925486e-06
0.4060	1.351727009488428e-06
0.4070	1.3532717144535518e-06
0.4080	2.581956387518482e-06
0.4090	8.291473325585619e-06
0.4100	3.325977304595929e-05
0.4110	2.9221267646443088e-05
0.4120	1.0878075802456568e-05
0.4130	6.4972925213659935e-06
0.4140	7.497830258310713e-06
0.4150	1.1982240491092603e-05
0.4160	2.8655833782465284e-05
0.4170	8.886747536641629e-05
0.4180	0.00013128651064356204
0.4190	7.05709839050963e-05
0.4200	3.795855000963764e-05
0.4210	3.250562173818034e-05
0.4220	3.641576095764906e-05
0.4230	5.4726861256623715e-05
0.4240	0.00010663158246533786
0.4250	0.0002532932960175722
0.4260	0.00044369913826897226
0.4270	0.00039354771706795884
0.4280	0.0002673896269086072
0.4290	0.00021616313894969616
0.4300	0.00021910454459026177
0.4310	0.0002781211353562334
0.4320	0.0004367012655432494
0.4330	0.0008105605802572839
0.4340	0.0017649631289103113
0.4350	0.0035939201514222784
0.4360	0.005062833987815247
0.4370	0.0050529119526671745
0.4380	0.0047949989111027436
0.4390	0.005240084691503199
0.4400	0.006765956230509401
0.4410	0.010540659550462357
0.4420	0.019231909705696226
0.4430	0.04065038880523334
0.4440	0.0989420148051469
0.4450	0.24093862117215972
0.4460	0.4805710374309195
0.4470	0.7022604625711222
0.4480	0.8252772359236155
0.4490	0.8752718396345261
0.4500	0.8773976266841579
0.4510	0.8583278367581658
0.4520	0.8476586194363424
0.4530	0.8561323008908529
0.4540	0.8761224906971341
0.4550	0.8933724265828972
0.4560	0.8981412134074211
0.4570	0.8974466565777075
0.4580	0.8968643794423814
0.4590	0.8976855829201038
0.4600	0.9026306577019654
0.4610	0.9032842475190691
0.4620	0.8972017214527416
0.4630	0.887787070395546
0.4640	0.8786399957667899
0.4650	0.8723239845513697
0.4660	0.8727907752326988
0.4670	0.8771241731921771
0.4680	0.8863102103094255
0.4690	0.8932226931816112
0.4700	0.8998256291532432
0.4710	0.9051101773988277
0.4720	0.9093749569293745
0.4730	0.913917395381234
0.4740	0.9184791510272773
0.4750	0.9224120800334872
0.4760	0.9265873265483425
0.4770	0.930369856373452
0.4780	0.9313126915965523
0.4790	0.9322927601965406
0.4800	0.9345194296522978
0.4810	0.9338816101951869
0.4820	0.9363101833668971
0.4830	0.938968879260148
0.4840	0.9414937318566768
0.4850	0.9448554672850468
0.4860	0.9499982523279872
0.4870	0.9545382815190792
0.4880	0.9558161309180806
0.4890	0.9587544998363271
0.4900	0.9598799742688076
0.4910	0.9605209238490029
0.4920	0.9635661456376818
0.4930	0.9671156573175255
0.4940	0.9703264666886829
0.4950	0.9734735887123402
0.4960	0.9753152578185031
0.4970	0.974691675990877
0.4980	0.9713612753218306
0.4990	0.9691335928270032
0.5000	0.968072018887359
0.5010	0.9699767215356647
0.5020	0.9723517784637304
0.5030	0.9769722161342086
0.5040	0.9824567162592399
0.5050	0.9872557529572747
0.5060	0.990739345250816
0.5070	0.989438744383336
0.5080	0.9862437317159769
0.5090	0.9851186308865577
0.5100	0.9810500983384327
0.5110	0.9802083490872284
0.5120	0.9822309402656244
0.5130	0.9840461721654151
0.5140	0.9855446437516989
0.5150	0.986253785470153
0.5160	0.9854789662494299
0.5170	0.980889987872629
0.5180	0.9740274815945709
0.5190	0.9681004294842602
0.5200	0.9594170273882057
0.5210	0.9513617071207534
0.5220	0.9439956054700421
0.5230	0.9366515679539722
0.5240	0.9284151555769963
0.5250	0.9219377646033204
0.5260	0.9145318335134233
0.5270	0.9076423847069035
0.5280	0.8999753481851807
0.5290	0.8940091324154984
0.5300	0.8894234326450499
0.5310	0.8869659818726118
0.5320	0.88795305553
0.5330	0.89329822805696
0.5340	0.8988262697028764
0.5350	0.9063382825081693
0.5360	0.9125023282835012
0.5370	0.9200357490231866
0.5380	0.926807457782884
0.5390	0.9337225558764989
0.5400	0.9406147468336931
0.5410	0.947495162109781
0.5420	0.9530436704977625
0.5430	0.9604560917434046
0.5440	0.9694197368486125
0.5450	0.9756275875828855
0.5460	0.9813673184710922
0.5470	0.9855844037390338
0.5480	0.9870765743659946
0.5490	0.9849285842780191
0.5500	0.9825037734807278
0.5510	0.9778155795422292
0.5520	0.9753853706596799
0.5530	0.9727598152738822
0.5540	0.9698829184285733
0.5550	0.9683060812052837
0.5560	0.9680233690630776
0.5570	0.9657975138704028
0.5580	0.9652396981560282
0.5590	0.9649494852138985
0.5600	0.9563514035195301
0.5610	0.9520550162120378
0.5620	0.9470972389260909
0.5630	0.9417077968312545
0.5640	0.9359571141045896
0.5650	0.9309910983921621
0.5660	0.9282397489397007
0.5670	0.9278290250613771
0.5680	0.9275733775870949
0.5690	0.9305483524206778
0.5700	0.933779501604655
0.5710	0.9368353615010164
0.5720	0.9403258654511921
0.5730	0.945371135305342
0.5740	0.9504605621674715
0.5750	0.9549573108808431
0.5760	0.9575437576897718
0.5770	0.959374580332699
0.5780	0.9621484178155828
0.5790	0.9653665004719791
0.5800	0.9703338309797956
0.5810	0.9733062696233661
0.5820	0.9774638202855278
0.5830	0.9811838626037381
0.5840	0.9860601417347034
0.5850	0.9873564150333897
0.5860	0.9906573776971161
0.5870	0.9921594727541166
0.5880	0.9908895121274487
0.5890	0.9914401383777841
0.5900	0.9915371266904626
0.5910	0.991955873455039
0.5920	0.9922472239705927
0.5930	0.9929694106626049
0.5940	0.9942478827333753
0.5950	0.9961279970314841
0.5960	0.9978026631743402
0.5970	0.9981268476512455
0.5980	0.9998434986355644
0.5990	0.9993187276329865
0.6000	1.0
0.6010	0.9980527592903137
0.6020	0.9967606147844335
0.6030	0.9945658500721575
0.6040	0.9924036295393714
0.6050	0.9898218120555553
0.6060	0.9873039429624038
0.6070	0.9858505647866446
0.6080	0.9831095588702209
0.6090	0.9811682527014705
0.6100	0.9797742510686575
0.6110	0.977729068879508
0.6120	0.9775760161587156
0.6130	0.9773841805662871
0.6140	0.9765417822995084
0.6150	0.9765847801800414
0.6160	0.9763112716055578
0.6170	0.9753214246639066
0.6180	0.9766556569915807
0.6190	0.9768491378744139
0.6200	0.9789848158256054
0.6210	0.9788770648708908
0.6220	0.9785892085019171
0.6230	0.978768288902649
0.6240	0.9794557520639802
0.6250	0.9785802013152911
0.6260	0.9769450772246508
0.6270	0.9775053596771869
0.6280	0.9739028753940508
0.6290	0.9711572401525148
0.6300	0.9679819542057724
0.6310	0.9660307355814395
0.6320	0.9633843398505154
0.6330	0.9605086452406987
0.6340	0.9578591696794101
0.6350	0.9541234695611037
0.6360	0.952479513110911
0.6370	0.9507223549331344
0.6380	0.9505192896948433
0.6390	0.9501984844097298
0.6400	0.9497479909645058
0.6410	0.9499744351328272
0.6420	0.9486361506488724
0.6430	0.9469233003572352
0.6440	0.9458641189141184
0.6450	0.9433690228434681
0.6460	0.941149226726083
0.6470	0.9399534622304607
0.6480	0.9361047878992554
0.6490	0.9331432220627264
0.6500	0.9295078942386732
0.6510	0.9266791969780589
0.6520	0.9236660523650433
0.6530	0.9221237183424242
0.6540	0.9215609236487899
0.6550	0.9192636863224866
0.6560	0.9177668336828019
0.6570	0.9169133662278854
0.6580	0.9188677748475882
0.6590	0.9194329237194871
0.6600	0.9196453362189859
0.6610	0.9214676977105304
0.6620	0.9221546579446637
0.6630	0.9220390804847927
0.6640	0.9232464625986873
0.6650	0.9228389957726932
0.6660	0.9215090311415275
0.6670	0.9202461929219391
0.6680	0.9170695275177394
0.6690	0.914671925081857
0.6700	0.9119573755309369
0.6710	0.9102399725507125
0.6720	0.9079732748797815
0.6730	0.9046487536691682
0.6740	0.901944823066799
0.6750	0.900239557396285
0.6760	0.89945082625131
0.6770	0.8986710520002414
0.6780	0.8951560698648741
0.6790	0.8918897924135659
0.6800	0.8912567914779895
0.6810	0.8905006595950073
0.6820	0.8901694676658105
0.6830	0.8881911580297482
0.6840	0.8871257666331824
0.6850	0.8866015201118251
0.6860	0.8861847299735377
0.6870	0.8855876883326146
0.6880	0.885540106629906
0.6890	0.8835011128401828
0.6900	0.881654172578007
0.6910	0.8808198091719384
0.6920	0.8778689437102685
0.6930	0.8779787662460602
0.6940	0.8767237138184744
0.6950	0.8757775880145646
0.6960	0.874262407270852
0.6970	0.8751956222151229
0.6980	0.8730651387834188
0.6990	0.8716950980392509
0.7000	0.8710908190364602
0.7010	0.868624464057727
0.7020	0.866336310554575
0.7030	0.8644003258345571
0.7040	0.8629667222772428
0.7050	0.8609087705270484
0.7060	0.8602746918903337
0.7070	0.8557880424340751
0.7080	0.8550905159390023
0.7090	0.8536921603935899
0.7100	0.8498526489169529
0.7110	0.8455506384044094
0.7120	0.8423447984329459
0.7130	0.8380480255479353
0.7140	0.8345073318582957
0.7150	0.8310618949748387
0.7160	0.826265111869629
0.7170	0.8240908617972466
0.7180	0.8216150709463231
0.7190	0.8179065624251859
0.7200	0.8130211922863948
0.7210	0.8108986814482239
0.7220	0.8084969406399698
0.7230	0.8059117990468644
0.7240	0.8013603222747905
0.7250	0.7973512692499426
0.7260	0.7932879719344591
0.7270	0.7896040517635184
0.7280	0.7874135355886194
0.7290	0.7828589718015067
0.7300	0.7781826541295538
0.7310	0.7731801187178811
0.7320	0.7699920272867222
0.7330	0.7632339670132205
0.7340	0.7598231458903311
0.7350	0.7547791429337418
0.7360	0.7515216020463293
0.7370	0.7450764199673449
0.7380	0.7421033706264627
0.7390	0.7399178022972349
0.7400	0.7378377983868563
0.7410	0.735266611826048
0.7420	0.7319385318067865
0.7430	0.7306612571817255
0.7440	0.7285020949252814
0.7450	0.7272504576128587
0.7460	0.723999588892939
0.7470	0.7221380397931088
0.7480	0.7178858070987048
0.7490	0.7155056227081114
0.7500	0.7127636851789259
0.7510	0.7095675900206455
0.7520	0.7038874536105042
0.7530	0.7008713249627807
0.7540	0.6966602915854544
0.7550	0.6937312795079811
0.7560	0.6884414241830124
0.7570	0.6838341320715321
0.7580	0.6814402560866973
0.7590	0.6781665305230767
0.7600	0.6782237085557005
0.7610	0.6764668976371797
0.7620	0.6748572168729728
0.7630	0.6741352696701024
0.7640	0.6738795838775574
0.7650	0.6718775767909061
0.7660	0.672403073445584
0.7670	0.6702741466933021
0.7680	0.6686214345200822
0.7690	0.6661152740510772
0.7700	0.6654296429816815
0.7710	0.6623285340068534
0.7720	0.6609060475355052
0.7730	0.6574251279407874
0.7740	0.6544010099352908
0.7750	0.650310513837964
0.7760	0.6459563090618392
0.7770	0.6426451728993656
0.7780	0.6391102269491312
0.7790	0.6379597450604556
0.7800	0.6361464003351027
0.7810	0.6332095952809527
0.7820	0.6305578565472733
0.7830	0.6296607182473352
0.7840	0.6300001007051841
0.7850	0.6265785289147155
0.7860	0.6245227756748435
0.7870	0.6230500300121805
0.7880	0.6189459045877893
0.7890	0.6150869226439175
0.7900	0.6134038097190273
0.7910	0.612189515948498
0.7920	0.6076284165027034
0.7930	0.607684832959856
0.7940	0.6020109855345804
0.7950	0.5977845170820599
0.7960	0.5933355177137963
0.7970	0.5761617705087395
0.7980	0.5881833494862773
0.7990	0.5829802706569772
0.8000	0.5567286899238644
0.8010	0.5764821279491577
0.8020	0.5718858762871178
0.8030	0.5604777655107448
0.8040	0.5543201548086552
0.8050	0.5455381095299519
0.8060	0.5383738565126911
0.8070	0.5512385330653019
0.8080	0.5491672585341447
0.8090	0.5248272753417321
0.8100	0.5249328948430839
0.8110	0.5239132410828343
0.8120	0.5141293528513631
0.8130	0.5150878386898852
0.8140	0.5070258869680941
0.8150	0.4939027704978068
0.8160	0.4954542649801027
0.8170	0.49122303069365886
0.8180	0.48026260894465844
0.8190	0.4855197021550179
0.8200	0.48550494243920383
0.8210	0.4777082464960673
0.8220	0.47769930157661805
0.8230	0.4638025537517512
0.8240	0.4681029213687815
0.8250	0.4655811893157715
0.8260	0.452132053881752
0.8270	0.46209322395049957
0.8280	0.444220436678993
0.8290	0.44458681914269754
0.8300	0.4267193676892721
0.8310	0.42861491945746655
0.8320	0.4128505011903029
0.8330	0.4111539385552049
0.8340	0.40800830854890136
0.8350	0.4039294827574583
0.8360	0.3935678006273969
0.8370	0.39983845020445363
0.8380	0.38466408049527023
0.8390	0.3817667791750731
0.8400	0.3712279876399175
0.8410	0.37250065688878004
0.8420	0.36516006083167896
0.8430	0.35619883696169563
0.8440	0.35499064537450126
0.8450	0.3477294088343449
0.8460	0.34028804293101517
0.8470	0.33484970194318975
0.8480	0.32608309652946343
0.8490	0.31476249748042456
0.8500	0.3149663506379925
0.8510	0.30981594744544894
0.8520	0.3010063800745609
0.8530	0.29683802366231754
0.8540	0.28766466510024
0.8550	0.2836873635458226
0.8560	0.26370412371443874
0.8570	0.27423496181519263
0.8580	0.2706468133520896
0.8590	0.2645971188522224
0.8600	0.2690624346157222
0.8610	0.2635327237304869
0.8620	0.25624567505061874
0.8630	0.25206548308498367
0.8640	0.24786189781996984
0.8650	0.2342735593222328
0.8660	0.23280423595940722
0.8670	0.2240139953622688
0.8680	0.2210322405910793
0.8690	0.21859162590531533
0.8700	0.2146505997712184
0.8710	0.20297617227929227
0.8720	0.20152705461536707
0.8730	0.2007702641372446
0.8740	0.19903570894467876
0.8750	0.1874915443868038
0.8760	0.18642397842882982
0.8770	0.18517262610848598
0.8780	0.17976046128386797
0.8790	0.1808290594400435
0.8800	0.1811290650931847
0.8810	0.1832522488958443
0.8820	0.18107565182987126
0.8830	0.18216545435466877
0.8840	0.1746091336632368
0.8850	0.1733961738472277
0.8860	0.1721735985421721
0.8870	0.17289224079488455
0.8880	0.17022089987494235
0.8890	0.1660383633106083
0.8900	0.16324367111324958
0.8910	0.16005962944348004
0.8920	0.15777725720821303
0.8930	0.16141061643152008
0.8940	0.1601061406297245
0.8950	0.16392066620418916
0.8960	0.16088145559297132
0.8970	0.15224691167675172
0.8980	0.1427924886577643
0.8990	0.12759798749131449
0.9000	0.10485977234186121
0.9010	0.08086209576972007
0.9020	0.0626482089032172
0.9030	0.045883583394124655
0.9040	0.03430581132496972
0.9050	0.025448825103989478
0.9060	0.018755055690625435
0.9070	0.014353429669517078
0.9080	0.010812606655740933
0.9090	0.007384918312588723
0.9100	0.005323908286052489
0.9110	0.0036444164369875986
0.9120	0.002688263222707431
0.9130	0.0019501505027601544
0.9140	0.0014609891406881718
0.9150	0.0011172216366513129
0.9160	0.0008437441957561254
0.9170	0.00064899162557961
0.9180	0.00050442639997539
0.9190	0.0003994726784380609
0.9200	0.00031876004784178795
0.9210	0.0002548380009826958
0.9220	0.00020006108649541922
0.9230	0.00016109261077447518
0.9240	0.00013432706478886582
0.9250	0.00010728011906154791
0.9260	9.44296106865707e-05
0.9270	7.676082026611721e-05
0.9280	6.273968896563239e-05
0.9290	5.9420848437464474e-05
0.9300	4.4439365678042316e-05
0.9310	4.0722015217786694e-05
0.9320	3.352752190658072e-05
0.9330	2.7923954964881132e-05
0.9340	2.431102177048503e-05
0.9350	2.075836799310003e-05
0.9360	2.015037690861021e-05
0.9370	1.8520581451376768e-05
0.9380	1.105532171636168e-05
0.9390	1.2460428460683661e-05
0.9400	1.3702012018930227e-05
0.9410	1.1788254286170103e-05
0.9420	8.456026314971113e-06
0.9430	1.2319656743086814e-05
0.9440	7.75815495553387e-06
0.9450	2.694444437459344e-06
0.9460	6.100985889383582e-06
0.9470	5.073864857690223e-06
0.9480	2.6158680500086374e-06
0.9490	1.0971907648245006e-05
0.9500	4.923633318989131e-06
0.9510	4.910581160756691e-06
0.9520	2.7468446617026073e-06
0.9530	6.6432611533416274e-06
0.9540	3.017706881168469e-06
0.9550	6.282111527387145e-06
0.9560	2.8931485784768737e-06
0.9570	3.6876777555767347e-06
0.9580	1.5805995977085345e-06
0.9590	4.151232938598947e-06
0.9600	4.71412821767283e-06
0.9610	7.471223014647886e-07
0.9620	1.7833511052238292e-06
0.9630	4.299955695706198e-06
0.9640	2.3842509162225905e-06
0.9650	4.507305394745582e-06
0.9660	2.308610665651329e-06
0.9670	2.182191532327328e-06
0.9680	1.6087108331823654e-10
0.9690	1.952619635812933e-06
0.9700	2.9396813187440856e-06
0.9710	2.570987784820395e-06
0.9720	3.4239762614530745e-06
0.9730	1.3215513776115945e-06
0.9740	5.816161452946137e-10
0.9750	1.3005409951944947e-06
0.9760	2.667980887281645e-06
0.9770	1.6929439541642688e-06
0.9780	3.5588325972454935e-06
0.9790	2.7266317781279665e-06
0.9800	1.8568335586267562e-06
0.9810	3.222350352904613e-06
0.9820	3.0213950139534156e-10
0.9830	2.942746779760145e-07
0.9840	1.6116421802789719e-06
0.9850	1.2215478966369173e-06
0.9860	2.790383787696324e-06
0.9870	4.3556608701074e-07
0.9880	5.014016521134504e-07
0.9890	5.184125658611605e-07
0.9900	4.60173596338872e-06
0.9910	0.0
0.9920	2.251880477722882e-06
0.9930	1.2487442835887682e-06
0.9940	1.022692877460004e-06
0.9950	1.4778539660593355e-06
0.9960	1.11318863950206e-06
