;; Skysat8 RSR
;;
;; Quinten Vanhellemont 2022-02-19 from Skysat_RSR_Skysat8.csv
;; normalised to per channel maximum value
;;
;; datasets: wavelength, RSR
;; Skysat8 Band: Blue
0.3500	0.0
0.3510	0.0
0.3520	0.0
0.3530	0.0
0.3540	0.0
0.3550	0.0
0.3560	0.0
0.3570	0.0
0.3580	0.0
0.3590	0.0
0.3600	0.0
0.3610	0.0
0.3620	0.0
0.3630	0.0
0.3640	0.0
0.3650	0.0
0.3660	0.0
0.3670	0.0
0.3680	0.0
0.3690	0.0
0.3700	0.0
0.3710	0.0
0.3720	0.0
0.3730	0.0
0.3740	0.0
0.3750	0.0
0.3760	0.0
0.3770	0.0
0.3780	0.0
0.3790	0.0
0.3800	0.0
0.3810	0.0
0.3820	0.0
0.3830	0.0
0.3840	0.0
0.3850	0.0
0.3860	0.0
0.3870	0.0
0.3880	0.0
0.3890	0.0
0.3900	0.0
0.3910	0.0
0.3920	0.0
0.3930	0.0
0.3940	0.0
0.3950	0.0
0.3960	0.0
0.3970	1.7449981025389205e-05
0.3980	8.425847980830787e-06
0.3990	7.553348929561326e-06
0.4000	1.60041254547141e-05
0.4010	1.3411556845227703e-05
0.4020	2.0067478179197583e-05
0.4030	2.5676400651644114e-05
0.4040	5.708636649734469e-05
0.4050	8.675133424050634e-05
0.4060	8.400919436508803e-05
0.4070	9.098918677524371e-05
0.4080	4.2378525347373784e-05
0.4090	5.3347084849046994e-05
0.4100	9.672275196930017e-05
0.4110	0.00015704982922850285
0.4120	0.00025177829765204426
0.4130	0.0002617497153808381
0.4140	0.00026922827867743344
0.4150	0.000294156822999418
0.4160	0.00017524766658355158
0.4170	0.0001116798785624909
0.4180	7.029849498799651e-05
0.4190	5.908065004310345e-05
0.4200	7.852491461425142e-05
0.4210	8.32613380354285e-05
0.4220	0.00010220703172013678
0.4230	0.00015106697859122655
0.4240	0.00011666558742688782
0.4250	0.00013162271402007857
0.4260	0.00013286914123617781
0.4270	7.328992030663466e-05
0.4280	3.53985329372181e-05
0.4290	8.251348170576894e-05
0.4300	0.0001443362716242907
0.4310	0.0001834740862098065
0.4320	0.00024855030044779045
0.4330	0.00026713926666325116
0.4340	0.00023394067776244816
0.4350	0.0002182631162383521
0.4360	0.00021732231297564038
0.4370	0.0006409951387144861
0.4380	0.0033361746223390353
0.4390	0.010789757024669349
0.4400	0.022805325359283642
0.4410	0.05709542553035129
0.4420	0.15962389088668458
0.4430	0.3159058586287095
0.4440	0.437404086179294
0.4450	0.5630500894625627
0.4460	0.7569792993966236
0.4470	0.8709628671184344
0.4480	0.8889897071237065
0.4490	0.9005151553484062
0.4500	0.9141487607093276
0.4510	0.9219119456607192
0.4520	0.9253928952970627
0.4530	0.9282495170194253
0.4540	0.9307461132261263
0.4550	0.9327232284834106
0.4560	0.9333810229681437
0.4570	0.9335231804849943
0.4580	0.9328137041421728
0.4590	0.9318125214522588
0.4600	0.9310789117856794
0.4610	0.9294417271444786
0.4620	0.9271349293956817
0.4630	0.9242705224889274
0.4640	0.921014784800552
0.4650	0.9176249240651613
0.4660	0.9133392461181421
0.4670	0.908041738499929
0.4680	0.9052081532453744
0.4690	0.9040589448592765
0.4700	0.9042290323171854
0.4710	0.9035306965408214
0.4720	0.9015624084810817
0.4730	0.8980260526621282
0.4740	0.893992948233325
0.4750	0.8904449657412999
0.4760	0.8879755640835996
0.4770	0.8888812754344692
0.4780	0.8958991916391019
0.4790	0.9093273359377214
0.4800	0.9243928244202254
0.4810	0.9382476506691689
0.4820	0.9511497752611958
0.4830	0.9624063791068007
0.4840	0.9704826590963131
0.4850	0.9757228460197123
0.4860	0.9804828219295647
0.4870	0.9833988558516099
0.4880	0.9858981692696421
0.4890	0.9876768782426677
0.4900	0.9876037528507535
0.4910	0.9886328929031247
0.4920	0.9902116026579094
0.4930	0.9925227653948171
0.4940	0.9927696028549845
0.4950	0.9940575360973798
0.4960	0.9971816261431907
0.4970	1.0
0.4980	0.9996764299875551
0.4990	0.9978094041677057
0.5000	0.9928199659930782
0.5010	0.9812431375456764
0.5020	0.9504526186049784
0.5030	0.8658546793300748
0.5040	0.7233304885210935
0.5050	0.5914448755797408
0.5060	0.48327432032274054
0.5070	0.3229875295854457
0.5080	0.15234221572599868
0.5090	0.059036484141128186
0.5100	0.02452403132612617
0.5110	0.010894641382049665
0.5120	0.004810224376642305
0.5130	0.002162000299102646
0.5140	0.0010928623973669395
0.5150	0.000651118620563644
0.5160	0.000450630802854083
0.5170	0.0003588414098061036
0.5180	0.00026922827867743344
0.5190	0.00018928443132037467
0.5200	0.00012867965007742508
0.5210	0.00010592487482031754
0.5220	0.00010875326745908992
0.5230	0.0001057658307075433
0.5240	0.0001160974659017898
0.5250	0.00011423954149347228
0.5260	9.371412595507984e-05
0.5270	9.715526221328661e-05
0.5280	8.686500840261457e-05
0.5290	8.281062995408701e-05
0.5300	7.810536721331241e-05
0.5310	5.560860238993744e-05
0.5320	8.66202100973727e-05
0.5330	9.966456948473757e-05
0.5340	0.00010008735759643841
0.5350	9.194594430632148e-05
0.5360	6.932304104867725e-05
0.5370	9.154135403197566e-05
0.5380	0.00011221833511984578
0.5390	0.00010370199652312619
0.5400	8.109380110663194e-05
0.5410	7.809414936836753e-05
0.5420	9.48139733305658e-05
0.5430	0.00010613975887237304
0.5440	0.0001402626981966352
0.5450	0.00019762951081760222
0.5460	0.00021368000336475523
0.5470	0.00026673542424523496
0.5480	0.0003390282027789903
0.5490	0.00039137814585515787
0.5500	0.00043375667120253164
0.5510	0.00041381383574494397
0.5520	0.00041630669017714246
0.5530	0.00041381383574494397
0.5540	0.00037392816482976864
0.5550	0.00031657506290817876
0.5560	0.00017796687219819366
0.5570	0.00010969706214712026
0.5580	9.309888948121326e-05
0.5590	6.542421671671886e-05
0.5600	5.238908089075313e-05
0.5610	5.49587152394633e-05
0.5620	5.826075022035338e-05
0.5630	7.003524955995635e-05
0.5640	6.819153442190237e-05
0.5650	3.862503442881256e-05
0.5660	5.9107572870971196e-05
0.5670	4.972372093184654e-05
0.5680	8.962060969196677e-05
0.5690	0.00011583297404653353
0.5700	0.00015592580116502455
0.5710	0.00025479714436943656
0.5720	0.0003434081480163629
0.5730	0.00047288202151588645
0.5740	0.0005903054366901626
0.5750	0.0006214536528204824
0.5760	0.0006941029095380419
0.5770	0.0007715833181452023
0.5780	0.0007818937640767751
0.5790	0.0007590018818258966
0.5800	0.0006690771438932016
0.5810	0.0006366251648948421
0.5820	0.0005755427527426834
0.5830	0.0005197127848791667
0.5840	0.0004941859554934545
0.5850	0.00042796327750210247
0.5860	0.0004253009089685145
0.5870	0.00041830845228619785
0.5880	0.0003793551089286647
0.5890	0.0003917096954946403
0.5900	0.00037916315913738547
0.5910	0.0004220153268268769
0.5920	0.0004500100821004656
0.5930	0.0004081101848040739
0.5940	0.000380539214783959
0.5950	0.0003200226805879092
0.5960	0.00038031735073949335
0.5970	0.0004366334252172887
0.5980	0.0002906119839968318
0.5990	0.0001889583659606431
0.6000	6.53127861235996e-05
0.6010	2.8169255083842575e-05
0.6020	3.3404249391459335e-05
0.6030	-4.212923990415393e-06
0.6040	3.789138736941656e-05
0.6050	1.792362336750691e-05
0.6060	2.3557474384275424e-05
0.6070	3.315496394823949e-05
0.6080	4.536995066601193e-06
0.6090	3.6894245596537176e-06
0.6100	-2.1712762104448567e-05
0.6110	-2.7172113310963192e-05
0.6120	-6.157350447530191e-06
0.6130	1.961876438140186e-05
0.6140	3.190853673214026e-05
0.6150	4.387423800669286e-05
0.6160	7.752777284137204e-06
0.6170	1.3037628680397935e-05
0.6180	-4.935851775752947e-07
0.6190	-2.3781831283173287e-05
0.6200	2.7172113310963192e-05
0.6210	3.190853673214026e-06
0.6220	3.714353103975702e-05
0.6230	1.2937914503109997e-05
0.6240	-1.966862147004583e-06
0.6250	5.88313645998836e-06
0.6260	-2.1488405205550705e-06
0.6270	2.492854432198458e-05
0.6280	9.647346652608033e-06
0.6290	-2.1837404826058493e-05
0.6300	1.627833944225593e-06
0.6310	2.567640065164412e-06
0.6320	2.156319083851666e-05
0.6330	2.6673542424523497e-05
0.6340	9.896632095827878e-06
0.6350	1.4782626782936855e-05
0.6360	1.8197837355048742e-05
0.6370	1.0794059691419322e-05
0.6380	2.760786426571148e-05
0.6390	-1.4227617672152191e-05
0.6400	2.1120808890978722e-05
0.6410	1.0080255753303614e-05
0.6420	-1.867661497729678e-05
0.6430	1.7549695202677144e-05
0.6440	-3.4401391164338718e-06
0.6450	6.630992789647898e-06
0.6460	1.9194979127928126e-05
0.6470	1.5929339821748147e-05
0.6480	1.5181483492088609e-05
0.6490	-7.503491840917358e-07
0.6500	-1.2214986717772442e-05
0.6510	1.4907269504546778e-05
0.6520	2.2236261535210242e-05
0.6530	4.8610661427869923e-05
0.6540	-5.0106374087189e-06
0.6550	1.4134484630565256e-05
0.6560	7.977134183035065e-06
0.6570	-2.450475906851084e-05
0.6580	1.6353125075221882e-05
0.6590	1.834740862098065e-05
0.6600	-2.5177829765204424e-06
0.6610	2.323340330808963e-05
0.6620	1.9892978368943693e-05
0.6630	1.3685770832769534e-05
0.6640	1.3910127731667395e-05
0.6650	8.32613380354285e-06
0.6660	-9.658838711540466e-06
0.6670	8.583072309869544e-07
0.6680	1.6679614220206916e-05
0.6690	8.636269823452659e-06
0.6700	3.931730010463408e-05
0.6710	0.0001297777524548085
0.6720	0.00019593162766383184
0.6730	0.0003368693908407064
0.6740	0.00044713582094014077
0.6750	0.0004513312949495308
0.6760	0.0004780995658424778
0.6770	0.00041181456649032084
0.6780	0.00041119384573670345
0.6790	0.0005842129004578696
0.6800	0.0007289729573356341
0.6810	0.0005794390842202095
0.6820	0.0002958419925955842
0.6830	0.00015381186060652027
0.6840	9.684839183268298e-05
0.6850	2.9181353983315144e-05
0.6860	4.6509932997856285e-05
0.6870	5.124859998802233e-05
0.6880	1.659363567084039e-06
0.6890	1.9213999607245797e-05
0.6900	2.1681003138982358e-05
0.6910	7.286414076961516e-06
0.6920	2.6937037138006876e-05
0.6930	1.630822876689799e-05
0.6940	2.3342640189308562e-05
0.6950	2.6780984450551254e-05
0.6960	1.7674337924287064e-05
0.6970	3.9387100028735634e-05
0.6980	3.066210951604103e-05
0.6990	2.1463476661228725e-05
0.7000	2.8418540527062418e-05
0.7010	2.4629401790120764e-05
0.7020	4.711494876855085e-05
0.7030	4.8610661427869923e-05
0.7040	4.512066522279209e-05
0.7050	7.628134562527281e-05
0.7060	6.955063865833697e-05
0.7070	8.301205259220865e-05
0.7080	0.00011217844944893061
0.7090	0.00011841058552942676
0.7100	0.00013536199566837625
0.7110	0.0001351127102251564
0.7120	0.00014508412795395025
0.7130	0.0001485741241590281
0.7140	0.00015331054758020517
0.7150	0.0001747490956971119
0.7160	0.0001936947893818202
0.7170	0.00020491263432671325
0.7180	0.0001981819273597774
0.7190	0.0002019212090080751
0.7200	0.00021066265236002217
0.7210	0.00019677371389102848
0.7220	0.0002107621172518669
0.7230	0.0002078928418004065
0.7240	0.0001957012879142967
0.7250	0.00019575737713902117
0.7260	0.00015771567064734303
0.7270	0.00014654668564932107
0.7280	0.000149457342484356
0.7290	0.0001271350774712349
0.7300	0.00014073260125710462
0.7310	0.00011252620264222228
0.7320	0.00010156911027093719
0.7330	0.00012495009056141297
0.7340	0.00011261619468722466
0.7350	0.0001258133660512833
0.7360	0.0001665982095601526
0.7370	0.0002325481692766221
0.7380	0.0003073116158381293
0.7390	0.000346925565620195
0.7400	0.0004014068992358923
0.7410	0.0004262407150894533
0.7420	0.00041582806212616037
0.7430	0.0004250291878354049
0.7440	0.00043119401684623164
0.7450	0.0004577977593466536
0.7460	0.0004692324826271479
0.7470	0.0004068363361892205
0.7480	0.0003144312080964881
0.7490	0.0002185560266341354
0.7500	0.00016080456657428015
0.7510	0.000135622498956541
0.7520	0.00011171577566631457
0.7530	0.0001062860894275431
0.7540	8.271440577300414e-05
0.7550	5.894977518541303e-05
0.7560	5.733565194056453e-05
0.7570	5.085423041684854e-05
0.7580	6.007779181598283e-05
0.7590	6.581135701003929e-05
0.7600	9.447918298032156e-05
0.7610	0.00012514129249636258
0.7620	0.00011367416210824967
0.7630	0.00015605268745562346
0.7640	0.0001857176551987851
0.7650	0.00021937119003346428
0.7660	0.0002567640065164411
0.7670	0.0002617497153808381
0.7680	0.0002791996964062273
0.7690	0.0002816925508384257
0.7700	0.0002841854052706242
0.7710	0.0003190853673214026
0.7720	0.00032407107618579947
0.7730	0.00033404249391459336
0.7740	0.0003165925128892041
0.7750	0.0002866782597028227
0.7760	0.0002567640065164411
0.7770	0.00021812476281736506
0.7780	0.00019344550393860034
0.7790	0.0001812305172208279
0.7800	0.0001622848235361196
0.7810	0.00016851695961661575
0.7820	0.0001572991146717227
0.7830	0.0001595426836607013
0.7840	0.00017524766658355158
0.7850	0.0001894569368470828
0.7860	0.00020890120141823078
0.7870	0.0002253540406707406
0.7880	0.00023908293788518716
0.7890	0.0002757645429986578
0.7900	0.00025788579101093044
0.7910	0.0002471827205062864
0.7920	0.00024144741031412737
0.7930	0.00025822980492257386
0.7940	0.00025724014171299106
0.7950	0.00022566041248045775
0.7960	0.00022591543148887166
0.7970	0.00021285212640782212
0.7980	0.00016074249449891842
0.7990	0.00016548864005238106
0.8000	0.0001232569438310638
0.8010	0.00011019214303735486
0.8020	8.302451686436963e-05
0.8030	6.066485903476557e-05
0.8040	9.460781426902299e-05
0.8050	6.924800613026807e-05
0.8060	5.28849096373174e-05
0.8070	7.885197711575587e-05
0.8080	6.889776008254419e-05
0.8090	7.406370232238906e-05
0.8100	0.00012167672340649317
0.8110	0.00012546536357254838
0.8120	0.00017418571059543505
0.8130	0.00021140352869727157
0.8140	0.00025864860446718317
0.8150	0.00033310268779365455
0.8160	0.0003416805998948494
0.8170	0.000363129119429485
0.8180	0.0003687131133576095
0.8190	0.00031386782299481125
0.8200	0.00033949436655781137
0.8210	0.00037534161329282517
0.8220	0.00045961505022772624
0.8230	0.00048706387038066347
0.8240	0.00036725479351477344
0.8250	0.0002775145268100611
0.8260	0.00020311428913932526
0.8270	0.00013683427549603266
0.8280	0.0001341063448908779
0.8290	0.00010723661482254037
0.8300	0.00010144795754553233
0.8310	9.12302457988373e-05
0.8320	8.358366411351174e-05
0.8330	0.00010390017845048596
0.8340	8.536555646164721e-05
0.8350	9.316121084201823e-05
0.8360	9.543444479874e-05
0.8370	8.977541595220629e-05
0.8380	0.0001218818853262631
0.8390	0.00010865230685458588
0.8400	0.00011996612669511859
0.8410	0.00011965701274552597
0.8420	9.572561019642077e-05
0.8430	0.0001223991526209443
0.8440	0.00011217844944893061
0.8450	0.00013212128490651826
0.8460	0.00013910127731667395
0.8470	9.871703551505894e-05
0.8480	0.00013037628680397933
0.8490	0.000137356279214135
0.8500	0.00012165129629128474
0.8510	0.00016203553809289974
0.8520	0.00013760556465735487
0.8530	0.0001453334133971701
0.8540	0.000153559833023425
0.8550	0.00011068273678961154
0.8560	5.484279750836607e-05
0.8570	0.00011192916400571075
0.8580	-0.0007054778043121636
0.8590	-0.0006506350068037975
0.8600	-0.000680549259990179
0.8610	-0.0005758493738378437
0.8620	-0.000593299354863233
0.8630	-0.0005633851016768514
0.8640	-0.0005733565194056454
0.8650	-0.0005035565953040885
0.8660	-0.0005459351206514623
0.8670	-0.0005185137218972792
0.8680	-0.0004836137598465008
0.8690	-0.0005185137218972792
0.8700	-0.0004312638167703332
0.8710	-0.00047114948768550854
0.8720	-0.00040134956358395176
0.8730	-0.00044871379779572244
0.8740	-0.00038140672812636404
0.8750	-0.0003838995825585625
0.8760	-0.000353985329372181
0.8770	-0.0003390282027789903
0.8780	-0.00032905678505019644
0.8790	-0.00030412824072821186
0.8800	-0.00032157822175360104
0.8810	-0.0002841854052706242
0.8820	-0.0002866782597028227
0.8830	-0.00027421398754183036
0.8840	-0.00023532545839953444
0.8850	-0.0002315861767512367
0.8860	-0.00022286118623854215
0.8870	-0.00020366620711061398
0.8880	-0.00018646551152844465
0.8890	-0.00019868049824621709
0.8900	-0.0001757462374699913
0.8910	-0.00019244836216572095
0.8920	-0.00018546836975556527
0.8930	-0.0001737519539242325
0.8940	-0.0001682676741733959
0.8950	-0.00015331054758020517
0.8960	-0.00014732769694292885
0.8970	-0.0001498205513751273
0.8980	-0.00014508412795395025
0.8990	-0.00015380911846664484
0.9000	-0.0001493219804886876
0.9010	-0.00013910127731667395
0.9020	-0.00013336771212261748
0.9030	-0.00012937914503109997
0.9040	-0.0001236455798370435
0.9050	-0.00011940772730230613
0.9060	-0.00011940772730230613
0.9070	-0.00011043345134639168
0.9080	-0.0001089377386870726
0.9090	-0.00010818988235741306
0.9100	-0.00011292630577859015
0.9110	-0.00010220703172013678
0.9120	-9.447918298032156e-05
0.9130	-9.79691791853994e-05
0.9140	-9.323275576422233e-05
0.9150	-8.92441886727048e-05
0.9160	-8.55049070244071e-05
0.9170	-8.625276335406664e-05
0.9180	-8.151633993288957e-05
0.9190	-8.32613380354285e-05
0.9200	-7.304063486341481e-05
0.9210	-5.4344226621926384e-05
0.9220	-4.212923990415394e-05
0.9230	-3.789138736941656e-05
0.9240	-4.038424180161502e-05
0.9250	-4.561923610923178e-05
0.9260	-5.758493738378437e-05
0.9270	-5.957922092954315e-05
0.9280	-6.007779181598283e-05
0.9290	-4.960780320074931e-05
0.9300	-1.1192916400571076e-05
0.9310	2.5676400651644114e-05
0.9320	-4.512066522279209e-05
0.9330	-4.73642342117707e-05
0.9340	-4.5868521552451626e-05
0.9350	-4.6865663325331e-05
0.9360	-4.4372808893132544e-05
0.9370	-4.362495256347301e-05
0.9380	-4.4123523449912705e-05
0.9390	-4.163066901771425e-05
0.9400	-3.86392436990761e-05
0.9410	-3.589710382365779e-05
0.9420	-3.6894245596537176e-05
0.9430	-3.589710382365779e-05
0.9440	-3.440139116433872e-05
0.9450	-3.3404249391459335e-05
0.9460	-3.365353483467918e-05
0.9470	-3.2157822175360105e-05
0.9480	-3.016353862960134e-05
0.9490	-3.0911394959260876e-05
0.9500	-2.9914253186381493e-05
0.9510	-2.9415682299941805e-05
0.9520	-2.9914253186381493e-05
0.9530	-3.0412824072821185e-05
0.9540	-2.8418540527062418e-05
0.9550	-2.7670684197402884e-05
0.9560	-2.7172113310963192e-05
0.9570	-2.6424256981303655e-05
0.9580	-2.6424256981303655e-05
0.9590	-2.5925686094863963e-05
0.9600	-2.5177829765204422e-05
0.9610	-2.477897305605267e-05
0.9620	-2.542711520842427e-05
0.9630	-2.5177829765204422e-05
0.9640	-2.3806759827495273e-05
0.9650	-2.2635118244361994e-05
0.9660	-2.2909332231903826e-05
0.9670	-2.2510475522752074e-05
0.9680	-2.1712762104448567e-05
0.9690	-2.0316763622417432e-05
0.9700	-1.9917906913265676e-05
0.9710	-1.9743407103011787e-05
0.9720	-1.936947893818202e-05
0.9730	-1.8746265330132404e-05
0.9740	-1.852190843123454e-05
0.9750	-1.7948551911828896e-05
0.9760	-1.8197837355048742e-05
0.9770	-1.742505248106722e-05
0.9780	-1.637805361954387e-05
0.9790	-1.6727053240051654e-05
0.9800	-1.6153696720646006e-05
0.9810	-1.508176931480067e-05
0.9820	-1.4608126972682963e-05
0.9830	-1.4259127352175179e-05
0.9840	-1.3810413554379457e-05
0.9850	-1.323705703497381e-05
0.9860	-1.2588914882602211e-05
0.9870	-1.246427216099229e-05
0.9880	-1.246427216099229e-05
0.9890	-1.2289772350738397e-05
0.9900	-1.1990629818874581e-05
0.9910	-1.1666558742688782e-05
0.9920	-1.1516987476756875e-05
0.9930	-1.1167987856249093e-05
0.9940	-1.0170846083369708e-05
0.9950	-9.323275576422232e-06
0.9960	-8.375990892186819e-06
;; Skysat8 Band: Green
0.3500	0.0
0.3510	0.0
0.3520	0.0
0.3530	0.0
0.3540	0.0
0.3550	0.0
0.3560	0.0
0.3570	0.0
0.3580	0.0
0.3590	0.0
0.3600	0.0
0.3610	0.0
0.3620	0.0
0.3630	0.0
0.3640	0.0
0.3650	0.0
0.3660	0.0
0.3670	0.0
0.3680	0.0
0.3690	0.0
0.3700	0.0
0.3710	0.0
0.3720	0.0
0.3730	0.0
0.3740	0.0
0.3750	0.0
0.3760	0.0
0.3770	0.0
0.3780	0.0
0.3790	0.0
0.3800	0.0
0.3810	0.0
0.3820	0.0
0.3830	0.0
0.3840	0.0
0.3850	0.0
0.3860	0.0
0.3870	0.0
0.3880	0.0
0.3890	0.0
0.3900	0.0
0.3910	0.0
0.3920	0.0
0.3930	0.0
0.3940	0.0
0.3950	0.0
0.3960	0.0
0.3970	5.4471607481108966e-06
0.3980	-3.5688294556588636e-06
0.3990	9.01599020376976e-06
0.4000	9.180344191859313e-06
0.4010	3.7331834437484166e-06
0.4020	1.0589092661198338e-05
0.4030	-1.068300922582094e-05
0.4040	4.3671202549509775e-06
0.4050	-6.480242958959515e-06
0.4060	-3.545350314503213e-06
0.4070	3.5218711733475626e-06
0.4080	-1.1105633766622647e-05
0.4090	-2.606184668277196e-06
0.4100	5.6584730185117505e-06
0.4110	-1.0659530084665289e-05
0.4120	6.761992652827321e-06
0.4130	3.0992466325458552e-06
0.4140	3.874058290682319e-06
0.4150	5.3297650423326445e-06
0.4160	-1.41109638345459e-05
0.4170	1.4416192669569356e-05
0.4180	-5.306285901176994e-06
0.4190	-1.7820668137138667e-06
0.4200	4.531474243040531e-06
0.4210	-2.6531429505884974e-05
0.4220	-1.1645654013202608e-05
0.4230	-1.629452396202139e-05
0.4240	5.141931913087442e-06
0.4250	2.5357472448102454e-06
0.4260	-1.0823884072754842e-05
0.4270	6.621117805893419e-07
0.4280	-1.1997841130537365e-05
0.4290	-1.5050129480771918e-05
0.4300	-8.006387134076792e-06
0.4310	7.255054617095979e-06
0.4320	-3.3340380441023594e-06
0.4330	1.0988238060844396e-05
0.4340	5.071494489620491e-06
0.4350	1.2326549106716468e-05
0.4360	-3.827100008371018e-06
0.4370	-9.53253130919407e-06
0.4380	1.8595479795275132e-05
0.4390	4.719307372285734e-06
0.4400	7.161138052473377e-06
0.4410	1.2678736224051226e-05
0.4420	-9.50905216803842e-06
0.4430	-2.911413503300652e-06
0.4440	-3.38099632641366e-05
0.4450	1.742152273749261e-05
0.4460	7.020263205539475e-06
0.4470	-1.5824941138908383e-05
0.4480	1.9558124582656797e-05
0.4490	-9.696885297283624e-07
0.4500	-1.9605082864968098e-05
0.4510	-3.122725773701506e-05
0.4520	-4.742786513441385e-05
0.4530	-1.7257168749403056e-05
0.4540	-1.3711818434899845e-05
0.4550	1.8525042371808183e-05
0.4560	3.89753743183797e-05
0.4570	1.5026650339616267e-05
0.4580	2.394872397876343e-05
0.4590	2.082599820506192e-05
0.4600	1.2021320271693014e-05
0.4610	2.23991006624905e-05
0.4620	1.1316946037023501e-05
0.4630	4.226245408017075e-05
0.4640	3.874058290682319e-05
0.4650	2.7470595152110987e-05
0.4660	4.883661360375287e-05
0.4670	5.705431300823052e-05
0.4680	6.574159523582117e-05
0.4690	9.673406156127971e-05
0.4700	0.0001352398530565464
0.4710	0.00019393770594567245
0.4720	0.0001843112580718558
0.4730	0.0002080251906390627
0.4740	0.00021013831334307123
0.4750	0.0001737456445518131
0.4760	0.0001580146199775273
0.4770	0.0001474490064574846
0.4780	0.00015472754021573625
0.4790	0.00013641381011432894
0.4800	0.00010941279778533095
0.4810	0.00011410862601646104
0.4820	0.00011997841130537364
0.4830	0.00011669133154358258
0.4840	0.00011528258307424355
0.4850	8.006387134076793e-05
0.4860	5.916743571223905e-05
0.4870	3.709704302592766e-05
0.4880	2.6766220917441476e-05
0.4890	2.0145103111548055e-05
0.4900	1.862478176343738e-05
0.4910	2.5594846565186075e-05
0.4920	2.019572413987964e-05
0.4930	2.3816536414057118e-05
0.4940	3.8914563342786564e-05
0.4950	5.947853433255142e-05
0.4960	0.00010217910918668661
0.4970	0.00018348831417435023
0.4980	0.0003166091747415992
0.4990	0.0005332911247247502
0.5000	0.0008330305365460146
0.5010	0.001270754513024921
0.5020	0.0019755325889223106
0.5030	0.0033214156578170815
0.5040	0.006273004319549167
0.5050	0.013353723965650325
0.5060	0.029953730337419653
0.5070	0.06569715626535587
0.5080	0.13572651930276428
0.5090	0.25030034928251277
0.5100	0.3867287962934381
0.5110	0.5024982804053111
0.5120	0.616818340783707
0.5130	0.7700210140896048
0.5140	0.8879870399460982
0.5150	0.9180009261910728
0.5160	0.924070295919379
0.5170	0.9407759067722383
0.5180	0.9512379185819316
0.5190	0.9520037846872879
0.5200	0.9521887956237661
0.5210	0.9524887275645448
0.5220	0.9564557538625471
0.5230	0.9621122898519134
0.5240	0.9638132291891922
0.5250	0.9620395937350673
0.5260	0.960831568443468
0.5270	0.9631297842609489
0.5280	0.9647675741001753
0.5290	0.9617742230900698
0.5300	0.9587349046174095
0.5310	0.9582261726743336
0.5320	0.9576672986774056
0.5330	0.9539901082894853
0.5340	0.9473390733619313
0.5350	0.9426606009119435
0.5360	0.9369451205387058
0.5370	0.9320184618271321
0.5380	0.9251631419361253
0.5390	0.9191547099707744
0.5400	0.9162824526311789
0.5410	0.9158797618812184
0.5420	0.9175047532406011
0.5430	0.9206389720538982
0.5440	0.9261530788771862
0.5450	0.9354101763814834
0.5460	0.9450948595691084
0.5470	0.9539291869619286
0.5480	0.9607718492479386
0.5490	0.967867184659409
0.5500	0.9742995583453804
0.5510	0.9795763591410943
0.5520	0.9828377010683504
0.5530	0.987101339356572
0.5540	0.9900248352259113
0.5550	0.9912462318883989
0.5560	0.9928024293641954
0.5570	0.9926601903791603
0.5580	0.9954919039378082
0.5590	0.9973877084071082
0.5600	0.9999854570199681
0.5610	0.9995613861640713
0.5620	0.9999269869147484
0.5630	1.0
0.5640	0.9991124908122305
0.5650	0.9965853158018563
0.5660	0.9927282188427448
0.5670	0.9881547521557473
0.5680	0.9833472195626551
0.5690	0.9799398467690672
0.5700	0.9767219811674889
0.5710	0.9724303627867521
0.5720	0.9683176906803331
0.5730	0.9653807811776516
0.5740	0.9628147059262107
0.5750	0.9616215758017603
0.5760	0.9591521946973407
0.5770	0.9559821654979529
0.5780	0.9518651826212178
0.5790	0.949469772551009
0.5800	0.9466326235711836
0.5810	0.9439946011874993
0.5820	0.9416289180579076
0.5830	0.9366365811447793
0.5840	0.9213081604476319
0.5850	0.8829002628834995
0.5860	0.8079355632439464
0.5870	0.7050227402878022
0.5880	0.6029614963897169
0.5890	0.5127173300623259
0.5900	0.40641594814840165
0.5910	0.2702692320480312
0.5920	0.1485499034717331
0.5930	0.07342763531588438
0.5940	0.03639670955145104
0.5950	0.01929331743704691
0.5960	0.011032505633579258
0.5970	0.006828283659966183
0.5980	0.0044210447984431595
0.5990	0.003023524054404767
0.6000	0.0021539717137911384
0.6010	0.0015347187574673207
0.6020	0.0011437558385140078
0.6030	0.0009068466084252639
0.6040	0.0007203846610235506
0.6050	0.0006188491150959402
0.6060	0.0005531826531118173
0.6070	0.00048104768773931246
0.6080	0.0004757038352122864
0.6090	0.00045100143080242664
0.6100	0.0004685943512703555
0.6110	0.0004486323854598215
0.6120	0.0004954990991206153
0.6130	0.0005263999967955669
0.6140	0.0004805475820326971
0.6150	0.0005068371763846789
0.6160	0.0004836703078063986
0.6170	0.0005001057066153539
0.6180	0.0004766265654597035
0.6190	0.00042262454080170753
0.6200	0.00036157877379701647
0.6210	0.0003310558902946709
0.6220	0.00024887889624989446
0.6230	0.0002441830680187643
0.6240	0.000195581245826568
0.6250	0.0001911202090069944
0.6260	0.00014345755246102405
0.6270	0.00011903924565914762
0.6280	8.851636215680208e-05
0.6290	0.00011598695730891307
0.6300	9.133385909548011e-05
0.6310	9.062948486081062e-05
0.6320	7.32549204056293e-05
0.6330	0.00011129112907778298
0.6340	9.297739897637566e-05
0.6350	9.297739897637566e-05
0.6360	0.00012303069965560818
0.6370	0.00011575216589735656
0.6380	0.00012554977671019792
0.6390	0.0001780073434629752
0.6400	0.00018531757406178696
0.6410	0.00023766525843395582
0.6420	0.0002587190043082275
0.6430	0.00031597523793039665
0.6440	0.00035333055150903647
0.6450	0.0004527905413584872
0.6460	0.0005576037753914261
0.6470	0.0006317156844492368
0.6480	0.0007269353414059771
0.6490	0.0007779367318242808
0.6500	0.0007867907159540766
0.6510	0.0008431054360159042
0.6520	0.0008406518657651387
0.6530	0.0008249396245037775
0.6540	0.0007889296657133565
0.6550	0.0007022869390207753
0.6560	0.0006574159523582117
0.6570	0.0005470639889266547
0.6580	0.00046488699488187824
0.6590	0.0004554953384196181
0.6600	0.00037801417260597175
0.6610	0.0003568829455658864
0.6620	0.0003122725773701506
0.6630	0.0002582705527121546
0.6640	0.00023197391461782615
0.6650	0.0001866591721874208
0.6660	0.00017515439302115212
0.6670	0.0001730412703171436
0.6680	0.0001298396505907468
0.6690	0.00013876172422989396
0.6700	0.00012232632542093867
0.6710	9.250781615326265e-05
0.6720	0.00011035196343155696
0.6730	0.00010988238060844395
0.6740	8.194220263321996e-05
0.6750	7.020263205539475e-05
0.6760	6.0254050364922556e-05
0.6770	6.518208730208201e-05
0.6780	6.780682049187218e-05
0.6790	8.015309207715939e-05
0.6800	7.298514507375087e-05
0.6810	6.605574614448378e-05
0.6820	8.926933821366378e-05
0.6830	7.578808494491243e-05
0.6840	6.534409337605601e-05
0.6850	7.187857315108508e-05
0.6860	5.341434175487003e-05
0.6870	8.570003917518181e-05
0.6880	0.00010805030322406856
0.6890	0.00011618465167744365
0.6900	0.0001463710790870287
0.6910	0.00012556949918876868
0.6920	0.00013693293392528036
0.6930	0.00018676576748826747
0.6940	0.0001757364409304007
0.6950	0.0002261388784578239
0.6960	0.00027733326741642716
0.6970	0.000321511619414899
0.6980	0.00039332022472534023
0.6990	0.000398600683571246
0.7000	0.0004516494550983226
0.7010	0.00046552562752131193
0.7020	0.0005005071999291156
0.7030	0.0005319175949671446
0.7040	0.0005080604396388883
0.7050	0.0005261863366110503
0.7060	0.0005508699577079857
0.7070	0.0005466718872693554
0.7080	0.0005472025158594731
0.7090	0.0005459745567770325
0.7100	0.00055387998360414
0.7110	0.0005540842521321942
0.7120	0.0005605222326370735
0.7130	0.0005862248484601641
0.7140	0.0005882957087100924
0.7150	0.0006098988664874065
0.7160	0.0006396751133010023
0.7170	0.0006695429287651052
0.7180	0.0007205584066681023
0.7190	0.0007306779165061878
0.7200	0.0007331244430146065
0.7210	0.0007628185128341576
0.7220	0.0007718368509520429
0.7230	0.0008122749757644197
0.7240	0.000808461963240742
0.7250	0.0007849734304286293
0.7260	0.0007865512287142891
0.7270	0.0007208096334784678
0.7280	0.0006621117805893418
0.7290	0.0006362847253181263
0.7300	0.0005987180994690857
0.7310	0.0005564556453889149
0.7320	0.0005165411054243092
0.7330	0.0004977577924997889
0.7340	0.00045784325253518313
0.7350	0.00042207982472689643
0.7360	0.000428851209036186
0.7370	0.0004135357652603552
0.7380	0.0004017468884861032
0.7390	0.0004346458610734005
0.7400	0.0004695335169165815
0.7410	0.0005168580738299104
0.7420	0.0005881994442313543
0.7430	0.0006925149204717936
0.7440	0.0008115095557627454
0.7450	0.0009358809143783412
0.7460	0.001081634726844388
0.7470	0.0012075651004327189
0.7480	0.001278824293840118
0.7490	0.0013133574146518487
0.7500	0.0012844029377787006
0.7510	0.001242560760325216
0.7520	0.0012259140492458596
0.7530	0.0011868071917370084
0.7540	0.0010303140201063671
0.7550	0.0007693175391060416
0.7560	0.0005678265934505964
0.7570	0.0004166984055740214
0.7580	0.00030889862478608354
0.7590	0.00027764319207968175
0.7600	0.0002047822516626443
0.7610	0.00017336316934238755
0.7620	0.0001541323439874405
0.7630	0.00014059497557132716
0.7640	0.00015335048858695736
0.7650	0.0001370219198702603
0.7660	0.00013171798188319885
0.7670	0.00013899651564145047
0.7680	0.00014815338069215414
0.7690	0.00017186731325936108
0.7700	0.00016693669361667445
0.7710	0.00019886832558835903
0.7720	0.0002418351539031993
0.7730	0.00028409760798337006
0.7740	0.0003733183443748416
0.7750	0.0004249724549172726
0.7760	0.0004789744795752685
0.7770	0.0004954098783842238
0.7780	0.0004719307372285734
0.7790	0.0004824728716074605
0.7800	0.00046094015125361344
0.7810	0.0004920758403401215
0.7820	0.0005666714197057384
0.7830	0.0005739452576357588
0.7840	0.0004988613121341044
0.7850	0.00033925011055799286
0.7860	0.0002206637775317378
0.7870	0.00016113100638311679
0.7880	0.00010132634677991338
0.7890	9.343336389761839e-05
0.7900	8.49383758360925e-05
0.7910	5.215210312634227e-05
0.7920	4.398089242135281e-05
0.7930	6.536639856015389e-05
0.7940	5.556573545896228e-05
0.7950	4.082130439603693e-05
0.7960	1.5263226165900602e-05
0.7970	4.200394873604704e-05
0.7980	3.3023177244010754e-05
0.7990	2.3341999492160266e-05
0.8000	2.8930293357757773e-05
0.8010	2.5315444785433837e-05
0.8020	4.3964457022543854e-05
0.8030	3.677326566939124e-05
0.8040	2.4144540016001552e-05
0.8050	4.242352098849851e-05
0.8060	4.999155255719932e-06
0.8070	1.762121283302142e-05
0.8080	2.0885823056726517e-05
0.8090	5.449907807626108e-06
0.8100	3.225470495398632e-05
0.8110	3.782912264716084e-05
0.8120	2.7438663520139305e-05
0.8130	5.533023967317111e-05
0.8140	1.4894932357733069e-05
0.8150	3.290085091858982e-05
0.8160	4.150525177790103e-05
0.8170	4.1323288433944735e-05
0.8180	4.273203690328376e-05
0.8190	4.155807984550124e-05
0.8200	4.3436411137953274e-05
0.8210	4.7662656545970346e-05
0.8220	4.860182219219636e-05
0.8230	5.094973630776141e-05
0.8240	6.691555229360369e-05
0.8250	3.4983920321919124e-05
0.8260	5.869785288912605e-05
0.8270	5.001057066153539e-05
0.8280	5.893264430068255e-05
0.8290	9.321219038793216e-05
0.8300	5.940222712379555e-05
0.8310	7.935949710609842e-05
0.8320	7.184617193629028e-05
0.8330	7.91247056945419e-05
0.8340	8.358574251411548e-05
0.8350	5.9637018535352064e-05
0.8360	8.640323945279354e-05
0.8370	9.039469344925412e-05
0.8380	8.358574251411548e-05
0.8390	0.00011058675484311347
0.8400	9.931676708840126e-05
0.8410	0.00011434341742801753
0.8420	0.00011434341742801753
0.8430	0.00010189947261552282
0.8440	0.0001188044542475911
0.8450	0.0001060592720540694
0.8460	0.00010462093986687425
0.8470	0.00012138293352930464
0.8480	8.358597730552704e-05
0.8490	0.00013728934728802315
0.8500	0.0001003827200968678
0.8510	0.00011443404691287835
0.8520	0.0001108581737148728
0.8530	9.364185867108056e-05
0.8540	0.00012226175778276064
0.8550	7.552746647808471e-05
0.8560	8.644761502957772e-06
0.8570	8.536499183089067e-05
0.8580	-0.0007212228663628072
0.8590	-0.000615153498278041
0.8600	-0.0006855909217449922
0.8610	-0.0006010660135846507
0.8620	-0.0006268930688558661
0.8630	-0.0005517598171577848
0.8640	-0.0005494119030422198
0.8650	-0.000509497363077614
0.8660	-0.0005447160748110897
0.8670	-0.0005282806760021344
0.8680	-0.0004789744795752685
0.8690	-0.0005306285901176994
0.8700	-0.00042027662668614246
0.8710	-0.00046488699488187824
0.8720	-0.00041323288433944735
0.8730	-0.000446103681957358
0.8740	-0.00038271000083710185
0.8750	-0.0003639266879125815
0.8760	-0.00038271000083710185
0.8770	-0.0003216642338324107
0.8780	-0.0003662746020281465
0.8790	-0.0002911413503300652
0.8800	-0.0003263600620635408
0.8810	-0.00027940177975223997
0.8820	-0.00029583717856119526
0.8830	-0.00026766220917441477
0.8840	-0.0002465309821343294
0.8850	-0.00026766220917441477
0.8860	-0.00022610412932891352
0.8870	-0.00024887889624989446
0.8880	-0.00022140830109778346
0.8890	-0.0002298607919138176
0.8900	-0.00020779039922750618
0.8910	-0.00021577330722042734
0.8920	-0.00020004228264614157
0.8930	-0.00017538918443270863
0.8940	-0.00017679793290204765
0.8950	-0.00016177128256243136
0.8960	-0.00016294523962021392
0.8970	-0.0001580146199775273
0.8980	-0.00014838817210371065
0.8990	-0.00013735297576055494
0.9000	-0.00014087484693390252
0.9010	-0.00013876172422989396
0.9020	-0.00012819611070985127
0.9030	-0.0001176304971898086
0.9040	-0.0001115259204893395
0.9050	-0.00011363904319334801
0.9060	-0.0001115259204893395
0.9070	-0.00010636050943509641
0.9080	-0.00010847363213910493
0.9090	-0.00010260384685019233
0.9100	-0.00010401259531953135
0.9110	-9.884718426528826e-05
0.9120	-9.368177321104517e-05
0.9130	-9.274260756481915e-05
0.9140	-8.499449098345452e-05
0.9150	-8.851636215680208e-05
0.9160	-8.100303698699394e-05
0.9170	-8.076824557543745e-05
0.9180	-7.654200016742036e-05
0.9190	-7.701158299053337e-05
0.9200	-7.513325169808134e-05
0.9210	-6.691555229360369e-05
0.9220	-6.0341392770021575e-05
0.9230	-4.367120254950978e-05
0.9240	-3.874058290682319e-05
0.9250	-3.38099632641366e-05
0.9260	-4.202766266861425e-05
0.9270	-5.141931913087442e-05
0.9280	-5.588035595044799e-05
0.9290	-5.423681606955246e-05
0.9300	-4.367120254950978e-05
0.9310	-1.3101360764852933e-05
0.9320	2.24460589448018e-05
0.9330	-5.04801534846484e-05
0.9340	-4.5549533841961814e-05
0.9350	-4.5549533841961814e-05
0.9360	-4.085370561083172e-05
0.9370	-4.0384122787718725e-05
0.9380	-3.94449571414927e-05
0.9390	-3.6157877379701647e-05
0.9400	-3.756662584904067e-05
0.9410	-3.521871173347563e-05
0.9420	-3.780141726059717e-05
0.9430	-3.404475467569311e-05
0.9440	-3.474912891036262e-05
0.9450	-3.193163197168457e-05
0.9460	-3.193163197168457e-05
0.9470	-3.169684056012806e-05
0.9480	-3.0053300679232535e-05
0.9490	-3.052288350234554e-05
0.9500	-2.8879343621450015e-05
0.9510	-2.9114135033006518e-05
0.9520	-2.7705386563667496e-05
0.9530	-2.9583717856119526e-05
0.9540	-2.8409760798337004e-05
0.9550	-2.7940177975223995e-05
0.9560	-2.7001012328997982e-05
0.9570	-2.5122681036545945e-05
0.9580	-2.5122681036545945e-05
0.9590	-2.418351539031993e-05
0.9600	-2.394872397876343e-05
0.9610	-2.3267828885249564e-05
0.9620	-2.3713932567206924e-05
0.9630	-2.3197391461782615e-05
0.9640	-2.2211267533245294e-05
0.9650	-2.124862274586363e-05
0.9660	-2.080251906390627e-05
0.9670	-2.0497290228882814e-05
0.9680	-2.0074665688081106e-05
0.9690	-2.026249881732631e-05
0.9700	-2.1107747898929727e-05
0.9710	-2.129558102817493e-05
0.9720	-2.094339391084017e-05
0.9730	-1.9252895747633342e-05
0.9740	-1.8290250960251677e-05
0.9750	-1.737456445518131e-05
0.9760	-1.69519399143796e-05
0.9770	-1.7491960160959562e-05
0.9780	-1.6552794514733545e-05
0.9790	-1.5918857703530984e-05
0.9800	-1.5378837456951023e-05
0.9810	-1.4909254633838016e-05
0.9820	-1.4932733774993666e-05
0.9830	-1.4463150951880658e-05
0.9840	-1.3923130705300697e-05
0.9850	-1.3617901870277244e-05
0.9860	-1.3383110458720738e-05
0.9870	-1.3218756470631186e-05
0.9880	-1.2608298800584275e-05
0.9890	-1.173957057782521e-05
0.9900	-1.176304971898086e-05
0.9910	-1.12230294724009e-05
0.9920	-1.0800404931599192e-05
0.9930	-1.0377780390797484e-05
0.9940	-1.0307342967330534e-05
0.9950	-1.0307342967330534e-05
0.9960	-1.0142988979240982e-05
;; Skysat8 Band: Red
0.3500	0.0
0.3510	0.0
0.3520	0.0
0.3530	0.0
0.3540	0.0
0.3550	0.0
0.3560	0.0
0.3570	0.0
0.3580	0.0
0.3590	0.0
0.3600	0.0
0.3610	0.0
0.3620	0.0
0.3630	0.0
0.3640	0.0
0.3650	0.0
0.3660	0.0
0.3670	0.0
0.3680	0.0
0.3690	0.0
0.3700	0.0
0.3710	0.0
0.3720	0.0
0.3730	0.0
0.3740	0.0
0.3750	0.0
0.3760	0.0
0.3770	0.0
0.3780	0.0
0.3790	0.0
0.3800	0.0
0.3810	0.0
0.3820	0.0
0.3830	0.0
0.3840	0.0
0.3850	0.0
0.3860	0.0
0.3870	0.0
0.3880	0.0
0.3890	0.0
0.3900	0.0
0.3910	0.0
0.3920	0.0
0.3930	0.0
0.3940	0.0
0.3950	0.0
0.3960	0.0
0.3970	-4.502750108518074e-07
0.3980	-2.5148338372042432e-06
0.3990	3.137554596892913e-06
0.4000	-4.382996116270253e-07
0.4010	-7.5445015116127305e-06
0.4020	-5.125470868206744e-06
0.4030	-4.790159689912845e-06
0.4040	-2.562735434103372e-06
0.4050	-7.328944325566652e-06
0.4060	-1.0107236945716103e-05
0.4070	5.820044023244106e-07
0.4080	-7.0175839457223176e-06
0.4090	-7.855861891457064e-06
0.4100	6.442764782932776e-06
0.4110	-1.089761329455172e-05
0.4120	7.784009496108373e-06
0.4130	2.3256225294526863e-06
0.4140	3.4968165736363767e-06
0.4150	1.0322794131762181e-05
0.4160	-2.7064402248007573e-06
0.4170	1.4059118689894198e-05
0.4180	-3.3531117829389914e-06
0.4190	-1.9663605527092228e-05
0.4200	-7.257091930217959e-06
0.4210	-1.5831477775161954e-05
0.4220	1.5280609410821976e-05
0.4230	-7.1852395348692674e-06
0.4240	-1.089761329455172e-05
0.4250	8.694139837191814e-06
0.4260	-4.790159689912845e-07
0.4270	7.233141131768395e-06
0.4280	4.909913682160666e-06
0.4290	-2.77829262014945e-05
0.4300	1.0155138542615231e-05
0.4310	-3.113603798443349e-06
0.4320	-1.4586036255784613e-05
0.4330	-4.191389728673739e-06
0.4340	-2.898046612397271e-05
0.4350	-1.6118887356556724e-05
0.4360	-9.987482953468281e-06
0.4370	-7.113387139520574e-06
0.4380	-6.17930599998757e-06
0.4390	1.9591753131743533e-05
0.4400	3.4010133798381196e-05
0.4410	2.337597928677468e-05
0.4420	-1.2382562798424704e-06
0.4430	9.556368581376125e-06
0.4440	-2.3615487271270327e-05
0.4450	-2.1651521798406058e-05
0.4460	-1.9879162713138306e-05
0.4470	-5.3170772558032576e-05
0.4480	-5.197323263555436e-05
0.4490	-5.867945620143235e-05
0.4500	-6.706223565877982e-05
0.4510	-8.694139837191814e-05
0.4520	-7.616353906961423e-05
0.4530	-2.2561652139489497e-05
0.4540	-4.2392913255728673e-05
0.4550	-5.891896418592799e-05
0.4560	-4.3212030562703775e-05
0.4570	-7.144642931497255e-05
0.4580	-5.462099340415369e-05
0.4590	-3.845827608643426e-05
0.4600	-3.294049113962366e-05
0.4610	-3.877562416589099e-05
0.4620	-3.9363376759843303e-05
0.4630	-2.0813627065446506e-05
0.4640	-1.5742692165309416e-05
0.4650	4.093071701038278e-06
0.4660	1.556828245099969e-05
0.4670	-8.102171902712384e-06
0.4680	1.6672725619904446e-05
0.4690	3.377062581388556e-05
0.4700	3.520767372085941e-05
0.4710	6.849928356575368e-05
0.4720	6.778075961226676e-05
0.4730	6.131404403088441e-05
0.4740	8.1672222713014e-05
0.4750	0.00010586252914707387
0.4760	0.00011711940441836906
0.4770	0.00013077135953462065
0.4780	0.00017316427279034932
0.4790	0.00016909263705392342
0.4800	0.00011664038844937776
0.4810	0.00010634154511606515
0.4820	0.00010634154511606515
0.4830	7.448698317814472e-05
0.4840	5.700290030996285e-05
0.4850	4.215340527123304e-05
0.4860	4.6943564961145874e-05
0.4870	4.31114372092156e-05
0.4880	3.903980147278968e-05
0.4890	6.945731550373625e-05
0.4900	4.119537333325047e-05
0.4910	4.93386448061023e-05
0.4920	5.1733724651058724e-05
0.4930	2.1364112217011285e-05
0.4940	4.2392913255728673e-05
0.4950	2.3471782480572937e-05
0.4960	3.568668968985069e-05
0.4970	6.17930599998757e-05
0.4980	7.994105900107951e-05
0.4990	8.361463246727365e-05
0.5000	6.51179098406442e-05
0.5010	0.00011580953525116239
0.5020	0.00019635607043704686
0.5030	0.0002547167415111155
0.5040	0.0003167588898148667
0.5050	0.00039158597433099524
0.5060	0.0005330010686966022
0.5070	0.0006900296885714802
0.5080	0.0007818857907852489
0.5090	0.0008905074519137125
0.5100	0.0009519460400965348
0.5110	0.0009720048337980447
0.5120	0.0009556823646546667
0.5130	0.000874216118808319
0.5140	0.0008060928627782234
0.5150	0.0007395072480085899
0.5160	0.0007336632531868963
0.5170	0.0007284994610411703
0.5180	0.000621113661112704
0.5190	0.0004886298194889396
0.5200	0.00038188350587907676
0.5210	0.00033626681515203674
0.5220	0.00031769297095439973
0.5230	0.00030281713003737533
0.5240	0.000302505769657531
0.5250	0.00030057533530249614
0.5260	0.00031877554704432
0.5270	0.00035291501515432883
0.5280	0.00038430732668217265
0.5290	0.0004274091835720084
0.5300	0.0004940570704176109
0.5310	0.0006002453304235988
0.5320	0.000773026390438755
0.5330	0.0008954916130710669
0.5340	0.0009577852447585385
0.5350	0.0010358887985025675
0.5360	0.0010943718581567132
0.5370	0.0011096357020086206
0.5380	0.0010589414420102729
0.5390	0.0009567505702655172
0.5400	0.0008368121568696345
0.5410	0.0007215561245706416
0.5420	0.0006540076877033355
0.5430	0.0006064078708646717
0.5440	0.0005444399700361141
0.5450	0.0005764071007267475
0.5460	0.0005413934284733296
0.5470	0.0005042960367547995
0.5480	0.0005055127373160374
0.5490	0.0004766208891463281
0.5500	0.0004909913682160666
0.5510	0.0005125470868206744
0.5520	0.000567633923254672
0.5530	0.0006227207596886697
0.5540	0.000663437117052929
0.5550	0.0007352895124016216
0.5560	0.0007520550713163166
0.5570	0.0008119320674402271
0.5580	0.0008454631852696171
0.5590	0.0008358828658897914
0.5600	0.0008406730255797043
0.5610	0.0008047468279053578
0.5620	0.0007520550713163166
0.5630	0.0007281042728667524
0.5640	0.0006610420372079725
0.5650	0.0006179305999987569
0.5660	0.000572424082944585
0.5670	0.000510152006975718
0.5680	0.000493386448061023
0.5690	0.00048141104883624093
0.5700	0.0004230453480944979
0.5710	0.0004215364477921753
0.5720	0.0004098963597456871
0.5730	0.0004536760242316456
0.5740	0.000499539408182716
0.5750	0.00048060630200833556
0.5760	0.0005323615823779989
0.5770	0.0005471631758198295
0.5780	0.0006203687912809227
0.5790	0.0006878429806730349
0.5800	0.0007534777487442208
0.5810	0.0009066215491105793
0.5820	0.001072619743004819
0.5830	0.0013190950147694393
0.5840	0.0016944926444283743
0.5850	0.002195485866076979
0.5860	0.0029503192300134448
0.5870	0.004011543183115961
0.5880	0.005518589693638511
0.5890	0.00781334922420909
0.5900	0.011220180252990607
0.5910	0.016592135973281352
0.5920	0.025226844299200416
0.5930	0.04004566315527604
0.5940	0.06569922445997327
0.5950	0.10923614281348569
0.5960	0.17670470137288252
0.5970	0.26707526728821623
0.5980	0.36977597249432825
0.5990	0.4724960251554278
0.6000	0.5726378510059869
0.6010	0.6786288618162635
0.6020	0.7899114973688312
0.6030	0.8871712206535208
0.6040	0.9529494540074195
0.6050	0.9868513349869683
0.6060	0.998752249623652
0.6070	1.0
0.6080	0.9954495686419286
0.6090	0.9916573405251354
0.6100	0.9897120279341036
0.6110	0.9877127997006822
0.6120	0.9859803426456313
0.6130	0.9808493080069447
0.6140	0.9745835587851931
0.6150	0.9704578277753889
0.6160	0.9671255028904243
0.6170	0.964702460488278
0.6180	0.9638920804325773
0.6190	0.9622666834465962
0.6200	0.9609946325901413
0.6210	0.9600710778265269
0.6220	0.9609921129661444
0.6230	0.9599800647924186
0.6240	0.9586626894449778
0.6250	0.9563856726658987
0.6260	0.9534130049458519
0.6270	0.9515780456586765
0.6280	0.9474305337927623
0.6290	0.9444948700563202
0.6300	0.9424815443829312
0.6310	0.9406223564680443
0.6320	0.9377025792962137
0.6330	0.9340085039465468
0.6340	0.9313126356041816
0.6350	0.9288371289780316
0.6360	0.9270510125541344
0.6370	0.9257477633876192
0.6380	0.9257009347864906
0.6390	0.9251243312892166
0.6400	0.9240031752531537
0.6410	0.9232447971710467
0.6420	0.9241004394456575
0.6430	0.9250982368943057
0.6440	0.9264154733271155
0.6450	0.9278300984965809
0.6460	0.928050304532606
0.6470	0.9282514122019475
0.6480	0.926899150121485
0.6490	0.9260333000165751
0.6500	0.9251908330761917
0.6510	0.9240212149945459
0.6520	0.9225510718742744
0.6530	0.9208941316867351
0.6540	0.91815948939676
0.6550	0.9151549958557336
0.6560	0.9138527693883121
0.6570	0.9124975350137621
0.6580	0.9121295142300256
0.6590	0.9119177149242563
0.6600	0.9111128651079177
0.6610	0.908467056329392
0.6620	0.9057818700431353
0.6630	0.9036304991527225
0.6640	0.9025176803896
0.6650	0.9010040258537853
0.6660	0.8989370408115498
0.6670	0.8972519847817106
0.6680	0.8940761041171388
0.6690	0.890600052885758
0.6700	0.8876480786555717
0.6710	0.8862294776535637
0.6720	0.8847464322381675
0.6730	0.8827160488061228
0.6740	0.8797970188992038
0.6750	0.8761187103601562
0.6760	0.8716844547450442
0.6770	0.8675517684233703
0.6780	0.8630962205484367
0.6790	0.8575123697191828
0.6800	0.8471664055850006
0.6810	0.8276404860129553
0.6820	0.7951095391563401
0.6830	0.7489818725148576
0.6840	0.691608824590256
0.6850	0.6273663930754985
0.6860	0.5616060868942393
0.6870	0.49241678082515367
0.6880	0.4180652825236784
0.6890	0.3387873923907092
0.6900	0.25918271995877395
0.6910	0.18678517809149092
0.6920	0.128257057405142
0.6930	0.08540455706812432
0.6940	0.05647519955296314
0.6950	0.037687786085551324
0.6960	0.025758769977046635
0.6970	0.018136727755453438
0.6980	0.013010325201187006
0.6990	0.009602354114399289
0.7000	0.007274346085421025
0.7010	0.005574306436071733
0.7020	0.004341807928176537
0.7030	0.003396156157912548
0.7040	0.002668736877881453
0.7050	0.0021502787340034264
0.7060	0.0017123335941934548
0.7070	0.0013852135889693064
0.7080	0.0011254767601031623
0.7090	0.0009315950466539401
0.7100	0.0008176275673115335
0.7110	0.0007022134597427734
0.7120	0.0006153151728080645
0.7130	0.0005478816997733165
0.7140	0.00048268762639360266
0.7150	0.0004447184256115085
0.7160	0.00036754176776747767
0.7170	0.0003317065831272397
0.7180	0.0003087665083722471
0.7190	0.00027688320547618724
0.7200	0.0002591260835056803
0.7210	0.00021076726586414968
0.7220	0.00019187248096728845
0.7230	0.00019352245147247893
0.7240	0.00016693706519346264
0.7250	0.00016070985759657596
0.7260	0.00013532201124003785
0.7270	0.00011640088046488214
0.7280	0.00012119104015479496
0.7290	0.00013244791542609016
0.7300	0.00014873445837179384
0.7310	0.0001235861199997514
0.7320	0.00010682056108505644
0.7330	0.0001082576089920303
0.7340	8.742041434090942e-05
0.7350	0.00010576504939738415
0.7360	0.00010202130009173276
0.7370	8.902487832904572e-05
0.7380	9.386006552004375e-05
0.7390	6.740137896482565e-05
0.7400	5.974071608073253e-05
0.7410	6.470356102746673e-05
0.7420	7.82429473910054e-05
0.7430	8.472307541951949e-05
0.7440	6.131596009476039e-05
0.7450	7.099543578016726e-05
0.7460	7.374977760186715e-05
0.7470	5.9682515640500095e-05
0.7480	6.010309166127445e-05
0.7490	5.7426589934535645e-05
0.7500	4.6651365220061195e-05
0.7510	3.8674312288449335e-05
0.7520	4.415856611743055e-05
0.7530	6.694799035017541e-05
0.7540	4.021386961278733e-05
0.7550	1.350781921118213e-05
0.7560	3.526779022496782e-05
0.7570	2.3049865215085418e-05
0.7580	2.149162626795677e-05
0.7590	2.4270062592896916e-05
0.7600	3.3183831251871234e-05
0.7610	4.4143237606422826e-05
0.7620	3.014447492862153e-05
0.7630	3.420054264605523e-05
0.7640	2.2787029152899896e-05
0.7650	2.0097498191804536e-05
0.7660	4.0991552038444675e-05
0.7670	2.626109246800919e-05
0.7680	4.39966587199115e-05
0.7690	5.4160659057953065e-05
0.7700	4.6407785599829125e-05
0.7710	6.540268483420953e-05
0.7720	2.649245718103198e-05
0.7730	2.480177031847724e-05
0.7740	4.028428496022904e-05
0.7750	2.2787939283240983e-05
0.7760	3.664472162783326e-05
0.7770	4.023734139526789e-05
0.7780	1.7076919294539293e-05
0.7790	2.6345878294520645e-05
0.7800	2.0094719899184386e-06
0.7810	1.5376412604620233e-05
0.7820	5.197323263555436e-05
0.7830	5.5565852402989e-05
0.7840	6.346961589134519e-05
0.7850	2.8261942170485787e-05
0.7860	3.832127751930276e-05
0.7870	4.76620889146328e-05
0.7880	2.874095813947707e-05
0.7890	4.3350945193711246e-05
0.7900	3.0417514030946565e-05
0.7910	6.29905999223539e-05
0.7920	5.867945620143235e-05
0.7930	3.9518817441780976e-05
0.7940	4.095586534875482e-05
0.7950	4.814110488362409e-05
0.7960	6.155355201538006e-05
0.7970	8.191173069750964e-05
0.7980	6.610420372079726e-05
0.7990	8.598336643393556e-05
0.8000	6.0356012092901844e-05
0.8010	6.083502806189313e-05
0.8020	9.915630558119588e-05
0.8030	9.604270178275253e-05
0.8040	9.724024170523074e-05
0.8050	8.095369875952708e-05
0.8060	7.472649116264037e-05
0.8070	0.0001049044972090913
0.8080	8.885746224788327e-05
0.8090	9.98748295346828e-05
0.8100	0.00012119104015479496
0.8110	9.939581356569153e-05
0.8120	0.00011161072077496929
0.8130	0.00011831694434084727
0.8140	0.00010514400519358696
0.8150	0.00011089219682148235
0.8160	9.628220976724818e-05
0.8170	9.556368581376126e-05
0.8180	0.0001185564523253429
0.8190	0.00011592186449589084
0.8200	0.0001185564523253429
0.8210	0.00010634154511606515
0.8220	0.0001331664393795771
0.8230	0.0001583147777516195
0.8240	0.0001140058006199257
0.8250	0.00011544284852689955
0.8260	0.00011185022875946491
0.8270	0.00012454415193773397
0.8280	0.00014394429868188098
0.8290	0.0001331664393795771
0.8300	0.00017603836860429704
0.8310	0.00014490233061986355
0.8320	0.00015065052224775896
0.8330	0.0001757988606198014
0.8340	0.00014538134658885485
0.8350	0.0001621469055035498
0.8360	0.00019280392751899202
0.8370	0.0002007076910073482
0.8380	0.00024190306434059868
0.8390	0.00020765342255772183
0.8400	0.00024190306434059868
0.8410	0.0002586686232552936
0.8420	0.00021627570999956493
0.8430	0.000277829262014945
0.8440	0.00028261942170485784
0.8450	0.00028261942170485784
0.8460	0.00030896529999937844
0.8470	0.00030417514030946566
0.8480	0.00036884229612328906
0.8490	0.00041195373333250464
0.8500	0.00038081769534807115
0.8510	0.0004598553302316331
0.8520	0.000493386448061023
0.8530	0.0005364978852702386
0.8540	0.0005221274062005002
0.8550	0.00055565852402989
0.8560	0.0005317077255803258
0.8570	0.000584399482169367
0.8580	-7.736107899209244e-05
0.8590	-1.3172939147260322e-05
0.8600	1.803495123252186e-05
0.8610	5.9876996123910565e-05
0.8620	3.353111782938991e-05
0.8630	7.903763488356195e-05
0.8640	0.00011592186449589084
0.8650	0.00012214907209277755
0.8660	7.688206302310116e-05
0.8670	9.460565387577868e-05
0.8680	0.0001575962537981326
0.8690	0.0001434652827128897
0.8700	0.00015424314201519358
0.8710	0.00010993416488349978
0.8720	0.0001575962537981326
0.8730	0.00014394429868188098
0.8740	0.00014705790248032433
0.8750	0.00013172939147260325
0.8760	0.00012574169186021217
0.8770	0.0001973545792244092
0.8780	0.0001729247648058537
0.8790	0.0002102880103871739
0.8800	0.0001899298317050443
0.8810	0.00023831044457316405
0.8820	0.00023160422100728607
0.8830	0.0002442981441855551
0.8840	0.00022489799744140809
0.8850	0.00018585819596861838
0.8860	0.0001604703496120803
0.8870	0.00012238858007727318
0.8880	0.00014418380666637664
0.8890	0.00014130971085242892
0.8900	0.00018011000434072297
0.8910	0.0001293343116276468
0.8920	7.472649116264037e-05
0.8930	2.586686232552936e-06
0.8940	-5.245224860454565e-05
0.8950	-6.46671558138234e-05
0.8960	-9.005500217036148e-05
0.8970	-0.00010274892534863052
0.8980	-9.98748295346828e-05
0.8990	-9.53241778292656e-05
0.9000	-9.125254209283969e-05
0.9010	-9.149205007733533e-05
0.9020	-8.143271472851836e-05
0.9030	-6.993633147272754e-05
0.9040	-6.29905999223539e-05
0.9050	-3.1854561937920414e-05
0.9060	-1.968755632554179e-05
0.9070	-5.484732844950208e-06
0.9080	-4.862012085261537e-06
0.9090	-3.7123737596824545e-06
0.9100	-1.3939364697646379e-05
0.9110	-1.587937937206108e-05
0.9120	-9.91563055811959e-06
0.9130	-5.077569271307616e-06
0.9140	1.4921347434078511e-05
0.9150	3.2094069922416064e-05
0.9160	3.736324558132019e-05
0.9170	2.4908830387546792e-05
0.9180	6.251158395336262e-06
0.9190	-2.2226340961195598e-05
0.9200	-3.1375545968929135e-05
0.9210	-2.5148338372042432e-05
0.9220	-2.4190306434059866e-05
0.9230	-1.281367717051686e-05
0.9240	-6.802026759676239e-06
0.9250	5.556585240298899e-06
0.9260	8.861795426338764e-06
0.9270	7.257091930217959e-06
0.9280	-4.047684937976354e-06
0.9290	-9.843778162770895e-06
0.9300	-9.484516186027433e-06
0.9310	-9.221057403082227e-06
0.9320	3.520767372085941e-06
0.9330	1.3172939147260322e-05
0.9340	1.757988606198014e-05
0.9350	3.4728657751868126e-06
0.9360	-8.62228744184312e-06
0.9370	-2.0837194651120875e-05
0.9380	-2.5148338372042432e-05
0.9390	-2.4908830387546792e-05
0.9400	-3.0417514030946565e-05
0.9410	-2.8501450154981427e-05
0.9420	-3.1375545968929135e-05
0.9430	-2.802243418599014e-05
0.9440	-2.9698990077459636e-05
0.9450	-2.802243418599014e-05
0.9460	-2.898046612397271e-05
0.9470	-2.9698990077459636e-05
0.9480	-2.7543418216998857e-05
0.9490	-2.77829262014945e-05
0.9500	-2.538784635653808e-05
0.9510	-2.7303910232503214e-05
0.9520	-2.4908830387546792e-05
0.9530	-2.77829262014945e-05
0.9540	-2.5148338372042432e-05
0.9550	-2.3735241263518145e-05
0.9560	-2.2920914116232962e-05
0.9570	-2.1843128186002575e-05
0.9580	-2.263350453483819e-05
0.9590	-2.1292259821662593e-05
0.9600	-2.0837194651120875e-05
0.9610	-2.093299784491913e-05
0.9620	-2.210658696894778e-05
0.9630	-2.0453981875927846e-05
0.9640	-1.8801376782907915e-05
0.9650	-1.8753475186008785e-05
0.9660	-1.8681622790660093e-05
0.9670	-1.9040884767403558e-05
0.9680	-1.8561868798412275e-05
0.9690	-1.774754165112709e-05
0.9700	-1.7555935263530576e-05
0.9710	-1.7484082868181884e-05
0.9720	-1.8490016403063584e-05
0.9730	-1.7220624085236676e-05
0.9740	-1.638234613950193e-05
0.9750	-1.6238641348804545e-05
0.9760	-1.547221579841849e-05
0.9770	-1.5304560209271538e-05
0.9780	-1.4897396635628946e-05
0.9790	-1.3795659906948992e-05
0.9800	-1.3532201124003787e-05
0.9810	-1.3580102720902915e-05
0.9820	-1.252626758912209e-05
0.9830	-1.2765775573617731e-05
0.9840	-1.2574169186021216e-05
0.9850	-1.168798964338734e-05
0.9860	-1.1472432457341264e-05
0.9870	-1.140058006199257e-05
0.9880	-1.089761329455172e-05
0.9890	-1.0658105310056079e-05
0.9900	-1.1137121279047366e-05
0.9910	-9.771925767422203e-06
0.9920	-9.700073372073512e-06
0.9930	-9.556368581376125e-06
0.9940	-9.292909798430918e-06
0.9950	-9.484516186027433e-06
0.9960	-9.460565387577868e-06
;; Skysat8 Band: NIR
0.3500	0.0
0.3510	0.0
0.3520	0.0
0.3530	0.0
0.3540	0.0
0.3550	0.0
0.3560	0.0
0.3570	0.0
0.3580	0.0
0.3590	0.0
0.3600	0.0
0.3610	0.0
0.3620	0.0
0.3630	0.0
0.3640	0.0
0.3650	0.0
0.3660	0.0
0.3670	0.0
0.3680	0.0
0.3690	0.0
0.3700	0.0
0.3710	0.0
0.3720	0.0
0.3730	0.0
0.3740	0.0
0.3750	0.0
0.3760	0.0
0.3770	0.0
0.3780	0.0
0.3790	0.0
0.3800	0.0
0.3810	0.0
0.3820	0.0
0.3830	0.0
0.3840	0.0
0.3850	0.0
0.3860	0.0
0.3870	0.0
0.3880	0.0
0.3890	0.0
0.3900	0.0
0.3910	0.0
0.3920	0.0
0.3930	0.0
0.3940	0.0
0.3950	0.0
0.3960	0.0
0.3970	4.478932569474845e-05
0.3980	3.973789798481441e-05
0.3990	5.8259799587905875e-05
0.4000	3.3575156178694885e-05
0.4010	2.3708034051957072e-05
0.4020	1.946483477561248e-05
0.4030	3.40129465802225e-05
0.4040	6.297446545051098e-05
0.4050	9.025217508415476e-05
0.4060	7.274055902305011e-05
0.4070	8.01493196642867e-05
0.4080	9.361979355744412e-05
0.4090	0.00011214169516053559
0.4100	8.856836584751008e-05
0.4110	0.00010540645821395688
0.4120	9.025217508415476e-05
0.4130	3.2598546821440974e-05
0.4140	-4.24319927634459e-06
0.4150	-1.7781025538967806e-05
0.4160	3.226178497411204e-06
0.4170	-8.082284335894455e-07
0.4180	2.5795957505396473e-05
0.4190	9.05889369314837e-05
0.4200	6.566856022914245e-05
0.4210	0.00012157102688574579
0.4220	9.900798311470708e-05
0.4230	6.331122729783991e-05
0.4240	4.209523091611696e-05
0.4250	9.429331725210198e-06
0.4260	7.947579596962883e-05
0.4270	3.468647027488037e-05
0.4280	2.9601366380213443e-06
0.4290	4.3442278305432704e-05
0.4300	5.388189557262971e-05
0.4310	5.5228942961945446e-05
0.4320	0.00011651959917581175
0.4330	4.3442278305432704e-05
0.4340	6.8025893160445e-05
0.4350	0.00022158929554243968
0.4360	0.00015726778270261295
0.4370	7.004646424441862e-05
0.4380	0.00016972797105378358
0.4390	0.000162319210412547
0.4400	6.398475099249778e-05
0.4410	8.082284335894456e-06
0.4420	5.792303774057694e-06
0.4430	-2.6637862123718815e-05
0.4440	-3.6370279511525056e-05
0.4450	-7.981255781695776e-06
0.4460	-2.8995195055021366e-05
0.4470	-8.385369998490498e-06
0.4480	-5.152456264132716e-06
0.4490	2.9230928348151617e-05
0.4500	-6.095389436653736e-06
0.4510	2.6570509754253028e-05
0.4520	0.00021182320196990053
0.4530	0.00028725785577158214
0.4540	0.0002020571083973614
0.4550	0.00021822167706915034
0.4560	0.00026738890677917494
0.4570	6.600532207647138e-05
0.4580	-1.3739883371020576e-05
0.4590	-1.653500670385074e-05
0.4600	-4.512608754207738e-05
0.4610	-6.49950365344846e-05
0.4620	-3.2127080235180464e-05
0.4630	-3.8727612442827604e-07
0.4640	2.0609825056530863e-06
0.4650	7.004646424441862e-05
0.4660	0.00012359159796971938
0.4670	0.00013605178632089
0.4680	9.496684094675987e-05
0.4690	6.432151283982671e-05
0.4700	8.654779476353647e-05
0.4710	5.017751525201142e-05
0.4720	4.7146658626050995e-05
0.4730	4.1758469068788025e-05
0.4740	4.478932569474845e-05
0.4750	7.812874858031309e-05
0.4760	6.667884577112927e-05
0.4770	0.00010810055299258835
0.4780	0.0001613089248705602
0.4790	0.0001491854983667185
0.4800	0.00013369445338958747
0.4810	0.00010338588712998326
0.4820	0.00010069179235135177
0.4830	0.00010473293451929898
0.4840	8.250665259558923e-05
0.4850	5.5565704809274394e-05
0.4860	3.4686470274880377e-06
0.4870	-3.940113613748547e-05
0.4880	-5.3545133725300774e-05
0.4890	-4.680989677872206e-05
0.4900	-2.9298280717617405e-05
0.4910	-5.118780079399823e-05
0.4920	-6.735236946578714e-05
0.4930	-5.18613244886561e-05
0.4940	-5.859656143523481e-05
0.4950	-3.569675581686718e-05
0.4960	-1.0372264897731219e-05
0.4970	-2.047512031759929e-05
0.4980	2.1451729674853202e-05
0.4990	-2.434788156188205e-05
0.5000	-4.7095470825257e-05
0.5010	-1.6796098164084866e-05
0.5020	-4.682033639598926e-05
0.5030	-6.191501267881414e-05
0.5040	-5.04950816740426e-05
0.5050	-2.694205910041104e-05
0.5060	-2.401536291382946e-05
0.5070	-5.535758598762511e-05
0.5080	-6.154524817044697e-05
0.5090	-4.396459593063988e-05
0.5100	-3.7380565053511866e-05
0.5110	-1.794940646263227e-05
0.5120	5.017751525201142e-05
0.5130	8.621103291620753e-05
0.5140	7.341408271770798e-05
0.5150	7.105674978640543e-05
0.5160	8.553750922154967e-05
0.5170	0.00011719312287046962
0.5180	0.00012056074134375899
0.5190	6.634208392380033e-05
0.5200	4.478932569474845e-05
0.5210	2.993812822754238e-05
0.5220	2.293348180310052e-06
0.5230	1.2527540720636407e-05
0.5240	1.6467654334384954e-05
0.5250	2.276510087943605e-05
0.5260	1.1891229210108383e-05
0.5270	1.7861915734696216e-05
0.5280	4.304220523080593e-05
0.5290	4.063065364208342e-05
0.5300	2.438175980372334e-05
0.5310	3.758565301853518e-05
0.5320	6.30899747641448e-05
0.5330	0.00010349028330265523
0.5340	7.326186636271531e-05
0.5350	8.11596052062735e-05
0.5360	8.755808030552328e-05
0.5370	6.8025893160445e-05
0.5380	0.00010944760038190409
0.5390	0.00012662245459567982
0.5400	3.7380565053511866e-05
0.5410	4.3442278305432704e-05
0.5420	6.836265500777394e-05
0.5430	4.7483420473379936e-05
0.5440	4.4452563847419513e-05
0.5450	4.7146658626050995e-05
0.5460	6.735236946578714e-05
0.5470	5.051427709934035e-05
0.5480	0.0001161828373284828
0.5490	0.00011281521885519346
0.5500	0.00012965331122164023
0.5510	0.00015726778270261295
0.5520	0.00023270243650429457
0.5530	0.00015141250446310475
0.5540	0.00013500546726123903
0.5550	0.0001717024057646731
0.5560	0.00018627611146968014
0.5570	0.0001351714908519722
0.5580	0.0001530319921869096
0.5590	0.0002902887123975425
0.5600	0.0003367618473289357
0.5610	0.0003906437429015654
0.5620	0.0003738056505351186
0.5630	0.0003434970842755144
0.5640	0.00039737897984814407
0.5650	0.00041758469068788024
0.5660	0.00027311385818376685
0.5670	0.000162319210412547
0.5680	0.00010203883974066752
0.5690	5.18613244886561e-05
0.5700	6.129065621386629e-05
0.5710	9.53036027940888e-06
0.5720	5.8259799587905875e-05
0.5730	6.903617870243182e-05
0.5740	2.4381557746614945e-05
0.5750	2.25293675863058e-05
0.5760	4.411580200009057e-05
0.5770	0.0001491854983667185
0.5780	0.00023068186542032093
0.5790	0.00017208530398508614
0.5800	0.00018387196864159887
0.5810	0.00013335769154225853
0.5820	0.00013605178632089
0.5830	0.00032867956299304125
0.5840	0.00024179500638217582
0.5850	4.512608754207738e-05
0.5860	2.5257138549670176e-05
0.5870	2.791755714356877e-05
0.5880	-2.8287995175630595e-05
0.5890	-1.1012112407656197e-05
0.5900	4.2431992763445894e-05
0.5910	5.219808633598503e-06
0.5920	-9.900798311470708e-06
0.5930	2.6301100276389878e-05
0.5940	1.4211349957281087e-05
0.5950	5.18613244886561e-05
0.5960	6.297446545051098e-05
0.5970	-2.4516262485546516e-05
0.5980	3.502323212220931e-05
0.5990	1.1550931363382494e-05
0.6000	3.680806991305267e-06
0.6010	7.099141798802361e-05
0.6020	5.9852009602077084e-05
0.6030	6.466197906747627e-05
0.6040	-1.02844037317631e-06
0.6050	3.515861038483554e-05
0.6060	7.759632809968603e-05
0.6070	1.3481081891348288e-05
0.6080	5.657599035126119e-05
0.6090	4.7483420473379936e-05
0.6100	-2.9129899793952937e-05
0.6110	4.34422783054327e-06
0.6120	6.8025893160445e-05
0.6130	8.419046183223392e-05
0.6140	-3.1588261279454164e-05
0.6150	1.4177673772548193e-05
0.6160	6.297446545051098e-05
0.6170	-1.2421326033988861e-05
0.6180	2.2735196427393245e-06
0.6190	1.5953351641144203e-05
0.6200	1.125899251793304e-05
0.6210	4.2929726773798066e-05
0.6220	3.6885861899785656e-05
0.6230	2.5711935424487905e-05
0.6240	4.591747788330038e-05
0.6250	2.1450045865616558e-05
0.6260	4.3745363968028746e-05
0.6270	-8.948873597626006e-06
0.6280	-2.990882994682477e-05
0.6290	4.53392577914366e-05
0.6300	1.0526266090514742e-05
0.6310	6.5598177003050705e-06
0.6320	6.29061027955032e-06
0.6330	1.585262617260812e-05
0.6340	1.7845481756546564e-05
0.6350	8.091882048543331e-06
0.6360	1.986655798329117e-05
0.6370	4.000629717713558e-05
0.6380	2.1732184941308742e-05
0.6390	4.972086618703338e-05
0.6400	2.9162969807360635e-05
0.6410	4.282027917341616e-05
0.6420	1.3917491569301856e-05
0.6430	2.5596426110854077e-06
0.6440	8.913884041688531e-05
0.6450	2.8375687960675053e-05
0.6460	-2.5872941263695868e-05
0.6470	1.5625749716062615e-05
0.6480	-6.937294054976075e-06
0.6490	2.485302433287545e-05
0.6500	3.40129465802225e-05
0.6510	-3.502323212220931e-05
0.6520	1.5726778270261298e-05
0.6530	-9.294626986278625e-06
0.6540	4.849370601536674e-05
0.6550	6.869941685510289e-05
0.6560	-1.5693102085528402e-05
0.6570	3.704380320618293e-06
0.6580	2.936563308708319e-05
0.6590	3.6370279511525056e-05
0.6600	4.5462849389406316e-05
0.6610	5.18613244886561e-05
0.6620	2.7782852404637197e-05
0.6630	-5.792303774057694e-06
0.6640	1.3032683491629811e-05
0.6650	7.2403797175721176e-06
0.6660	7.779198673298414e-06
0.6670	5.724951404591906e-06
0.6680	2.737873818784247e-05
0.6690	1.8858663450420397e-05
0.6700	1.8858663450420397e-05
0.6710	2.9298280717617405e-05
0.6720	5.2534848183313964e-05
0.6730	6.903617870243182e-05
0.6740	3.502323212220931e-05
0.6750	2.8018585697767448e-05
0.6760	-3.6707041358853986e-07
0.6770	-2.744609055730826e-06
0.6780	3.468647027488037e-05
0.6790	5.219808633598503e-05
0.6800	6.566856022914245e-05
0.6810	7.105674978640543e-05
0.6820	7.206703532839223e-05
0.6830	9.496684094675987e-05
0.6840	7.74552248856552e-05
0.6850	0.0001037226489773122
0.6860	8.318017629024712e-05
0.6870	0.0001010285541986807
0.6880	0.00013908264294685044
0.6890	0.00011146817146587771
0.6900	0.00011651959917581175
0.6910	9.833445942004923e-05
0.6920	6.634208392380033e-05
0.6930	0.00012325483612239048
0.6940	0.00011247845700786451
0.6950	6.903617870243182e-05
0.6960	5.590246665660332e-05
0.6970	7.274055902305011e-05
0.6980	4.209523091611696e-05
0.6990	5.118780079399823e-05
0.7000	4.142170722145909e-05
0.7010	8.452722367956285e-05
0.7020	0.0001010285541986807
0.7030	9.665065018340454e-05
0.7040	8.621103291620753e-05
0.7050	4.2431992763445894e-05
0.7060	7.442436825969478e-05
0.7070	0.00011315198070252238
0.7080	9.597712648874667e-05
0.7090	0.00011180493331320664
0.7100	0.00015053254575603427
0.7110	0.00018252492125228316
0.7120	0.0001754529224583755
0.7130	0.00018151463571029633
0.7140	0.00021182320196990053
0.7150	0.000261663955374583
0.7160	0.000340129465802225
0.7170	0.00037717326900840796
0.7180	0.0004108494537413015
0.7190	0.0005186132448865609
0.7200	0.0006364798914516885
0.7210	0.0007947579596962881
0.7220	0.0010405941082464111
0.7230	0.001333108816454798
0.7240	0.001719745093373149
0.7250	0.002221119499294942
0.7260	0.0029309797972796054
0.7270	0.003935843473524416
0.7280	0.005317984814950308
0.7290	0.007293806984650852
0.7300	0.010152992523698402
0.7310	0.01444719438182096
0.7320	0.02109597782695339
0.7330	0.03140897937479166
0.7340	0.04743821693061297
0.7350	0.07189237379627508
0.7360	0.10723859757387605
0.7370	0.15505564800940477
0.7380	0.21488482179061447
0.7390	0.28392353630975664
0.7400	0.3594598787188577
0.7410	0.4395201888592769
0.7420	0.5236117033255286
0.7430	0.611373561592489
0.7440	0.7009318658311704
0.7450	0.7894749577020383
0.7460	0.8681890926663265
0.7470	0.9299180444244913
0.7480	0.9699652985774991
0.7490	0.9915723596544328
0.7500	1.0
0.7510	0.9988395557179077
0.7520	0.9934734880463958
0.7530	0.9869376208486726
0.7540	0.9818677655304529
0.7550	0.9774817017756159
0.7560	0.9738997141807907
0.7570	0.9702963523115158
0.7580	0.9682828397558622
0.7590	0.965594823528575
0.7600	0.9627246662885415
0.7610	0.9591365092166733
0.7620	0.9564380365340265
0.7630	0.9536340967760333
0.7640	0.9503511132902147
0.7650	0.9477004102756116
0.7660	0.94530764999797
0.7670	0.9436719943378749
0.7680	0.9396748635757551
0.7690	0.9355154674851183
0.7700	0.931871296815184
0.7710	0.9269529136082741
0.7720	0.9225677254342401
0.7730	0.9185943397499756
0.7740	0.9144032375314127
0.7750	0.9106318079269913
0.7760	0.9072913661347815
0.7770	0.9034707120511359
0.7780	0.9011797043656646
0.7790	0.8990287121534576
0.7800	0.895950729074582
0.7810	0.892817941372672
0.7820	0.8904797903961932
0.7830	0.8880358928320349
0.7840	0.8843935642494053
0.7850	0.8816684402341609
0.7860	0.8798535026694033
0.7870	0.8774466388055956
0.7880	0.8736695280288098
0.7890	0.8698644323425109
0.7900	0.8669350319582951
0.7910	0.8638055883015292
0.7920	0.860201128588632
0.7930	0.8560801031428797
0.7940	0.8532363244583475
0.7950	0.8489006672168188
0.7960	0.846686252645904
0.7970	0.8437347236407006
0.7980	0.8405463702339813
0.7990	0.8377723921775448
0.8000	0.8338962936233552
0.8010	0.8307546760258082
0.8020	0.8272977516782257
0.8030	0.8238652088883898
0.8040	0.8196317891760917
0.8050	0.815592600226859
0.8060	0.8116683346256457
0.8070	0.8075739470420173
0.8080	0.8004486489505328
0.8090	0.7935158169900339
0.8100	0.7860098466739474
0.8110	0.7785137906266462
0.8120	0.7705411424777681
0.8130	0.7620878509822898
0.8140	0.7554524740262996
0.8150	0.7475410895926876
0.8160	0.7401418929879152
0.8170	0.7324679795385657
0.8180	0.7321059841260164
0.8190	0.731869809674866
0.8200	0.7323817617704125
0.8210	0.7331772201947513
0.8220	0.7328168244009767
0.8230	0.7334089224485689
0.8240	0.7321538581902327
0.8250	0.734377008363467
0.8260	0.7354399062088619
0.8270	0.7353570324858528
0.8280	0.7295571616730856
0.8290	0.7237227323595455
0.8300	0.7197665181618762
0.8310	0.7148115861916758
0.8320	0.7097750803991969
0.8330	0.7055859415022041
0.8340	0.7007504522240143
0.8350	0.6934050667948265
0.8360	0.6853056244428107
0.8370	0.677267950948832
0.8380	0.6728378353767458
0.8390	0.6664716220624701
0.8400	0.6609470776332237
0.8410	0.6535472613866522
0.8420	0.6472907482441439
0.8430	0.6434232909989566
0.8440	0.6354008492433325
0.8450	0.6294851491931766
0.8460	0.6222577550124374
0.8470	0.6156812979092557
0.8480	0.6075852736899904
0.8490	0.5977961388718569
0.8500	0.5893666025570893
0.8510	0.5820282958619324
0.8520	0.5733576818435173
0.8530	0.5649943933193562
0.8540	0.5570007413340602
0.8550	0.5485267591906821
0.8560	0.5419626107330203
0.8570	0.532961784885207
0.8580	0.525146899558947
0.8590	0.5181352855318839
0.8600	0.5129124797178443
0.8610	0.5067575070075425
0.8620	0.50066551213031
0.8630	0.493723018472411
0.8640	0.48680188561848836
0.8650	0.48040602715879227
0.8660	0.4737771598093109
0.8670	0.4665664218695406
0.8680	0.4587200122667523
0.8690	0.45089780910555
0.8700	0.441963500457821
0.8710	0.433352762695861
0.8720	0.4255187492966729
0.8730	0.4178752791183219
0.8740	0.4097908866532632
0.8750	0.4015365237486206
0.8760	0.3936937814823497
0.8770	0.38580677187124734
0.8780	0.37911342136323944
0.8790	0.373023042942874
0.8800	0.36564303166054385
0.8810	0.35642240809021575
0.8820	0.34492037454706537
0.8830	0.3294466256584132
0.8840	0.3096470698122666
0.8850	0.2858625840857289
0.8860	0.2603137693648502
0.8870	0.23511766553238989
0.8880	0.21107574894689857
0.8890	0.19028115950283067
0.8900	0.1693245303606835
0.8910	0.14533333010939992
0.8920	0.11929184964397133
0.8930	0.0900233016298546
0.8940	0.06397364795439135
0.8950	0.04292700237045317
0.8960	0.028385339555219498
0.8970	0.018275563679388818
0.8980	0.011980417217754977
0.8990	0.00784512654015
0.9000	0.005258138867061482
0.9010	0.003568867353253129
0.9020	0.0024587925406658116
0.9030	0.001684610729841321
0.9040	0.001197289395808565
0.9050	0.000835152543283394
0.9060	0.0006044875159554395
0.9070	0.0004272901671279002
0.9080	0.00029542567761669814
0.9090	0.00021220003847706163
0.9100	0.00013599723090162272
0.9110	8.316468524526998e-05
0.9120	5.7336398602529924e-05
0.9130	2.1658467772928436e-05
0.9140	8.621103291620753e-06
0.9150	-1.2224455058040364e-05
0.9160	-1.963321569927695e-05
0.9170	-3.128517561685813e-05
0.9180	-3.121782324739234e-05
0.9190	-4.478932569474845e-05
0.9200	-5.18613244886561e-05
0.9210	-4.2431992763445894e-05
0.9220	-5.388189557262971e-05
0.9230	-4.478932569474845e-05
0.9240	-4.9167229710024614e-05
0.9250	-4.6136373084064185e-05
0.9260	-5.219808633598503e-05
0.9270	-4.579961123673525e-05
0.9280	-5.4218657419958636e-05
0.9290	-5.0851038946669286e-05
0.9300	-4.6136373084064185e-05
0.9310	-5.118780079399823e-05
0.9320	-4.007465983214335e-05
0.9330	-4.6473134931393126e-05
0.9340	-4.2431992763445894e-05
0.9350	-4.478932569474845e-05
0.9360	-4.1758469068788025e-05
0.9370	-4.3442278305432704e-05
0.9380	-4.310551645810376e-05
0.9390	-3.8054088748169734e-05
0.9400	-4.2768754610774835e-05
0.9410	-3.6370279511525056e-05
0.9420	-4.041142167947228e-05
0.9430	-3.40129465802225e-05
0.9440	-3.87276124428276e-05
0.9450	-3.7380565053511866e-05
0.9460	-3.670704135885399e-05
0.9470	-3.6370279511525056e-05
0.9480	-3.300266103823569e-05
0.9490	-3.468647027488037e-05
0.9500	-3.0645328106933145e-05
0.9510	-3.172296601838574e-05
0.9520	-3.003915678174106e-05
0.9530	-3.35078038092291e-05
0.9540	-2.9432985456548976e-05
0.9550	-2.7883880958835876e-05
0.9560	-2.7075652525246426e-05
0.9570	-2.6503157384787237e-05
0.9580	-2.785020477410298e-05
0.9590	-2.7782852404637197e-05
0.9600	-2.8153290436699023e-05
0.9610	-2.5896986059595152e-05
0.9620	-2.613271935272541e-05
0.9630	-2.613271935272541e-05
0.9640	-2.4314205377149157e-05
0.9650	-2.4011119714553115e-05
0.9660	-2.4381557746614945e-05
0.9670	-2.414582445348469e-05
0.9680	-2.3674357867224177e-05
0.9690	-2.188952007638082e-05
0.9700	-2.1283348751188735e-05
0.9710	-2.168746296798346e-05
0.9720	-2.3135538911497883e-05
0.9730	-2.131702493592163e-05
0.9740	-2.0744529795462438e-05
0.9750	-2.0845558349661117e-05
0.9760	-1.946483477561248e-05
0.9770	-1.8791311080954612e-05
0.9780	-1.8656606342023037e-05
0.9790	-1.774734935423491e-05
0.9800	-1.687176855117968e-05
0.9810	-1.7882054093166486e-05
0.9820	-1.7410587506905973e-05
0.9830	-1.6433978149652062e-05
0.9840	-1.6332949595453382e-05
0.9850	-1.5592073531329723e-05
0.9860	-1.491854983667185e-05
0.9870	-1.4009292848883724e-05
0.9880	-1.3268416784760068e-05
0.9890	-1.3133712045828491e-05
0.9900	-1.4143997587815297e-05
0.9910	-1.2830626383232449e-05
0.9920	-1.2056074134375897e-05
0.9930	-1.1685636102314067e-05
0.9940	-1.1113140961854878e-05
0.9950	-1.0338588712998325e-05
0.9960	-1.0069179235135178e-05
;; Skysat8 Band: PAN
0.3500	0.0
0.3510	0.0
0.3520	0.0
0.3530	0.0
0.3540	0.0
0.3550	0.0
0.3560	0.0
0.3570	0.0
0.3580	0.0
0.3590	0.0
0.3600	0.0
0.3610	0.0
0.3620	0.0
0.3630	0.0
0.3640	0.0
0.3650	0.0
0.3660	0.0
0.3670	0.0
0.3680	0.0
0.3690	0.0
0.3700	0.0
0.3710	0.0
0.3720	0.0
0.3730	0.0
0.3740	0.0
0.3750	0.0
0.3760	0.0
0.3770	0.0
0.3780	0.0
0.3790	0.0
0.3800	0.0
0.3810	0.0
0.3820	0.0
0.3830	0.0
0.3840	0.0
0.3850	0.0
0.3860	0.0
0.3870	0.0
0.3880	0.0
0.3890	0.0
0.3900	0.0
0.3910	0.0
0.3920	0.0
0.3930	0.0
0.3940	0.0
0.3950	0.0
0.3960	0.0
0.3970	1.0164865267440335e-05
0.3980	1.3929630181307126e-05
0.3990	8.82366776687529e-06
0.4000	2.8000439046884253e-05
0.4010	5.717736712935189e-05
0.4020	0.00013270796321380437
0.4030	0.00012635492242165416
0.4040	0.00015529655269700513
0.4050	0.0002216505343039073
0.4060	0.00012800200707147088
0.4070	0.00014211987549847134
0.4080	0.00021412100447617372
0.4090	0.00026353354397067535
0.4100	0.00025412163168600835
0.4110	0.00026823950011300887
0.4120	0.0002564746097571751
0.4130	0.00018635586323640613
0.4140	0.00011694301013698719
0.4150	7.600119169868584e-05
0.4160	6.80010662567189e-05
0.4170	9.1060251354153e-05
0.4180	0.0001352962390920878
0.4190	0.00020376790096304006
0.4200	0.00028471034661117604
0.4210	0.0003200050176786772
0.4220	0.0003764764913866791
0.4230	0.0003788294694578458
0.4240	0.0003600056448885119
0.4250	0.00027294545625534234
0.4260	0.0003011811931093432
0.4270	0.00046353668001984855
0.4280	0.0007294232020616907
0.4290	0.0009764858995341988
0.4300	0.0009623680311071984
0.4310	0.0009670739872495318
0.4320	0.001152585131358389
0.4330	0.0010169806521389785
0.4340	0.0007253196083055759
0.4350	0.0006619068492876321
0.4360	0.0007555153758928587
0.4370	0.001347472893080846
0.4380	0.0029332154045822495
0.4390	0.008668288859945795
0.4400	0.032589614534567664
0.4410	0.10706799176728739
0.4420	0.23818590887269817
0.4430	0.3581553947001183
0.4440	0.45211943511509556
0.4450	0.6175146755712894
0.4460	0.7892387305574128
0.4470	0.8329175683827664
0.4480	0.8479783221824447
0.4490	0.8640309832999358
0.4500	0.8679506235834249
0.4510	0.8675796718845493
0.4520	0.8694999490533188
0.4530	0.8713433991350866
0.4540	0.8699322970090053
0.4550	0.8684222874497025
0.4560	0.8689233423650671
0.4570	0.8710471144893435
0.4580	0.8730325715036624
0.4590	0.8734065632502059
0.4600	0.872709702911671
0.4610	0.8718606637163836
0.4620	0.8714043577379763
0.4630	0.8699830178043074
0.4640	0.867167700718959
0.4650	0.8629156222816633
0.4660	0.8579322476717611
0.4670	0.85347863666267
0.4680	0.8516337653821471
0.4690	0.8502059618177166
0.4700	0.8492278264805545
0.4710	0.8470568583221267
0.4720	0.8437424322342786
0.4730	0.8392718115467109
0.4740	0.8348761967411178
0.4750	0.8317343710067021
0.4760	0.8312204429483101
0.4770	0.8353191542749272
0.4780	0.8446976425060932
0.4790	0.8590966965185544
0.4800	0.8751622731326779
0.4810	0.8893766913088726
0.4820	0.9006289006846921
0.4830	0.9089523088427909
0.4840	0.9144483738446195
0.4850	0.9178135842581776
0.4860	0.9212548217461932
0.4870	0.923392229378392
0.4880	0.925489709325701
0.4890	0.9278889234159663
0.4900	0.9300037542235722
0.4910	0.9331111935364558
0.4920	0.9356414308576358
0.4930	0.9389354378017823
0.4940	0.94071136682482
0.4950	0.9412342291409482
0.4960	0.9407252423365057
0.4970	0.9403842487544322
0.4980	0.9388541800570728
0.4990	0.937437611962932
0.5000	0.9373319303058436
0.5010	0.9387456842382113
0.5020	0.9413535133642661
0.5030	0.9446557910263327
0.5040	0.9477923743256058
0.5050	0.9495423405886063
0.5060	0.9502058333451139
0.5070	0.9493426292218379
0.5080	0.9471438653334555
0.5090	0.9444982097319287
0.5100	0.9424078993088023
0.5110	0.9415042639633295
0.5120	0.9425380001723133
0.5130	0.9447266344900994
0.5140	0.9474115518837217
0.5150	0.9503300399985566
0.5160	0.9524951845362583
0.5170	0.9532015085525953
0.5180	0.95292440303111
0.5190	0.952953690549162
0.5200	0.9542891232534526
0.5210	0.9538784532847358
0.5220	0.9548487296751401
0.5230	0.9567637573498329
0.5240	0.9580304854474235
0.5250	0.959633621172827
0.5260	0.9606693291774345
0.5270	0.9614535602977078
0.5280	0.9620042418735714
0.5290	0.9616328901684237
0.5300	0.9619945946634797
0.5310	0.9622713142965611
0.5320	0.9612811034759378
0.5330	0.9590996669180714
0.5340	0.9549207590398546
0.5350	0.9499942747337572
0.5360	0.9410889327450537
0.5370	0.9331127041483774
0.5380	0.9247099723935437
0.5390	0.9172704792717032
0.5400	0.9121623521174459
0.5410	0.910313050179215
0.5420	0.9130619262227679
0.5430	0.9190129654174154
0.5440	0.926987191629753
0.5450	0.9375340134745078
0.5460	0.9481042756868074
0.5470	0.9579193637050346
0.5480	0.9650615768714077
0.5490	0.9714882470533608
0.5500	0.9770484589433656
0.5510	0.981627975456067
0.5520	0.9843339684742728
0.5530	0.9877360359363375
0.5540	0.9896534707075972
0.5550	0.9902419575821302
0.5560	0.9917110229700166
0.5570	0.9914972690301196
0.5580	0.9935960689981267
0.5590	0.9948810256168347
0.5600	0.9974900853504206
0.5610	0.9981696160054613
0.5620	0.9996454509112586
0.5630	1.0
0.5640	0.9992836852387728
0.5650	0.9978562416799872
0.5660	0.995635465681749
0.5670	0.9923854429566867
0.5680	0.9875823676444658
0.5690	0.9833053476396156
0.5700	0.9788405223370372
0.5710	0.9740513225365021
0.5720	0.9699691338219006
0.5730	0.966530835203496
0.5740	0.963322777842333
0.5750	0.9613283324517823
0.5760	0.9589348784518353
0.5770	0.9568214453132037
0.5780	0.9541393044337052
0.5790	0.9530905350478248
0.5800	0.9511989547996113
0.5810	0.9496899029023833
0.5820	0.949267477455223
0.5830	0.9493177794204284
0.5840	0.9495433147215278
0.5850	0.9509821231643971
0.5860	0.9525916001657024
0.5870	0.9543514865842508
0.5880	0.9550479775052284
0.5890	0.9558724633743433
0.5900	0.9574884440070374
0.5910	0.9586114192623482
0.5920	0.9604136592861776
0.5930	0.9625199346655168
0.5940	0.964920473482436
0.5950	0.9670706719034297
0.5960	0.9692802547849833
0.5970	0.9720101140597649
0.5980	0.9752188631964808
0.5990	0.9776128583813841
0.6000	0.9794485412825391
0.6010	0.9815616167685038
0.6020	0.9826735753804855
0.6030	0.9824822406156505
0.6040	0.9823835802451264
0.6050	0.9825432698078823
0.6060	0.9822120904973437
0.6070	0.9820701094475514
0.6080	0.9796402737006681
0.6090	0.9773915537348566
0.6100	0.9753669408124555
0.6110	0.9725453012750299
0.6120	0.9706595211177617
0.6130	0.9671849584013242
0.6140	0.9631773614445569
0.6150	0.9605596992231427
0.6160	0.9571734696564749
0.6170	0.9538384761873065
0.6180	0.9514752932502453
0.6190	0.9491122444329338
0.6200	0.9474041329438634
0.6210	0.9457942512303299
0.6220	0.9455149244975455
0.6230	0.9432405829535172
0.6240	0.9411783717945168
0.6250	0.9391090193470704
0.6260	0.9366895719983713
0.6270	0.9353552263699495
0.6280	0.9306796754102515
0.6290	0.926457919801359
0.6300	0.9228234134005339
0.6310	0.9197577488603256
0.6320	0.9165904568442457
0.6330	0.913650947223323
0.6340	0.912079929648591
0.6350	0.9101704008836505
0.6360	0.9082353234828134
0.6370	0.9068071999133652
0.6380	0.9069691153933764
0.6390	0.9069812073476842
0.6400	0.9067161184852084
0.6410	0.906584349360245
0.6420	0.9074180565504208
0.6430	0.9077627701908247
0.6440	0.9084770613909108
0.6450	0.9094587850196314
0.6460	0.9099524515838526
0.6470	0.9107367674113365
0.6480	0.910028575130411
0.6490	0.9095305390859117
0.6500	0.9084684471381923
0.6510	0.9071639325657568
0.6520	0.9057900333759586
0.6530	0.9045370819649745
0.6540	0.9023907141922809
0.6550	0.8995675028655037
0.6560	0.8974393330252124
0.6570	0.8950638134241239
0.6580	0.8934797156442942
0.6590	0.8925808521383497
0.6600	0.8921159483780706
0.6610	0.8909536077996291
0.6620	0.889554915279895
0.6630	0.8885806788273969
0.6640	0.8879479842008628
0.6650	0.8864942084644828
0.6660	0.8844873393497164
0.6670	0.8829363667951725
0.6680	0.8801670292543129
0.6690	0.8767309753769881
0.6700	0.873176084342179
0.6710	0.8704891339755031
0.6720	0.8673915183460665
0.6730	0.8642829896043358
0.6740	0.8614248906716975
0.6750	0.8591591892631465
0.6760	0.856608798684787
0.6770	0.854155501393556
0.6780	0.8512106363945434
0.6790	0.8486289747376181
0.6800	0.8457455201132847
0.6810	0.8427347646693453
0.6820	0.8394413765584315
0.6830	0.8364964574409233
0.6840	0.8333639895002966
0.6850	0.8297698460853042
0.6860	0.8274484143911377
0.6870	0.8254898025036327
0.6880	0.8234763144615519
0.6890	0.8214778878321047
0.6900	0.8197906166698106
0.6910	0.817490578252267
0.6920	0.816058692270883
0.6930	0.8156514411793035
0.6940	0.8145396637466334
0.6950	0.8126090640630657
0.6960	0.8109910716341209
0.6970	0.8102814558014624
0.6980	0.8077680563913595
0.6990	0.8051873712203336
0.7000	0.8033196689935863
0.7010	0.8014717811951763
0.7020	0.7991588813994956
0.7030	0.7967590931825811
0.7040	0.794835790084012
0.7050	0.7934252503196897
0.7060	0.7921409760646223
0.7070	0.7909425196257666
0.7080	0.7912581669280574
0.7090	0.7908711985074514
0.7100	0.7902302872814928
0.7110	0.7903205639911494
0.7120	0.7894193028005503
0.7130	0.7884043104148815
0.7140	0.7878771350899488
0.7150	0.7872791021833812
0.7160	0.7865766911695764
0.7170	0.7856414553286079
0.7180	0.7835057677233791
0.7190	0.7815190095121868
0.7200	0.7790924679346032
0.7210	0.7770193060156595
0.7220	0.7754890914336595
0.7230	0.7735108392381946
0.7240	0.7714882404650222
0.7250	0.7693279524740595
0.7260	0.7670633334354212
0.7270	0.7653686433332687
0.7280	0.7634762560135767
0.7290	0.7606970100820594
0.7300	0.7579984971811417
0.7310	0.7547314788954714
0.7320	0.7509448548153235
0.7330	0.7476020871066081
0.7340	0.7445196764214674
0.7350	0.7414929583742933
0.7360	0.7382946964608404
0.7370	0.7348123477399655
0.7380	0.7325747950080798
0.7390	0.7302839473228823
0.7400	0.7276523484123525
0.7410	0.7253337967633451
0.7420	0.7230344995338939
0.7430	0.7205963083618798
0.7440	0.7176702295397874
0.7450	0.7152952134760061
0.7460	0.7124493123816887
0.7470	0.7096101878642163
0.7480	0.7059485422143184
0.7490	0.7025260697264204
0.7500	0.6995242555991513
0.7510	0.6955505250557623
0.7520	0.6914238203490325
0.7530	0.6872904543613833
0.7540	0.6838882480736121
0.7550	0.6805636241788036
0.7560	0.6773629269330473
0.7570	0.6741267820726489
0.7580	0.6722942498091311
0.7590	0.6705608202760149
0.7600	0.6691905234956437
0.7610	0.6675908090003557
0.7620	0.6667001926825508
0.7630	0.66543128102131
0.7640	0.6635711389131053
0.7650	0.6616621654509895
0.7660	0.659888883528282
0.7670	0.6585656180735973
0.7680	0.6554778896580157
0.7690	0.6522145161353777
0.7700	0.6492397824327297
0.7710	0.6455114157366458
0.7720	0.6420403777813588
0.7730	0.6387004736469563
0.7740	0.6353529082159537
0.7750	0.6324997575961991
0.7760	0.6299075922451641
0.7770	0.6271468618980887
0.7780	0.6257049545830996
0.7790	0.6244947403128223
0.7800	0.622632927590187
0.7810	0.6208566032668333
0.7820	0.6195285306779492
0.7830	0.6178939073999974
0.7840	0.6152764828293683
0.7850	0.6133214733512904
0.7860	0.6119233055456663
0.7870	0.6098096465211399
0.7880	0.6070184309901744
0.7890	0.6043230193143546
0.7900	0.6020601250086425
0.7910	0.5997931576978892
0.7920	0.5970585454074038
0.7930	0.5943115658641762
0.7940	0.5923369019602698
0.7950	0.5893213558529774
0.7960	0.5876612004099754
0.7970	0.5856321403590197
0.7980	0.5834865608339798
0.7990	0.5816158115006302
0.8000	0.5790983155557056
0.8010	0.5769659197667983
0.8020	0.5747645558376473
0.8030	0.5723073973094016
0.8040	0.5691760682101613
0.8050	0.5662085322674331
0.8060	0.5632270243409181
0.8070	0.5601650492703255
0.8080	0.5549374049479213
0.8090	0.5499762259801645
0.8100	0.5448531338853746
0.8110	0.5394683412165314
0.8120	0.5340780284611333
0.8130	0.5282214072175475
0.8140	0.5238706307620786
0.8150	0.5185455566766817
0.8160	0.5136216677053967
0.8170	0.5083313447531328
0.8180	0.508423367372518
0.8190	0.5082833463534591
0.8200	0.5088977701052705
0.8210	0.5095616369852914
0.8220	0.5093013246683002
0.8230	0.5095282058728563
0.8240	0.5086809808236616
0.8250	0.5100008485780115
0.8260	0.5108280239010619
0.8270	0.5104876726820018
0.8280	0.5061336208810577
0.8290	0.502084849161023
0.8300	0.4991867801898899
0.8310	0.4958887920068469
0.8320	0.4924805220945864
0.8330	0.4896041052276641
0.8340	0.4865402477746145
0.8350	0.48157340283566236
0.8360	0.475992343559947
0.8370	0.4706736907517063
0.8380	0.46755784895413044
0.8390	0.46332628613263716
0.8400	0.4592079486159284
0.8410	0.45397331359567483
0.8420	0.44919123861273913
0.8430	0.4462503313228422
0.8440	0.44055012429653717
0.8450	0.43632645571647266
0.8460	0.4308647324295927
0.8470	0.42583531709777206
0.8480	0.42000283035026226
0.8490	0.4132556704371478
0.8500	0.40768957610196505
0.8510	0.402057508967623
0.8520	0.39665978433130067
0.8530	0.39059957401308526
0.8540	0.3853165970583595
0.8550	0.3792804459409218
0.8560	0.37491508572736776
0.8570	0.369371539981041
0.8580	0.36357532203752013
0.8590	0.3587875057880907
0.8600	0.35515279467817346
0.8610	0.35098155280251264
0.8620	0.34671152820146806
0.8630	0.3419322979690204
0.8640	0.3372634482908692
0.8650	0.3329781693329893
0.8660	0.3285985547782801
0.8670	0.3236830518208408
0.8680	0.3184176327884821
0.8690	0.3128959979739541
0.8700	0.30661787365061177
0.8710	0.30035158480696744
0.8720	0.29454955030165464
0.8730	0.28880611200924805
0.8740	0.2828807485113131
0.8750	0.27696277336452163
0.8760	0.2714318560515029
0.8770	0.26610336073599045
0.8780	0.26155219055011253
0.8790	0.25711038678498244
0.8800	0.2510453269789623
0.8810	0.242662023764062
0.8820	0.2315964667267159
0.8830	0.2173135792416284
0.8840	0.2004588726068872
0.8850	0.18211394495842168
0.8860	0.16493129435798964
0.8870	0.14993189681449498
0.8880	0.13653748443716773
0.8890	0.12430102198120113
0.8900	0.10994505805615738
0.8910	0.09162323194639457
0.8920	0.07215914557304964
0.8930	0.052162166138059164
0.8940	0.03617209659023924
0.8950	0.024186562774716074
0.8960	0.016217602527301745
0.8970	0.010733791835267742
0.8980	0.007274450533972608
0.8990	0.00493777860083905
0.9000	0.003441418667327057
0.9010	0.002420736780682133
0.9020	0.0017261611838544218
0.9030	0.0012545443771381864
0.9040	0.0009083271837467116
0.9050	0.0006626080367528399
0.9060	0.0004935159736245841
0.9070	0.00036863636845355145
0.9080	0.00028178559486871576
0.9090	0.000208220676664916
0.9100	0.00014942940187655086
0.9110	0.00010857017296854744
0.9120	8.211893468371937e-05
0.9130	5.623617590088519e-05
0.9140	4.0235925016951325e-05
0.9150	2.188269606185072e-05
0.9160	1.2164896627932067e-05
0.9170	7.317761801328574e-06
0.9180	-3.6000564488851186e-06
0.9190	-1.4423755576252141e-05
0.9200	-1.809440136727226e-05
0.9210	-2.0917975052672354e-05
0.9220	-2.2306232114660737e-05
0.9230	-1.9012062815027296e-05
0.9240	-2.6353354397067533e-05
0.9250	-2.33415424659741e-05
0.9260	-2.308271487814576e-05
0.9270	-2.228270233394907e-05
0.9280	-2.8000439046884253e-05
0.9290	-2.9176928082467628e-05
0.9300	-2.7059247818417557e-05
0.9310	-3.200050176786772e-05
0.9320	-2.6823950011300882e-05
0.9330	-2.8000439046884253e-05
0.9340	-2.447097194013414e-05
0.9350	-2.4706269747250812e-05
0.9360	-2.2635649044624075e-05
0.9370	-2.4235674133017462e-05
0.9380	-2.400037632590079e-05
0.9390	-2.0965034614095688e-05
0.9400	-2.2870946851740754e-05
0.9410	-1.974148601708898e-05
0.9420	-2.2870946851740754e-05
0.9430	-2.1223862201924033e-05
0.9440	-2.2565059702489075e-05
0.9450	-2.0376790096304004e-05
0.9460	-2.1106213298365696e-05
0.9470	-2.1835636500427384e-05
0.9480	-1.9623837113530646e-05
0.9490	-1.967089667495398e-05
0.9500	-1.72708590423639e-05
0.9510	-1.8329699174388938e-05
0.9520	-1.7764984437308918e-05
0.9530	-1.8659116104352283e-05
0.9540	-1.767086531446225e-05
0.9550	-1.663555496314888e-05
0.9560	-1.562377439254718e-05
0.9570	-1.5317887243295505e-05
0.9580	-1.600025088393386e-05
0.9590	-1.5976721103222193e-05
0.9600	-1.5670833953970514e-05
0.9610	-1.5200238339737168e-05
0.9620	-1.51767085590255e-05
0.9630	-1.4706112944792151e-05
0.9640	-1.397668974273046e-05
0.9650	-1.3388445224938773e-05
0.9660	-1.407080886557713e-05
0.9670	-1.4329636453405472e-05
0.9680	-1.4329636453405472e-05
0.9690	-1.2729611365012085e-05
0.9700	-1.21413668472204e-05
0.9710	-1.31531474178221e-05
0.9720	-1.4306106672693805e-05
0.9730	-1.3129617637110433e-05
0.9740	-1.2753141145723752e-05
0.9750	-1.1741360575122052e-05
0.9760	-1.0353103513133675e-05
0.9770	-1.0258984390287004e-05
0.9780	-1.0376633293845342e-05
0.9790	-9.670739872495317e-06
0.9800	-9.529561188225315e-06
0.9810	-1.0517811978115348e-05
0.9820	-1.0070746144593665e-05
0.9830	-9.341322942531975e-06
0.9840	-8.894257109010292e-06
0.9850	-8.63542952118195e-06
0.9860	-8.117774345525267e-06
0.9870	-7.553059608445249e-06
0.9880	-7.247172459193572e-06
0.9890	-7.270702239905239e-06
0.9900	-7.623648950580251e-06
0.9910	-7.200112897770237e-06
0.9920	-6.89422574851856e-06
0.9930	-6.753047064248556e-06
0.9940	-6.564808818555216e-06
0.9950	-5.600087809376851e-06
0.9960	-5.3412602215485085e-06
