;; SPOT6 RSR
;;
;; tabulated QV 2019-02-28
;; source file from Airbus SpectralValues_Normalized-PHR1A_PHR1B_SPOT6_SPOT7.xlsx
;;
;; datasets: wavelength RSR
;;
;; BAND 0 Blue
400	0.00006627
401	0.00006114
402	0.00005964
403	0.00006755
404	0.00007354
405	0.00007335
406	0.00007303
407	0.00006988
408	0.00006669
409	0.00006467
410	0.00008891
411	0.00010731
412	0.00006420
413	0.00008781
414	0.00008978
415	0.00008292
416	0.00008193
417	0.00005499
418	0.00008203
419	0.00011262
420	0.00009092
421	0.00010575
422	0.00013926
423	0.00016613
424	0.00019666
425	0.00019375
426	0.00021841
427	0.00033008
428	0.00059283
429	0.00096710
430	0.00120426
431	0.00143132
432	0.00190776
433	0.00246548
434	0.00314995
435	0.00393858
436	0.00502501
437	0.00693758
438	0.00995331
439	0.01395395
440	0.01816332
441	0.02248784
442	0.02806060
443	0.03582005
444	0.04774668
445	0.06795621
446	0.09842750
447	0.13108997
448	0.16221496
449	0.20486488
450	0.26488470
451	0.33784410
452	0.41558626
453	0.48567541
454	0.54882896
455	0.61466150
456	0.68475833
457	0.75228611
458	0.80736646
459	0.84246227
460	0.85754473
461	0.85841741
462	0.85407547
463	0.85129313
464	0.85144931
465	0.85321674
466	0.85405128
467	0.85387063
468	0.85555834
469	0.86252514
470	0.87558536
471	0.89251130
472	0.90900546
473	0.92154349
474	0.92918777
475	0.93306769
476	0.93515923
477	0.93666027
478	0.93739349
479	0.93661481
480	0.93379608
481	0.92929650
482	0.92442581
483	0.92058032
484	0.91895381
485	0.92090421
486	0.92631122
487	0.93455782
488	0.94463030
489	0.95473194
490	0.96364502
491	0.97043568
492	0.97436437
493	0.97495098
494	0.97200508
495	0.96636029
496	0.95962307
497	0.95371958
498	0.95061152
499	0.95192705
500	0.95818895
501	0.96856416
502	0.98070274
503	0.99142860
504	0.99788650
505	1
506	0.99910819
507	0.99808156
508	0.99650360
509	0.99314712
510	0.98404465
511	0.96550845
512	0.93867401
513	0.90804427
514	0.87480177
515	0.83387151
516	0.77606904
517	0.69859059
518	0.60871934
519	0.51759429
520	0.43125686
521	0.34977809
522	0.27392459
523	0.20473488
524	0.14738691
525	0.10459452
526	0.07555179
527	0.05654570
528	0.04380857
529	0.03477386
530	0.02793581
531	0.02225302
532	0.01751704
533	0.01359022
534	0.01046026
535	0.00814691
536	0.00649078
537	0.00530930
538	0.00446096
539	0.00383097
540	0.00333164
541	0.00292664
542	0.00257637
543	0.00225949
544	0.00198202
545	0.00172287
546	0.00150439
547	0.00130359
548	0.00113903
549	0.00099076
550	0.00086925
551	0.00076142
552	0.00067853
553	0.00060841
554	0.00055953
555	0.00051880
556	0.00049699
557	0.00047445
558	0.00045863
559	0.00044229
560	0.00042470
561	0.00040647
562	0.00038780
563	0.00035963
564	0.00033330
565	0.00029660
566	0.00027179
567	0.00024451
568	0.00022875
569	0.00021524
570	0.00021255
571	0.00021004
572	0.00021079
573	0.00021138
574	0.00021521
575	0.00021336
576	0.00021459
577	0.00020993
578	0.00020747
579	0.00019888
580	0.00019065
581	0.00018249
582	0.00017164
583	0.00016473
584	0.00015826
585	0.00015437
586	0.00015378
587	0.00015002
588	0.00015089
589	0.00015050
590	0.00015245
591	0.00015136
592	0.00015264
593	0.00015147
594	0.00015009
595	0.00014792
596	0.00014493
597	0.00014083
598	0.00013665
599	0.00013056
600	0.00012700
601	0.00012212
602	0.00011620
603	0.00011384
604	0.00010918
605	0.00010782
606	0.00010377
607	0.00010231
608	0.00010126
609	0.00010021
610	0.00009925
611	0.00009923
612	0.00009906
613	0.00009850
614	0.00009892
615	0.00009742
616	0.00009802
617	0.00009809
618	0.00009662
619	0.00009692
620	0.00009575
621	0.00009546
622	0.00009575
623	0.00009469
624	0.00009485
625	0.00009453
626	0.00009384
627	0.00009463
628	0.00009451
629	0.00009458
630	0.00009520
631	0.00009478
632	0.00009588
633	0.00009579
634	0.00009545
635	0.00009560
636	0.00009549
637	0.00009549
638	0.00009551
639	0.00009535
640	0.00009579
641	0.00009570
642	0.00009544
643	0.00009552
644	0.00009622
645	0.00009645
646	0.00009648
647	0.00009799
648	0.00009797
649	0.00009864
650	0.00009916
651	0.00010183
652	0.00010153
653	0.00010358
654	0.00010461
655	0.00010712
656	0.00010718
657	0.00011085
658	0.00011321
659	0.00011173
660	0.00011398
661	0.00011982
662	0.00011831
663	0.00012135
664	0.00012902
665	0.00012720
666	0.00013658
667	0.00013538
668	0.00014397
669	0.00014356
670	0.00015119
671	0.00015202
672	0.00015693
673	0.00015686
674	0.00015130
675	0.00015184
676	0.00013690
677	0.00013092
678	0.00013335
679	0.00011361
680	0.00010715
681	0.00010823
682	0.00009932
683	0.00009856
684	0.00009765
685	0.00009914
686	0.00010008
687	0.00010777
688	0.00010686
689	0.00011218
690	0.00012769
691	0.00012456
692	0.00014074
693	0.00014680
694	0.00014400
695	0.00015360
696	0.00015552
697	0.00015166
698	0.00015221
699	0.00014625
700	0.00014561
701	0.00013613
702	0.00013172
703	0.00013242
704	0.00012141
705	0.00012300
706	0.00011836
707	0.00010821
708	0.00010974
709	0.00010309
710	0.00010302
711	0.00010127
712	0.00009629
713	0.00009854
714	0.00009280
715	0.00009475
716	0.00009054
717	0.00009196
718	0.00008822
719	0.00008866
720	0.00008744
721	0.00008550
722	0.00008673
723	0.00008483
724	0.00008628
725	0.00008449
726	0.00009254
727	0.00008532
728	0.00009594
729	0.00008917
730	0.00009084
731	0.00010183
732	0.00009128
733	0.00010000
734	0.00008800
735	0.00009430
736	0.00008055
737	0.00008475
738	0.00007796
739	0.00007850
740	0.00007713
741	0.00007770
742	0.00007623
743	0.00007664
744	0.00007474
745	0.00007405
746	0.00007519
747	0.00007318
748	0.00007349
749	0.00007204
750	0.00007375
751	0.00007369
752	0.00007149
753	0.00007148
754	0.00007312
755	0.00007167
756	0.00007255
757	0.00007120
758	0.00007186
759	0.00007087
760	0.00007145
761	0.00007024
762	0.00007096
763	0.00007041
764	0.00007088
765	0.00006995
766	0.00007149
767	0.00006924
768	0.00007103
769	0.00006949
770	0.00007093
771	0.00006951
772	0.00007194
773	0.00007193
774	0.00006859
775	0.00006781
776	0.00007056
777	0.00006741
778	0.00006870
779	0.00006628
780	0.00006687
781	0.00006601
782	0.00006595
783	0.00006670
784	0.00006450
785	0.00006595
786	0.00006433
787	0.00006569
788	0.00006431
789	0.00006573
790	0.00006406
791	0.00006507
792	0.00006298
793	0.00006428
794	0.00006201
795	0.00006357
796	0.00006101
797	0.00006096
798	0.00006309
799	0.00006103
800	0.00006314
801	0.00006382
802	0.00006164
803	0.00006245
804	0.00006061
805	0.00005973
806	0.00006261
807	0.00005982
808	0.00006197
809	0.00005956
810	0.00006099
811	0.00005881
812	0.00005972
813	0.00006005
814	0.00005691
815	0.00005647
816	0.00005823
817	0.00005603
818	0.00005759
819	0.00005605
820	0.00005558
821	0.00005646
822	0.00005480
823	0.00005543
824	0.00005551
825	0.00005357
826	0.00005295
827	0.00005549
828	0.00005286
829	0.00005495
830	0.00005278
831	0.00005414
832	0.00005475
833	0.00005169
834	0.00005307
835	0.00005117
836	0.00005068
837	0.00005036
838	0.00005270
839	0.00004991
840	0.00005177
841	0.00005900
842	0.00004889
843	0.00006116
844	0.00005285
845	0.00006427
846	0.00005589
847	0.00006943
848	0.00006195
849	0.00007219
850	0.00007275
851	0.00006694
852	0.00007232
853	0.00006712
854	0.00007044
855	0.00006607
856	0.00007040
857	0.00007120
858	0.00006047
859	0.00006863
860	0.00006547
861	0.00005919
862	0.00006852
863	0.00005996
864	0.00006589
865	0.00006938
866	0.00006013
867	0.00007365
868	0.00006702
869	0.00007595
870	0.00008089
871	0.00006987
872	0.00008784
873	0.00007751
874	0.00009504
875	0.00010978
876	0.00008984
877	0.00012777
878	0.00010534
879	0.00014784
880	0.00012341
881	0.00017455
882	0.00018601
883	0.00015342
884	0.00020484
885	0.00017984
886	0.00018931
887	0.00022557
888	0.00022780
889	0.00021393
890	0.00022939
891	0.00023016
892	0.00021920
893	0.00021508
894	0.00022046
895	0.00020159
896	0.00021016
897	0.00018988
898	0.00019842
899	0.00017117
900	0.00018205
901	0.00015240
902	0.00014443
903	0.00015946
904	0.00014629
905	0.00012207
906	0.00013127
907	0.00010545
908	0.00011422
909	0.00009446
910	0.00009843
911	0.00008316
912	0.00008914
913	0.00008435
914	0.00006511
915	0.00007269
916	0.00006160
917	0.00006279
918	0.00005814
919	0.00005882
920	0.00005406
921	0.00005351
922	0.00005183
923	0.00005084
924	0.00004786
925	0.00004877
926	0.00004859
927	0.00004583
928	0.00004279
929	0.00004263
930	0.00004130
931	0.00004093
932	0.00004059
933	0.00004012
934	0.00004037
935	0.00004396
936	0.00004304
937	0.00004054
938	0.00004200
939	0.00004073
940	0.00004199
941	0.00004077
942	0.00004125
943	0.00003820
944	0.00003723
945	0.00003610
946	0.00003503
947	0.00003232
948	0.00003214
949	0.00003263
950	0.00003065
951	0.00003127
952	0.00002955
953	0.00002956
954	0.00002840
955	0.00002896
956	0.00002780
957	0.00002805
958	0.00002680
959	0.00002585
960	0.00002704
961	0.00002540
962	0.00002576
963	0.00002438
964	0.00002409
965	0.00002110
966	0.00002288
967	0.00001930
968	0.00002147
969	0.00001830
970	0.00001907
971	0.00001917
972	0.00001634
973	0.00001778
974	0.00001705
975	0.00001506
976	0.00001555
977	0.00001544
978	0.00001376
979	0.00001432
980	0.00001256
981	0.00001321
982	0.00001143
983	0.00001207
984	0.00001040
985	0.00001079
986	0.00001077
987	0.00000938
988	0.00000992
989	0.00000926
990	0.00000875
991	0.00000915
992	0.00000791
993	0.00000858
994	0.00000757
995	0.00000885
996	0.00000740
997	0.00000859
998	0.00000871
999	0.00000732
1000	0.00000711
;;
;; BAND 1 Green
400	0.00001010
401	0.00001389
402	0.00001902
403	0.00001356
404	0.00001327
405	0.00002873
406	0.00003122
407	0.00002184
408	0.00002860
409	0.00002274
410	0.00006723
411	0.00008343
412	0.00001226
413	0.00006171
414	0.00005563
415	0.00004426
416	0.00004539
417	0.00000677
418	0.00002035
419	0.00001522
420	0.00000528
421	0.00001865
422	0.00001834
423	0.00002028
424	0.00001608
425	0.00000017
426	0.00000057
427	0.00001313
428	0.00001658
429	0.00000224
430	0.00001983
431	0.00001885
432	0.00001859
433	0.00001975
434	0.00000023
435	0.00000139
436	0.00001634
437	0.00001789
438	0.00000616
439	0.00002267
440	0.00001903
441	0.00001956
442	0.00001844
443	0.00000342
444	0.00001448
445	0.00001340
446	0.00000774
447	0.00001880
448	0.00001632
449	0.00001912
450	0.00001915
451	0.00000950
452	0.00000865
453	0.00000927
454	0.00001089
455	0.00001236
456	0.00001349
457	0.00001273
458	0.00001062
459	0.00000958
460	0.00000938
461	0.00000973
462	0.00000998
463	0.00001014
464	0.00001042
465	0.00001060
466	0.00001115
467	0.00001174
468	0.00001254
469	0.00001338
470	0.00001400
471	0.00001431
472	0.00001481
473	0.00001528
474	0.00001646
475	0.00001812
476	0.00001991
477	0.00002232
478	0.00002548
479	0.00002855
480	0.00003235
481	0.00003705
482	0.00004200
483	0.00004766
484	0.00005414
485	0.00006070
486	0.00006821
487	0.00007648
488	0.00008464
489	0.00009410
490	0.00010524
491	0.00011803
492	0.00013402
493	0.00015319
494	0.00017614
495	0.00020243
496	0.00023094
497	0.00026260
498	0.00029673
499	0.00033499
500	0.00038048
501	0.00043594
502	0.00050952
503	0.00061362
504	0.00076395
505	0.00097908
506	0.00126923
507	0.00163382
508	0.00207590
509	0.00261314
510	0.00327921
511	0.00413303
512	0.00526369
513	0.00684627
514	0.00915649
515	0.01267648
516	0.01800685
517	0.02585007
518	0.03667779
519	0.05118064
520	0.07035894
521	0.09617429
522	0.13094754
523	0.17727190
524	0.23641290
525	0.30751157
526	0.38790047
527	0.47436827
528	0.56468213
529	0.65643377
530	0.74674718
531	0.82841738
532	0.89713046
533	0.94858047
534	0.98476388
535	1.00572477
536	1.01799762
537	1.02241761
538	1.02351216
539	1.02270186
540	1.02115905
541	1.01965328
542	1.01731773
543	1.01540955
544	1.01129946
545	1.00955329
546	1.00573235
547	1.00407549
548	1.00164097
549	1.00130077
550	0.99962912
551	1.00130006
552	1.00140898
553	1.00384853
554	1.00599723
555	1.00910590
556	1.01051975
557	1.01099594
558	1.00890543
559	1.00483865
560	0.99901144
561	0.99220799
562	0.98468953
563	0.97823873
564	0.97314859
565	0.97022501
566	0.96868569
567	0.97004107
568	0.97166154
569	0.97626613
570	0.98067188
571	0.98683373
572	0.99219054
573	0.99666299
574	1
575	0.99912543
576	0.99696320
577	0.99036225
578	0.98384547
579	0.97519907
580	0.96391617
581	0.94573906
582	0.91096960
583	0.85904551
584	0.79290657
585	0.72361833
586	0.65257621
587	0.57623116
588	0.48870213
589	0.39405229
590	0.29840580
591	0.21347365
592	0.14739732
593	0.10143634
594	0.07106678
595	0.05101665
596	0.03753145
597	0.02803887
598	0.02107987
599	0.01582745
600	0.01178705
601	0.00868732
602	0.00634606
603	0.00461992
604	0.00337907
605	0.00250694
606	0.00189987
607	0.00147499
608	0.00117574
609	0.00096470
610	0.00080813
611	0.00069267
612	0.00060187
613	0.00053101
614	0.00046977
615	0.00041864
616	0.00037515
617	0.00033197
618	0.00029595
619	0.00026098
620	0.00022974
621	0.00020299
622	0.00017878
623	0.00015870
624	0.00014470
625	0.00012912
626	0.00012281
627	0.00011148
628	0.00010580
629	0.00010508
630	0.00009942
631	0.00009982
632	0.00009664
633	0.00009667
634	0.00009589
635	0.00009628
636	0.00009600
637	0.00009459
638	0.00009484
639	0.00009162
640	0.00009246
641	0.00008883
642	0.00008616
643	0.00008688
644	0.00008318
645	0.00008295
646	0.00008153
647	0.00008262
648	0.00008265
649	0.00008855
650	0.00009224
651	0.00008974
652	0.00010120
653	0.00010537
654	0.00010299
655	0.00011271
656	0.00011213
657	0.00011810
658	0.00011639
659	0.00011824
660	0.00011152
661	0.00011302
662	0.00010361
663	0.00010441
664	0.00009482
665	0.00009519
666	0.00008675
667	0.00008735
668	0.00008078
669	0.00008067
670	0.00007509
671	0.00007486
672	0.00006895
673	0.00006944
674	0.00006375
675	0.00006358
676	0.00005878
677	0.00005896
678	0.00005523
679	0.00005501
680	0.00005343
681	0.00005281
682	0.00005140
683	0.00005170
684	0.00005134
685	0.00005138
686	0.00005107
687	0.00005085
688	0.00005096
689	0.00005018
690	0.00005046
691	0.00004904
692	0.00004833
693	0.00004769
694	0.00004781
695	0.00004694
696	0.00004600
697	0.00004584
698	0.00004562
699	0.00004584
700	0.00004525
701	0.00004562
702	0.00004612
703	0.00004747
704	0.00004854
705	0.00004734
706	0.00004932
707	0.00004894
708	0.00005047
709	0.00004972
710	0.00005030
711	0.00005129
712	0.00004999
713	0.00005048
714	0.00004864
715	0.00004901
716	0.00004923
717	0.00004719
718	0.00004950
719	0.00004776
720	0.00005348
721	0.00005702
722	0.00005214
723	0.00006320
724	0.00005556
725	0.00007144
726	0.00005903
727	0.00005649
728	0.00007807
729	0.00004800
730	0.00004042
731	0.00005618
732	0.00002571
733	0.00003251
734	0.00002175
735	0.00000592
736	0.00001077
737	0.00000286
738	0.00000380
739	0.00000323
740	0.00000149
741	0.00000247
742	0.00000112
743	0.00000145
744	0.00000111
745	0.00000139
746	0.00000105
747	0.00000141
748	0.00000097
749	0.00000085
750	0.00000123
751	0.00000158
752	0.00000089
753	0.00000137
754	0.00000086
755	0.00000158
756	0.00000202
757	0.00000091
758	0.00000174
759	0.00000102
760	0.00000200
761	0.00000128
762	0.00000479
763	0.00000149
764	0.00000719
765	0.00000417
766	0.00000502
767	0.00000963
768	0.00000561
769	0.00000984
770	0.00000949
771	0.00000318
772	0.00000643
773	0.00000153
774	0.00000184
775	0.00000116
776	0.00000173
777	0.00000086
778	0.00000185
779	0.00000089
780	0.00000193
781	0.00000096
782	0.00000196
783	0.00000116
784	0.00000200
785	0.00000115
786	0.00000195
787	0.00000131
788	0.00000197
789	0.00000125
790	0.00000187
791	0.00000099
792	0.00000070
793	0.00000049
794	0.00000119
795	0.00000051
796	0.00000135
797	0.00000086
798	0.00000153
799	0.00000104
800	0.00000186
801	0.00000156
802	0.00000205
803	0.00000293
804	0.00000170
805	0.00000296
806	0.00000182
807	0.00000266
808	0.00000171
809	0.00000236
810	0.00000240
811	0.00000093
812	0.00000174
813	0.00000183
814	0.00000096
815	0.00000144
816	0.00000177
817	0.00000076
818	0.00000198
819	0.00000079
820	0.00000160
821	0.00000058
822	0.00000154
823	0.00000070
824	0.00000161
825	0.00000076
826	0.00000068
827	0.00000245
828	0.00000079
829	0.00000299
830	0.00000128
831	0.00000285
832	0.00000154
833	0.00000296
834	0.00000178
835	0.00000333
836	0.00000130
837	0.00000347
838	0.00000220
839	0.00000159
840	0.00000449
841	0.00000188
842	0.00000635
843	0.00000903
844	0.00000344
845	0.00001051
846	0.00000601
847	0.00000991
848	0.00001299
849	0.00000632
850	0.00001514
851	0.00000941
852	0.00001426
853	0.00000749
854	0.00001524
855	0.00000887
856	0.00000743
857	0.00001404
858	0.00000558
859	0.00001092
860	0.00001135
861	0.00000460
862	0.00001024
863	0.00000547
864	0.00001036
865	0.00000503
866	0.00001140
867	0.00000557
868	0.00001124
869	0.00000612
870	0.00001120
871	0.00000642
872	0.00001093
873	0.00000638
874	0.00001191
875	0.00000531
876	0.00000907
877	0.00000487
878	0.00000794
879	0.00000998
880	0.00000316
881	0.00000322
882	0.00001260
883	0.00000365
884	0.00000446
885	0.00001209
886	0.00000567
887	0.00001173
888	0.00000705
889	0.00001006
890	0.00000466
891	0.00000325
892	0.00000921
893	0.00000755
894	0.00000493
895	0.00000922
896	0.00000673
897	0.00001643
898	0.00001135
899	0.00001160
900	0.00002335
901	0.00001573
902	0.00002364
903	0.00001931
904	0.00002613
905	0.00002318
906	0.00001698
907	0.00001954
908	0.00001127
909	0.00001395
910	0.00001618
911	0.00000862
912	0.00001383
913	0.00000962
914	0.00000696
915	0.00000696
916	0.00000561
917	0.00000807
918	0.00000905
919	0.00000632
920	0.00000850
921	0.00000820
922	0.00001222
923	0.00000921
924	0.00001027
925	0.00001204
926	0.00001323
927	0.00001373
928	0.00001579
929	0.00001521
930	0.00002156
931	0.00001894
932	0.00002375
933	0.00002243
934	0.00002409
935	0.00002019
936	0.00002182
937	0.00001452
938	0.00001755
939	0.00001475
940	0.00000805
941	0.00001071
942	0.00000537
943	0.00000682
944	0.00000663
945	0.00000526
946	0.00000418
947	0.00000477
948	0.00000426
949	0.00000405
950	0.00000367
951	0.00000399
952	0.00000340
953	0.00000339
954	0.00000169
955	0.00000178
956	0.00000242
957	0.00000171
958	0.00000172
959	0.00000233
960	0.00000182
961	0.00000230
962	0.00000204
963	0.00000245
964	0.00000243
965	0.00000136
966	0.00000259
967	0.00000105
968	0.00000239
969	0.00000090
970	0.00000213
971	0.00000104
972	0.00000226
973	0.00000088
974	0.00000229
975	0.00000065
976	0.00000246
977	0.00000063
978	0.00000238
979	0.00000072
980	0.00000210
981	0.00000091
982	0.00000122
983	0.00000184
984	0.00000177
985	0.00000066
986	0.00000153
987	0.00000065
988	0.00000147
989	0.00000054
990	0.00000145
991	0.00000023
992	0.00000134
993	0.00000029
994	0.00000141
995	0.00000045
996	0.00000127
997	0.00000146
998	0.00000040
999	0.00000142
1000	0.00000038
;;
;; BAND 2 Red
400	0.00001168
401	0.00001419
402	0.00001348
403	0.00000996
404	0.00001009
405	0.00001366
406	0.00003289
407	0.00001748
408	0.00002207
409	0.00002377
410	0.00002383
411	0.00002470
412	0.00001811
413	0.00001353
414	0.00001155
415	0.00001303
416	0.00001374
417	0.00001126
418	0.00000712
419	0.00000464
420	0.00000438
421	0.00000381
422	0.00000312
423	0.00000581
424	0.00000319
425	0.00000473
426	0.00000585
427	0.00000644
428	0.00000967
429	0.00000918
430	0.00000742
431	0.00001090
432	0.00001649
433	0.00002016
434	0.00001631
435	0.00001673
436	0.00001578
437	0.00001766
438	0.00002209
439	0.00003114
440	0.00003091
441	0.00001848
442	0.00003451
443	0.00003492
444	0.00004332
445	0.00004770
446	0.00004658
447	0.00004547
448	0.00004239
449	0.00005155
450	0.00005834
451	0.00006365
452	0.00005824
453	0.00004581
454	0.00003799
455	0.00003584
456	0.00003689
457	0.00003817
458	0.00003951
459	0.00004017
460	0.00003987
461	0.00003754
462	0.00003651
463	0.00003781
464	0.00003645
465	0.00003408
466	0.00003160
467	0.00003251
468	0.00003509
469	0.00003935
470	0.00004494
471	0.00005115
472	0.00005707
473	0.00006145
474	0.00006038
475	0.00005716
476	0.00005354
477	0.00004978
478	0.00004759
479	0.00004735
480	0.00005985
481	0.00006501
482	0.00005803
483	0.00006474
484	0.00006650
485	0.00006908
486	0.00006585
487	0.00005102
488	0.00003616
489	0.00002648
490	0.00002034
491	0.00001645
492	0.00001363
493	0.00001142
494	0.00000950
495	0.00000755
496	0.00000648
497	0.00000560
498	0.00000476
499	0.00000466
500	0.00000444
501	0.00000389
502	0.00000408
503	0.00000399
504	0.00000392
505	0.00000436
506	0.00000413
507	0.00000397
508	0.00000424
509	0.00000400
510	0.00000389
511	0.00000385
512	0.00000390
513	0.00000379
514	0.00000357
515	0.00000383
516	0.00000386
517	0.00000378
518	0.00000439
519	0.00000377
520	0.00000416
521	0.00000494
522	0.00000455
523	0.00000553
524	0.00000605
525	0.00000613
526	0.00000672
527	0.00000696
528	0.00000744
529	0.00000760
530	0.00000766
531	0.00000770
532	0.00000725
533	0.00000682
534	0.00000716
535	0.00000758
536	0.00000759
537	0.00000722
538	0.00000805
539	0.00000826
540	0.00000816
541	0.00000835
542	0.00000798
543	0.00000798
544	0.00000796
545	0.00000817
546	0.00000856
547	0.00000897
548	0.00000920
549	0.00000935
550	0.00000980
551	0.00001003
552	0.00000998
553	0.00001038
554	0.00001044
555	0.00001035
556	0.00001090
557	0.00001143
558	0.00001155
559	0.00001240
560	0.00001322
561	0.00001374
562	0.00001466
563	0.00001507
564	0.00001561
565	0.00001799
566	0.00001806
567	0.00001990
568	0.00002207
569	0.00002400
570	0.00002768
571	0.00003153
572	0.00003519
573	0.00003855
574	0.00004048
575	0.00004339
576	0.00004685
577	0.00004712
578	0.00004885
579	0.00005031
580	0.00005058
581	0.00005380
582	0.00006109
583	0.00006875
584	0.00008360
585	0.00010367
586	0.00013385
587	0.00017220
588	0.00021349
589	0.00025613
590	0.00029745
591	0.00033957
592	0.00038077
593	0.00042014
594	0.00045664
595	0.00049082
596	0.00052462
597	0.00057202
598	0.00064046
599	0.00073788
600	0.00088389
601	0.00109195
602	0.00138377
603	0.00179072
604	0.00234897
605	0.00310035
606	0.00409611
607	0.00539886
608	0.00764596
609	0.00982485
610	0.01250677
611	0.01576553
612	0.01971871
613	0.02460136
614	0.03076162
615	0.03870973
616	0.04932564
617	0.06405112
618	0.08527458
619	0.11683854
620	0.16336997
621	0.22811553
622	0.30778033
623	0.39105868
624	0.46939880
625	0.54633346
626	0.62987089
627	0.71765372
628	0.80227884
629	0.87400338
630	0.92669327
631	0.95728386
632	0.97246242
633	0.98093913
634	0.98815314
635	0.99512479
636	1
637	1.00071278
638	0.99509151
639	0.98322813
640	0.96618038
641	0.94726377
642	0.92911907
643	0.91427200
644	0.90407257
645	0.89868685
646	0.89729260
647	0.90048309
648	0.90619876
649	0.91486402
650	0.92548194
651	0.93716217
652	0.95109280
653	0.96341044
654	0.97756310
655	0.98873468
656	1.00002059
657	1.00784176
658	1.01361246
659	1.01518655
660	1.01365106
661	1.00889905
662	1.00094470
663	0.99098939
664	0.97907661
665	0.96736515
666	0.95491923
667	0.94403019
668	0.93408742
669	0.92588661
670	0.91979557
671	0.91551236
672	0.91345541
673	0.91406966
674	0.91586446
675	0.92112352
676	0.92637606
677	0.93343259
678	0.93977000
679	0.94511856
680	0.94655018
681	0.94482431
682	0.93695460
683	0.92470622
684	0.90515848
685	0.87651239
686	0.84722733
687	0.81626058
688	0.77926628
689	0.74095072
690	0.69853161
691	0.65530863
692	0.60957078
693	0.56408506
694	0.51760530
695	0.47150814
696	0.42482252
697	0.37706746
698	0.32909071
699	0.28093192
700	0.23513938
701	0.19289082
702	0.15584587
703	0.12438828
704	0.09857760
705	0.07759031
706	0.06074302
707	0.04708451
708	0.03618668
709	0.02749464
710	0.02064713
711	0.01533676
712	0.01131374
713	0.00832392
714	0.00613477
715	0.00454626
716	0.00340798
717	0.00258536
718	0.00199356
719	0.00156305
720	0.00125005
721	0.00101327
722	0.00085049
723	0.00071368
724	0.00062520
725	0.00054959
726	0.00049985
727	0.00047162
728	0.00043891
729	0.00042848
730	0.00040347
731	0.00038227
732	0.00035692
733	0.00033769
734	0.00030789
735	0.00029814
736	0.00024879
737	0.00021170
738	0.00018471
739	0.00013393
740	0.00012509
741	0.00007240
742	0.00006419
743	0.00003891
744	0.00003294
745	0.00002353
746	0.00002711
747	0.00001690
748	0.00001474
749	0.00001598
750	0.00001292
751	0.00001366
752	0.00001329
753	0.00001411
754	0.00002354
755	0.00009563
756	0.00012882
757	0.00011528
758	0.00001687
759	0.00015343
760	0.00012777
761	0.00015354
762	0.00024298
763	0.00015520
764	0.00024274
765	0.00012696
766	0.00014910
767	0.00000979
768	0.00000629
769	0.00000738
770	0.00000483
771	0.00000489
772	0.00000536
773	0.00000458
774	0.00000528
775	0.00000438
776	0.00000475
777	0.00000446
778	0.00000488
779	0.00000456
780	0.00000547
781	0.00000448
782	0.00000478
783	0.00000435
784	0.00000470
785	0.00000425
786	0.00000458
787	0.00000435
788	0.00000380
789	0.00000373
790	0.00000298
791	0.00000390
792	0.00000278
793	0.00000290
794	0.00000277
795	0.00000307
796	0.00000247
797	0.00000231
798	0.00000301
799	0.00000293
800	0.00000319
801	0.00000351
802	0.00000323
803	0.00000339
804	0.00000318
805	0.00000318
806	0.00000396
807	0.00000313
808	0.00000364
809	0.00000310
810	0.00000419
811	0.00000349
812	0.00000396
813	0.00000341
814	0.00000365
815	0.00000362
816	0.00000290
817	0.00000345
818	0.00000289
819	0.00000288
820	0.00000429
821	0.00000323
822	0.00000329
823	0.00000329
824	0.00000455
825	0.00000497
826	0.00000353
827	0.00000556
828	0.00000383
829	0.00000507
830	0.00000482
831	0.00000484
832	0.00000546
833	0.00000374
834	0.00000601
835	0.00000422
836	0.00000512
837	0.00000509
838	0.00000286
839	0.00000637
840	0.00000539
841	0.00000579
842	0.00000462
843	0.00000647
844	0.00000604
845	0.00000432
846	0.00000662
847	0.00000521
848	0.00000680
849	0.00001180
850	0.00000638
851	0.00000805
852	0.00000389
853	0.00001200
854	0.00001134
855	0.00000562
856	0.00001181
857	0.00000868
858	0.00001541
859	0.00001086
860	0.00001222
861	0.00000823
862	0.00000960
863	0.00000871
864	0.00001051
865	0.00001235
866	0.00000864
867	0.00001357
868	0.00001158
869	0.00001522
870	0.00001091
871	0.00001237
872	0.00000928
873	0.00000973
874	0.00000865
875	0.00001333
876	0.00000847
877	0.00001329
878	0.00000740
879	0.00000974
880	0.00001229
881	0.00001128
882	0.00000704
883	0.00001244
884	0.00000915
885	0.00001448
886	0.00001164
887	0.00000861
888	0.00001441
889	0.00000700
890	0.00001461
891	0.00001401
892	0.00001007
893	0.00001695
894	0.00002042
895	0.00002108
896	0.00003064
897	0.00003171
898	0.00004339
899	0.00004171
900	0.00005692
901	0.00007019
902	0.00007121
903	0.00007122
904	0.00008504
905	0.00007450
906	0.00008010
907	0.00008936
908	0.00008826
909	0.00008831
910	0.00009721
911	0.00009019
912	0.00008741
913	0.00008467
914	0.00007373
915	0.00006748
916	0.00006984
917	0.00005307
918	0.00004844
919	0.00005417
920	0.00004482
921	0.00004483
922	0.00003814
923	0.00003524
924	0.00002726
925	0.00002455
926	0.00002566
927	0.00002043
928	0.00001759
929	0.00001473
930	0.00001512
931	0.00001132
932	0.00000862
933	0.00001262
934	0.00000857
935	0.00000918
936	0.00000689
937	0.00000671
938	0.00000434
939	0.00000648
940	0.00000513
941	0.00000748
942	0.00000691
943	0.00000789
944	0.00000754
945	0.00000715
946	0.00000806
947	0.00000701
948	0.00000449
949	0.00000640
950	0.00000595
951	0.00000877
952	0.00000724
953	0.00000837
954	0.00000733
955	0.00000815
956	0.00000621
957	0.00000755
958	0.00000444
959	0.00000580
960	0.00000524
961	0.00000343
962	0.00000356
963	0.00000340
964	0.00000361
965	0.00000245
966	0.00000146
967	0.00000232
968	0.00000165
969	0.00000168
970	0.00000491
971	0.00000168
972	0.00000411
973	0.00000122
974	0.00000367
975	0.00000244
976	0.00000179
977	0.00000395
978	0.00000177
979	0.00000108
980	0.00000330
981	0.00000166
982	0.00000258
983	0.00000204
984	0.00000054
985	0.00000259
986	0.00000133
987	0.00000205
988	0.00000101
989	0.00000210
990	0.00000084
991	0.00000090
992	0.00000176
993	0.00000079
994	0.00000165
995	0.00000071
996	0.00000173
997	0.00000070
998	0.00000043
999	0.00000056
1000	0.00000159
;;
;; BAND 3 NIR
400	0.00000184
401	0.00000202
402	0.00000371
403	0.00000470
404	0.00000487
405	0.00000512
406	0.00000521
407	0.00000490
408	0.00000308
409	0.00000160
410	0.00000126
411	0.00000131
412	0.00000119
413	0.00000105
414	0.00000082
415	0.00000078
416	0.00000076
417	0.00000059
418	0.00000058
419	0.00000052
420	0.00000064
421	0.00000070
422	0.00000068
423	0.00000068
424	0.00000079
425	0.00000093
426	0.00000124
427	0.00000092
428	0.00000124
429	0.00000117
430	0.00000125
431	0.00000129
432	0.00000121
433	0.00000153
434	0.00000149
435	0.00000148
436	0.00000139
437	0.00000166
438	0.00000211
439	0.00000193
440	0.00000241
441	0.00000211
442	0.00000228
443	0.00000294
444	0.00000406
445	0.00000507
446	0.00001753
447	0.00062612
448	0.00099041
449	0.00038281
450	0.00084800
451	0.00090343
452	0.00098820
453	0.00100027
454	0.00030612
455	0.00003473
456	0.00002650
457	0.00002396
458	0.00002429
459	0.00002735
460	0.00003712
461	0.00005612
462	0.00007768
463	0.00008914
464	0.00009611
465	0.00010759
466	0.00011246
467	0.00011011
468	0.00009290
469	0.00006854
470	0.00005014
471	0.00003890
472	0.00003142
473	0.00002673
474	0.00002266
475	0.00002061
476	0.00002008
477	0.00002029
478	0.00002207
479	0.00002564
480	0.00003063
481	0.00003885
482	0.00004812
483	0.00005996
484	0.00007077
485	0.00007965
486	0.00008609
487	0.00008841
488	0.00008691
489	0.00008090
490	0.00007026
491	0.00005867
492	0.00004706
493	0.00003684
494	0.00002888
495	0.00002252
496	0.00001864
497	0.00001631
498	0.00001512
499	0.00001579
500	0.00001740
501	0.00002076
502	0.00002500
503	0.00002970
504	0.00003324
505	0.00003568
506	0.00003719
507	0.00003637
508	0.00003522
509	0.00003204
510	0.00002806
511	0.00002554
512	0.00002401
513	0.00002509
514	0.00002676
515	0.00003097
516	0.00003703
517	0.00004613
518	0.00006025
519	0.00007876
520	0.00010325
521	0.00012473
522	0.00014349
523	0.00015902
524	0.00017128
525	0.00017677
526	0.00017814
527	0.00017111
528	0.00016498
529	0.00016271
530	0.00016590
531	0.00017244
532	0.00018189
533	0.00018854
534	0.00019224
535	0.00019405
536	0.00019354
537	0.00018898
538	0.00018087
539	0.00017218
540	0.00016359
541	0.00015899
542	0.00015586
543	0.00015606
544	0.00015819
545	0.00016068
546	0.00016530
547	0.00016816
548	0.00017049
549	0.00017164
550	0.00017169
551	0.00017074
552	0.00017054
553	0.00016913
554	0.00016744
555	0.00016766
556	0.00016951
557	0.00017426
558	0.00018167
559	0.00019232
560	0.00020428
561	0.00021790
562	0.00023244
563	0.00024402
564	0.00025416
565	0.00026158
566	0.00026375
567	0.00026297
568	0.00026655
569	0.00026988
570	0.00027504
571	0.00028070
572	0.00028807
573	0.00030046
574	0.00031707
575	0.00033920
576	0.00036610
577	0.00039570
578	0.00043575
579	0.00048703
580	0.00053825
581	0.00057909
582	0.00060314
583	0.00061674
584	0.00061491
585	0.00059039
586	0.00054258
587	0.00047833
588	0.00039787
589	0.00031987
590	0.00025214
591	0.00019590
592	0.00015376
593	0.00012305
594	0.00010304
595	0.00008730
596	0.00007548
597	0.00006686
598	0.00006139
599	0.00005448
600	0.00005006
601	0.00004759
602	0.00004287
603	0.00003904
604	0.00003667
605	0.00003331
606	0.00003138
607	0.00002877
608	0.00002657
609	0.00002417
610	0.00002328
611	0.00002129
612	0.00002036
613	0.00001896
614	0.00001779
615	0.00001738
616	0.00001579
617	0.00001598
618	0.00001498
619	0.00001430
620	0.00001381
621	0.00001310
622	0.00001315
623	0.00001249
624	0.00001236
625	0.00001250
626	0.00001178
627	0.00001194
628	0.00001165
629	0.00001136
630	0.00001177
631	0.00001162
632	0.00001149
633	0.00001162
634	0.00001162
635	0.00001183
636	0.00001163
637	0.00001211
638	0.00001182
639	0.00001142
640	0.00001146
641	0.00001129
642	0.00001064
643	0.00001038
644	0.00001123
645	0.00001061
646	0.00001039
647	0.00001007
648	0.00001068
649	0.00001053
650	0.00001131
651	0.00001150
652	0.00001210
653	0.00001199
654	0.00001228
655	0.00001244
656	0.00001267
657	0.00001226
658	0.00001236
659	0.00001242
660	0.00001236
661	0.00001227
662	0.00001222
663	0.00001218
664	0.00001214
665	0.00001206
666	0.00001202
667	0.00001242
668	0.00001231
669	0.00001283
670	0.00001325
671	0.00001395
672	0.00001410
673	0.00001399
674	0.00001534
675	0.00001580
676	0.00001690
677	0.00001748
678	0.00001885
679	0.00001898
680	0.00001988
681	0.00002137
682	0.00002320
683	0.00002504
684	0.00002641
685	0.00002837
686	0.00003079
687	0.00003251
688	0.00003533
689	0.00003740
690	0.00004081
691	0.00004361
692	0.00004639
693	0.00004986
694	0.00005346
695	0.00005805
696	0.00006226
697	0.00006694
698	0.00007188
699	0.00007800
700	0.00008485
701	0.00009055
702	0.00010008
703	0.00010713
704	0.00011933
705	0.00012975
706	0.00014324
707	0.00015785
708	0.00017539
709	0.00019507
710	0.00021689
711	0.00024318
712	0.00027135
713	0.00030518
714	0.00034281
715	0.00039712
716	0.00044651
717	0.00050188
718	0.00056707
719	0.00063984
720	0.00072378
721	0.00081879
722	0.00092782
723	0.00105511
724	0.00120160
725	0.00137088
726	0.00156792
727	0.00180276
728	0.00207920
729	0.00240799
730	0.00280298
731	0.00327494
732	0.00384821
733	0.00454832
734	0.00540493
735	0.00645469
736	0.00774941
737	0.00936399
738	0.01137832
739	0.01388118
740	0.01700597
741	0.02092752
742	0.02586928
743	0.03206911
744	0.03985523
745	0.04956652
746	0.06173849
747	0.07680296
748	0.09550239
749	0.11837088
750	0.14615821
751	0.19110224
752	0.23178705
753	0.27801636
754	0.33031673
755	0.38771033
756	0.44914649
757	0.51370254
758	0.57939644
759	0.64484781
760	0.70835304
761	0.76788190
762	0.82252523
763	0.87063314
764	0.91086251
765	0.94360264
766	0.96734308
767	0.98447500
768	0.99402844
769	0.99904759
770	1
771	0.99829749
772	0.99534944
773	0.99113813
774	0.98712837
775	0.98344438
776	0.97955733
777	0.97683333
778	0.97381307
779	0.97171326
780	0.96937935
781	0.96682308
782	0.96494693
783	0.96155704
784	0.95914861
785	0.95524656
786	0.95141098
787	0.94725240
788	0.94238136
789	0.93805030
790	0.93299243
791	0.92787669
792	0.92261726
793	0.91765026
794	0.91344782
795	0.90866986
796	0.90481152
797	0.90031693
798	0.89720732
799	0.89342505
800	0.89040645
801	0.88745245
802	0.88446834
803	0.88140255
804	0.87825555
805	0.87487903
806	0.87077850
807	0.86665463
808	0.86193864
809	0.85704385
810	0.85203260
811	0.84608531
812	0.84067874
813	0.83464870
814	0.82847182
815	0.82237664
816	0.81646034
817	0.81067178
818	0.80547624
819	0.79996761
820	0.79538371
821	0.79048464
822	0.78593335
823	0.78246221
824	0.77854086
825	0.77505353
826	0.77183963
827	0.76834628
828	0.76559075
829	0.76238953
830	0.75915219
831	0.75631414
832	0.75288758
833	0.74984835
834	0.74648701
835	0.74311251
836	0.73936992
837	0.73559705
838	0.73163277
839	0.72765295
840	0.72334537
841	0.71892768
842	0.71424776
843	0.70932732
844	0.70417024
845	0.69865547
846	0.69314542
847	0.68706957
848	0.68120878
849	0.67553032
850	0.66989091
851	0.66440763
852	0.65922988
853	0.65415969
854	0.64965635
855	0.64537477
856	0.64153052
857	0.63820324
858	0.63506916
859	0.63264959
860	0.62992135
861	0.62726732
862	0.62445640
863	0.62156999
864	0.61847181
865	0.61501909
866	0.61133939
867	0.60744762
868	0.60314205
869	0.59883705
870	0.59425662
871	0.58928886
872	0.58381508
873	0.57719033
874	0.56857851
875	0.55699311
876	0.54163099
877	0.52202898
878	0.49847084
879	0.47191641
880	0.44270534
881	0.41155122
882	0.37843868
883	0.34304355
884	0.30590964
885	0.26730226
886	0.22805403
887	0.18974714
888	0.15369596
889	0.12145605
890	0.09413162
891	0.07189929
892	0.05457376
893	0.04144546
894	0.03158417
895	0.02425525
896	0.01879617
897	0.01470317
898	0.01163795
899	0.00930858
900	0.00744330
901	0.00607348
902	0.00501379
903	0.00413379
904	0.00347084
905	0.00293573
906	0.00250919
907	0.00215786
908	0.00186591
909	0.00163284
910	0.00142997
911	0.00127599
912	0.00112918
913	0.00102171
914	0.00091069
915	0.00083541
916	0.00075489
917	0.00069931
918	0.00063879
919	0.00059080
920	0.00055023
921	0.00050660
922	0.00047777
923	0.00044789
924	0.00041317
925	0.00039493
926	0.00035947
927	0.00033744
928	0.00031989
929	0.00028719
930	0.00027707
931	0.00025430
932	0.00023132
933	0.00022543
934	0.00019537
935	0.00018380
936	0.00016713
937	0.00014542
938	0.00013876
939	0.00011616
940	0.00011019
941	0.00009086
942	0.00009183
943	0.00006774
944	0.00006181
945	0.00006360
946	0.00004633
947	0.00005224
948	0.00003735
949	0.00003902
950	0.00002393
951	0.00003180
952	0.00001716
953	0.00001762
954	0.00002033
955	0.00001262
956	0.00001259
957	0.00001118
958	0.00001421
959	0.00000830
960	0.00001294
961	0.00000699
962	0.00000782
963	0.00000718
964	0.00000642
965	0.00000548
966	0.00000427
967	0.00000417
968	0.00000440
969	0.00000377
970	0.00000253
971	0.00000456
972	0.00000202
973	0.00000373
974	0.00000325
975	0.00000341
976	0.00000232
977	0.00000301
978	0.00000117
979	0.00000319
980	0.00000169
981	0.00000286
982	0.00000184
983	0.00000260
984	0.00000212
985	0.00000293
986	0.00000175
987	0.00000229
988	0.00000126
989	0.00000232
990	0.00000099
991	0.00000250
992	0.00000135
993	0.00000090
994	0.00000289
995	0.00000070
996	0.00000210
997	0.00000118
998	0.00000072
999	0.00000182
1000	0.00000111
;;
;; BAND P Pan
400	0.00007493
401	0.00008750
402	0.00009848
403	0.00010843
404	0.00011646
405	0.00012259
406	0.00012552
407	0.00012814
408	0.00013531
409	0.00015014
410	0.00017236
411	0.00019564
412	0.00021235
413	0.00022348
414	0.00022676
415	0.00022299
416	0.00021213
417	0.00020083
418	0.00019926
419	0.00021359
420	0.00025083
421	0.00030983
422	0.00038670
423	0.00047229
424	0.00056950
425	0.00067560
426	0.00078669
427	0.00090069
428	0.00103421
429	0.00131540
430	0.00169029
431	0.00228198
432	0.00312648
433	0.00417071
434	0.00533582
435	0.00661006
436	0.00802817
437	0.00960467
438	0.01132980
439	0.01334611
440	0.01609231
441	0.02038299
442	0.02732543
443	0.03802347
444	0.05294767
445	0.07167096
446	0.09348728
447	0.11872659
448	0.14830802
449	0.18269957
450	0.22269040
451	0.26906796
452	0.32263521
453	0.38325366
454	0.44824011
455	0.51559417
456	0.58258589
457	0.64645021
458	0.70236661
459	0.74583583
460	0.77585237
461	0.79433792
462	0.80499388
463	0.81090952
464	0.81371638
465	0.81431418
466	0.81316313
467	0.81141755
468	0.81097193
469	0.81322836
470	0.81878063
471	0.82800769
472	0.83916423
473	0.85084085
474	0.86161004
475	0.87040692
476	0.87637562
477	0.87967534
478	0.88047879
479	0.88112137
480	0.88175192
481	0.88365397
482	0.88759508
483	0.89291809
484	0.89912245
485	0.90543957
486	0.91146456
487	0.91547923
488	0.91843965
489	0.91963891
490	0.91975983
491	0.91963913
492	0.91947516
493	0.92025788
494	0.92260193
495	0.92575482
496	0.93070662
497	0.93550391
498	0.94001389
499	0.94383039
500	0.94609629
501	0.94688618
502	0.94624211
503	0.94455744
504	0.94265988
505	0.94120799
506	0.94079078
507	0.94176327
508	0.94473408
509	0.94915584
510	0.95419339
511	0.95954236
512	0.96459688
513	0.96902841
514	0.97179112
515	0.97317857
516	0.97320070
517	0.97218736
518	0.97091309
519	0.97035732
520	0.96996616
521	0.97140258
522	0.97376942
523	0.97636229
524	0.97957895
525	0.98311659
526	0.98550114
527	0.98688700
528	0.98705275
529	0.98569258
530	0.98301588
531	0.97915984
532	0.97493690
533	0.97129138
534	0.96813872
535	0.96649466
536	0.96685400
537	0.96849224
538	0.97201807
539	0.97702694
540	0.98197923
541	0.98753229
542	0.99230951
543	0.99540351
544	0.99740084
545	0.99730413
546	0.99558763
547	0.99262103
548	0.98803927
549	0.98368879
550	0.97966358
551	0.97601679
552	0.97409076
553	0.97356455
554	0.97460306
555	0.97733165
556	0.98142794
557	0.98607299
558	0.99104944
559	0.99556304
560	0.99892911
561	1.00128281
562	1.00206838
563	1.00124192
564	0.99879621
565	0.99466280
566	0.99032401
567	0.98568114
568	0.98102690
569	0.97756954
570	0.97495949
571	0.97366152
572	0.97436348
573	0.97596613
574	0.97930722
575	0.98307748
576	0.98726114
577	0.99154671
578	0.99533904
579	0.99803299
580	0.99950550
581	1
582	0.99848218
583	0.99593416
584	0.99288307
585	0.98834389
586	0.98366197
587	0.97971238
588	0.97601117
589	0.97307044
590	0.97155305
591	0.97102663
592	0.97152475
593	0.97341779
594	0.97585074
595	0.97896590
596	0.98255796
597	0.98543794
598	0.98789503
599	0.98994151
600	0.99059899
601	0.99029895
602	0.98922305
603	0.98676544
604	0.98389430
605	0.98067297
606	0.97675508
607	0.97324400
608	0.97055473
609	0.96803100
610	0.96629732
611	0.96561899
612	0.96564173
613	0.96639591
614	0.96771777
615	0.96934976
616	0.97124886
617	0.97291816
618	0.97432735
619	0.97530655
620	0.97542227
621	0.97463623
622	0.97308990
623	0.97065297
624	0.96750332
625	0.96379792
626	0.95963369
627	0.95522586
628	0.95099476
629	0.94711647
630	0.94373897
631	0.94086191
632	0.93909609
633	0.93751312
634	0.93716161
635	0.93749275
636	0.93844552
637	0.93992284
638	0.94157292
639	0.94327292
640	0.94494878
641	0.94621266
642	0.94689150
643	0.94695971
644	0.94601526
645	0.94485162
646	0.94216490
647	0.93936780
648	0.93516770
649	0.93117984
650	0.92600825
651	0.92184558
652	0.91679022
653	0.91281220
654	0.90873714
655	0.90559995
656	0.90280144
657	0.90151379
658	0.90018969
659	0.90026306
660	0.90055224
661	0.90169504
662	0.90303974
663	0.90479165
664	0.90660298
665	0.90788333
666	0.90928294
667	0.90961910
668	0.91044105
669	0.90941307
670	0.90884628
671	0.90648792
672	0.90426184
673	0.90090015
674	0.89728707
675	0.89360311
676	0.88921759
677	0.88536863
678	0.88109823
679	0.87784434
680	0.87367129
681	0.87100044
682	0.86849439
683	0.86645265
684	0.86555715
685	0.86486409
686	0.86444275
687	0.86462554
688	0.86421244
689	0.86509991
690	0.86504142
691	0.86574075
692	0.86547448
693	0.86537728
694	0.86481040
695	0.86329140
696	0.86242059
697	0.85986818
698	0.85807444
699	0.85502168
700	0.85224705
701	0.84852762
702	0.84517422
703	0.84157685
704	0.83807810
705	0.83443274
706	0.83120263
707	0.82819085
708	0.82520041
709	0.82259510
710	0.82050631
711	0.81863236
712	0.81673157
713	0.81518962
714	0.81376687
715	0.81276571
716	0.81111987
717	0.81039972
718	0.80884166
719	0.80742716
720	0.80605476
721	0.80328088
722	0.80094601
723	0.79797843
724	0.79448406
725	0.79079478
726	0.78664955
727	0.78403080
728	0.77837404
729	0.77671056
730	0.77071265
731	0.76860809
732	0.76568459
733	0.76096821
734	0.75943556
735	0.75440145
736	0.74853854
737	0.73756232
738	0.72050194
739	0.69619742
740	0.66466129
741	0.62570237
742	0.58042003
743	0.52946690
744	0.47429123
745	0.41572304
746	0.35577781
747	0.29694274
748	0.24182875
749	0.19245049
750	0.15026362
751	0.11482153
752	0.08854978
753	0.06698482
754	0.05109390
755	0.03916000
756	0.03018623
757	0.02342899
758	0.01832614
759	0.01444326
760	0.01147024
761	0.00918513
762	0.00740254
763	0.00609562
764	0.00491959
765	0.00435297
766	0.00335678
767	0.00291823
768	0.00234224
769	0.00205113
770	0.00167084
771	0.00145104
772	0.00124552
773	0.00104170
774	0.00108470
775	0.00077931
776	0.00084497
777	0.00059188
778	0.00063835
779	0.00045747
780	0.00040248
781	0.00043271
782	0.00031792
783	0.00033871
784	0.00025452
785	0.00026931
786	0.00020572
787	0.00018559
788	0.00019577
789	0.00015320
790	0.00016086
791	0.00012704
792	0.00011590
793	0.00012165
794	0.00009829
795	0.00010178
796	0.00008372
797	0.00007722
798	0.00008098
799	0.00007448
800	0.00006262
801	0.00006513
802	0.00005514
803	0.00005663
804	0.00004857
805	0.00004996
806	0.00004369
807	0.00004402
808	0.00003879
809	0.00003626
810	0.00003796
811	0.00003303
812	0.00003435
813	0.00003053
814	0.00003118
815	0.00002826
816	0.00002628
817	0.00002754
818	0.00002484
819	0.00002559
820	0.00002406
821	0.00002348
822	0.00002237
823	0.00002233
824	0.00002269
825	0.00002170
826	0.00001996
827	0.00002062
828	0.00001880
829	0.00002003
830	0.00001893
831	0.00001935
832	0.00001823
833	0.00001794
834	0.00001879
835	0.00001726
836	0.00001797
837	0.00001774
838	0.00001520
839	0.00001784
840	0.00001500
841	0.00001790
842	0.00001464
843	0.00001317
844	0.00001633
845	0.00001127
846	0.00001471
847	0.00001314
848	0.00001114
849	0.00000968
850	0.00001262
851	0.00001126
852	0.00002112
853	0.00001135
854	0.00001674
855	0.00001146
856	0.00001572
857	0.00002157
858	0.00001166
859	0.00002111
860	0.00001206
861	0.00002362
862	0.00002815
863	0.00001740
864	0.00001816
865	0.00002519
866	0.00001627
867	0.00002405
868	0.00002027
869	0.00002469
870	0.00002124
871	0.00001758
872	0.00002971
873	0.00002051
874	0.00002437
875	0.00002119
876	0.00001926
877	0.00001850
878	0.00001774
879	0.00002056
880	0.00002202
881	0.00001602
882	0.00001436
883	0.00001710
884	0.00001369
885	0.00001827
886	0.00001218
887	0.00001567
888	0.00001596
889	0.00001348
890	0.00001857
891	0.00001662
892	0.00001805
893	0.00002361
894	0.00001927
895	0.00003019
896	0.00003036
897	0.00003602
898	0.00003469
899	0.00004530
900	0.00004918
901	0.00005892
902	0.00005708
903	0.00006488
904	0.00006319
905	0.00007284
906	0.00006971
907	0.00007822
908	0.00007143
909	0.00007223
910	0.00007024
911	0.00007097
912	0.00007120
913	0.00006619
914	0.00006294
915	0.00005778
916	0.00005333
917	0.00005405
918	0.00004915
919	0.00004779
920	0.00004379
921	0.00004087
922	0.00003311
923	0.00003608
924	0.00003592
925	0.00002213
926	0.00002159
927	0.00002350
928	0.00001705
929	0.00002055
930	0.00001764
931	0.00001453
932	0.00001636
933	0.00001197
934	0.00001123
935	0.00001127
936	0.00001042
937	0.00001021
938	0.00001099
939	0.00001171
940	0.00001030
941	0.00001236
942	0.00001192
943	0.00000823
944	0.00000820
945	0.00000893
946	0.00001115
947	0.00001001
948	0.00000802
949	0.00000976
950	0.00000966
951	0.00000957
952	0.00000726
953	0.00000967
954	0.00001001
955	0.00000803
956	0.00000726
957	0.00000739
958	0.00000845
959	0.00000698
960	0.00000568
961	0.00000472
962	0.00000650
963	0.00000706
964	0.00000546
965	0.00000433
966	0.00000607
967	0.00000408
968	0.00000788
969	0.00000464
970	0.00000958
971	0.00000689
972	0.00000976
973	0.00000672
974	0.00000574
975	0.00000980
976	0.00000503
977	0.00000796
978	0.00000325
979	0.00000636
980	0.00000334
981	0.00000562
982	0.00000413
983	0.00000400
984	0.00000610
985	0.00000240
986	0.00000486
987	0.00000262
988	0.00000333
989	0.00000152
990	0.00000236
991	0.00000152
992	0.00000228
993	0.00000070
994	0.00000185
995	0.00000162
996	0.00000093
997	0.00000188
998	0.00000116
999	0.00000041
1000	0.00000126
;;