;; SUOMI-NPP_VIIRS RSR
;;
;; Quinten Vanhellemont 2023-03-29
;; from NG_VIIRS_NPP_RSR_filtered_Oct2011_BA
;;
;;
;; datasets: wavelength, RSR
;;
;; BAND I01
;;
584.1	0.0150774
584.2	0.0155621
584.3	0.0160467
584.4	0.0165321
584.5	0.0170187
584.6	0.0175053
584.7	0.0179919
584.8	0.0184784
584.9	0.018965
585.0	0.0194516
585.1	0.0199382
585.2	0.0204248
585.3	0.0209113
585.4	0.0213979
585.5	0.0218845
585.6	0.0223711
585.7	0.0228593
585.8	0.0233609
585.9	0.0239029
586.0	0.0244804
586.1	0.0250687
586.2	0.0256577
586.3	0.0262466
586.4	0.0268356
586.5	0.0274245
586.6	0.0280135
586.7	0.0286062
586.8	0.0292324
586.9	0.0300076
587.0	0.0312073
587.1	0.0326085
587.2	0.034028
587.3	0.0354475
587.4	0.0368789
587.5	0.0383306
587.6	0.0397823
587.7	0.0412341
587.8	0.0426858
587.9	0.0441397
588.0	0.0456122
588.1	0.0470894
588.2	0.0485666
588.3	0.0500437
588.4	0.051523
588.5	0.053006
588.6	0.0544889
588.7	0.0559719
588.8	0.0574548
588.9	0.0589378
589.0	0.0604207
589.1	0.0619037
589.2	0.0633866
589.3	0.0648695
589.4	0.0663525
589.5	0.0678354
589.6	0.0693184
589.7	0.0708065
589.8	0.072337
589.9	0.0739951
590.0	0.0757649
590.1	0.077569
590.2	0.0793751
590.3	0.0811812
590.4	0.0829873
590.5	0.0847934
590.6	0.0865995
590.7	0.0884174
590.8	0.0903412
590.9	0.0927366
591.0	0.0964834
591.1	0.1008706
591.2	0.1053163
591.3	0.1097621
591.4	0.1142461
591.5	0.1187954
591.6	0.1233446
591.7	0.1278939
591.8	0.1324431
591.9	0.1369994
592.0	0.1416157
592.1	0.1462469
592.2	0.1508781
592.3	0.1555093
592.4	0.1601474
592.5	0.1647971
592.6	0.1694468
592.7	0.1740965
592.8	0.1787463
592.9	0.1833959
593.0	0.1880455
593.1	0.1926951
593.2	0.1973446
593.3	0.2019942
593.4	0.2066438
593.5	0.2112934
593.6	0.215943
593.7	0.2205998
593.8	0.2253172
593.9	0.2302295
594.0	0.2353244
594.1	0.240477
594.2	0.2456327
594.3	0.2507885
594.4	0.2559442
594.5	0.2611
594.6	0.2662557
594.7	0.2714278
594.8	0.2767522
594.9	0.2827973
595.0	0.2909167
595.1	0.3000492
595.2	0.309275
595.3	0.3185007
595.4	0.3277756
595.5	0.3371343
595.6	0.346493
595.7	0.3558517
595.8	0.3652104
595.9	0.3745787
596.0	0.3840277
596.1	0.3934977
596.2	0.4029677
596.3	0.4124376
596.4	0.4219165
596.5	0.4314103
596.6	0.4409041
596.7	0.4503979
596.8	0.4598918
596.9	0.4693857
597.0	0.4788797
597.1	0.4883738
597.2	0.4978679
597.3	0.5073619
597.4	0.5168561
597.5	0.5263501
597.6	0.5358442
597.7	0.545331
597.8	0.5547587
597.9	0.5640051
598.0	0.5730862
598.1	0.5821151
598.2	0.5911408
598.3	0.6001666
598.4	0.6091923
598.5	0.6182179
598.6	0.6272436
598.7	0.6362528
598.8	0.6451141
598.9	0.653274
599.0	0.6592268
599.1	0.6641372
599.2	0.6689537
599.3	0.6737703
599.4	0.6785144
599.5	0.6831348
599.6	0.6877553
599.7	0.6923757
599.8	0.6969962
599.9	0.7016044
600.0	0.7061054
600.1	0.7105802
600.2	0.715055
600.3	0.7195299
600.4	0.7239917
600.5	0.7284313
600.6	0.7328711
600.7	0.7373107
600.8	0.7417504
600.9	0.7461901
601.0	0.7506298
601.1	0.7550695
601.2	0.7595092
601.3	0.7639489
601.4	0.7683886
601.5	0.7728283
601.6	0.7772679
601.7	0.7817009
601.8	0.7860763
601.9	0.7902622
602.0	0.794272
602.1	0.7982277
602.2	0.8021806
602.3	0.8061336
602.4	0.8100865
602.5	0.8140395
602.6	0.8179925
602.7	0.8219303
602.8	0.8257229
602.9	0.8288412
603.0	0.830194
603.1	0.8306776
603.2	0.8310795
603.3	0.8314815
603.4	0.8318477
603.5	0.8321528
603.6	0.8324579
603.7	0.832763
603.8	0.8330681
603.9	0.8333661
604.0	0.8336074
604.1	0.8338332
604.2	0.834059
604.3	0.8342848
604.4	0.8345043
604.5	0.8347127
604.6	0.8349212
604.7	0.8351297
604.8	0.8353382
604.9	0.8355468
605.0	0.8357554
605.1	0.835964
605.2	0.8361727
605.3	0.8363813
605.4	0.8365899
605.5	0.8367986
605.6	0.8370072
605.7	0.8372169
605.8	0.8374362
605.9	0.8376929
606.0	0.8379877
606.1	0.838294
606.2	0.8386009
606.3	0.8389078
606.4	0.8392147
606.5	0.8395216
606.6	0.8398286
606.7	0.8401378
606.8	0.8404715
606.9	0.8409443
607.0	0.8418103
607.1	0.8428656
607.2	0.8439388
607.3	0.8450121
607.4	0.8460987
607.5	0.8472083
607.6	0.8483179
607.7	0.8494275
607.8	0.8505371
607.9	0.8516484
608.0	0.8527731
608.1	0.8539013
608.2	0.8550296
608.3	0.8561578
608.4	0.8572885
608.5	0.8584233
608.6	0.8595581
608.7	0.8606929
608.8	0.8618276
608.9	0.8629624
609.0	0.8640971
609.1	0.8652318
609.2	0.8663664
609.3	0.8675011
609.4	0.8686357
609.5	0.8697704
609.6	0.870905
609.7	0.8720377
609.8	0.8731543
609.9	0.8742245
610.0	0.8752533
610.1	0.8762687
610.2	0.8772834
610.3	0.8782981
610.4	0.8793128
610.5	0.8803275
610.6	0.8813421
610.7	0.8823523
610.8	0.8833223
610.9	0.8841284
611.0	0.8844866
611.1	0.8846179
611.2	0.8847275
611.3	0.8848371
611.4	0.8849404
611.5	0.8850331
611.6	0.8851257
611.7	0.8852183
611.8	0.8853109
611.9	0.8854017
612.0	0.8854767
612.1	0.8855476
612.2	0.8856184
612.3	0.8856893
612.4	0.8857589
612.5	0.8858267
612.6	0.8858945
612.7	0.8859622
612.8	0.88603
612.9	0.8860978
613.0	0.8861655
613.1	0.8862332
613.2	0.8863009
613.3	0.8863686
613.4	0.8864363
613.5	0.8865041
613.6	0.8865718
613.7	0.8866402
613.8	0.8867138
613.9	0.8868027
614.0	0.8869057
614.1	0.8870136
614.2	0.8871216
614.3	0.8872297
614.4	0.8873377
614.5	0.8874457
614.6	0.8875538
614.7	0.8876633
614.8	0.8877859
614.9	0.8879657
615.0	0.8883238
615.1	0.888772
615.2	0.8892282
615.3	0.8896844
615.4	0.890145
615.5	0.890613
615.6	0.8910811
615.7	0.8915491
615.8	0.8920171
615.9	0.8924861
616.0	0.8929624
616.1	0.8934407
616.2	0.8939189
616.3	0.8943972
616.4	0.8948762
616.5	0.8953566
616.6	0.8958369
616.7	0.8963173
616.8	0.8967977
616.9	0.897278
617.0	0.8977585
617.1	0.898239
617.2	0.8987194
617.3	0.8992
617.4	0.8996804
617.5	0.9001609
617.6	0.9006414
617.7	0.9011221
617.8	0.9016044
617.9	0.9020898
618.0	0.9025774
618.1	0.9030659
618.2	0.9035544
618.3	0.9040429
618.4	0.9045315
618.5	0.90502
618.6	0.9055085
618.7	0.9059976
618.8	0.9064903
618.9	0.9069896
619.0	0.9074814
619.1	0.9079755
619.2	0.9084703
619.3	0.9089651
619.4	0.9094564
619.5	0.9099416
619.6	0.9104268
619.7	0.910912
619.8	0.9113972
619.9	0.9118822
620.0	0.9123647
620.1	0.9128467
620.2	0.9133286
620.3	0.9138106
620.4	0.914292
620.5	0.9147723
620.6	0.9152526
620.7	0.9157329
620.8	0.9162132
620.9	0.9166934
621.0	0.9171737
621.1	0.9176539
621.2	0.9181341
621.3	0.9186143
621.4	0.9190944
621.5	0.9195746
621.6	0.9200549
621.7	0.9205343
621.8	0.9210068
621.9	0.9214559
622.0	0.9218823
622.1	0.9223014
622.2	0.92272
622.3	0.9231387
622.4	0.9235573
622.5	0.9239759
622.6	0.9243946
622.7	0.9248114
622.8	0.9252112
622.9	0.9255189
623.0	0.9255378
623.1	0.9254167
623.2	0.9252829
623.3	0.9251491
623.4	0.9250056
623.5	0.9248455
623.6	0.9246854
623.7	0.9245253
623.8	0.9243651
623.9	0.9242035
624.0	0.9240293
624.1	0.923852
624.2	0.9236746
624.3	0.9234972
624.4	0.9233181
624.5	0.9231359
624.6	0.9229538
624.7	0.9227718
624.8	0.9225896
624.9	0.9224074
625.0	0.9222252
625.1	0.9220428
625.2	0.9218606
625.3	0.9216784
625.4	0.9214961
625.5	0.9213138
625.6	0.9211316
625.7	0.9209505
625.8	0.9207785
625.9	0.9206263
626.0	0.9204912
626.1	0.9203625
626.2	0.9202342
626.3	0.9201059
626.4	0.9199776
626.5	0.9198493
626.6	0.919721
626.7	0.9195955
626.8	0.9194919
626.9	0.919466
627.0	0.9197224
627.1	0.9201192
627.2	0.9205298
627.3	0.9209403
627.4	0.9213547
627.5	0.9217755
627.6	0.9221964
627.7	0.9226173
627.8	0.9230381
627.9	0.9234608
628.0	0.923899
628.1	0.924341
628.2	0.9247829
628.3	0.925225
628.4	0.9256676
628.5	0.9261114
628.6	0.9265552
628.7	0.926999
628.8	0.9274428
628.9	0.9278867
629.0	0.9283304
629.1	0.9287741
629.2	0.9292179
629.3	0.9296616
629.4	0.9301053
629.5	0.9305491
629.6	0.9309928
629.7	0.931438
629.8	0.9318953
629.9	0.9323924
630.0	0.9329247
630.1	0.9334675
630.2	0.9340109
630.3	0.9345542
630.4	0.9350975
630.5	0.9356409
630.6	0.9361842
630.7	0.9367308
630.8	0.937308
630.9	0.9380249
631.0	0.9390827
631.1	0.9403093
631.2	0.9415511
631.3	0.9427929
631.4	0.9440414
631.5	0.9453012
631.6	0.946561
631.7	0.9478209
631.8	0.9490807
631.9	0.9503419
632.0	0.9516131
632.1	0.9528872
632.2	0.9541613
632.3	0.9554354
632.4	0.9567107
632.5	0.957988
632.6	0.9592653
632.7	0.9605426
632.8	0.9618199
632.9	0.9630973
633.0	0.9643748
633.1	0.9656522
633.2	0.9669296
633.3	0.9682071
633.4	0.9694845
633.5	0.970762
633.6	0.9720395
633.7	0.9733142
633.8	0.9745688
633.9	0.9757732
634.0	0.9769363
634.1	0.9780852
634.2	0.9792332
634.3	0.9803813
634.4	0.9815293
634.5	0.9826773
634.6	0.9838254
634.7	0.9849674
634.8	0.9860595
634.9	0.9869773
635.0	0.9874105
635.1	0.9875883
635.2	0.9877413
635.3	0.9878943
635.4	0.988048
635.5	0.9882029
635.6	0.9883579
635.7	0.9885129
635.8	0.9886678
635.9	0.9888204
636.0	0.9889551
636.1	0.9890848
636.2	0.9892145
636.3	0.9893442
636.4	0.9894741
636.5	0.9896042
636.6	0.9897344
636.7	0.9898645
636.8	0.9899946
636.9	0.9901248
637.0	0.9902549
637.1	0.990385
637.2	0.9905151
637.3	0.9906451
637.4	0.9907752
637.5	0.9909052
637.6	0.9910352
637.7	0.9911642
637.8	0.9912837
637.9	0.9913716
638.0	0.99143
638.1	0.9914797
638.2	0.9915289
638.3	0.9915782
638.4	0.9916274
638.5	0.9916766
638.6	0.9917258
638.7	0.9917727
638.8	0.9917955
638.9	0.991699
639.0	0.9912579
639.1	0.9906604
639.2	0.9900495
639.3	0.9894385
639.4	0.9888172
639.5	0.9881781
639.6	0.987539
639.7	0.9868999
639.8	0.9862608
639.9	0.98562
640.0	0.9849632
640.1	0.9843027
640.2	0.9836422
640.3	0.9829816
640.4	0.9823192
640.5	0.9816536
640.6	0.980988
640.7	0.9803224
640.8	0.9796568
640.9	0.9789912
641.0	0.9783255
641.1	0.97766
641.2	0.9769945
641.3	0.976329
641.4	0.9756634
641.5	0.9749979
641.6	0.9743324
641.7	0.9736663
641.8	0.9729953
641.9	0.9723077
642.0	0.9716023
642.1	0.9708909
642.2	0.9701791
642.3	0.9694675
642.4	0.9687557
642.5	0.968044
642.6	0.9673322
642.7	0.9666192
642.8	0.965894
642.9	0.9650998
643.0	0.9640568
643.1	0.962894
643.2	0.9617194
643.3	0.9605448
643.4	0.9593607
643.5	0.9581603
643.6	0.95696
643.7	0.9557596
643.8	0.9545593
643.9	0.9533575
644.0	0.9521434
644.1	0.9509264
644.2	0.9497095
644.3	0.9484925
644.4	0.9472738
644.5	0.9460523
644.6	0.9448307
644.7	0.9436092
644.8	0.9423876
644.9	0.941166
645.0	0.9399445
645.1	0.938723
645.2	0.9375014
645.3	0.9362799
645.4	0.9350583
645.5	0.9338367
645.6	0.9326152
645.7	0.9313948
645.8	0.9301836
645.9	0.9289995
646.0	0.9278416
646.1	0.9266928
646.2	0.9255447
646.3	0.9243966
646.4	0.9232484
646.5	0.9221002
646.6	0.9209521
646.7	0.9198067
646.8	0.9186842
646.9	0.9176707
647.0	0.9170475
647.1	0.9166116
647.2	0.9161929
647.3	0.9157741
647.4	0.9153652
647.5	0.9149732
647.6	0.9145812
647.7	0.9141891
647.8	0.9137971
647.9	0.9134073
648.0	0.9130381
648.1	0.9126738
648.2	0.9123095
648.3	0.9119452
648.4	0.9115826
648.5	0.9112232
648.6	0.9108637
648.7	0.9105042
648.8	0.9101447
648.9	0.9097853
649.0	0.9094257
649.1	0.9090662
649.2	0.9087066
649.3	0.9083471
649.4	0.9079875
649.5	0.9076279
649.6	0.9072683
649.7	0.9069123
649.8	0.906585
649.9	0.9063414
650.0	0.9061733
650.1	0.9060296
650.2	0.9058874
650.3	0.9057451
650.4	0.9056028
650.5	0.9054605
650.6	0.9053183
650.7	0.9051841
650.8	0.9051216
650.9	0.9053664
651.0	0.9065138
651.1	0.9081007
651.2	0.9097295
651.3	0.9113584
651.4	0.9130068
651.5	0.9146884
651.6	0.91637
651.7	0.9180516
651.8	0.9197333
651.9	0.9214193
652.0	0.9231436
652.1	0.9248775
652.2	0.9266114
652.3	0.9283453
652.4	0.9300826
652.5	0.9318259
652.6	0.9335693
652.7	0.9353126
652.8	0.9370559
652.9	0.9387992
653.0	0.9405425
653.1	0.9422858
653.2	0.9440291
653.3	0.9457724
653.4	0.9475157
653.5	0.9492591
653.6	0.9510024
653.7	0.9527445
653.8	0.954476
653.9	0.9561726
654.0	0.9578357
654.1	0.9594883
654.2	0.9611402
654.3	0.9627922
654.4	0.9644442
654.5	0.9660962
654.6	0.9677482
654.7	0.9693972
654.8	0.9710198
654.9	0.9725034
655.0	0.9735357
655.1	0.9743621
655.2	0.9751703
655.3	0.9759784
655.4	0.976769
655.5	0.9775297
655.6	0.9782904
655.7	0.9790511
655.8	0.9798118
655.9	0.98057
656.0	0.9813052
656.1	0.9820351
656.2	0.982765
656.3	0.9834949
656.4	0.9842216
656.5	0.9849429
656.6	0.9856643
656.7	0.9863856
656.8	0.987107
656.9	0.9878284
657.0	0.9885497
657.1	0.9892711
657.2	0.9899925
657.3	0.9907139
657.4	0.9914352
657.5	0.9921566
657.6	0.992878
657.7	0.9935964
657.8	0.9942904
657.9	0.9949141
658.0	0.995478
658.1	0.9960233
658.2	0.9965677
658.3	0.997112
658.4	0.9976563
658.5	0.9982006
658.6	0.9987448
658.7	0.9992824
658.8	0.9997591
658.9	1.0
659.0	0.9996865
659.1	0.999086
659.2	0.9984571
659.3	0.9978281
659.4	0.9972011
659.5	0.9965777
659.6	0.9959542
659.7	0.9953307
659.8	0.9947072
659.9	0.9940817
660.0	0.9934418
660.1	0.9927977
660.2	0.9921535
660.3	0.9915093
660.4	0.9908655
660.5	0.9902223
660.6	0.9895791
660.7	0.9889359
660.8	0.9882928
660.9	0.9876497
661.0	0.9870068
661.1	0.9863639
661.2	0.9857211
661.3	0.9850782
661.4	0.9844353
661.5	0.9837924
661.6	0.9831495
661.7	0.9825066
661.8	0.981865
661.9	0.981233
662.0	0.9806113
662.1	0.9799922
662.2	0.9793731
662.3	0.978754
662.4	0.9781349
662.5	0.9775159
662.6	0.9768968
662.7	0.9762778
662.8	0.9756622
662.9	0.9750839
663.0	0.9745953
663.1	0.9741449
663.2	0.9736971
663.3	0.9732493
663.4	0.9728073
663.5	0.9723755
663.6	0.9719436
663.7	0.9715117
663.8	0.9710798
663.9	0.9706481
664.0	0.9702189
664.1	0.9697903
664.2	0.9693617
664.3	0.9689331
664.4	0.9685056
664.5	0.9680798
664.6	0.967654
664.7	0.9672283
664.8	0.9668025
664.9	0.9663768
665.0	0.965951
665.1	0.9655253
665.2	0.9650995
665.3	0.9646738
665.4	0.964248
665.5	0.9638222
665.6	0.9633965
665.7	0.9629716
665.8	0.9625545
665.9	0.9621589
666.0	0.9617776
666.1	0.9613994
666.2	0.9610213
666.3	0.9606432
666.4	0.9602651
666.5	0.959887
666.6	0.959509
666.7	0.959133
666.8	0.9587761
666.9	0.9584783
667.0	0.9582059
667.1	0.9579489
667.2	0.9576936
667.3	0.9574383
667.4	0.9571772
667.5	0.956906
667.6	0.9566349
667.7	0.9563637
667.8	0.9560925
667.9	0.9558207
668.0	0.9555435
668.1	0.9552652
668.2	0.954987
668.3	0.9547088
668.4	0.9544294
668.5	0.9541484
668.6	0.9538673
668.7	0.9535862
668.8	0.9533052
668.9	0.9530241
669.0	0.9527431
669.1	0.952462
669.2	0.9521809
669.3	0.9518998
669.4	0.9516186
669.5	0.9513375
669.6	0.9510564
669.7	0.9507751
669.8	0.9504941
669.9	0.9502217
670.0	0.9499651
670.1	0.9497151
670.2	0.9494656
670.3	0.949216
670.4	0.9489664
670.5	0.9487169
670.6	0.9484673
670.7	0.9482173
670.8	0.9479688
670.9	0.9477532
671.0	0.9476693
671.1	0.9476778
671.2	0.9476974
671.3	0.947717
671.4	0.9477309
671.5	0.9477351
671.6	0.9477392
671.7	0.9477434
671.8	0.9477475
671.9	0.9477517
672.0	0.9477543
672.1	0.9477572
672.2	0.9477602
672.3	0.9477631
672.4	0.9477651
672.5	0.9477652
672.6	0.9477654
672.7	0.9477656
672.8	0.9477658
672.9	0.9477661
673.0	0.9477664
673.1	0.9477666
673.2	0.9477669
673.3	0.9477671
673.4	0.9477674
673.5	0.9477677
673.6	0.947768
673.7	0.9477485
673.8	0.9475704
673.9	0.9469157
674.0	0.9458479
674.1	0.944655
674.2	0.9434551
674.3	0.9422552
674.4	0.9410553
674.5	0.9398553
674.6	0.9386554
674.7	0.9374111
674.8	0.9357699
674.9	0.9323881
675.0	0.9241983
675.1	0.9137275
675.2	0.9030501
675.3	0.8923727
675.4	0.8815793
675.5	0.8705882
675.6	0.8595971
675.7	0.8486061
675.8	0.837615
675.9	0.8265998
676.0	0.8153804
676.1	0.8041098
676.2	0.7928391
676.3	0.7815685
676.4	0.770277
676.5	0.7589501
676.6	0.7476231
676.7	0.7362963
676.8	0.7249694
676.9	0.7136424
677.0	0.7023155
677.1	0.6909885
677.2	0.6796616
677.3	0.6683346
677.4	0.6570076
677.5	0.6456807
677.6	0.6343538
677.7	0.6230295
677.8	0.61172
677.9	0.6004224
678.0	0.589112
678.1	0.5777953
678.2	0.5664787
678.3	0.5551621
678.4	0.5438454
678.5	0.5325288
678.6	0.5212121
678.7	0.5099016
678.8	0.4986255
678.9	0.4874087
679.0	0.4764341
679.1	0.4655087
679.2	0.4545842
679.3	0.4436595
679.4	0.4327552
679.5	0.4218853
679.6	0.4110155
679.7	0.4001456
679.8	0.3892757
679.9	0.3784097
680.0	0.3675836
680.1	0.3567653
680.2	0.3459471
680.3	0.3351288
680.4	0.3243142
680.5	0.3135057
680.6	0.3026973
680.7	0.2918888
680.8	0.2810804
680.9	0.2702721
681.0	0.2594638
681.1	0.2486555
681.2	0.2378472
681.3	0.2270389
681.4	0.2162306
681.5	0.2054223
681.6	0.194614
681.7	0.1838208
681.8	0.173154
681.9	0.162887
682.0	0.1529832
682.1	0.1431915
682.2	0.1334058
682.3	0.1236202
682.4	0.1138345
682.5	0.1040489
682.6	0.0942632
682.7	0.0845117
682.8	0.0750776
682.9	0.0670992
683.0	0.0631343
683.1	0.0611148
683.2	0.0592739
683.3	0.057433
683.4	0.0556826
683.5	0.0540862
683.6	0.0524898
683.7	0.0508934
683.8	0.0492971
683.9	0.0477191
684.0	0.0462946
684.1	0.0449099
684.2	0.0435252
684.3	0.0421405
684.4	0.040772
684.5	0.0394311
684.6	0.0380902
684.7	0.0367493
684.8	0.0354084
684.9	0.0340675
685.0	0.0327267
685.1	0.0313858
685.2	0.0300449
685.3	0.028704
685.4	0.0273631
685.5	0.0260222
685.6	0.0246814
685.7	0.0233425
685.8	0.0220204
685.9	0.0207517
686.0	0.0195305
686.1	0.0183236
686.2	0.0171174
686.3	0.0159113
;;
;; BAND I02
;;
830.1	0.0151191
830.2	0.0155133
830.3	0.0159075
830.4	0.0163017
830.5	0.0166958
830.6	0.01709
830.7	0.0174842
830.8	0.0178784
830.9	0.0182726
831.0	0.0186669
831.1	0.0190611
831.2	0.0194553
831.3	0.0198495
831.4	0.0202437
831.5	0.0206379
831.6	0.0210321
831.7	0.021515
831.8	0.022159
831.9	0.0229043
832.0	0.0237029
832.1	0.0245717
832.2	0.0255032
832.3	0.0265243
832.4	0.0275811
832.5	0.0286379
832.6	0.0296947
832.7	0.0307516
832.8	0.0318084
832.9	0.0328653
833.0	0.0339221
833.1	0.0349789
833.2	0.0360358
833.3	0.0370926
833.4	0.0381495
833.5	0.0392063
833.6	0.0402632
833.7	0.04132
833.8	0.0423769
833.9	0.0434337
834.0	0.0444905
834.1	0.0455474
834.2	0.0466042
834.3	0.0476611
834.4	0.0487179
834.5	0.0497747
834.6	0.0508316
834.7	0.0521221
834.8	0.0538362
834.9	0.0558142
835.0	0.0579316
835.1	0.0602337
835.2	0.0626994
835.3	0.0653974
835.4	0.0681877
835.5	0.070978
835.6	0.0737683
835.7	0.0765586
835.8	0.0793488
835.9	0.0821391
836.0	0.0849293
836.1	0.0877196
836.2	0.0905099
836.3	0.0933002
836.4	0.0960905
836.5	0.0988808
836.6	0.101671
836.7	0.1044613
836.8	0.1072517
836.9	0.110042
837.0	0.1128323
837.1	0.1156226
837.2	0.1184129
837.3	0.1212032
837.4	0.1239935
837.5	0.1267838
837.6	0.129574
837.7	0.1329066
837.8	0.137227
837.9	0.1421632
838.0	0.1474185
838.1	0.1530895
838.2	0.1591185
838.3	0.1656388
838.4	0.172351
838.5	0.1790632
838.6	0.1857754
838.7	0.1924875
838.8	0.1991998
838.9	0.2059119
839.0	0.2126241
839.1	0.2193364
839.2	0.2260486
839.3	0.2327608
839.4	0.239473
839.5	0.2461852
839.6	0.2528974
839.7	0.2596095
839.8	0.2663216
839.9	0.2730337
840.0	0.2797459
840.1	0.2864579
840.2	0.29317
840.3	0.2998821
840.4	0.3065943
840.5	0.3133064
840.6	0.3200185
840.7	0.3273368
840.8	0.3357597
840.9	0.3448599
841.0	0.3542955
841.1	0.3641443
841.2	0.374319
841.3	0.3848989
841.4	0.3956285
841.5	0.406358
841.6	0.4170875
841.7	0.427817
841.8	0.4385466
841.9	0.4492762
842.0	0.4600057
842.1	0.4707353
842.2	0.4814648
842.3	0.4921944
842.4	0.5029238
842.5	0.5136533
842.6	0.5243828
842.7	0.5351124
842.8	0.5458419
842.9	0.5565714
843.0	0.5673009
843.1	0.5780303
843.2	0.5887598
843.3	0.5994893
843.4	0.6102189
843.5	0.6209484
843.6	0.6316779
843.7	0.6421905
843.8	0.6522981
843.9	0.662127
844.0	0.6717928
844.1	0.6812258
844.2	0.6904318
844.3	0.6992917
844.4	0.7080098
844.5	0.7167279
844.6	0.725446
844.7	0.7341641
844.8	0.742882
844.9	0.7515999
845.0	0.7603178
845.1	0.7690357
845.2	0.7777537
845.3	0.7864715
845.4	0.7951894
845.5	0.8039073
845.6	0.8126252
845.7	0.8213431
845.8	0.8300611
845.9	0.8387792
846.0	0.8474972
846.1	0.8562152
846.2	0.8649333
846.3	0.8736513
846.4	0.8823694
846.5	0.8910875
846.6	0.8998055
846.7	0.9076333
846.8	0.9138338
846.9	0.9190265
847.0	0.9237101
847.1	0.9277509
847.2	0.9312614
847.3	0.9340744
847.4	0.936621
847.5	0.9391676
847.6	0.9417141
847.7	0.9442607
847.8	0.9468074
847.9	0.9493541
848.0	0.9519007
848.1	0.9544473
848.2	0.9569939
848.3	0.9595405
848.4	0.9620872
848.5	0.9646338
848.6	0.9671805
848.7	0.969727
848.8	0.9722736
848.9	0.9748202
849.0	0.9773668
849.1	0.9799135
849.2	0.98246
849.3	0.9850066
849.4	0.9875532
849.5	0.9900997
849.6	0.9926463
849.7	0.9947852
849.8	0.9961974
849.9	0.997181
850.0	0.9979596
850.1	0.9984892
850.2	0.9988319
850.3	0.9989554
850.4	0.9990004
850.5	0.9990453
850.6	0.9990901
850.7	0.9991351
850.8	0.99918
850.9	0.999225
851.0	0.99927
851.1	0.9993151
851.2	0.9993601
851.3	0.9994053
851.4	0.9994504
851.5	0.9994955
851.6	0.9995406
851.7	0.9995857
851.8	0.9996307
851.9	0.9996758
852.0	0.9997208
852.1	0.9997658
852.2	0.9998107
852.3	0.9998556
852.4	0.9999005
852.5	0.9999454
852.6	0.9999903
852.7	1.0
852.8	0.9999467
852.9	0.9998568
853.0	0.9997519
853.1	0.9996309
853.2	0.9995031
853.3	0.9993801
853.4	0.9992617
853.5	0.9991434
853.6	0.9990251
853.7	0.9989068
853.8	0.9987884
853.9	0.99867
854.0	0.9985516
854.1	0.9984332
854.2	0.9983147
854.3	0.9981962
854.4	0.9980778
854.5	0.9979592
854.6	0.9978407
854.7	0.9977222
854.8	0.9976037
854.9	0.9974853
855.0	0.9973668
855.1	0.9972484
855.2	0.99713
855.3	0.9970117
855.4	0.9968933
855.5	0.9967749
855.6	0.9966565
855.7	0.9965364
855.8	0.9964143
855.9	0.9962881
856.0	0.9961604
856.1	0.9960308
856.2	0.9958978
856.3	0.9957621
856.4	0.9956264
856.5	0.9954908
856.6	0.9953551
856.7	0.9952195
856.8	0.9950837
856.9	0.9949481
857.0	0.9948124
857.1	0.9946768
857.2	0.9945412
857.3	0.9944056
857.4	0.99427
857.5	0.9941344
857.6	0.9939988
857.7	0.9938633
857.8	0.9937278
857.9	0.9935924
858.0	0.9934569
858.1	0.9933215
858.2	0.9931859
858.3	0.9930504
858.4	0.9929148
858.5	0.9927793
858.6	0.9926437
858.7	0.9925025
858.8	0.9923514
858.9	0.9921963
859.0	0.9920375
859.1	0.9918723
859.2	0.9916977
859.3	0.9915001
859.4	0.9912909
859.5	0.9910817
859.6	0.9908725
859.7	0.9906633
859.8	0.9904543
859.9	0.9902452
860.0	0.9900362
860.1	0.9898273
860.2	0.9896183
860.3	0.9894093
860.4	0.9892002
860.5	0.9889911
860.6	0.988782
860.7	0.988573
860.8	0.9883639
860.9	0.9881546
861.0	0.9879454
861.1	0.9877363
861.2	0.9875271
861.3	0.9873179
861.4	0.9871087
861.5	0.9868996
861.6	0.9866903
861.7	0.9865164
861.8	0.9864039
861.9	0.9863324
862.0	0.9862797
862.1	0.9862504
862.2	0.9862385
862.3	0.9862374
862.4	0.9862374
862.5	0.9862374
862.6	0.9862374
862.7	0.9862374
862.8	0.9862374
862.9	0.9862374
863.0	0.9862374
863.1	0.9862375
863.2	0.9862374
863.3	0.9862374
863.4	0.9862373
863.5	0.9862373
863.6	0.9862372
863.7	0.9862371
863.8	0.986237
863.9	0.986237
864.0	0.986237
864.1	0.986237
864.2	0.986237
864.3	0.986237
864.4	0.986237
864.5	0.986237
864.6	0.986237
864.7	0.9862484
864.8	0.9862816
864.9	0.9863326
865.0	0.9863916
865.1	0.9864588
865.2	0.9865286
865.3	0.986585
865.4	0.9866329
865.5	0.9866809
865.6	0.9867288
865.7	0.9867766
865.8	0.9868245
865.9	0.9868723
866.0	0.9869202
866.1	0.986968
866.2	0.9870159
866.3	0.9870638
866.4	0.9871116
866.5	0.9871595
866.6	0.9872073
866.7	0.9872552
866.8	0.987303
866.9	0.9873508
867.0	0.9873987
867.1	0.9874465
867.2	0.9874943
867.3	0.9875421
867.4	0.9875899
867.5	0.9876377
867.6	0.9876854
867.7	0.9877426
867.8	0.9878138
867.9	0.9878855
868.0	0.987956
868.1	0.9880241
868.2	0.9880885
868.3	0.9881568
868.4	0.9882284
868.5	0.9883001
868.6	0.9883718
868.7	0.9884436
868.8	0.9885153
868.9	0.988587
869.0	0.9886587
869.1	0.9887303
869.2	0.988802
869.3	0.9888735
869.4	0.9889451
869.5	0.9890167
869.6	0.9890882
869.7	0.9891598
869.8	0.9892313
869.9	0.989303
870.0	0.9893746
870.1	0.9894463
870.2	0.989518
870.3	0.9895898
870.4	0.9896615
870.5	0.9897332
870.6	0.9898049
870.7	0.9897065
870.8	0.9893033
870.9	0.9887108
871.0	0.9880179
871.1	0.9871906
871.2	0.9862416
871.3	0.9851139
871.4	0.983914
871.5	0.9827141
871.6	0.9815142
871.7	0.9803142
871.8	0.9791144
871.9	0.9779145
872.0	0.9767147
872.1	0.9755148
872.2	0.974315
872.3	0.9731151
872.4	0.9719153
872.5	0.9707155
872.6	0.9695157
872.7	0.9683158
872.8	0.967116
872.9	0.9659162
873.0	0.9647163
873.1	0.9635165
873.2	0.9623166
873.3	0.9611168
873.4	0.9599169
873.5	0.9587171
873.6	0.9575173
873.7	0.9558862
873.8	0.9534733
873.9	0.9505722
874.0	0.9474186
874.1	0.9439371
874.2	0.9401788
874.3	0.9360566
874.4	0.9317958
874.5	0.9275349
874.6	0.9232742
874.7	0.9190133
874.8	0.9147525
874.9	0.9104916
875.0	0.9062309
875.1	0.90197
875.2	0.8977091
875.3	0.8934483
875.4	0.8891875
875.5	0.8849266
875.6	0.8806658
875.7	0.876405
875.8	0.8721442
875.9	0.8678834
876.0	0.8636225
876.1	0.8593617
876.2	0.8551009
876.3	0.8508401
876.4	0.8465792
876.5	0.8423183
876.6	0.8380574
876.7	0.8332497
876.8	0.827446
876.9	0.8210277
877.0	0.8142996
877.1	0.8071819
877.2	0.799747
877.3	0.7919022
877.4	0.7839022
877.5	0.7759021
877.6	0.767902
877.7	0.7599019
877.8	0.751902
877.9	0.743902
878.0	0.735902
878.1	0.7279019
878.2	0.7199019
878.3	0.7119019
878.4	0.7039019
878.5	0.6959019
878.6	0.6879019
878.7	0.6799018
878.8	0.6719016
878.9	0.6639014
879.0	0.6559012
879.1	0.6479011
879.2	0.639901
879.3	0.6319008
879.4	0.6239007
879.5	0.6159005
879.6	0.6079003
879.7	0.5997867
879.8	0.5914695
879.9	0.5830439
880.0	0.574575
880.1	0.5660647
880.2	0.5575348
880.3	0.5489975
880.4	0.5404618
880.5	0.5319262
880.6	0.5233905
880.7	0.5148548
880.8	0.5063192
880.9	0.4977835
881.0	0.4892478
881.1	0.4807121
881.2	0.4721765
881.3	0.4636409
881.4	0.4551052
881.5	0.4465696
881.6	0.4380339
881.7	0.4294982
881.8	0.4209626
881.9	0.412427
882.0	0.4038914
882.1	0.3953558
882.2	0.3868201
882.3	0.3782845
882.4	0.3697488
882.5	0.3612131
882.6	0.3526775
882.7	0.344534
882.8	0.3371098
882.9	0.3301413
883.0	0.3234095
883.1	0.3169834
883.2	0.3108165
883.3	0.3049951
883.4	0.2993063
883.5	0.2936175
883.6	0.2879286
883.7	0.2822399
883.8	0.2765513
883.9	0.2708626
884.0	0.265174
884.1	0.2594853
884.2	0.2537967
884.3	0.248108
884.4	0.2424194
884.5	0.2367308
884.6	0.2310421
884.7	0.2253535
884.8	0.2196649
884.9	0.2139762
885.0	0.2082876
885.1	0.2025989
885.2	0.1969103
885.3	0.1912217
885.4	0.185533
885.5	0.1798444
885.6	0.1741558
885.7	0.1688928
885.8	0.1644029
885.9	0.1603851
886.0	0.1566039
886.1	0.1531213
886.2	0.1498843
886.3	0.1469687
886.4	0.1441752
886.5	0.1413817
886.6	0.1385883
886.7	0.1357948
886.8	0.1330013
886.9	0.1302079
887.0	0.1274146
887.1	0.1246213
887.2	0.1218279
887.3	0.1190346
887.4	0.1162413
887.5	0.1134479
887.6	0.1106546
887.7	0.1078613
887.8	0.1050681
887.9	0.1022747
888.0	0.0994814
888.1	0.0966881
888.2	0.0938948
888.3	0.0911015
888.4	0.0883081
888.5	0.0855148
888.6	0.0827215
888.7	0.0801546
888.8	0.0779948
888.9	0.0760793
889.0	0.0742853
889.1	0.0726439
889.2	0.0711271
889.3	0.0697749
889.4	0.0684857
889.5	0.0671964
889.6	0.0659072
889.7	0.0646179
889.8	0.0633287
889.9	0.0620394
890.0	0.0607502
890.1	0.0594609
890.2	0.0581717
890.3	0.0568824
890.4	0.0555932
890.5	0.0543039
890.6	0.0530146
890.7	0.0517254
890.8	0.0504361
890.9	0.0491469
891.0	0.0478576
891.1	0.0465683
891.2	0.0452791
891.3	0.0439898
891.4	0.0427005
891.5	0.0414113
891.6	0.040122
891.7	0.0389369
891.8	0.0379388
891.9	0.0370518
892.0	0.03622
892.1	0.0354571
892.2	0.0347506
892.3	0.0341183
892.4	0.0335147
892.5	0.0329112
892.6	0.0323077
892.7	0.0317042
892.8	0.0311006
892.9	0.0304971
893.0	0.0298936
893.1	0.0292901
893.2	0.0286865
893.3	0.028083
893.4	0.0274795
893.5	0.0268759
893.6	0.0262724
893.7	0.0256689
893.8	0.0250653
893.9	0.0244618
894.0	0.0238583
894.1	0.0232548
894.2	0.0226513
894.3	0.0220477
894.4	0.0214442
894.5	0.0208407
894.6	0.0202372
894.7	0.0196811
894.8	0.0192105
894.9	0.0187911
895.0	0.018397
895.1	0.0180348
895.2	0.0176985
895.3	0.0173963
895.4	0.0171071
895.5	0.0168178
895.6	0.0165286
895.7	0.0162393
895.8	0.0159501
895.9	0.0156608
896.0	0.0153716
896.1	0.0150823
;;
;; BAND I03
;;
1544.0	0.0166955
1545.0	0.0200477
1546.0	0.0233999
1547.0	0.0267521
1548.0	0.0301043
1549.0	0.0334565
1550.0	0.0368087
1551.0	0.0401609
1552.0	0.043513
1553.0	0.0470401
1554.0	0.0552017
1555.0	0.0690615
1556.0	0.087694
1557.0	0.1068623
1558.0	0.1260306
1559.0	0.1451989
1560.0	0.1643672
1561.0	0.1835354
1562.0	0.2027037
1563.0	0.221872
1564.0	0.2410403
1565.0	0.2602334
1566.0	0.2812825
1567.0	0.3085667
1568.0	0.3502623
1569.0	0.4002914
1570.0	0.4528012
1571.0	0.5063537
1572.0	0.5583821
1573.0	0.6089343
1574.0	0.6587714
1575.0	0.7031698
1576.0	0.742195
1577.0	0.7755864
1578.0	0.8015354
1579.0	0.824869
1580.0	0.8417082
1581.0	0.8522809
1582.0	0.8606424
1583.0	0.8653872
1584.0	0.8642437
1585.0	0.8580932
1586.0	0.848426
1587.0	0.8354683
1588.0	0.8163301
1589.0	0.793456
1590.0	0.7700312
1591.0	0.7483379
1592.0	0.7347084
1593.0	0.7315065
1594.0	0.7391047
1595.0	0.7520136
1596.0	0.7692624
1597.0	0.7891237
1598.0	0.8069555
1599.0	0.8252941
1600.0	0.8404257
1601.0	0.8516579
1602.0	0.8606136
1603.0	0.8685076
1604.0	0.8771542
1605.0	0.887853
1606.0	0.9009036
1607.0	0.9144387
1608.0	0.9254465
1609.0	0.9356364
1610.0	0.9458815
1611.0	0.9559779
1612.0	0.9683209
1613.0	0.9781097
1614.0	0.9850164
1615.0	0.9892128
1616.0	0.994354
1617.0	1.0
1618.0	0.9988198
1619.0	0.9923808
1620.0	0.9783376
1621.0	0.9575905
1622.0	0.9279101
1623.0	0.8919483
1624.0	0.8465331
1625.0	0.7980018
1626.0	0.7435501
1627.0	0.6842255
1628.0	0.6229908
1629.0	0.5620252
1630.0	0.5021504
1631.0	0.4445647
1632.0	0.3911856
1633.0	0.3417779
1634.0	0.2965134
1635.0	0.2571631
1636.0	0.2233058
1637.0	0.1936156
1638.0	0.1676093
1639.0	0.1453151
1640.0	0.1260169
1641.0	0.1090671
1642.0	0.0947441
1643.0	0.0821998
1644.0	0.0714204
1645.0	0.0621065
1646.0	0.0540502
1647.0	0.0471941
1648.0	0.0413503
1649.0	0.0365217
1650.0	0.0325563
1651.0	0.0294273
1652.0	0.026865
1653.0	0.0247163
1654.0	0.0228213
1655.0	0.0211021
1656.0	0.0195411
1657.0	0.0179949
1658.0	0.0164487
;;
;; BAND M01
;;
395.3	0.0153123
395.4	0.0172672
395.5	0.0192221
395.6	0.021177
395.7	0.0231319
395.8	0.0268172
395.9	0.0313925
396.0	0.0359678
396.1	0.040543
396.2	0.0451183
396.3	0.0496936
396.4	0.0544476
396.5	0.061756
396.6	0.0690643
396.7	0.0763727
396.8	0.0836811
396.9	0.0909894
397.0	0.0982978
397.1	0.1065006
397.2	0.1151383
397.3	0.123776
397.4	0.1324137
397.5	0.1410514
397.6	0.1496891
397.7	0.1583268
397.8	0.1669645
397.9	0.1753857
398.0	0.1834973
398.1	0.1916089
398.2	0.1997204
398.3	0.2084379
398.4	0.2174203
398.5	0.2264026
398.6	0.2353849
398.7	0.2443672
398.8	0.2533495
398.9	0.2638482
399.0	0.2778852
399.1	0.2919223
399.2	0.3059593
399.3	0.3199964
399.4	0.3347136
399.5	0.3546449
399.6	0.3745762
399.7	0.3945075
399.8	0.4144388
399.9	0.4343701
400.0	0.4543014
400.1	0.4756403
400.2	0.4981851
400.3	0.5207299
400.4	0.5432747
400.5	0.5658194
400.6	0.5883642
400.7	0.6077936
400.8	0.6240115
400.9	0.6402292
401.0	0.6564471
401.1	0.6726649
401.2	0.6888827
401.3	0.7051005
401.4	0.7153129
401.5	0.7187287
401.6	0.7221446
401.7	0.7255604
401.8	0.7289762
401.9	0.7323921
402.0	0.735808
402.1	0.734024
402.2	0.7315882
402.3	0.7291525
402.4	0.7267167
402.5	0.724281
402.6	0.7218451
402.7	0.7194094
402.8	0.7208476
402.9	0.7269467
403.0	0.7330458
403.1	0.739145
403.2	0.7452441
403.3	0.7513432
403.4	0.7574423
403.5	0.7635414
403.6	0.7696406
403.7	0.7757397
403.8	0.7796853
403.9	0.7811919
404.0	0.7826986
404.1	0.7842052
404.2	0.7857118
404.3	0.7872184
404.4	0.7904607
404.5	0.7950182
404.6	0.7995757
404.7	0.8041333
404.8	0.8086908
404.9	0.8132483
405.0	0.8178059
405.1	0.8216014
405.2	0.8253014
405.3	0.8290014
405.4	0.8327014
405.5	0.8364014
405.6	0.8401014
405.7	0.843126
405.8	0.8450532
405.9	0.8469804
406.0	0.8489076
406.1	0.8508348
406.2	0.852762
406.3	0.8546892
406.4	0.8566164
406.5	0.8575005
406.6	0.857823
406.7	0.8581455
406.8	0.8584679
406.9	0.8587904
407.0	0.8591129
407.1	0.8594509
407.2	0.8601403
407.3	0.8608297
407.4	0.8615191
407.5	0.8622085
407.6	0.8628979
407.7	0.8635873
407.8	0.8643605
407.9	0.8659557
408.0	0.8675508
408.1	0.8691459
408.2	0.870741
408.3	0.8723361
408.4	0.8739312
408.5	0.8756583
408.6	0.878234
408.7	0.8808098
408.8	0.8833855
408.9	0.8859612
409.0	0.8885369
409.1	0.8911126
409.2	0.8937502
409.3	0.8964051
409.4	0.89906
409.5	0.901715
409.6	0.9043699
409.7	0.9070249
409.8	0.9096798
409.9	0.9123347
410.0	0.9149082
410.1	0.917404
410.2	0.9198998
410.3	0.9223955
410.4	0.9248912
410.5	0.927387
410.6	0.9300237
410.7	0.9331293
410.8	0.936235
410.9	0.9393407
411.0	0.9424463
411.1	0.945552
411.2	0.9486576
411.3	0.9517633
411.4	0.954869
411.5	0.9588835
411.6	0.9630035
411.7	0.9671235
411.8	0.9712435
411.9	0.9753635
412.0	0.9794835
412.1	0.9836035
412.2	0.9861059
412.3	0.9880908
412.4	0.9900756
412.5	0.9920605
412.6	0.9940454
412.7	0.9960303
412.8	0.9980151
412.9	1.0
413.0	0.9980788
413.1	0.994631
413.2	0.9911832
413.3	0.9877354
413.4	0.9842876
413.5	0.9808398
413.6	0.977392
413.7	0.9725919
413.8	0.9672841
413.9	0.9619764
414.0	0.9566687
414.1	0.951361
414.2	0.9460533
414.3	0.9407455
414.4	0.9354379
414.5	0.9316917
414.6	0.9297394
414.7	0.9277871
414.8	0.9258348
414.9	0.9238825
415.0	0.9219302
415.1	0.9224614
415.2	0.9245206
415.3	0.9265798
415.4	0.9286389
415.5	0.9306982
415.6	0.9327573
415.7	0.9348165
415.8	0.9368756
415.9	0.9409613
416.0	0.9457074
416.1	0.9504535
416.2	0.9551996
416.3	0.9599457
416.4	0.9646918
416.5	0.9692178
416.6	0.973675
416.7	0.9781321
416.8	0.9825891
416.9	0.9870462
417.0	0.9915034
417.1	0.9959605
417.2	0.9960799
417.3	0.9957392
417.4	0.9953986
417.5	0.9950579
417.6	0.9947172
417.7	0.9943766
417.8	0.9940359
417.9	0.9936953
418.0	0.9933546
418.1	0.9867808
418.2	0.9797978
418.3	0.9728149
418.4	0.965832
418.5	0.958849
418.6	0.9518661
418.7	0.9448832
418.8	0.9335868
418.9	0.9199256
419.0	0.9062645
419.1	0.8926034
419.2	0.8789423
419.3	0.8652811
419.4	0.85162
419.5	0.8379589
419.6	0.8133672
419.7	0.7882916
419.8	0.7632159
419.9	0.7381403
420.0	0.7130646
420.1	0.687989
420.2	0.6629134
420.3	0.6378377
420.4	0.610728
420.5	0.5754818
420.6	0.5402355
420.7	0.5049893
420.8	0.4697431
420.9	0.4344969
421.0	0.3992507
421.1	0.3705112
421.2	0.3419805
421.3	0.3134499
421.4	0.2849192
421.5	0.2563885
421.6	0.2278579
421.7	0.2050219
421.8	0.1913056
421.9	0.1775893
422.0	0.1638731
422.1	0.1501568
422.2	0.1364406
422.3	0.1227243
422.4	0.1166649
422.5	0.1108784
422.6	0.1050918
422.7	0.0993052
422.8	0.0935186
422.9	0.0877321
423.0	0.0822897
423.1	0.0797082
423.2	0.0771267
423.3	0.0745452
423.4	0.0719637
423.5	0.0693822
423.6	0.0668007
423.7	0.0643331
423.8	0.0625747
423.9	0.0608162
424.0	0.0590578
424.1	0.0572993
424.2	0.0555409
424.3	0.0537824
424.4	0.0519158
424.5	0.0499408
424.6	0.0479658
424.7	0.0459908
424.8	0.0440158
424.9	0.0420408
425.0	0.0399344
425.1	0.0376882
425.2	0.0354419
425.3	0.0331957
425.4	0.0309494
425.5	0.0287032
425.6	0.0264689
425.7	0.024662
425.8	0.0228551
425.9	0.0210482
426.0	0.0192413
426.1	0.0174344
426.2	0.0156275
;;
;; BAND M02
;;
431.9	0.0164458
432.0	0.0180133
432.1	0.0195807
432.2	0.0211481
432.3	0.0227155
432.4	0.024283
432.5	0.0320075
432.6	0.0421789
432.7	0.0523504
432.8	0.0625218
432.9	0.0726933
433.0	0.0828648
433.1	0.0930362
433.2	0.1032077
433.3	0.1133792
433.4	0.1235506
433.5	0.1337221
433.6	0.1438936
433.7	0.154065
433.8	0.1642365
433.9	0.1744079
434.0	0.1845794
434.1	0.1947509
434.2	0.2049223
434.3	0.2150938
434.4	0.2252652
434.5	0.2354367
434.6	0.2566094
434.7	0.2845505
434.8	0.3124916
434.9	0.3404327
435.0	0.3683739
435.1	0.396315
435.2	0.4242561
435.3	0.4521973
435.4	0.4748999
435.5	0.4975206
435.6	0.5201414
435.7	0.5427621
435.8	0.5653828
435.9	0.5880035
436.0	0.6106243
436.1	0.633245
436.2	0.6558657
436.3	0.6784864
436.4	0.7011071
436.5	0.7218787
436.6	0.7252575
436.7	0.7286364
436.8	0.7320152
436.9	0.735394
437.0	0.7387728
437.1	0.7420622
437.2	0.7445803
437.3	0.7470985
437.4	0.7496167
437.5	0.7521348
437.6	0.754653
437.7	0.7571712
437.8	0.7596893
437.9	0.7622075
438.0	0.766947
438.1	0.7717034
438.2	0.7764599
438.3	0.7812163
438.4	0.7859728
438.5	0.7907293
438.6	0.795135
438.7	0.795343
438.8	0.7955509
438.9	0.7957589
439.0	0.7959669
439.1	0.7961748
439.2	0.7958686
439.3	0.7949986
439.4	0.7941285
439.5	0.7932584
439.6	0.7923883
439.7	0.7915182
439.8	0.7906482
439.9	0.787202
440.0	0.7823449
440.1	0.7774878
440.2	0.7726306
440.3	0.7677735
440.4	0.7629163
440.5	0.7590694
440.6	0.7578058
440.7	0.7565421
440.8	0.7552785
440.9	0.754015
441.0	0.7527514
441.1	0.7514877
441.2	0.7502241
441.3	0.7489605
441.4	0.7549865
441.5	0.7627492
441.6	0.7705119
441.7	0.7782745
441.8	0.7860371
441.9	0.7937998
442.0	0.8034199
442.1	0.8136456
442.2	0.8238714
442.3	0.8340971
442.4	0.8443229
442.5	0.8545486
442.6	0.8659884
442.7	0.8788884
442.8	0.8917884
442.9	0.9046884
443.0	0.9175884
443.1	0.9304884
443.2	0.941967
443.3	0.9490057
443.4	0.9560444
443.5	0.9630831
443.6	0.9701217
443.7	0.9771605
443.8	0.9841991
443.9	0.9907286
444.0	0.9924573
444.1	0.9941861
444.2	0.9959148
444.3	0.9976436
444.4	0.9993724
444.5	1.0
444.6	0.9985129
444.7	0.9970258
444.8	0.9955387
444.9	0.9940516
445.0	0.9925645
445.1	0.9910774
445.2	0.9890611
445.3	0.9855499
445.4	0.9820386
445.5	0.9785273
445.6	0.975016
445.7	0.9715047
445.8	0.9679573
445.9	0.9635952
446.0	0.9592331
446.1	0.954871
446.2	0.9505089
446.3	0.9461468
446.4	0.9417847
446.5	0.9373217
446.6	0.9327443
446.7	0.928167
446.8	0.9235897
446.9	0.9190124
447.0	0.914435
447.1	0.9098577
447.2	0.9051441
447.3	0.9002963
447.4	0.8954485
447.5	0.8906007
447.6	0.8857529
447.7	0.8809052
447.8	0.8760573
447.9	0.8699464
448.0	0.863177
448.1	0.8564077
448.2	0.8496384
448.3	0.842869
448.4	0.8360997
448.5	0.8293304
448.6	0.8225611
448.7	0.814901
448.8	0.8037649
448.9	0.7926289
449.0	0.7814929
449.1	0.7703569
449.2	0.7592208
449.3	0.7480848
449.4	0.7312933
449.5	0.7126914
449.6	0.6940895
449.7	0.6754875
449.8	0.6568856
449.9	0.6382836
450.0	0.6322516
450.1	0.6128056
450.2	0.5933596
450.3	0.5739136
450.4	0.5544677
450.5	0.5350217
450.6	0.5155312
450.7	0.495119
450.8	0.4747067
450.9	0.4542945
451.0	0.4357891
451.1	0.4186584
451.2	0.4015277
451.3	0.384397
451.4	0.3672663
451.5	0.3501356
451.6	0.3330049
451.7	0.319729
451.8	0.3067566
451.9	0.2937842
452.0	0.2808119
452.1	0.2678395
452.2	0.2549818
452.3	0.244
452.4	0.2330181
452.5	0.2220363
452.6	0.2110545
452.7	0.2046078
452.8	0.1987302
452.9	0.1928527
453.0	0.1869751
453.1	0.1810976
453.2	0.17522
453.3	0.1693424
453.4	0.1634649
453.5	0.1575873
453.6	0.1517098
453.7	0.1458322
453.8	0.1399546
453.9	0.1340771
454.0	0.1281995
454.1	0.122322
454.2	0.1164444
454.3	0.1105668
454.4	0.1046893
454.5	0.0988117
454.6	0.0956377
454.7	0.092572
454.8	0.0895062
454.9	0.0864404
455.0	0.0833747
455.1	0.0803089
455.2	0.0772432
455.3	0.0741774
455.4	0.0711116
455.5	0.0680459
455.6	0.0649801
455.7	0.0619144
455.8	0.0588486
455.9	0.0557829
456.0	0.0527171
456.1	0.0496513
456.2	0.0465856
456.3	0.0435198
456.4	0.0404541
456.5	0.0373883
456.6	0.0351305
456.7	0.0331762
456.8	0.0312219
456.9	0.0292676
457.0	0.0273132
457.1	0.0253589
457.2	0.0236466
457.3	0.0223272
457.4	0.0210079
457.5	0.0196886
457.6	0.0183693
457.7	0.01705
457.8	0.0157307
;;
;; BAND M03
;;
473.0	0.0156758
473.1	0.0171272
473.2	0.0188173
473.3	0.0205074
473.4	0.0221974
473.5	0.024743
473.6	0.027299
473.7	0.029855
473.8	0.0331099
473.9	0.0369399
474.0	0.04077
474.1	0.0446001
474.2	0.0503786
474.3	0.0563337
474.4	0.0622887
474.5	0.0683793
474.6	0.0778906
474.7	0.0874019
474.8	0.0969132
474.9	0.1064245
475.0	0.1192428
475.1	0.1343832
475.2	0.1495237
475.3	0.1646642
475.4	0.1820888
475.5	0.2020483
475.6	0.2220078
475.7	0.244056
475.8	0.2696745
475.9	0.295293
476.0	0.3209115
476.1	0.3493644
476.2	0.3804663
476.3	0.4115682
476.4	0.4426701
476.5	0.4749646
476.6	0.5156924
476.7	0.55642
476.8	0.5889533
476.9	0.6212858
477.0	0.6536184
477.1	0.6859509
477.2	0.7137694
477.3	0.7412449
477.4	0.7687204
477.5	0.7937154
477.6	0.815981
477.7	0.8382465
477.8	0.860512
477.9	0.8760563
478.0	0.8912993
478.1	0.9065424
478.2	0.9177464
478.3	0.9273561
478.4	0.9369659
478.5	0.9446372
478.6	0.9492249
478.7	0.9538128
478.8	0.9584006
478.9	0.9596071
479.0	0.9606621
479.1	0.961717
479.2	0.9650993
479.3	0.963939
479.4	0.9627786
479.5	0.9618648
479.6	0.9623107
479.7	0.9627566
479.8	0.9632025
479.9	0.9643205
480.0	0.965459
480.1	0.9665976
480.2	0.9692377
480.3	0.9718909
480.4	0.974544
480.5	0.9773004
480.6	0.9805642
480.7	0.9838279
480.8	0.9870917
480.9	0.9903555
481.0	0.9935805
481.1	0.9967902
481.2	1.0
481.3	0.993409
481.4	0.9922723
481.5	0.9911357
481.6	0.9902401
481.7	0.9869676
481.8	0.983695
481.9	0.9804223
482.0	0.9753448
482.1	0.9702672
482.2	0.9651896
482.3	0.9601431
482.4	0.9557037
482.5	0.9512642
482.6	0.9468671
482.7	0.9431512
482.8	0.9394352
482.9	0.937474
483.0	0.9371672
483.1	0.9368604
483.2	0.9365535
483.3	0.9375067
483.4	0.9402965
483.5	0.9430863
483.6	0.9459686
483.7	0.9497542
483.8	0.9535398
483.9	0.9573254
484.0	0.9611115
484.1	0.964904
484.2	0.9686965
484.3	0.9724889
484.4	0.975848
484.5	0.9780086
484.6	0.9801693
484.7	0.98233
484.8	0.9837966
484.9	0.9845244
485.0	0.9852522
485.1	0.98598
485.2	0.981348
485.3	0.9792926
485.4	0.9772372
485.5	0.9748261
485.6	0.9715364
485.7	0.9682467
485.8	0.9647244
485.9	0.9608186
486.0	0.9569128
486.1	0.953007
486.2	0.948796
486.3	0.9442272
486.4	0.9396584
486.5	0.9349641
486.6	0.9299926
486.7	0.9250212
486.8	0.9198122
486.9	0.9145803
487.0	0.9093484
487.1	0.9040115
487.2	0.8977787
487.3	0.8915459
487.4	0.8853131
487.5	0.8786343
487.6	0.8707614
487.7	0.8642058
487.8	0.8590133
487.9	0.8538206
488.0	0.8489459
488.1	0.8445907
488.2	0.8402355
488.3	0.8369207
488.4	0.8347771
488.5	0.8326336
488.6	0.8334672
488.7	0.8336852
488.8	0.8339031
488.9	0.834121
489.0	0.834339
489.1	0.8388174
489.2	0.8445498
489.3	0.8502822
489.4	0.8560145
489.5	0.8617469
489.6	0.8674793
489.7	0.8732117
489.8	0.8789441
489.9	0.8846765
490.0	0.8904088
490.1	0.8957496
490.2	0.9006046
490.3	0.9054596
490.4	0.9103146
490.5	0.9151697
490.6	0.9200247
490.7	0.9248797
490.8	0.9297347
490.9	0.933607
491.0	0.935091
491.1	0.9365748
491.2	0.9380587
491.3	0.9395426
491.4	0.9407579
491.5	0.9412487
491.6	0.9417395
491.7	0.9422303
491.8	0.9427211
491.9	0.9438939
492.0	0.9453287
492.1	0.9467636
492.2	0.9481984
492.3	0.9496332
492.4	0.9520522
492.5	0.954808
492.6	0.9575638
492.7	0.9603195
492.8	0.9630753
492.9	0.9658311
493.0	0.9685869
493.1	0.9702739
493.2	0.9705613
493.3	0.9708488
493.4	0.9711362
493.5	0.9714237
493.6	0.9717111
493.7	0.9711984
493.8	0.9601209
493.9	0.9490432
494.0	0.9379656
494.1	0.926888
494.2	0.9158104
494.3	0.9047328
494.4	0.8849941
494.5	0.8625518
494.6	0.8401095
494.7	0.8176671
494.8	0.7952248
494.9	0.7669244
495.0	0.7374741
495.1	0.7080237
495.2	0.6785734
495.3	0.649123
495.4	0.6196727
495.5	0.5902223
495.6	0.5625743
495.7	0.5349351
495.8	0.507296
495.9	0.4796568
496.0	0.4520177
496.1	0.4243786
496.2	0.3967395
496.3	0.3691003
496.4	0.3461372
496.5	0.3247211
496.6	0.303305
496.7	0.2818889
496.8	0.2604728
496.9	0.2405612
497.0	0.2279794
497.1	0.2153977
497.2	0.2028159
497.3	0.1902342
497.4	0.1776525
497.5	0.1650707
497.6	0.152489
497.7	0.1410004
497.8	0.1329605
497.9	0.1249205
498.0	0.1168806
498.1	0.1088406
498.2	0.1028406
498.3	0.0977286
498.4	0.0926167
498.5	0.0875048
498.6	0.0823929
498.7	0.0772809
498.8	0.072169
498.9	0.067168
499.0	0.0645271
499.1	0.0618862
499.2	0.0592453
499.3	0.0566044
499.4	0.0539635
499.5	0.0513226
499.6	0.0486816
499.7	0.0460407
499.8	0.0433998
499.9	0.0407589
500.0	0.038118
500.1	0.0354771
500.2	0.0339326
500.3	0.0325377
500.4	0.0311428
500.5	0.0297479
500.6	0.028353
500.7	0.0269581
500.8	0.0255631
500.9	0.0243467
501.0	0.0232853
501.1	0.022224
501.2	0.0211626
501.3	0.0199804
501.4	0.0189615
501.5	0.0179425
501.6	0.0169236
501.7	0.0159046
;;
;; BAND M04
;;
531.8	0.015215
531.9	0.0155575
532.0	0.0159
532.1	0.0165353
532.2	0.0171706
532.3	0.0178059
532.4	0.0184413
532.5	0.0190766
532.6	0.0195967
532.7	0.0201167
532.8	0.0206368
532.9	0.0211568
533.0	0.0216769
533.1	0.0221969
533.2	0.022717
533.3	0.023237
533.4	0.0237571
533.5	0.0242772
533.6	0.0247972
533.7	0.0262054
533.8	0.0276136
533.9	0.0290218
534.0	0.03043
534.1	0.031412
534.2	0.0323939
534.3	0.0333759
534.4	0.0343579
534.5	0.0353398
534.6	0.0363218
534.7	0.0373038
534.8	0.0382857
534.9	0.0392677
535.0	0.0402496
535.1	0.0412316
535.2	0.0422136
535.3	0.0431955
535.4	0.0494702
535.5	0.0557449
535.6	0.0565127
535.7	0.0572805
535.8	0.0580482
535.9	0.058816
536.0	0.0595838
536.1	0.0603516
536.2	0.063143
536.3	0.0659345
536.4	0.068726
536.5	0.078431
536.6	0.088136
536.7	0.097841
536.8	0.1075461
536.9	0.1083643
537.0	0.1091825
537.1	0.1100007
537.2	0.1108189
537.3	0.1116371
537.4	0.1259951
537.5	0.1403531
537.6	0.1422118
537.7	0.1440706
537.8	0.1459293
537.9	0.147788
538.0	0.1496468
538.1	0.1515055
538.2	0.1680133
538.3	0.184521
538.4	0.2010287
538.5	0.2175364
538.6	0.2340442
538.7	0.2418911
538.8	0.2497381
538.9	0.257585
539.0	0.265432
539.1	0.2732789
539.2	0.2811259
539.3	0.2889728
539.4	0.2910595
539.5	0.3075259
539.6	0.3239923
539.7	0.3404587
539.8	0.356925
539.9	0.3733914
540.0	0.3898578
540.1	0.4063241
540.2	0.4227905
540.3	0.4318238
540.4	0.4408571
540.5	0.4498904
540.6	0.4589237
540.7	0.467957
540.8	0.490042
540.9	0.5121269
541.0	0.5342118
541.1	0.5562968
541.2	0.5783817
541.3	0.6004666
541.4	0.6296991
541.5	0.6589316
541.6	0.688164
541.7	0.7173964
541.8	0.7270475
541.9	0.7366986
542.0	0.7463496
542.1	0.7560007
542.2	0.7656518
542.3	0.7753028
542.4	0.784954
542.5	0.7976694
542.6	0.8103849
542.7	0.8231003
542.8	0.8358158
542.9	0.8485313
543.0	0.8612468
543.1	0.8739623
543.2	0.8866777
543.3	0.8993932
543.4	0.8990753
543.5	0.8987573
543.6	0.8984394
543.7	0.8981215
543.8	0.8978035
543.9	0.8974856
544.0	0.8983354
544.1	0.8991852
544.2	0.9000351
544.3	0.9008849
544.4	0.9017348
544.5	0.9025846
544.6	0.9034345
544.7	0.9042843
544.8	0.9051341
544.9	0.905984
545.0	0.9068338
545.1	0.9076837
545.2	0.9085335
545.3	0.9093834
545.4	0.9102332
545.5	0.911083
545.6	0.9119329
545.7	0.9127827
545.8	0.9127333
545.9	0.9126838
546.0	0.9126344
546.1	0.912585
546.2	0.9125355
546.3	0.9124861
546.4	0.9124367
546.5	0.9123873
546.6	0.9126394
546.7	0.9128916
546.8	0.9131437
546.9	0.9133958
547.0	0.9136479
547.1	0.9165577
547.2	0.9194674
547.3	0.9223772
547.4	0.9252869
547.5	0.9281967
547.6	0.931004
547.7	0.9338115
547.8	0.9366189
547.9	0.9394263
548.0	0.9467027
548.1	0.9485033
548.2	0.9503039
548.3	0.9521046
548.4	0.9539052
548.5	0.9557058
548.6	0.9575065
548.7	0.9593071
548.8	0.9626807
548.9	0.9660543
549.0	0.9694278
549.1	0.9728014
549.2	0.973222
549.3	0.9736427
549.4	0.9740633
549.5	0.974484
549.6	0.9759321
549.7	0.9773802
549.8	0.9788283
549.9	0.9802764
550.0	0.9817245
550.1	0.9831726
550.2	0.9846207
550.3	0.9849657
550.4	0.9853109
550.5	0.9856559
550.6	0.986001
550.7	0.9869631
550.8	0.9879252
550.9	0.9888874
551.0	0.988655
551.1	0.9884226
551.2	0.9881902
551.3	0.9879578
551.4	0.9877254
551.5	0.987493
551.6	0.9872606
551.7	0.9870282
551.8	0.9867958
551.9	0.9865635
552.0	0.9864364
552.1	0.9863093
552.2	0.9861823
552.3	0.9860553
552.4	0.9859282
552.5	0.9858012
552.6	0.9856741
552.7	0.9850418
552.8	0.9844096
552.9	0.9837773
553.0	0.9831451
553.1	0.9825128
553.2	0.9818805
553.3	0.982564
553.4	0.9832475
553.5	0.983931
553.6	0.9846145
553.7	0.985298
553.8	0.9859815
553.9	0.9860101
554.0	0.9860387
554.1	0.9860674
554.2	0.986096
554.3	0.9861247
554.4	0.9865476
554.5	0.9869705
554.6	0.9873935
554.7	0.9878165
554.8	0.9882394
554.9	0.9903887
555.0	0.9925379
555.1	0.9946871
555.2	0.995246
555.3	0.9958048
555.4	0.9963637
555.5	0.9969226
555.6	0.9974814
555.7	0.9980403
555.8	0.9985991
555.9	0.999158
556.0	0.9997168
556.1	0.9998112
556.2	0.9999056
556.3	1.0
556.4	0.9974478
556.5	0.9948956
556.6	0.9923434
556.7	0.9897912
556.8	0.9872391
556.9	0.9846869
557.0	0.9787194
557.1	0.9727519
557.2	0.9667843
557.3	0.9539211
557.4	0.941058
557.5	0.9281948
557.6	0.9153317
557.7	0.9024685
557.8	0.8896053
557.9	0.8767422
558.0	0.8677804
558.1	0.8588186
558.2	0.8498567
558.3	0.8408949
558.4	0.8319331
558.5	0.8206329
558.6	0.8093327
558.7	0.7980326
558.8	0.7867324
558.9	0.7754322
559.0	0.764132
559.1	0.7528318
559.2	0.7415316
559.3	0.7302315
559.4	0.7189313
559.5	0.7076311
559.6	0.6963309
559.7	0.6850307
559.8	0.6641327
559.9	0.6432346
560.0	0.6223366
560.1	0.6014385
560.2	0.5805405
560.3	0.5596424
560.4	0.5387444
560.5	0.5178463
560.6	0.4969483
560.7	0.4760503
560.8	0.4551522
560.9	0.4342542
561.0	0.4133562
561.1	0.3924581
561.2	0.3715601
561.3	0.3506621
561.4	0.329764
561.5	0.308866
561.6	0.2921953
561.7	0.2755246
561.8	0.2588539
561.9	0.2421832
562.0	0.2255125
562.1	0.2088418
562.2	0.1921711
562.3	0.1755004
562.4	0.1708199
562.5	0.1661393
562.6	0.1614587
562.7	0.1567782
562.8	0.1520976
562.9	0.147417
563.0	0.1427364
563.1	0.1380559
563.2	0.1333753
563.3	0.1286947
563.4	0.1256223
563.5	0.1225498
563.6	0.1183322
563.7	0.1141145
563.8	0.1098969
563.9	0.1056793
564.0	0.1014616
564.1	0.097244
564.2	0.0930264
564.3	0.0888087
564.4	0.0845911
564.5	0.0803734
564.6	0.0803616
564.7	0.0803497
564.8	0.0803378
564.9	0.0803259
565.0	0.0803141
565.1	0.0747822
565.2	0.0692502
565.3	0.0637183
565.4	0.0581864
565.5	0.0526545
565.6	0.0515881
565.7	0.0505217
565.8	0.0494553
565.9	0.0483889
566.0	0.0473225
566.1	0.0462561
566.2	0.0451897
566.3	0.0441233
566.4	0.0430569
566.5	0.0419904
566.6	0.040924
566.7	0.0398576
566.8	0.0387912
566.9	0.0387305
567.0	0.0386697
567.1	0.0386089
567.2	0.0385481
567.3	0.0384873
567.4	0.0384265
567.5	0.0383657
567.6	0.0383049
567.7	0.0382442
567.8	0.0372644
567.9	0.0362847
568.0	0.035305
568.1	0.0343253
568.2	0.0333456
568.3	0.0323659
568.4	0.0313862
568.5	0.0304065
568.6	0.0294267
568.7	0.028447
568.8	0.027744
568.9	0.027041
569.0	0.026338
569.1	0.0256349
569.2	0.0249319
569.3	0.0242289
569.4	0.0235259
569.5	0.0228228
569.6	0.0221198
569.7	0.0214168
569.8	0.0207138
569.9	0.0200108
570.0	0.0195668
570.1	0.0191229
570.2	0.0186789
570.3	0.018235
570.4	0.017791
570.5	0.0173471
570.6	0.0169031
570.7	0.0164592
570.8	0.0160152
570.9	0.0155713
571.0	0.0152803
;;
;; BAND M05
;;
650.5	0.0150139
650.6	0.0152914
650.7	0.0155689
650.8	0.0158464
650.9	0.0161239
651.0	0.0164014
651.1	0.0166789
651.2	0.0169564
651.3	0.0171932
651.4	0.01743
651.5	0.0176668
651.6	0.0181615
651.7	0.0186561
651.8	0.0191508
651.9	0.0196455
652.0	0.0201402
652.1	0.0206349
652.2	0.0211882
652.3	0.0217416
652.4	0.0222949
652.5	0.0228483
652.6	0.0234016
652.7	0.023955
652.8	0.0245083
652.9	0.0250617
653.0	0.025615
653.1	0.0261684
653.2	0.0267217
653.3	0.0275056
653.4	0.0282894
653.5	0.0290732
653.6	0.0298571
653.7	0.0306409
653.8	0.0314248
653.9	0.0322086
654.0	0.0329924
654.1	0.0337763
654.2	0.0345601
654.3	0.035344
654.4	0.0367126
654.5	0.0380813
654.6	0.03945
654.7	0.0408186
654.8	0.0421873
654.9	0.0435559
655.0	0.0449246
655.1	0.0462933
655.2	0.0476619
655.3	0.0498413
655.4	0.0520206
655.5	0.0542
655.6	0.0583187
655.7	0.0624374
655.8	0.0665562
655.9	0.0706749
656.0	0.0747937
656.1	0.0767782
656.2	0.0787627
656.3	0.0807472
656.4	0.0827318
656.5	0.0847163
656.6	0.0867008
656.7	0.0886853
656.8	0.0906699
656.9	0.0926544
657.0	0.0946389
657.1	0.0890022
657.2	0.0925579
657.3	0.0961137
657.4	0.0996695
657.5	0.1032252
657.6	0.106781
657.7	0.1103368
657.8	0.1138925
657.9	0.1174483
658.0	0.1210041
658.1	0.1245598
658.2	0.1322385
658.3	0.1399172
658.4	0.1475958
658.5	0.1552745
658.6	0.1629531
658.7	0.1706318
658.8	0.1783104
658.9	0.1859891
659.0	0.1936677
659.1	0.1904547
659.2	0.1981875
659.3	0.2059204
659.4	0.2136533
659.5	0.2213861
659.6	0.229119
659.7	0.2368518
659.8	0.2445847
659.9	0.2523175
660.0	0.2600504
660.1	0.2677833
660.2	0.2755161
660.3	0.283249
660.4	0.293597
660.5	0.3039451
660.6	0.3142931
660.7	0.3246411
660.8	0.3349892
660.9	0.3453372
661.0	0.3556853
661.1	0.3660333
661.2	0.3763813
661.3	0.3867294
661.4	0.4040926
661.5	0.4214559
661.6	0.4388191
661.7	0.4561823
661.8	0.4735456
661.9	0.4909088
662.0	0.508272
662.1	0.5031421
662.2	0.5179525
662.3	0.532763
662.4	0.5475734
662.5	0.5623839
662.6	0.5771944
662.7	0.5920048
662.8	0.6068153
662.9	0.6216258
663.0	0.6364362
663.1	0.6512467
663.2	0.6660572
663.3	0.6730427
663.4	0.6800283
663.5	0.6870139
663.6	0.6939995
663.7	0.700985
663.8	0.7079706
663.9	0.7149562
664.0	0.7219417
664.1	0.7289273
664.2	0.7416348
664.3	0.7543424
664.4	0.76705
664.5	0.7797575
664.6	0.7924651
664.7	0.8051726
664.8	0.8178802
664.9	0.8305877
665.0	0.8432953
665.1	0.8501912
665.2	0.857087
665.3	0.8639829
665.4	0.8708787
665.5	0.8777746
665.6	0.8846704
665.7	0.8915663
665.8	0.8984621
665.9	0.905358
666.0	0.9122539
666.1	0.9191497
666.2	0.9260455
666.3	0.9287783
666.4	0.931511
666.5	0.9342437
666.6	0.9369764
666.7	0.9397091
666.8	0.9424419
666.9	0.9451746
667.0	0.9479073
667.1	0.95064
667.2	0.9533727
667.3	0.9546208
667.4	0.9558688
667.5	0.9571168
667.6	0.9583648
667.7	0.9596129
667.8	0.9608609
667.9	0.962109
668.0	0.963357
668.1	0.964605
668.2	0.9659948
668.3	0.9660746
668.4	0.9661545
668.5	0.9662343
668.6	0.9663142
668.7	0.9663941
668.8	0.9664739
668.9	0.9665537
669.0	0.9666336
669.1	0.9667134
669.2	0.9667933
669.3	0.9668732
669.4	0.966953
669.5	0.9670328
669.6	0.9671127
669.7	0.9671925
669.8	0.9672724
669.9	0.9673523
670.0	0.9674321
670.1	0.967512
670.2	0.9675918
670.3	0.968067
670.4	0.9685422
670.5	0.9690173
670.6	0.9694925
670.7	0.9699677
670.8	0.9704428
670.9	0.9709179
671.0	0.9713931
671.1	0.9718683
671.2	0.9723434
671.3	0.9719642
671.4	0.9715849
671.5	0.9726065
671.6	0.9736282
671.7	0.9746498
671.8	0.9756715
671.9	0.9766932
672.0	0.9777148
672.1	0.9787365
672.2	0.979169
672.3	0.9796014
672.4	0.980034
672.5	0.9804665
672.6	0.980899
672.7	0.9813315
672.8	0.981764
672.9	0.9821965
673.0	0.9826289
673.1	0.9843618
673.2	0.9860947
673.3	0.9867119
673.4	0.9873291
673.5	0.9879463
673.6	0.9885635
673.7	0.9891807
673.8	0.989798
673.9	0.9904152
674.0	0.9910324
674.1	0.9916497
674.2	0.9944814
674.3	0.9973132
674.4	0.9981643
674.5	0.9994093
674.6	1.0
674.7	0.999844
674.8	0.999688
674.9	0.9994961
675.0	0.9992471
675.1	0.9986999
675.2	0.9981527
675.3	0.9976056
675.4	0.9956816
675.5	0.9947444
675.6	0.9938073
675.7	0.9924359
675.8	0.9907726
675.9	0.9887438
676.0	0.9865113
676.1	0.9841983
676.2	0.9818165
676.3	0.9789507
676.4	0.9758083
676.5	0.9724702
676.6	0.9685486
676.7	0.964238
676.8	0.9599274
676.9	0.9534452
677.0	0.9447913
677.1	0.9389778
677.2	0.9354601
677.3	0.9319425
677.4	0.9253685
677.5	0.9183134
677.6	0.9109748
677.7	0.9031835
677.8	0.8949515
677.9	0.8854086
678.0	0.8763458
678.1	0.8672933
678.2	0.8564811
678.3	0.8456753
678.4	0.8348737
678.5	0.8237053
678.6	0.8120227
678.7	0.7996097
678.8	0.7886493
678.9	0.7778503
679.0	0.7613031
679.1	0.7466998
679.2	0.7345644
679.3	0.7198465
679.4	0.7051287
679.5	0.6904511
679.6	0.6761354
679.7	0.662084
679.8	0.6469201
679.9	0.6309122
680.0	0.6151485
680.1	0.5997513
680.2	0.584543
680.3	0.5695034
680.4	0.5547936
680.5	0.5390823
680.6	0.5233092
680.7	0.5090058
680.8	0.4945806
680.9	0.4800742
681.0	0.4658038
681.1	0.4515333
681.2	0.437263
681.3	0.4326537
681.4	0.4289625
681.5	0.4252714
681.6	0.3973987
681.7	0.3727307
681.8	0.3608815
681.9	0.3490323
682.0	0.3371831
682.1	0.3253093
682.2	0.3139363
682.3	0.3031828
682.4	0.292793
682.5	0.2826149
682.6	0.2728364
682.7	0.2631228
682.8	0.2535552
682.9	0.2444825
683.0	0.2349029
683.1	0.2249853
683.2	0.2181092
683.3	0.2119179
683.4	0.2042647
683.5	0.1969558
683.6	0.1898263
683.7	0.1829769
683.8	0.1765964
683.9	0.1704361
684.0	0.1644482
684.1	0.1586751
684.2	0.1531168
684.3	0.1475586
684.4	0.1412332
684.5	0.1371117
684.6	0.1329901
684.7	0.1285937
684.8	0.123556
684.9	0.1188864
685.0	0.1145998
685.1	0.1110358
685.2	0.1073936
685.3	0.1036343
685.4	0.1000422
685.5	0.096556
685.6	0.0932351
685.7	0.090152
685.8	0.0871784
685.9	0.0842728
686.0	0.0814839
686.1	0.0788117
686.2	0.0763351
686.3	0.0738727
686.4	0.071391
686.5	0.069108
686.6	0.0669304
686.7	0.0649342
686.8	0.0629381
686.9	0.060946
687.0	0.0590771
687.1	0.0573635
687.2	0.0556499
687.3	0.0535357
687.4	0.0518876
687.5	0.0502395
687.6	0.0486575
687.7	0.0471383
687.8	0.0461538
687.9	0.0446517
688.0	0.0431088
688.1	0.0418479
688.2	0.0406743
688.3	0.0394262
688.4	0.0382617
688.5	0.0371809
688.6	0.0361039
688.7	0.0350527
688.8	0.0340608
688.9	0.033108
689.0	0.032178
689.1	0.0313002
689.2	0.0304225
689.3	0.0295448
689.4	0.028887
689.5	0.0280043
689.6	0.0271215
689.7	0.0264246
689.8	0.0257803
689.9	0.0251053
690.0	0.0244303
690.1	0.0237554
690.2	0.0231146
690.3	0.0224921
690.4	0.0219033
690.5	0.0213661
690.6	0.0208509
690.7	0.0204191
690.8	0.0199873
690.9	0.0194451
691.0	0.0188174
691.1	0.0183625
691.2	0.0179635
691.3	0.0175645
691.4	0.0170292
691.5	0.016644
691.6	0.0162588
691.7	0.0158736
691.8	0.0155018
691.9	0.0151734
;;
;; BAND M06
;;
731.5	0.0151644
731.6	0.0157069
731.7	0.0163123
731.8	0.0169177
731.9	0.0175231
732.0	0.0181779
732.1	0.0188989
732.2	0.0196465
732.3	0.0204095
732.4	0.0212321
732.5	0.022069
732.6	0.0229774
732.7	0.0239023
732.8	0.0248968
732.9	0.0259434
733.0	0.027084
733.1	0.028294
733.2	0.0295595
733.3	0.0309065
733.4	0.0322833
733.5	0.0338526
733.6	0.0352799
733.7	0.0370459
733.8	0.0389295
733.9	0.0408132
734.0	0.0428325
734.1	0.0450686
734.2	0.0474037
734.3	0.0497983
734.4	0.052215
734.5	0.0546367
734.6	0.0578788
734.7	0.0611479
734.8	0.0645369
734.9	0.0681324
735.0	0.0722387
735.1	0.076345
735.2	0.0804513
735.3	0.0850975
735.4	0.0900048
735.5	0.0954281
735.6	0.100964
735.7	0.1071412
735.8	0.1134566
735.9	0.1203891
736.0	0.1275772
736.1	0.1352443
736.2	0.1434401
736.3	0.1521977
736.4	0.1620171
736.5	0.1723294
736.6	0.1826416
736.7	0.1929827
736.8	0.2057044
736.9	0.2184261
737.0	0.2311478
737.1	0.2444144
737.2	0.2590087
737.3	0.2748058
737.4	0.2924376
737.5	0.3092977
737.6	0.3266543
737.7	0.3460376
737.8	0.3660367
737.9	0.3860357
738.0	0.4062278
738.1	0.4276786
738.2	0.4496002
738.3	0.4726357
738.4	0.4956714
738.5	0.518707
738.6	0.5425428
738.7	0.5669165
738.8	0.5914003
738.9	0.6159201
739.0	0.6404982
739.1	0.6650614
739.2	0.6892583
739.3	0.7131746
739.4	0.7360541
739.5	0.7580987
739.6	0.7787339
739.7	0.7993692
739.8	0.8200043
739.9	0.8388064
740.0	0.8566682
740.1	0.8723837
740.2	0.8876023
740.3	0.9028209
740.4	0.9177271
740.5	0.929657
740.6	0.9411955
740.7	0.9514675
740.8	0.9607973
740.9	0.9686594
741.0	0.975052
741.1	0.9801255
741.2	0.9851991
741.3	0.9902726
741.4	0.9931923
741.5	0.9958715
741.6	0.9974295
741.7	0.9989321
741.8	0.9995518
741.9	1.0
742.0	0.9998839
742.1	0.9995736
742.2	0.9989394
742.3	0.9981109
742.4	0.9970971
742.5	0.9961086
742.6	0.9951351
742.7	0.9939442
742.8	0.9921182
742.9	0.9907347
743.0	0.9894025
743.1	0.9881567
743.2	0.9868892
743.3	0.9855025
743.4	0.9841675
743.5	0.9829488
743.6	0.9817302
743.7	0.9805115
743.8	0.9793688
743.9	0.9781002
744.0	0.9771379
744.1	0.9763158
744.2	0.9754937
744.3	0.9746717
744.4	0.9742623
744.5	0.9737267
744.6	0.9737125
744.7	0.9736661
744.8	0.9734896
744.9	0.973387
745.0	0.9734698
745.1	0.9735526
745.2	0.9736354
745.3	0.9736847
745.4	0.9736722
745.5	0.9736598
745.6	0.9736473
745.7	0.9735882
745.8	0.973477
745.9	0.9735348
746.0	0.9736227
746.1	0.9741119
746.2	0.9745846
746.3	0.9749489
746.4	0.9753881
746.5	0.9761223
746.6	0.9767783
746.7	0.9772983
746.8	0.9777088
746.9	0.9779999
747.0	0.978291
747.1	0.9785821
747.2	0.9786552
747.3	0.9786342
747.4	0.978519
747.5	0.9783837
747.6	0.9782332
747.7	0.9780759
747.8	0.9777285
747.9	0.9773757
748.0	0.9769896
748.1	0.976554
748.2	0.975962
748.3	0.9751775
748.4	0.9740278
748.5	0.972662
748.6	0.9709283
748.7	0.9682747
748.8	0.9649185
748.9	0.9615623
749.0	0.9594041
749.1	0.9559699
749.2	0.9517071
749.3	0.946751
749.4	0.9406851
749.5	0.9346192
749.6	0.9285125
749.7	0.9216611
749.8	0.9148096
749.9	0.9053019
750.0	0.8956289
750.1	0.8856046
750.2	0.8750817
750.3	0.8636327
750.4	0.8515006
750.5	0.8384955
750.6	0.8246137
750.7	0.8090973
750.8	0.7935809
750.9	0.7780645
751.0	0.7611069
751.1	0.7435748
751.2	0.7249944
751.3	0.7061616
751.4	0.6865727
751.5	0.6669018
751.6	0.6467021
751.7	0.6264743
751.8	0.6059689
751.9	0.5856801
752.0	0.5665455
752.1	0.5471932
752.2	0.5263572
752.3	0.5055213
752.4	0.4846853
752.5	0.4661574
752.6	0.4510486
752.7	0.4359397
752.8	0.4143904
752.9	0.3923859
753.0	0.3703814
753.1	0.3513165
753.2	0.3338697
753.3	0.3173361
753.4	0.3011268
753.5	0.2871748
753.6	0.2736739
753.7	0.2601729
753.8	0.246672
753.9	0.2331711
754.0	0.21981
754.1	0.2091731
754.2	0.1985363
754.3	0.1878994
754.4	0.1775136
754.5	0.1681639
754.6	0.1591762
754.7	0.1510686
754.8	0.142961
754.9	0.1348535
755.0	0.127318
755.1	0.1204793
755.2	0.1136405
755.3	0.1068018
755.4	0.1019001
755.5	0.096137
755.6	0.0910497
755.7	0.0868509
755.8	0.0826521
755.9	0.0784533
756.0	0.0745818
756.1	0.0708047
756.2	0.0680645
756.3	0.0655802
756.4	0.0627194
756.5	0.0577896
756.6	0.0548258
756.7	0.0519934
756.8	0.0495044
756.9	0.0470479
757.0	0.0452213
757.1	0.0433948
757.2	0.0412863
757.3	0.0388468
757.4	0.036952
757.5	0.0351594
757.6	0.0336782
757.7	0.032197
757.8	0.0307158
757.9	0.029313
758.0	0.0280426
758.1	0.0267389
758.2	0.0256713
758.3	0.0246037
758.4	0.0235361
758.5	0.0226662
758.6	0.0219941
758.7	0.0213219
758.8	0.0200648
758.9	0.0188663
759.0	0.0180718
759.1	0.017329
759.2	0.0166132
759.3	0.0159508
759.4	0.0153124
;;
;; BAND M07
;;
831.1	0.0151481
831.2	0.0155532
831.3	0.0159582
831.4	0.0163402
831.5	0.016736
831.6	0.0171666
831.7	0.0176292
831.8	0.0180919
831.9	0.0185546
832.0	0.0190394
832.1	0.019532
832.2	0.020024
832.3	0.0205506
832.4	0.0211156
832.5	0.0216839
832.6	0.022276
832.7	0.022868
832.8	0.0234788
832.9	0.0240958
833.0	0.0247541
833.1	0.0254718
833.2	0.0261462
833.3	0.0261749
833.4	0.0271617
833.5	0.0281485
833.6	0.0291354
833.7	0.0300955
833.8	0.0309997
833.9	0.0319039
834.0	0.0328728
834.1	0.033842
834.2	0.0348113
834.3	0.0357805
834.4	0.0367444
834.5	0.0379053
834.6	0.0390662
834.7	0.040241
834.8	0.041417
834.9	0.0426755
835.0	0.0440024
835.1	0.0453462
835.2	0.0467665
835.3	0.0481869
835.4	0.0496779
835.5	0.0511848
835.6	0.0527802
835.7	0.054483
835.8	0.0561859
835.9	0.0578888
836.0	0.0595916
836.1	0.0615365
836.2	0.0635751
836.3	0.06577
836.4	0.0681629
836.5	0.0705119
836.6	0.0728609
836.7	0.0748824
836.8	0.0771457
836.9	0.0796499
837.0	0.0822081
837.1	0.0849642
837.2	0.0877203
837.3	0.0906571
837.4	0.0936325
837.5	0.0967999
837.6	0.100219
837.7	0.103638
837.8	0.1070571
837.9	0.1104762
838.0	0.1140682
838.1	0.1177347
838.2	0.1218008
838.3	0.1267045
838.4	0.131418
838.5	0.1354289
838.6	0.1394397
838.7	0.1439036
838.8	0.1487398
838.9	0.1536675
839.0	0.1590658
839.1	0.164464
839.2	0.1700192
839.3	0.1756197
839.4	0.1814341
839.5	0.1875845
839.6	0.1937348
839.7	0.2004261
839.8	0.2071302
839.9	0.2140139
840.0	0.2210155
840.1	0.2281685
840.2	0.2358713
840.3	0.2435741
840.4	0.2516088
840.5	0.2597233
840.6	0.2681391
840.7	0.2770272
840.8	0.2859154
840.9	0.2948035
841.0	0.3036917
841.1	0.3132208
841.2	0.322797
841.3	0.3325723
841.4	0.3430834
841.5	0.3535945
841.6	0.3641056
841.7	0.3746167
841.8	0.3822812
841.9	0.3942824
842.0	0.4062836
842.1	0.4182848
842.2	0.430286
842.3	0.4423017
842.4	0.4543269
842.5	0.4663324
842.6	0.478259
842.7	0.4901856
842.8	0.502655
842.9	0.5152625
843.0	0.5278336
843.1	0.5403427
843.2	0.5528519
843.3	0.565361
843.4	0.5778701
843.5	0.5904697
843.6	0.603014
843.7	0.6155583
843.8	0.6281027
843.9	0.640647
844.0	0.6528873
844.1	0.6650111
844.2	0.6771731
844.3	0.6894199
844.4	0.7016667
844.5	0.7129029
844.6	0.7240257
844.7	0.735235
844.8	0.746541
844.9	0.7578113
845.0	0.7680742
845.1	0.7779729
845.2	0.7878717
845.3	0.7977704
845.4	0.8069297
845.5	0.8132392
845.6	0.8195487
845.7	0.8258582
845.8	0.8398735
845.9	0.8522831
846.0	0.8596532
846.1	0.8670232
846.2	0.8741463
846.3	0.8809432
846.4	0.8877402
846.5	0.8945372
846.6	0.9011582
846.7	0.9068352
846.8	0.9125122
846.9	0.9179073
847.0	0.9231411
847.1	0.92811
847.2	0.9320392
847.3	0.9359684
847.4	0.939888
847.5	0.9438044
847.6	0.9475687
847.7	0.9510096
847.8	0.9544505
847.9	0.9559983
848.0	0.9577783
848.1	0.9607943
848.2	0.9638103
848.3	0.9668227
848.4	0.9686182
848.5	0.9704136
848.6	0.9701458
848.7	0.9720094
848.8	0.9744757
848.9	0.9758685
849.0	0.9772613
849.1	0.9793525
849.2	0.981771
849.3	0.9841563
849.4	0.9864346
849.5	0.9887128
849.6	0.9910631
849.7	0.9934332
849.8	0.9955101
849.9	0.9970255
850.0	0.9985409
850.1	0.9991533
850.2	0.9996377
850.3	1.0
850.4	0.9999927
850.5	0.9999854
850.6	0.9998126
850.7	0.9996346
850.8	0.9994567
850.9	0.9992787
851.0	0.9989982
851.1	0.9987574
851.2	0.9985167
851.3	0.9982759
851.4	0.9978756
851.5	0.9974901
851.6	0.9972286
851.7	0.9969671
851.8	0.9966201
851.9	0.9962322
852.0	0.9958637
852.1	0.995564
852.2	0.9952644
852.3	0.9948454
852.4	0.9943887
852.5	0.9939519
852.6	0.9935617
852.7	0.9931716
852.8	0.9927785
852.9	0.9923847
853.0	0.9919654
853.1	0.991503
853.2	0.9910406
853.3	0.9906663
853.4	0.9903024
853.5	0.9899411
853.6	0.9895829
853.7	0.9892248
853.8	0.9887621
853.9	0.988294
854.0	0.9879576
854.1	0.9877101
854.2	0.9874226
854.3	0.9869414
854.4	0.9864603
854.5	0.9859791
854.6	0.985498
854.7	0.9853364
854.8	0.9850557
854.9	0.984775
855.0	0.9844188
855.1	0.9840041
855.2	0.9835893
855.3	0.9831165
855.4	0.9826233
855.5	0.9823046
855.6	0.9821056
855.7	0.9818643
855.8	0.9813043
855.9	0.9807444
856.0	0.9803628
856.1	0.9800856
856.2	0.9798084
856.3	0.9795684
856.4	0.9793747
856.5	0.9788924
856.6	0.9782588
856.7	0.9776978
856.8	0.9774917
856.9	0.9772855
857.0	0.9769666
857.1	0.9765968
857.2	0.9761907
857.3	0.975618
857.4	0.9750454
857.5	0.9747167
857.6	0.9744895
857.7	0.9742325
857.8	0.9738529
857.9	0.9734734
858.0	0.973005
858.1	0.9724997
858.2	0.9721459
858.3	0.9719359
858.4	0.9717259
858.5	0.9713452
858.6	0.9708894
858.7	0.9704532
858.8	0.9700957
858.9	0.9697381
859.0	0.9693806
859.1	0.9690231
859.2	0.9687721
859.3	0.9684198
859.4	0.9680675
859.5	0.9677151
859.6	0.9673629
859.7	0.9669831
859.8	0.9664843
859.9	0.9659855
860.0	0.9658431
860.1	0.9653375
860.2	0.964887
860.3	0.9646928
860.4	0.9644986
860.5	0.9641739
860.6	0.9637753
860.7	0.9634368
860.8	0.9632064
860.9	0.962976
861.0	0.9628811
861.1	0.9628726
861.2	0.9628087
861.3	0.9622635
861.4	0.9617182
861.5	0.961372
861.6	0.9611636
861.7	0.9609866
861.8	0.9608681
861.9	0.9607496
862.0	0.960528
862.1	0.9604089
862.2	0.9602899
862.3	0.9601508
862.4	0.9599763
862.5	0.9597931
862.6	0.9596019
862.7	0.9594107
862.8	0.9593542
862.9	0.9592996
863.0	0.9592704
863.1	0.9592715
863.2	0.9592725
863.3	0.9587029
863.4	0.9587827
863.5	0.958949
863.6	0.9591153
863.7	0.9592816
863.8	0.9591195
863.9	0.9592566
864.0	0.9593164
864.1	0.9592192
864.2	0.9591219
864.3	0.9592016
864.4	0.9593254
864.5	0.9594501
864.6	0.9595777
864.7	0.9597053
864.8	0.9598689
864.9	0.9600457
865.0	0.9602463
865.1	0.9605545
865.2	0.9608628
865.3	0.9610333
865.4	0.9611315
865.5	0.9612541
865.6	0.961599
865.7	0.9619438
865.8	0.9618921
865.9	0.9625275
866.0	0.9631518
866.1	0.9630945
866.2	0.9630372
866.3	0.963007
866.4	0.9634814
866.5	0.9639558
866.6	0.9644275
866.7	0.9648989
866.8	0.965332
866.9	0.9653811
867.0	0.9654303
867.1	0.9657706
867.2	0.9661689
867.3	0.9666497
867.4	0.9671891
867.5	0.9677284
867.6	0.9680442
867.7	0.9683402
867.8	0.9686591
867.9	0.9690928
868.0	0.9695266
868.1	0.9699603
868.2	0.9703941
868.3	0.9704894
868.4	0.9708866
868.5	0.9712839
868.6	0.9718479
868.7	0.9725779
868.8	0.973308
868.9	0.9734861
869.0	0.9736208
869.1	0.9738117
869.2	0.9740968
869.3	0.974382
869.4	0.974916
869.5	0.9755147
869.6	0.9759582
869.7	0.9759215
869.8	0.9758848
869.9	0.9760805
870.0	0.9767077
870.1	0.9773348
870.2	0.9779619
870.3	0.978589
870.4	0.9788845
870.5	0.9790376
870.6	0.9791907
870.7	0.9796996
870.8	0.9802233
870.9	0.9806244
871.0	0.9808314
871.1	0.9810383
871.2	0.981042
871.3	0.9809946
871.4	0.9810315
871.5	0.9813125
871.6	0.9815934
871.7	0.9817562
871.8	0.9814901
871.9	0.9812239
872.0	0.9809578
872.1	0.9806917
872.2	0.9803905
872.3	0.9803565
872.4	0.9800281
872.5	0.9793527
872.6	0.9786772
872.7	0.9779174
872.8	0.9770049
872.9	0.9760926
873.0	0.9753414
873.1	0.9746451
873.2	0.9738182
873.3	0.9723105
873.4	0.9708029
873.5	0.9706107
873.6	0.9689209
873.7	0.9671543
873.8	0.9653875
873.9	0.9636208
874.0	0.9616436
874.1	0.9593244
874.2	0.9570051
874.3	0.9635389
874.4	0.9562637
874.5	0.9498331
874.6	0.9478046
874.7	0.9457762
874.8	0.9424282
874.9	0.9376847
875.0	0.9333649
875.1	0.9293961
875.2	0.9254273
875.3	0.9214586
875.4	0.9174898
875.5	0.9135211
875.6	0.9088002
875.7	0.9038341
875.8	0.8988476
875.9	0.8934651
876.0	0.8880826
876.1	0.8827013
876.2	0.8773208
876.3	0.8719401
876.4	0.8658932
876.5	0.8595955
876.6	0.8532979
876.7	0.8470003
876.8	0.8407027
876.9	0.8339369
877.0	0.8269135
877.1	0.8198902
877.2	0.8128668
877.3	0.8058435
877.4	0.8023275
877.5	0.7960143
877.6	0.7845147
877.7	0.7764742
877.8	0.7686822
877.9	0.7606682
878.0	0.7521602
878.1	0.7436522
878.2	0.7356821
878.3	0.7279391
878.4	0.7201973
878.5	0.7121742
878.6	0.7031046
878.7	0.6940349
878.8	0.6849653
878.9	0.6758957
879.0	0.6673693
879.1	0.6587368
879.2	0.649945
879.3	0.6405983
879.4	0.6312516
879.5	0.621905
879.6	0.6125583
879.7	0.6032116
879.8	0.5943874
879.9	0.5855787
880.0	0.5764303
880.1	0.5666422
880.2	0.5568542
880.3	0.5474528
880.4	0.53831
880.5	0.5291672
880.6	0.5200244
880.7	0.5108816
880.8	0.5017267
880.9	0.4921988
881.0	0.4826709
881.1	0.4749888
881.2	0.4677313
881.3	0.4604737
881.4	0.4512607
881.5	0.4396957
881.6	0.4296745
881.7	0.4209737
881.8	0.4122728
881.9	0.4037127
882.0	0.3951611
882.1	0.3876351
882.2	0.3829829
882.3	0.3783307
882.4	0.3713031
882.5	0.3589635
882.6	0.3465337
882.7	0.3390188
882.8	0.3315921
882.9	0.3242093
883.0	0.3169109
883.1	0.3096124
883.2	0.3024149
883.3	0.2952606
883.4	0.2881344
883.5	0.2816317
883.6	0.2751291
883.7	0.2687763
883.8	0.2625293
883.9	0.2562824
884.0	0.2500354
884.1	0.2437885
884.2	0.2377352
884.3	0.2321544
884.4	0.2265735
884.5	0.2210888
884.6	0.2157314
884.7	0.2103741
884.8	0.2051907
884.9	0.2000525
885.0	0.1950991
885.1	0.1904891
885.2	0.1858791
885.3	0.181269
885.4	0.176659
885.5	0.172049
885.6	0.1678439
885.7	0.1636957
885.8	0.1595474
885.9	0.1553992
886.0	0.1512509
886.1	0.1477668
886.2	0.1440312
886.3	0.1402956
886.4	0.1367507
886.5	0.1332524
886.6	0.129661
886.7	0.1255387
886.8	0.121634
886.9	0.1191477
887.0	0.1166614
887.1	0.1141751
887.2	0.1123799
887.3	0.1107375
887.4	0.1080323
887.5	0.1050665
887.6	0.1021007
887.7	0.0983179
887.8	0.095767
887.9	0.0932161
888.0	0.0909671
888.1	0.0888078
888.2	0.0866485
888.3	0.0844892
888.4	0.0823299
888.5	0.0804471
888.6	0.0785157
888.7	0.0765843
888.8	0.0746529
888.9	0.0727215
889.0	0.0708057
889.1	0.0691313
889.2	0.067457
889.3	0.0657827
889.4	0.0641084
889.5	0.062434
889.6	0.0609245
889.7	0.0595585
889.8	0.0581921
889.9	0.0567467
890.0	0.0553013
890.1	0.053911
890.2	0.052632
890.3	0.0513529
890.4	0.0504328
890.5	0.0497383
890.6	0.0490438
890.7	0.0483297
890.8	0.046818
890.9	0.0453063
891.0	0.0437947
891.1	0.046274
891.2	0.0426477
891.3	0.0412005
891.4	0.0397534
891.5	0.0398409
891.6	0.0381404
891.7	0.0365281
891.8	0.0358783
891.9	0.0352285
892.0	0.0348324
892.1	0.034739
892.2	0.0340472
892.3	0.0329021
892.4	0.0317571
892.5	0.0306111
892.6	0.0300163
892.7	0.0294214
892.8	0.0288016
892.9	0.0281324
893.0	0.0274632
893.1	0.0268347
893.2	0.0262286
893.3	0.0256226
893.4	0.025218
893.5	0.0247894
893.6	0.0241931
893.7	0.0235969
893.8	0.0230007
893.9	0.0224857
894.0	0.0220459
894.1	0.0216061
894.2	0.0211663
894.3	0.0207265
894.4	0.0202868
894.5	0.0198398
894.6	0.0193928
894.7	0.018963
894.8	0.0185868
894.9	0.0182106
895.0	0.0178354
895.1	0.0174609
895.2	0.0170863
895.3	0.0167466
895.4	0.0164217
895.5	0.0160968
895.6	0.0157719
895.7	0.015447
895.8	0.0151241
;;
;; BAND M08
;;
1216.0	0.0189958
1217.0	0.0254195
1218.0	0.0348808
1219.0	0.0485982
1220.0	0.0688138
1221.0	0.0997714
1222.0	0.146835
1223.0	0.2167845
1224.0	0.3155096
1225.0	0.4569842
1226.0	0.6256506
1227.0	0.7924281
1228.0	0.9215617
1229.0	0.9900317
1230.0	1.0
1231.0	0.9856741
1232.0	0.9656072
1233.0	0.9491595
1234.0	0.9429651
1235.0	0.94416
1236.0	0.9521641
1237.0	0.9666552
1238.0	0.9780543
1239.0	0.9863215
1240.0	0.9924688
1241.0	0.9924998
1242.0	0.9889338
1243.0	0.9874423
1244.0	0.9818735
1245.0	0.9780433
1246.0	0.967041
1247.0	0.944934
1248.0	0.8979921
1249.0	0.8164113
1250.0	0.7011356
1251.0	0.5681008
1252.0	0.4375867
1253.0	0.3230604
1254.0	0.2341067
1255.0	0.1679627
1256.0	0.1209473
1257.0	0.0878316
1258.0	0.0645484
1259.0	0.047978
1260.0	0.036246
1261.0	0.027495
1262.0	0.0212158
1263.0	0.0166579
;;
;; BAND M09
;;
1357.0	0.0153648
1358.0	0.0225872
1359.0	0.0298095
1360.0	0.0205748
1363.0	0.0244863
1364.0	0.0392983
1365.0	0.0895768
1366.0	0.1621528
1367.0	0.2818367
1368.0	0.5195614
1369.0	0.7821511
1370.0	0.9196464
1371.0	0.9561565
1372.0	0.9409044
1373.0	0.9410584
1374.0	0.9518779
1375.0	0.9724504
1376.0	0.9888285
1377.0	1.0
1378.0	0.9850919
1379.0	0.9589197
1380.0	0.932402
1381.0	0.7786901
1382.0	0.6642919
1383.0	0.3907154
1384.0	0.2518115
1385.0	0.1459857
1386.0	0.0745475
1387.0	0.0437466
1388.0	0.025193
;;
;; BAND M10
;;
1546.0	0.0160053
1547.0	0.018102
1548.0	0.0205609
1549.0	0.023401
1550.0	0.0267218
1551.0	0.0306037
1552.0	0.0351791
1553.0	0.0404246
1554.0	0.046551
1555.0	0.0537224
1556.0	0.0620602
1557.0	0.0716295
1558.0	0.0826599
1559.0	0.0957234
1560.0	0.1107187
1561.0	0.1280783
1562.0	0.1480725
1563.0	0.170978
1564.0	0.1973736
1565.0	0.2275727
1566.0	0.262163
1567.0	0.3004631
1568.0	0.3424859
1569.0	0.3883609
1570.0	0.43763
1571.0	0.4879244
1572.0	0.5385758
1573.0	0.5882021
1574.0	0.6367437
1575.0	0.6821749
1576.0	0.7244025
1577.0	0.7629846
1578.0	0.7969214
1579.0	0.8252029
1580.0	0.8480883
1581.0	0.865052
1582.0	0.8777466
1583.0	0.8864236
1584.0	0.8905672
1585.0	0.89117
1586.0	0.8889646
1587.0	0.8830137
1588.0	0.873497
1589.0	0.8624639
1590.0	0.8529183
1591.0	0.8450941
1592.0	0.8404682
1593.0	0.8381944
1594.0	0.8395301
1595.0	0.8434552
1596.0	0.8483294
1597.0	0.8544652
1598.0	0.8611544
1599.0	0.8706242
1600.0	0.878264
1601.0	0.8866
1602.0	0.8952596
1603.0	0.9038541
1604.0	0.9124061
1605.0	0.9200447
1606.0	0.9266379
1607.0	0.9336598
1608.0	0.938906
1609.0	0.9456286
1610.0	0.9519925
1611.0	0.9587662
1612.0	0.9675643
1613.0	0.9754201
1614.0	0.983051
1615.0	0.9893588
1616.0	0.994899
1617.0	0.9985898
1618.0	1.0
1619.0	0.9980654
1620.0	0.9897149
1621.0	0.9748108
1622.0	0.9528561
1623.0	0.922856
1624.0	0.8862718
1625.0	0.8415065
1626.0	0.7887604
1627.0	0.7318369
1628.0	0.6720821
1629.0	0.6101998
1630.0	0.5478799
1631.0	0.4867761
1632.0	0.4300535
1633.0	0.378275
1634.0	0.331452
1635.0	0.2896242
1636.0	0.2524009
1637.0	0.2193114
1638.0	0.190325
1639.0	0.16508
1640.0	0.1432655
1641.0	0.1246523
1642.0	0.1085223
1643.0	0.0944821
1644.0	0.0822643
1645.0	0.0719506
1646.0	0.0631447
1647.0	0.0556071
1648.0	0.0491597
1649.0	0.0435603
1650.0	0.0387897
1651.0	0.0346277
1652.0	0.0310613
1653.0	0.0279351
1654.0	0.0251975
1655.0	0.0227782
1656.0	0.0206538
1657.0	0.0187653
1658.0	0.0171284
1659.0	0.015656
;;
;; BAND M11
;;
2215.0	0.0156856
2216.0	0.0180831
2217.0	0.0209626
2218.0	0.0244248
2219.0	0.0286442
2220.0	0.0338321
2221.0	0.0403075
2222.0	0.0482419
2223.0	0.058213
2224.0	0.0706976
2225.0	0.0860804
2226.0	0.1050294
2227.0	0.1290144
2228.0	0.1595092
2229.0	0.1965358
2230.0	0.2418156
2231.0	0.2960661
2232.0	0.3601548
2233.0	0.4341181
2234.0	0.5166131
2235.0	0.605839
2236.0	0.6955059
2237.0	0.7788484
2238.0	0.8517861
2239.0	0.9093751
2240.0	0.948557
2241.0	0.970967
2242.0	0.9790723
2243.0	0.9763404
2244.0	0.9660661
2245.0	0.9532342
2246.0	0.9406714
2247.0	0.9298393
2248.0	0.9211954
2249.0	0.914337
2250.0	0.9095793
2251.0	0.9084515
2252.0	0.9114965
2253.0	0.9171624
2254.0	0.9250491
2255.0	0.9351446
2256.0	0.9458045
2257.0	0.956398
2258.0	0.9668702
2259.0	0.9780079
2260.0	0.987699
2261.0	0.9939231
2262.0	0.9978126
2263.0	1.0
2264.0	0.9978184
2265.0	0.9909673
2266.0	0.9787136
2267.0	0.9616053
2268.0	0.9416054
2269.0	0.9169865
2270.0	0.8882272
2271.0	0.8562098
2272.0	0.8215467
2273.0	0.7854037
2274.0	0.7485593
2275.0	0.7090684
2276.0	0.6689865
2277.0	0.6278424
2278.0	0.5863758
2279.0	0.5447796
2280.0	0.5025793
2281.0	0.4605465
2282.0	0.4178666
2283.0	0.3747968
2284.0	0.3328749
2285.0	0.2921625
2286.0	0.2534227
2287.0	0.2178064
2288.0	0.1854609
2289.0	0.1564648
2290.0	0.1307648
2291.0	0.1086055
2292.0	0.0898655
2293.0	0.0739024
2294.0	0.0606147
2295.0	0.0495606
2296.0	0.0405917
2297.0	0.0333139
2298.0	0.0273209
2299.0	0.0224238
2300.0	0.0184218
2301.0	0.0152315
