# Terra_MODIS RSR
# QV 2024-10-17 from terra_modis_RSR.nc
# including response > 0.001
#
# Terra_MODIS Band 1
# -------------------
396.0 0.0011254285
397.0 0.0016214963
398.0 0.002937689
399.0 0.006055253
400.0 0.014079452
401.0 0.032361362
402.0 0.054887075
403.0 0.21069773
404.0 0.46284533
405.0 0.60427505
406.0 0.71999395
407.0 0.6824259
408.0 0.6740472
409.0 0.7291692
410.0 0.7966626
411.0 0.7712543
412.0 0.55474895
413.0 0.41722122
414.0 0.6505747
415.0 0.9001815
416.0 1.0
417.0 0.9350474
418.0 0.71941924
419.0 0.47946158
420.0 0.24516031
421.0 0.09987397
422.0 0.051069774
423.0 0.014910264
424.0 0.0056004236
425.0 0.002888788
426.0 0.0012702157
489.0 0.0010451704
490.0 0.0011116152
491.0 0.0012608388
492.0 0.0014099617
493.0 0.0015591853
494.0 0.0017083081
495.0 0.0018575317
496.0 0.0020066546
497.0 0.0021557773
498.0 0.002305001
499.0 0.0024542247
500.0 0.0026033474
501.0 0.0027555958
502.0 0.0029078443
503.0 0.0030600927
504.0 0.003212341
505.0 0.0033646903
506.0 0.003516939
507.0 0.0036691874
508.0 0.0038214359
509.0 0.0039736843
510.0 0.0041259327
511.0 0.003899879
512.0 0.0036737246
513.0 0.003447671
514.0 0.0032215165
515.0 0.0029954629
516.0 0.0027693084
517.0 0.0025432548
518.0 0.0023171003
519.0 0.0020910467
520.0 0.0018648921
521.0 0.0017292801
522.0 0.001593769
523.0 0.0014581569
524.0 0.0013225449
525.0 0.0011869329
526.0 0.0010514216
# -------------------
# Terra_MODIS Band 2
# -------------------
430.0 0.0012798163
431.0 0.0019688245
432.0 0.004819949
433.0 0.010342648
434.0 0.039151806
435.0 0.11500191
436.0 0.26446927
437.0 0.45491204
438.0 0.60442954
439.0 0.77877307
440.0 0.94916445
441.0 0.999669
442.0 1.0
443.0 0.9971613
444.0 0.9828074
445.0 0.9220715
446.0 0.75880194
447.0 0.5023572
448.0 0.24045579
449.0 0.09552129
450.0 0.038425583
451.0 0.011324653
452.0 0.0032688025
# -------------------
# Terra_MODIS Band 3
# -------------------
452.0 0.016209725
453.0 0.03813288
454.0 0.091574945
455.0 0.19667801
456.0 0.36095658
457.0 0.56707025
458.0 0.76460874
459.0 0.91457874
460.0 0.98687214
461.0 1.0
462.0 0.9643286
463.0 0.91084653
464.0 0.86856115
465.0 0.85443264
466.0 0.85791475
467.0 0.8668201
468.0 0.88192916
469.0 0.9059436
470.0 0.9218231
471.0 0.9196618
472.0 0.89015406
473.0 0.8281769
474.0 0.72511506
475.0 0.59064436
476.0 0.4313488
477.0 0.27717632
478.0 0.1510106
479.0 0.07040224
480.0 0.029997999
481.0 0.012997799
# -------------------
# Terra_MODIS Band 4
# -------------------
407.0 0.0011180093
408.0 0.0012570971
409.0 0.001396285
410.0 0.0015353728
411.0 0.0017565713
412.0 0.0019778702
413.0 0.0021990687
414.0 0.0024203674
415.0 0.002641566
416.0 0.0028627648
417.0 0.0030840635
418.0 0.0033052622
419.0 0.003526561
420.0 0.0037477594
421.0 0.0034821008
422.0 0.0032164422
423.0 0.0029507836
424.0 0.002685125
425.0 0.002419366
426.0 0.0021537074
427.0 0.0018880488
428.0 0.0016223902
429.0 0.0013567316
430.0 0.0010910729
431.0 0.0010491163
432.0 0.0010071597
451.0 0.0010390027
452.0 0.001099284
453.0 0.0011595654
454.0 0.0012198468
455.0 0.0012801281
456.0 0.0013404095
457.0 0.0014005908
458.0 0.0014608721
459.0 0.0015211536
460.0 0.001581435
461.0 0.0017135133
462.0 0.0018454915
463.0 0.0019775697
464.0 0.002109648
465.0 0.0022416261
466.0 0.0023737045
467.0 0.0025057828
468.0 0.002637861
469.0 0.0027698393
470.0 0.0029019176
471.0 0.002653983
472.0 0.0024060481
473.0 0.0021599159
474.0 0.0024094528
475.0 0.0027149653
476.0 0.0038432884
477.0 0.0074241227
478.0 0.02092525
479.0 0.066110246
480.0 0.1597757
481.0 0.3210334
482.0 0.5559305
483.0 0.78239626
484.0 0.9013368
485.0 0.9493416
486.0 0.9755971
487.0 0.99091774
488.0 1.0
489.0 0.99994993
490.0 0.9561408
491.0 0.8365994
492.0 0.61463976
493.0 0.32409754
494.0 0.101527065
495.0 0.022353176
496.0 0.0047536176
497.0 0.0013174786
# -------------------
# Terra_MODIS Band 5
# -------------------
507.0 0.0010446341
508.0 0.0010965856
509.0 0.001148537
510.0 0.0012004885
511.0 0.0010421317
518.0 0.0016005846
519.0 0.0045044594
520.0 0.014810663
521.0 0.056437872
522.0 0.15741584
523.0 0.3259627
524.0 0.544479
525.0 0.7632556
526.0 0.9339146
527.0 0.9771974
528.0 0.972723
529.0 0.98955965
530.0 1.0
531.0 0.9827329
532.0 0.9402609
533.0 0.86839974
534.0 0.7711835
535.0 0.6370607
536.0 0.45895436
537.0 0.25653398
538.0 0.10421317
539.0 0.036304943
540.0 0.01436422
541.0 0.00596961
542.0 0.0027601325
543.0 0.0014594449
549.0 0.0010094994
550.0 0.0011780662
551.0 0.0011429315
552.0 0.0011076967
553.0 0.0010725618
554.0 0.0010374271
555.0 0.0010021921
578.0 0.0010279176
579.0 0.0010564459
580.0 0.0010849742
581.0 0.0010107006
# -------------------
# Terra_MODIS Band 6
# -------------------
522.0 0.0010224943
523.0 0.0010923075
524.0 0.0011621208
525.0 0.0012319341
526.0 0.0013017473
527.0 0.0013715606
528.0 0.0014413738
529.0 0.0015111872
530.0 0.0015810004
531.0 0.0016703174
532.0 0.0017596344
533.0 0.0018489513
534.0 0.0019382683
535.0 0.0020274853
536.0 0.0022460266
537.0 0.005798002
538.0 0.023614487
539.0 0.07741771
540.0 0.17971414
541.0 0.33384344
542.0 0.53766215
543.0 0.7585141
544.0 0.91989475
545.0 0.9810064
546.0 0.9976295
547.0 1.0
548.0 0.989588
549.0 0.9529611
550.0 0.8640742
551.0 0.72080696
552.0 0.5309409
553.0 0.3190206
554.0 0.13799623
555.0 0.04215301
556.0 0.012223323
557.0 0.0042394055
558.0 0.0018848581
559.0 0.0010932077
# -------------------
# Terra_MODIS Band 7
# -------------------
539.0 0.016335065
540.0 0.04012244
541.0 0.090097934
542.0 0.17844532
543.0 0.3093759
544.0 0.47313666
545.0 0.6521522
546.0 0.8077404
547.0 0.91852474
548.0 0.97357184
549.0 0.99111724
550.0 0.9963689
551.0 1.0
552.0 0.9946383
553.0 0.98725605
554.0 0.98633575
555.0 0.9860257
556.0 0.98435515
557.0 0.98115414
558.0 0.9761226
559.0 0.96075785
560.0 0.932389
561.0 0.8705199
562.0 0.7715792
563.0 0.64047855
564.0 0.4848403
565.0 0.31576788
566.0 0.17102301
567.0 0.07522332
568.0 0.028398804
569.0 0.010443238
# -------------------
# Terra_MODIS Band 8
# -------------------
614.0 0.015108253
615.0 0.028122589
616.0 0.07314678
617.0 0.11817098
618.0 0.17151073
619.0 0.27440313
620.0 0.3776963
621.0 0.4838648
622.0 0.59004337
623.0 0.6873153
624.0 0.7320389
625.0 0.7713424
626.0 0.7757406
627.0 0.78014886
628.0 0.7842566
629.0 0.78640056
630.0 0.7884244
631.0 0.78976685
632.0 0.7911194
633.0 0.7926823
634.0 0.79573804
635.0 0.7990643
636.0 0.8040335
637.0 0.8090028
638.0 0.81409234
639.0 0.8198431
640.0 0.82552373
641.0 0.83078355
642.0 0.8360434
643.0 0.8417841
644.0 0.8506908
645.0 0.8602587
646.0 0.8737339
647.0 0.88720906
648.0 0.9002134
649.0 0.91025215
650.0 0.9212427
651.0 0.9389058
652.0 0.9565788
653.0 0.97353053
654.0 0.9852825
655.0 0.9956619
656.0 0.9978259
657.0 1.0
658.0 0.99937886
659.0 0.98088425
660.0 0.95863265
661.0 0.9092102
662.0 0.85979784
663.0 0.8113673
664.0 0.76882774
665.0 0.724064
666.0 0.66612566
667.0 0.6081773
668.0 0.5479847
669.0 0.4735856
670.0 0.39953715
671.0 0.32778296
672.0 0.25602877
673.0 0.18781121
674.0 0.141715
675.0 0.098654486
676.0 0.07660325
677.0 0.054562032
678.0 0.0340637
679.0 0.02448579
680.0 0.015669301
681.0 0.011972388
# -------------------
# Terra_MODIS Band 9
# -------------------
654.0 0.001153267
655.0 0.001851532
656.0 0.011301755
657.0 0.023165736
658.0 0.10410225
659.0 0.20242159
660.0 0.3787398
661.0 0.5692442
662.0 0.74218905
663.0 0.9015602
664.0 0.96229064
665.0 1.0
666.0 0.9660154
667.0 0.9191498
668.0 0.8552367
669.0 0.7796474
670.0 0.62877995
671.0 0.4579033
672.0 0.3188125
673.0 0.1857054
674.0 0.09714068
675.0 0.013765511
676.0 0.0023850447
800.0 0.0010352997
832.0 0.0010733504
833.0 0.0011856954
834.0 0.0012980403
835.0 0.0014102848
836.0 0.0015226296
837.0 0.0016349745
838.0 0.0017473194
839.0 0.0018595639
840.0 0.0019719088
841.0 0.0019478133
842.0 0.0019237179
843.0 0.0018996225
844.0 0.0018755271
845.0 0.001851532
846.0 0.0018274366
847.0 0.0018033412
848.0 0.0017792458
849.0 0.0017551504
850.0 0.001731055
851.0 0.0018595639
852.0 0.0019880729
853.0 0.002116682
854.0 0.002245191
855.0 0.0023736998
856.0 0.0025022088
857.0 0.0026307176
858.0 0.002759327
859.0 0.0028878357
860.0 0.0030163447
861.0 0.0027793061
862.0 0.0025423677
863.0 0.002305329
864.0 0.0020682905
865.0 0.0018313521
866.0 0.0015943135
867.0 0.0013573752
868.0 0.0011203366
# -------------------
# Terra_MODIS Band 10
# -------------------
660.0 0.0010615751
661.0 0.0011248345
662.0 0.0011881943
663.0 0.0012514537
664.0 0.0033392147
665.0 0.0078794565
666.0 0.01725749
667.0 0.036727555
668.0 0.07591832
669.0 0.15279505
670.0 0.27758953
671.0 0.43669045
672.0 0.6038918
673.0 0.7623912
674.0 0.8933613
675.0 0.9758692
676.0 1.0
677.0 0.99476683
678.0 0.9799796
679.0 0.9467358
680.0 0.8691503
681.0 0.7489473
682.0 0.61104983
683.0 0.46430004
684.0 0.29447207
685.0 0.14163692
686.0 0.05470686
687.0 0.021907207
688.0 0.009741449
689.0 0.00494436
690.0 0.002477443
691.0 0.0013179212
828.0 0.0010169627
829.0 0.0010355095
830.0 0.0010540562
831.0 0.001092453
832.0 0.0011308497
833.0 0.0011692465
834.0 0.0012076433
835.0 0.00124604
836.0 0.0012844368
837.0 0.0013228336
838.0 0.0013612303
839.0 0.0013996271
840.0 0.0014380239
841.0 0.0015346673
842.0 0.0016314111
843.0 0.0017280547
844.0 0.0018247985
845.0 0.001921442
846.0 0.0020180857
847.0 0.0021148294
848.0 0.002211473
849.0 0.0023082166
850.0 0.0024048602
851.0 0.002433332
852.0 0.0024617035
853.0 0.0024901752
854.0 0.0025185468
855.0 0.0025470185
856.0 0.00257539
857.0 0.0026038617
858.0 0.0026322333
859.0 0.002660705
860.0 0.0026890766
861.0 0.0029181538
862.0 0.003147231
863.0 0.0033763084
864.0 0.0036053855
865.0 0.003834563
866.0 0.0040636403
867.0 0.0042927177
868.0 0.004521795
869.0 0.004750872
870.0 0.0049799494
871.0 0.0045359307
872.0 0.0040919115
873.0 0.0036478927
874.0 0.0032038738
875.0 0.0027598548
876.0 0.0023157357
877.0 0.0018717167
878.0 0.0014276978
# -------------------
# Terra_MODIS Band 11
# -------------------
614.0 0.0011341374
615.0 0.0012684853
616.0 0.001402733
617.0 0.0015370811
618.0 0.001671429
619.0 0.0018056767
620.0 0.0019400247
621.0 0.0019418293
622.0 0.0019437342
623.0 0.0019456393
624.0 0.0019474439
625.0 0.0019492486
626.0 0.0019511535
627.0 0.0019530584
628.0 0.001954863
629.0 0.001956768
630.0 0.0019585728
631.0 0.0020010828
632.0 0.002043593
633.0 0.002086103
634.0 0.0021286132
635.0 0.0021711232
636.0 0.002213533
637.0 0.0022560433
638.0 0.0022985532
639.0 0.0023410635
640.0 0.0023835734
641.0 0.002296949
642.0 0.0022102245
643.0 0.0021236
644.0 0.0020368756
645.0 0.0019502512
646.0 0.0018636268
647.0 0.0017769021
648.0 0.0016902778
649.0 0.0016035532
650.0 0.0015169289
651.0 0.0018586138
652.0 0.002200399
653.0 0.002542084
654.0 0.0028838692
655.0 0.0032255542
656.0 0.003567239
657.0 0.0039090244
658.0 0.0042507094
659.0 0.0045924946
660.0 0.0049341796
661.0 0.0044708797
662.0 0.0040075798
663.0 0.0035442796
664.0 0.0030809797
665.0 0.0026176798
666.0 0.0021543799
667.0 0.0016910799
668.0 0.0012277799
731.0 0.0011849691
732.0 0.0017565495
733.0 0.002725058
734.0 0.0044330815
735.0 0.007748368
736.0 0.011780512
737.0 0.024919542
738.0 0.05683821
739.0 0.12272786
740.0 0.23109855
741.0 0.37484083
742.0 0.5394572
743.0 0.70716155
744.0 0.85376126
745.0 0.9479552
746.0 0.9896131
747.0 1.0
748.0 0.9646384
749.0 0.87785363
750.0 0.7605699
751.0 0.6226025
752.0 0.45039654
753.0 0.25891057
754.0 0.12032163
755.0 0.05315467
756.0 0.024224741
757.0 0.010763878
758.0 0.0047033816
759.0 0.002099237
860.0 0.0010206435
861.0 0.0012995659
862.0 0.0015784883
863.0 0.0018574107
864.0 0.0021363331
865.0 0.0024152554
866.0 0.0026942783
867.0 0.0029732005
868.0 0.003252123
869.0 0.0035310455
870.0 0.0038099678
871.0 0.0034445212
872.0 0.003079175
873.0 0.0027137285
874.0 0.0023483823
875.0 0.0019829357
876.0 0.0016175895
877.0 0.0012521431
# -------------------
# Terra_MODIS Band 12
# -------------------
820.0 0.010468794
821.0 0.015402938
822.0 0.020637335
823.0 0.025871731
824.0 0.035349693
825.0 0.045308057
826.0 0.06006045
827.0 0.07536331
828.0 0.090656154
829.0 0.11126346
830.0 0.13242124
831.0 0.16044477
832.0 0.18914889
833.0 0.217853
834.0 0.25718603
835.0 0.2974999
836.0 0.35848114
837.0 0.42129388
838.0 0.48409665
839.0 0.56482446
840.0 0.64722365
841.0 0.71951437
842.0 0.79080427
843.0 0.86208415
844.0 0.9162296
845.0 0.9685636
846.0 0.9818948
847.0 0.9909424
848.0 1.0
849.0 0.99375474
850.0 0.9859482
851.0 0.98063374
852.0 0.9755595
853.0 0.9704852
854.0 0.9688238
855.0 0.96746266
856.0 0.9682333
857.0 0.9692442
858.0 0.970245
859.0 0.9687137
860.0 0.96695226
861.0 0.9727071
862.0 0.9791625
863.0 0.98561794
864.0 0.9841867
865.0 0.98192483
866.0 0.97460866
867.0 0.9667821
868.0 0.9589555
869.0 0.9360463
870.0 0.91150564
871.0 0.8660475
872.0 0.8187778
873.0 0.77150804
874.0 0.7034309
875.0 0.63353217
876.0 0.5420453
877.0 0.44843668
878.0 0.35482806
879.0 0.27717283
880.0 0.20134914
881.0 0.16198607
882.0 0.12609592
883.0 0.09019577
884.0 0.073822014
885.0 0.059229754
886.0 0.051723447
887.0 0.04497778
888.0 0.038232114
889.0 0.03449898
890.0 0.031076103
891.0 0.028513951
892.0 0.02601185
893.0 0.023519756
894.0 0.021307899
895.0 0.019136075
896.0 0.01696425
897.0 0.014792426
898.0 0.012620601
899.0 0.0105989035
# -------------------
# Terra_MODIS Band 13
# -------------------
848.0 0.0017263227
849.0 0.003543631
850.0 0.0060836184
851.0 0.009769884
852.0 0.01897784
853.0 0.036475286
854.0 0.067294255
855.0 0.117040016
856.0 0.18909775
857.0 0.28561848
858.0 0.4026685
859.0 0.5342522
860.0 0.6673473
861.0 0.7889416
862.0 0.8853122
863.0 0.95079374
864.0 0.9878786
865.0 1.0
866.0 0.9956359
867.0 0.9873081
868.0 0.9769884
869.0 0.9547875
870.0 0.9143595
871.0 0.8476668
872.0 0.7569115
873.0 0.656367
874.0 0.5461134
875.0 0.41843334
876.0 0.27204573
877.0 0.14251396
878.0 0.068848714
879.0 0.035551418
880.0 0.020580346
881.0 0.013115329
882.0 0.009372811
883.0 0.006833223
884.0 0.0048897965
885.0 0.0037462215
886.0 0.0026685083
887.0 0.0016592597
# -------------------
# Terra_MODIS Band 14
# -------------------
1214.0 0.012241913
1215.0 0.015838351
1216.0 0.020466635
1217.0 0.026577573
1218.0 0.033930738
1219.0 0.043127198
1220.0 0.05597019
1221.0 0.07200889
1222.0 0.09320684
1223.0 0.12166779
1224.0 0.15498742
1225.0 0.19520943
1226.0 0.24702217
1227.0 0.30464533
1228.0 0.3693812
1229.0 0.43601045
1230.0 0.5056551
1231.0 0.5819918
1232.0 0.6633073
1233.0 0.7402651
1234.0 0.8037387
1235.0 0.8489196
1236.0 0.8896425
1237.0 0.93248916
1238.0 0.9628635
1239.0 0.98336023
1240.0 0.987167
1241.0 0.98851943
1242.0 0.9914247
1243.0 1.0
1244.0 0.9931878
1245.0 0.9763777
1246.0 0.94623375
1247.0 0.91090053
1248.0 0.87142986
1249.0 0.8260386
1250.0 0.7619739
1251.0 0.69068635
1252.0 0.6133679
1253.0 0.52499974
1254.0 0.43414712
1255.0 0.34388554
1256.0 0.2773665
1257.0 0.22327967
1258.0 0.1824566
1259.0 0.14221457
1260.0 0.10529848
1261.0 0.07605614
1262.0 0.059506517
1263.0 0.048466757
1264.0 0.041344006
1265.0 0.03484237
1266.0 0.028320694
1267.0 0.02131816
1268.0 0.016950341
1269.0 0.013864818
1270.0 0.012081626
1271.0 0.010488775
# -------------------
# Terra_MODIS Band 15
# -------------------
1596.0 0.010990554
1597.0 0.013477467
1598.0 0.016796695
1599.0 0.020246284
1600.0 0.02603237
1601.0 0.032119293
1602.0 0.04124466
1603.0 0.05080123
1604.0 0.06602354
1605.0 0.08199795
1606.0 0.105372936
1607.0 0.13001142
1608.0 0.16555023
1609.0 0.20241271
1610.0 0.2519504
1611.0 0.3029823
1612.0 0.36297908
1613.0 0.42439982
1614.0 0.4886384
1615.0 0.553238
1616.0 0.6208159
1617.0 0.68883497
1618.0 0.75574094
1619.0 0.82246643
1620.0 0.8832755
1621.0 0.9433826
1622.0 0.9738172
1623.0 1.0
1624.0 0.999639
1625.0 0.9961192
1626.0 0.98955095
1627.0 0.9824512
1628.0 0.97799885
1629.0 0.97386736
1630.0 0.96558434
1631.0 0.9566996
1632.0 0.9404244
1633.0 0.9232165
1634.0 0.89558977
1635.0 0.86666936
1636.0 0.82360965
1637.0 0.7786246
1638.0 0.7231303
1639.0 0.6659514
1640.0 0.6052526
1641.0 0.54412264
1642.0 0.48671305
1643.0 0.42987505
1644.0 0.382724
1645.0 0.3367361
1646.0 0.29229257
1647.0 0.24807966
1648.0 0.20045727
1649.0 0.15232345
1650.0 0.11773731
1651.0 0.085196845
1652.0 0.06930266
1653.0 0.055574495
1654.0 0.047461946
1655.0 0.04020176
1656.0 0.03444576
1657.0 0.028930428
1658.0 0.023685846
1659.0 0.018481378
1660.0 0.013768276
# -------------------
# Terra_MODIS Band 16
# -------------------
2058.0 0.010016327
2059.0 0.010336849
2060.0 0.010917796
2061.0 0.012420245
2062.0 0.014573756
2063.0 0.016737282
2064.0 0.018900808
2065.0 0.021064335
2066.0 0.024329657
2067.0 0.028997265
2068.0 0.033664875
2069.0 0.038322467
2070.0 0.042990074
2071.0 0.050161764
2072.0 0.060688924
2073.0 0.071216084
2074.0 0.08174324
2075.0 0.09226038
2076.0 0.109308176
2077.0 0.13492994
2078.0 0.16056171
2079.0 0.18618348
2080.0 0.21180524
2081.0 0.24568047
2082.0 0.28955197
2083.0 0.33342347
2084.0 0.377295
2085.0 0.4211665
2086.0 0.4690245
2087.0 0.52199084
2088.0 0.5749572
2089.0 0.6279235
2090.0 0.68089986
2091.0 0.7291585
2092.0 0.7714675
2093.0 0.81377643
2094.0 0.8560854
2095.0 0.8983844
2096.0 0.92764205
2097.0 0.9406833
2098.0 0.9537346
2099.0 0.96677583
2100.0 0.9798171
2101.0 0.98833096
2102.0 0.99125576
2103.0 0.9941705
2104.0 0.9970853
2105.0 1.0
2106.0 0.99432075
2107.0 0.97775376
2108.0 0.9611867
2109.0 0.9446197
2110.0 0.9280527
2111.0 0.91474104
2112.0 0.9054459
2113.0 0.8961407
2114.0 0.8868455
2115.0 0.8775404
2116.0 0.8655609
2117.0 0.8502459
2118.0 0.83493096
2119.0 0.81961596
2120.0 0.80431104
2121.0 0.788345
2122.0 0.77148753
2123.0 0.75464004
2124.0 0.7377926
2125.0 0.7209451
2126.0 0.7054799
2127.0 0.69167745
2128.0 0.6778749
2129.0 0.66407245
2130.0 0.6502699
2131.0 0.6355359
2132.0 0.6195899
2133.0 0.60364395
2134.0 0.5876979
2135.0 0.57174194
2136.0 0.5560864
2137.0 0.5407715
2138.0 0.5254665
2139.0 0.5101616
2140.0 0.49485663
2141.0 0.47749832
2142.0 0.45758587
2143.0 0.4376634
2144.0 0.41775092
2145.0 0.39782846
2146.0 0.37624326
2147.0 0.35262477
2148.0 0.32900628
2149.0 0.3053878
2150.0 0.28176928
2151.0 0.25827098
2152.0 0.23493294
2153.0 0.2115949
2154.0 0.18825686
2155.0 0.16491883
2156.0 0.14535694
2157.0 0.13047267
2158.0 0.11557839
2159.0 0.100694135
2160.0 0.08579985
2161.0 0.07414085
2162.0 0.06669872
2163.0 0.059256587
2164.0 0.05181446
2165.0 0.044372328
2166.0 0.038322467
2167.0 0.03400543
2168.0 0.029678376
2169.0 0.025361339
2170.0 0.021034285
2171.0 0.017738914
2172.0 0.01567555
2173.0 0.0136121875
2174.0 0.011548825
2175.0 0.010376914
# -------------------
