# WorldView4 RSR
# QV 2025-03-31 from RSR_WV4.txt
# filtered to response > 0.002
#
# WorldView4 Band PAN
# -------------------
0.4440 0.011625
0.4450 0.027193
0.4460 0.048505
0.4470 0.060291
0.4480 0.072670
0.4490 0.093748
0.4500 0.173120
0.4510 0.252493
0.4520 0.331865
0.4530 0.411238
0.4540 0.485115
0.4550 0.532559
0.4560 0.580003
0.4570 0.627447
0.4580 0.674891
0.4590 0.715203
0.4600 0.724414
0.4610 0.733625
0.4620 0.742836
0.4630 0.752047
0.4640 0.757559
0.4650 0.748370
0.4660 0.739181
0.4670 0.729991
0.4680 0.720802
0.4690 0.716668
0.4700 0.730937
0.4710 0.745207
0.4720 0.759476
0.4730 0.773745
0.4740 0.784340
0.4750 0.782629
0.4760 0.780919
0.4770 0.779208
0.4780 0.777498
0.4790 0.777204
0.4800 0.781288
0.4810 0.785372
0.4820 0.789456
0.4830 0.793540
0.4840 0.796139
0.4850 0.794485
0.4860 0.792832
0.4870 0.791178
0.4880 0.789524
0.4890 0.788529
0.4900 0.789285
0.4910 0.790041
0.4920 0.790798
0.4930 0.791554
0.4940 0.792486
0.4950 0.793856
0.4960 0.795225
0.4970 0.796595
0.4980 0.797964
0.4990 0.799495
0.5000 0.801398
0.5010 0.803302
0.5020 0.805205
0.5030 0.807108
0.5040 0.807862
0.5050 0.806139
0.5060 0.804415
0.5070 0.802691
0.5080 0.800967
0.5090 0.799237
0.5100 0.797493
0.5110 0.795748
0.5120 0.794004
0.5130 0.792260
0.5140 0.792618
0.5150 0.796955
0.5160 0.801292
0.5170 0.805629
0.5180 0.809966
0.5190 0.813543
0.5200 0.815770
0.5210 0.817997
0.5220 0.820224
0.5230 0.822451
0.5240 0.825520
0.5250 0.829996
0.5260 0.834472
0.5270 0.838948
0.5280 0.843424
0.5290 0.846865
0.5300 0.848678
0.5310 0.850491
0.5320 0.852305
0.5330 0.854118
0.5340 0.854704
0.5350 0.853476
0.5360 0.852249
0.5370 0.851021
0.5380 0.849793
0.5390 0.848847
0.5400 0.848293
0.5410 0.847738
0.5420 0.847184
0.5430 0.846630
0.5440 0.846232
0.5450 0.846040
0.5460 0.845847
0.5470 0.845655
0.5480 0.845463
0.5490 0.846529
0.5500 0.849154
0.5510 0.851778
0.5520 0.854402
0.5530 0.857027
0.5540 0.861302
0.5550 0.867504
0.5560 0.873707
0.5570 0.879909
0.5580 0.886111
0.5590 0.891087
0.5600 0.894713
0.5610 0.898338
0.5620 0.901963
0.5630 0.905589
0.5640 0.907967
0.5650 0.909050
0.5660 0.910133
0.5670 0.911216
0.5680 0.912299
0.5690 0.912745
0.5700 0.912567
0.5710 0.912389
0.5720 0.912210
0.5730 0.912032
0.5740 0.911910
0.5750 0.911840
0.5760 0.911770
0.5770 0.911700
0.5780 0.911630
0.5790 0.911763
0.5800 0.912074
0.5810 0.912384
0.5820 0.912695
0.5830 0.913006
0.5840 0.914914
0.5850 0.918140
0.5860 0.921365
0.5870 0.924591
0.5880 0.927816
0.5890 0.930668
0.5900 0.933229
0.5910 0.935790
0.5920 0.938351
0.5930 0.940912
0.5940 0.941632
0.5950 0.941005
0.5960 0.940378
0.5970 0.939750
0.5980 0.939123
0.5990 0.940609
0.6000 0.943553
0.6010 0.946498
0.6020 0.949443
0.6030 0.952387
0.6040 0.955513
0.6050 0.958757
0.6060 0.962001
0.6070 0.965244
0.6080 0.968488
0.6090 0.968770
0.6100 0.967241
0.6110 0.965712
0.6120 0.964183
0.6130 0.962654
0.6140 0.960513
0.6150 0.958019
0.6160 0.955525
0.6170 0.953031
0.6180 0.950537
0.6190 0.951468
0.6200 0.954248
0.6210 0.957028
0.6220 0.959808
0.6230 0.962588
0.6240 0.967134
0.6250 0.972573
0.6260 0.978012
0.6270 0.983452
0.6280 0.988891
0.6290 0.990589
0.6300 0.990515
0.6310 0.990441
0.6320 0.990366
0.6330 0.990292
0.6340 0.988541
0.6350 0.986047
0.6360 0.983553
0.6370 0.981059
0.6380 0.978565
0.6390 0.979461
0.6400 0.981761
0.6410 0.984060
0.6420 0.986359
0.6430 0.988659
0.6440 0.990934
0.6450 0.993201
0.6460 0.995467
0.6470 0.997734
0.6480 1.000000
0.6490 0.998645
0.6500 0.995993
0.6510 0.993341
0.6520 0.990689
0.6530 0.988038
0.6540 0.985426
0.6550 0.982827
0.6560 0.980229
0.6570 0.977630
0.6580 0.975031
0.6590 0.975745
0.6600 0.977474
0.6610 0.979204
0.6620 0.980933
0.6630 0.982663
0.6640 0.984629
0.6650 0.986662
0.6660 0.988695
0.6670 0.990728
0.6680 0.992761
0.6690 0.992152
0.6700 0.990859
0.6710 0.989566
0.6720 0.988272
0.6730 0.986979
0.6740 0.983671
0.6750 0.979886
0.6760 0.976101
0.6770 0.972316
0.6780 0.968531
0.6790 0.960492
0.6800 0.951539
0.6810 0.942586
0.6820 0.933633
0.6830 0.924680
0.6840 0.926108
0.6850 0.929550
0.6860 0.932991
0.6870 0.936433
0.6880 0.939875
0.6890 0.942568
0.6900 0.945132
0.6910 0.947695
0.6920 0.950259
0.6930 0.952822
0.6940 0.951965
0.6950 0.950581
0.6960 0.949198
0.6970 0.947814
0.6980 0.946430
0.6990 0.947992
0.7000 0.949952
0.7010 0.951912
0.7020 0.953873
0.7030 0.955833
0.7040 0.957568
0.7050 0.959276
0.7060 0.960985
0.7070 0.962694
0.7080 0.964402
0.7090 0.963727
0.7100 0.962816
0.7110 0.961906
0.7120 0.960995
0.7130 0.960084
0.7140 0.955961
0.7150 0.951575
0.7160 0.947190
0.7170 0.942804
0.7180 0.938419
0.7190 0.936036
0.7200 0.933784
0.7210 0.931532
0.7220 0.929280
0.7230 0.927028
0.7240 0.925374
0.7250 0.923749
0.7260 0.922125
0.7270 0.920500
0.7280 0.918876
0.7290 0.918158
0.7300 0.917471
0.7310 0.916784
0.7320 0.916097
0.7330 0.915410
0.7340 0.913638
0.7350 0.911846
0.7360 0.910054
0.7370 0.908263
0.7380 0.906471
0.7390 0.902842
0.7400 0.899207
0.7410 0.895572
0.7420 0.891938
0.7430 0.888308
0.7440 0.885131
0.7450 0.881955
0.7460 0.878779
0.7470 0.875602
0.7480 0.872495
0.7490 0.872000
0.7500 0.871505
0.7510 0.871010
0.7520 0.870515
0.7530 0.869995
0.7540 0.868861
0.7550 0.867727
0.7560 0.866592
0.7570 0.865458
0.7580 0.864297
0.7590 0.862678
0.7600 0.861060
0.7610 0.859441
0.7620 0.857822
0.7630 0.856219
0.7640 0.854829
0.7650 0.853440
0.7660 0.852050
0.7670 0.850661
0.7680 0.849311
0.7690 0.848396
0.7700 0.847482
0.7710 0.846567
0.7720 0.845653
0.7730 0.844750
0.7740 0.843952
0.7750 0.843155
0.7760 0.842358
0.7770 0.841561
0.7780 0.840682
0.7790 0.839165
0.7800 0.837647
0.7810 0.836129
0.7820 0.834612
0.7830 0.832834
0.7840 0.829267
0.7850 0.825699
0.7860 0.822132
0.7870 0.818565
0.7880 0.814302
0.7890 0.805819
0.7900 0.797336
0.7910 0.788852
0.7920 0.780369
0.7930 0.759936
0.7940 0.674778
0.7950 0.589619
0.7960 0.504461
0.7970 0.419303
0.7980 0.339173
0.7990 0.283539
0.8000 0.227905
0.8010 0.172271
0.8020 0.116637
0.8030 0.069657
0.8040 0.060858
0.8050 0.047042
0.8060 0.034389
0.8070 0.015135
0.8080 0.008530
0.8090 0.004607
0.8100 0.003449
0.8110 0.002627
0.8120 0.002022
# -------------------
# WorldView4 Band BLUE
# -------------------
0.4360 0.002556
0.4370 0.003471
0.4380 0.005124
0.4390 0.008142
0.4400 0.022205
0.4410 0.046694
0.4420 0.096201
0.4430 0.147722
0.4440 0.254112
0.4450 0.363379
0.4460 0.484570
0.4470 0.606327
0.4480 0.715236
0.4490 0.823610
0.4500 0.847637
0.4510 0.868552
0.4520 0.846669
0.4530 0.823431
0.4540 0.832527
0.4550 0.842471
0.4560 0.854782
0.4570 0.867138
0.4580 0.882352
0.4590 0.897596
0.4600 0.900573
0.4610 0.903402
0.4620 0.905947
0.4630 0.908508
0.4640 0.906870
0.4650 0.905218
0.4660 0.902404
0.4670 0.899680
0.4680 0.909386
0.4690 0.919003
0.4700 0.921384
0.4710 0.923781
0.4720 0.926431
0.4730 0.929111
0.4740 0.932713
0.4750 0.936286
0.4760 0.938876
0.4770 0.941511
0.4780 0.945590
0.4790 0.949356
0.4800 0.944950
0.4810 0.940633
0.4820 0.938206
0.4830 0.936077
0.4840 0.939963
0.4850 0.943744
0.4860 0.945709
0.4870 0.947763
0.4880 0.951053
0.4890 0.954150
0.4900 0.954313
0.4910 0.954462
0.4920 0.954671
0.4930 0.955400
0.4940 0.962888
0.4950 0.970287
0.4960 0.976747
0.4970 0.983074
0.4980 0.987882
0.4990 0.992646
0.5000 0.996859
0.5010 1.000000
0.5020 0.992185
0.5030 0.981556
0.5040 0.944042
0.5050 0.900171
0.5060 0.798675
0.5070 0.692981
0.5080 0.551202
0.5090 0.413309
0.5100 0.307213
0.5110 0.206818
0.5120 0.150934
0.5130 0.098592
0.5140 0.072581
0.5150 0.048326
0.5160 0.032875
0.5170 0.020121
0.5180 0.014641
0.5190 0.010693
0.5200 0.007960
0.5210 0.005932
0.5220 0.004522
0.5230 0.003420
0.5240 0.002695
0.5250 0.002115
# -------------------
# WorldView4 Band GREEN
# -------------------
0.5000 0.002244
0.5010 0.003670
0.5020 0.008529
0.5030 0.022871
0.5040 0.059492
0.5050 0.107154
0.5060 0.273791
0.5070 0.441722
0.5080 0.620714
0.5090 0.782958
0.5100 0.808359
0.5110 0.831535
0.5120 0.837391
0.5130 0.842648
0.5140 0.843468
0.5150 0.844145
0.5160 0.843859
0.5170 0.843963
0.5180 0.846708
0.5190 0.849194
0.5200 0.850001
0.5210 0.850846
0.5220 0.851940
0.5230 0.853983
0.5240 0.861647
0.5250 0.870132
0.5260 0.883249
0.5270 0.895767
0.5280 0.904993
0.5290 0.912632
0.5300 0.911760
0.5310 0.910146
0.5320 0.904616
0.5330 0.899879
0.5340 0.899098
0.5350 0.899397
0.5360 0.904889
0.5370 0.910211
0.5380 0.914701
0.5390 0.917733
0.5400 0.914102
0.5410 0.909626
0.5420 0.901454
0.5430 0.894153
0.5440 0.890601
0.5450 0.888467
0.5460 0.892227
0.5470 0.896509
0.5480 0.902911
0.5490 0.909014
0.5500 0.913907
0.5510 0.918617
0.5520 0.922625
0.5530 0.927037
0.5540 0.932945
0.5550 0.939126
0.5560 0.946283
0.5570 0.953089
0.5580 0.958658
0.5590 0.963863
0.5600 0.967819
0.5610 0.971788
0.5620 0.975822
0.5630 0.980272
0.5640 0.986011
0.5650 0.991477
0.5660 0.996109
0.5670 0.999662
0.5680 1.000000
0.5690 0.999727
0.5700 0.997710
0.5710 0.996265
0.5720 0.996460
0.5730 0.994925
0.5740 0.988523
0.5750 0.969641
0.5760 0.916757
0.5770 0.843468
0.5780 0.715877
0.5790 0.584942
0.5800 0.445287
0.5810 0.318802
0.5820 0.225734
0.5830 0.146200
0.5840 0.100226
0.5850 0.062122
0.5860 0.041164
0.5870 0.026283
0.5880 0.015900
0.5890 0.010831
0.5900 0.006266
0.5910 0.004583
0.5920 0.003431
0.5930 0.002597
0.5940 0.002004
# -------------------
# WorldView4 Band RED
# -------------------
0.6480 0.002112
0.6490 0.004508
0.6500 0.014389
0.6510 0.042220
0.6520 0.087593
0.6530 0.194638
0.6540 0.375829
0.6550 0.563048
0.6560 0.757280
0.6570 0.878554
0.6580 0.916153
0.6590 0.934534
0.6600 0.931298
0.6610 0.928948
0.6620 0.927595
0.6630 0.927583
0.6640 0.929010
0.6650 0.934460
0.6660 0.944192
0.6670 0.957492
0.6680 0.974495
0.6690 0.987426
0.6700 0.996198
0.6710 0.999791
0.6720 0.998228
0.6730 0.997625
0.6740 0.997982
0.6750 0.998770
0.6760 1.000000
0.6770 0.998450
0.6780 0.994304
0.6790 0.989259
0.6800 0.983366
0.6810 0.975873
0.6820 0.966929
0.6830 0.954576
0.6840 0.939185
0.6850 0.933968
0.6860 0.937622
0.6870 0.919229
0.6880 0.881901
0.6890 0.728860
0.6900 0.478438
0.6910 0.285006
0.6920 0.138609
0.6930 0.057716
0.6940 0.028311
0.6950 0.012341
0.6960 0.005959
0.6970 0.003153
# -------------------
# WorldView4 Band NIR
# -------------------
0.7610 0.002154
0.7620 0.002811
0.7630 0.003666
0.7640 0.004773
0.7650 0.006256
0.7660 0.008231
0.7670 0.010838
0.7680 0.014411
0.7690 0.019346
0.7700 0.030008
0.7710 0.046021
0.7720 0.060180
0.7730 0.085700
0.7740 0.115195
0.7750 0.169001
0.7760 0.230895
0.7770 0.330092
0.7780 0.441399
0.7790 0.573197
0.7800 0.711445
0.7810 0.820568
0.7820 0.920740
0.7830 0.968256
0.7840 1.000000
0.7850 0.998724
0.7860 0.987823
0.7870 0.967416
0.7880 0.944304
0.7890 0.923007
0.7900 0.902214
0.7910 0.885166
0.7920 0.869142
0.7930 0.856629
0.7940 0.845040
0.7950 0.834795
0.7960 0.824885
0.7970 0.814085
0.7980 0.803084
0.7990 0.805116
0.8000 0.810256
0.8010 0.814522
0.8020 0.818570
0.8030 0.822198
0.8040 0.825742
0.8050 0.829554
0.8060 0.833400
0.8070 0.837499
0.8080 0.841631
0.8090 0.845846
0.8100 0.850062
0.8110 0.854144
0.8120 0.858208
0.8130 0.862558
0.8140 0.866976
0.8150 0.871763
0.8160 0.876600
0.8170 0.882176
0.8180 0.887887
0.8190 0.886476
0.8200 0.883873
0.8210 0.881840
0.8220 0.879892
0.8230 0.878095
0.8240 0.876348
0.8250 0.874400
0.8260 0.872434
0.8270 0.869965
0.8280 0.867412
0.8290 0.864557
0.8300 0.861651
0.8310 0.858880
0.8320 0.856142
0.8330 0.853421
0.8340 0.850717
0.8350 0.848483
0.8360 0.846317
0.8370 0.845107
0.8380 0.843999
0.8390 0.841799
0.8400 0.839497
0.8410 0.836407
0.8420 0.833249
0.8430 0.828849
0.8440 0.824331
0.8450 0.818150
0.8460 0.811818
0.8470 0.804646
0.8480 0.797423
0.8490 0.789815
0.8500 0.782206
0.8510 0.775118
0.8520 0.768081
0.8530 0.762068
0.8540 0.756105
0.8550 0.750495
0.8560 0.744902
0.8570 0.739679
0.8580 0.734472
0.8590 0.728694
0.8600 0.722900
0.8610 0.716433
0.8620 0.709950
0.8630 0.702795
0.8640 0.695623
0.8650 0.687594
0.8660 0.679549
0.8670 0.671638
0.8680 0.663727
0.8690 0.656555
0.8700 0.649417
0.8710 0.642665
0.8720 0.635930
0.8730 0.629430
0.8740 0.622930
0.8750 0.616749
0.8760 0.610568
0.8770 0.604488
0.8780 0.598425
0.8790 0.591841
0.8800 0.585273
0.8810 0.578639
0.8820 0.572004
0.8830 0.566025
0.8840 0.560062
0.8850 0.554587
0.8860 0.549145
0.8870 0.544812
0.8880 0.540512
0.8890 0.536951
0.8900 0.533407
0.8910 0.530434
0.8920 0.527495
0.8930 0.524875
0.8940 0.522255
0.8950 0.519702
0.8960 0.517132
0.8970 0.514377
0.8980 0.511623
0.8990 0.508784
0.9000 0.505946
0.9010 0.503158
0.9020 0.500369
0.9030 0.497363
0.9040 0.494373
0.9050 0.491316
0.9060 0.488260
0.9070 0.485068
0.9080 0.481894
0.9090 0.478971
0.9100 0.476116
0.9110 0.473916
0.9120 0.471749
0.9130 0.470036
0.9140 0.468188
0.9150 0.464796
0.9160 0.460445
0.9170 0.446824
0.9180 0.431237
0.9190 0.397393
0.9200 0.361601
0.9210 0.308845
0.9220 0.256055
0.9230 0.203047
0.9240 0.151792
0.9250 0.114520
0.9260 0.079190
0.9270 0.058571
0.9280 0.039254
0.9290 0.029336
0.9300 0.020085
0.9310 0.015436
0.9320 0.011093
0.9330 0.008778
0.9340 0.006622
0.9350 0.005476
0.9360 0.004409
0.9370 0.003832
0.9380 0.003275
0.9390 0.002832
0.9400 0.002353
0.9410 0.002116
# -------------------
