# WV_LG02 RSR
# QV 2025-02-15 from legion_calibration_2024v07_run20241021.json
# filtered to response > 0.002#
# WV_LG02 Band Coastal
# -------------------
0.395 0.0047
0.396 0.028999999999999998
0.397 0.1547
0.398 0.48479999999999995
0.399 0.6788
0.4 0.6950000000000001
0.401 0.7119
0.402 0.7046
0.403 0.7219
0.404 0.7445
0.405 0.7411
0.406 0.7495
0.407 0.7554000000000001
0.408 0.7604000000000001
0.409 0.7581
0.41 0.7809999999999999
0.411 0.8025
0.412 0.8203
0.413 0.8108
0.414 0.8276000000000001
0.415 0.8505
0.416 0.8441
0.417 0.8399
0.418 0.8344
0.419 0.8220999999999999
0.42 0.8049
0.421 0.8266
0.422 0.8531000000000001
0.423 0.871
0.424 0.8708
0.425 0.8913
0.426 0.9053
0.427 0.9287000000000001
0.428 0.9215000000000001
0.429 0.9205
0.43 0.9119
0.431 0.9198000000000001
0.432 0.9163
0.433 0.9334
0.434 0.9539
0.435 0.9596
0.436 0.9401
0.437 0.9255
0.438 0.9306000000000001
0.439 0.9562
0.44 0.9790000000000001
0.441 0.9873000000000001
0.442 0.9976
0.443 0.9923000000000001
0.444 0.9949
0.445 1.0
0.446 0.9947
0.447 0.9516
0.448 0.6596
0.449 0.1671
0.45 0.0189
0.451 0.003
# -------------------
# WV_LG02 Band Blue
# -------------------
0.447 0.0026000000000000003
0.448 0.014199999999999999
0.449 0.0978
0.45 0.46159999999999995
0.451 0.8634000000000001
0.452 0.9267000000000001
0.453 0.93
0.454 0.9450000000000001
0.455 0.9587000000000001
0.456 0.9588
0.457 0.9497
0.458 0.9440000000000001
0.459 0.9389000000000001
0.46 0.9409000000000001
0.461 0.9484
0.462 0.9523
0.463 0.9466
0.464 0.9451
0.465 0.9512999999999999
0.466 0.9520000000000001
0.467 0.9475
0.468 0.9501999999999999
0.469 0.9565000000000001
0.47 0.9535
0.471 0.9520000000000001
0.472 0.9409000000000001
0.473 0.9293000000000001
0.474 0.9293000000000001
0.475 0.9281999999999999
0.476 0.9327
0.477 0.9501000000000001
0.478 0.9649
0.479 0.9783000000000001
0.48 0.9895
0.481 0.9920000000000001
0.482 0.9931000000000001
0.483 1.0
0.484 0.9917
0.485 0.9829000000000001
0.486 0.9781000000000001
0.487 0.9784
0.488 0.976
0.489 0.9639
0.49 0.9481
0.491 0.9263
0.492 0.9119
0.493 0.8983
0.494 0.8996
0.495 0.9224
0.496 0.9455
0.497 0.9519
0.498 0.9386
0.499 0.9295
0.5 0.9453
0.501 0.9704
0.502 0.9666
0.503 0.943
0.504 0.9368000000000001
0.505 0.9603
0.506 0.9791
0.507 0.9725
0.508 0.9508
0.509 0.9153
0.51 0.7997
0.511 0.5115
0.512 0.20440000000000003
0.513 0.0563
0.514 0.013600000000000001
0.515 0.0034000000000000002
# -------------------
# WV_LG02 Band Green
# -------------------
0.503 0.0027
0.504 0.0055000000000000005
0.505 0.0103
0.506 0.0181
0.507 0.032799999999999996
0.508 0.0687
0.509 0.1577
0.51 0.33049999999999996
0.511 0.5605
0.512 0.7792
0.513 0.892
0.514 0.8767
0.515 0.8338
0.516 0.8269
0.517 0.8355
0.518 0.8475
0.519 0.8741
0.52 0.9186
0.521 0.9562
0.522 0.9723
0.523 0.9786
0.524 0.9818000000000001
0.525 0.9764
0.526 0.9609000000000001
0.527 0.9439000000000001
0.528 0.9329999999999999
0.529 0.9397
0.53 0.9622
0.531 0.9778
0.532 0.9794
0.533 0.9773000000000001
0.534 0.9712999999999999
0.535 0.9767
0.536 0.9821
0.537 0.9876
0.538 1.0
0.539 0.9981000000000001
0.54 0.9965
0.541 0.9933
0.542 0.9790000000000001
0.543 0.9652
0.544 0.9562999999999999
0.545 0.9426000000000001
0.546 0.9238
0.547 0.9109
0.548 0.9165000000000001
0.549 0.9305
0.55 0.9437000000000001
0.551 0.9553
0.552 0.9523
0.553 0.9470999999999999
0.554 0.9514
0.555 0.9500000000000001
0.556 0.9426000000000001
0.557 0.9436
0.558 0.9609000000000001
0.559 0.9840000000000001
0.56 0.9861
0.561 0.9657
0.562 0.9405
0.563 0.9172
0.564 0.9157
0.565 0.9333
0.566 0.9584
0.567 0.9848
0.568 0.9945
0.569 0.9795999999999999
0.57 0.9564
0.571 0.9359999999999999
0.572 0.9369
0.573 0.9570000000000001
0.574 0.9754
0.575 0.9801000000000001
0.576 0.9699
0.577 0.963
0.578 0.9692000000000001
0.579 0.9405
0.58 0.7493000000000001
0.581 0.3976
0.582 0.141
0.583 0.0437
0.584 0.0143
0.585 0.0053
0.586 0.0022
# -------------------
# WV_LG02 Band Yellow
# -------------------
0.576 0.0025
0.577 0.0039000000000000003
0.578 0.006500000000000001
0.579 0.011000000000000001
0.58 0.0191
0.581 0.0346
0.582 0.0658
0.583 0.12810000000000002
0.584 0.2494
0.585 0.44689999999999996
0.586 0.6833
0.587 0.8703000000000001
0.588 0.9587000000000001
0.589 0.98
0.59 0.9712999999999999
0.591 0.9669
0.592 0.9756
0.593 0.9806
0.594 0.9809000000000001
0.595 0.9817
0.596 0.9833
0.597 0.9852
0.598 0.9893000000000001
0.599 0.9965
0.6 0.9997
0.601 1.0
0.602 0.9954000000000001
0.603 0.9936
0.604 0.9958
0.605 0.9924
0.606 0.9934000000000001
0.607 0.9878
0.608 0.9877
0.609 0.99
0.61 0.9827
0.611 0.9779000000000001
0.612 0.9771
0.613 0.9741
0.614 0.9770000000000001
0.615 0.9788
0.616 0.9790000000000001
0.617 0.9772
0.618 0.9717
0.619 0.9720000000000001
0.62 0.9768000000000001
0.621 0.9662999999999999
0.622 0.9389000000000001
0.623 0.8531000000000001
0.624 0.7064
0.625 0.5202
0.626 0.3482
0.627 0.21120000000000003
0.628 0.1231
0.629 0.0734
0.63 0.0444
0.631 0.0275
0.632 0.0175
0.633 0.0115
0.634 0.0077
0.635 0.0051
0.636 0.0034999999999999996
0.637 0.0025
# -------------------
# WV_LG02 Band Red
# -------------------
0.623 0.0025
0.624 0.0043
0.625 0.0076
0.626 0.015300000000000001
0.627 0.0342
0.628 0.0862
0.629 0.22820000000000001
0.63 0.5003
0.631 0.78
0.632 0.9325
0.633 0.9972
0.634 0.9949
0.635 0.9665
0.636 0.9440999999999999
0.637 0.9519
0.638 0.9727
0.639 0.9949
0.64 0.9873000000000001
0.641 0.9742000000000001
0.642 0.9693
0.643 0.9712000000000001
0.644 0.973
0.645 0.9942000000000001
0.646 0.9905
0.647 0.9756
0.648 0.9593
0.649 0.9495
0.65 0.9598000000000001
0.651 0.9924
0.652 1.0
0.653 0.986
0.654 0.9732
0.655 0.9637000000000001
0.656 0.9527
0.657 0.9728
0.658 0.9817
0.659 0.9875
0.66 0.9871
0.661 0.9794
0.662 0.9749
0.663 0.9625
0.664 0.9666
0.665 0.9745
0.666 0.9869
0.667 0.9938
0.668 0.993
0.669 0.9878
0.67 0.9745999999999999
0.671 0.9653
0.672 0.9655
0.673 0.9862000000000001
0.674 0.9903000000000001
0.675 0.9891
0.676 0.9751000000000001
0.677 0.9578
0.678 0.9629000000000001
0.679 0.9658
0.68 0.9765
0.681 0.9862000000000001
0.682 0.9778
0.683 0.9601000000000001
0.684 0.9576000000000001
0.685 0.9583
0.686 0.9579000000000001
0.687 0.9473
0.688 0.8671
0.689 0.7456999999999999
0.69 0.6218
0.691 0.48009999999999997
0.692 0.34090000000000004
0.693 0.22469999999999998
0.694 0.1348
0.695 0.0771
0.696 0.0438
0.697 0.026000000000000002
0.698 0.0161
0.699 0.0106
0.7 0.0073
0.701 0.005200000000000001
0.702 0.0038
0.703 0.0028000000000000004
# -------------------
# WV_LG02 Band RedEdge1
# -------------------
0.692 0.0031
0.693 0.0146
0.694 0.0981
0.695 0.5352
0.696 0.9386
0.697 0.9378000000000001
0.698 0.9550000000000001
0.699 0.9788
0.7 0.9905
0.701 0.9966
0.702 1.0
0.703 0.9997
0.704 0.9954000000000001
0.705 0.991
0.706 0.9831000000000001
0.707 0.9795999999999999
0.708 0.9804
0.709 0.9773999999999999
0.71 0.9679000000000001
0.711 0.9651000000000001
0.712 0.9764
0.713 0.96
0.714 0.684
0.715 0.2151
0.716 0.0434
0.717 0.010700000000000001
0.718 0.0034000000000000002
# -------------------
# WV_LG02 Band RedEdge2
# -------------------
0.727 0.0023
0.728 0.010900000000000002
0.729 0.07730000000000001
0.73 0.46909999999999996
0.731 0.8755
0.732 0.9379000000000001
0.733 0.9804
0.734 0.9906999999999999
0.735 0.9938
0.736 1.0
0.737 0.9945999999999999
0.738 0.9924
0.739 0.9912000000000001
0.74 0.9909
0.741 0.9825
0.742 0.983
0.743 0.9849
0.744 0.9662000000000001
0.745 0.9492
0.746 0.9583
0.747 0.9684
0.748 0.9003
0.749 0.6709999999999999
0.75 0.2974
0.751 0.0698
0.752 0.0131
0.753 0.0029
# -------------------
# WV_LG02 Band NIR1
# -------------------
0.763 0.0037
0.764 0.0073
0.765 0.015500000000000002
0.766 0.0351
0.767 0.0853
0.768 0.2122
0.769 0.4794
0.77 0.8006000000000001
0.771 0.9695999999999999
0.772 0.9991
0.773 1.0
0.774 0.9993000000000001
0.775 0.9951000000000001
0.776 0.9873999999999999
0.777 0.9812000000000001
0.778 0.9744
0.779 0.9799
0.78 0.9856999999999999
0.781 0.9913
0.782 0.993
0.783 0.9934999999999999
0.784 0.9889
0.785 0.9804
0.786 0.9734999999999999
0.787 0.9676000000000001
0.788 0.9701000000000001
0.789 0.9689
0.79 0.9765
0.791 0.9806
0.792 0.9876
0.793 0.9856999999999999
0.794 0.9790000000000001
0.795 0.9672000000000001
0.796 0.9546
0.797 0.9426000000000001
0.798 0.935
0.799 0.9334
0.8 0.9312
0.801 0.9370999999999999
0.802 0.9459000000000001
0.803 0.9539
0.804 0.9618000000000001
0.805 0.9721
0.806 0.9771
0.807 0.9795999999999999
0.808 0.9805
0.809 0.9718000000000001
0.81 0.9667
0.811 0.9615000000000001
0.812 0.9558
0.813 0.9577
0.814 0.9535
0.815 0.9518000000000001
0.816 0.9569
0.817 0.9562999999999999
0.818 0.9612
0.819 0.9627
0.82 0.9628
0.821 0.9687000000000001
0.822 0.9726
0.823 0.9721
0.824 0.9714
0.825 0.9684999999999999
0.826 0.9714
0.827 0.9699
0.828 0.9734999999999999
0.829 0.9754
0.83 0.9758
0.831 0.9751000000000001
0.832 0.9773999999999999
0.833 0.9749
0.834 0.9786
0.835 0.9848
0.836 0.9812000000000001
0.837 0.9801000000000001
0.838 0.9771
0.839 0.9755
0.84 0.9745
0.841 0.9771
0.842 0.9769
0.843 0.9744
0.844 0.9711
0.845 0.9692000000000001
0.846 0.9644
0.847 0.9614
0.848 0.9594
0.849 0.9597
0.85 0.9586
0.851 0.9588
0.852 0.9579000000000001
0.853 0.9558
0.854 0.956
0.855 0.9539
0.856 0.9489000000000001
0.857 0.9479000000000001
0.858 0.9424
0.859 0.935
0.86 0.9264
0.861 0.9220999999999999
0.862 0.914
0.863 0.9096
0.864 0.9096
0.865 0.9084000000000001
0.866 0.9072
0.867 0.9068
0.868 0.9077
0.869 0.912
0.87 0.9131999999999999
0.871 0.9089
0.872 0.9029
0.873 0.8995000000000001
0.874 0.8981
0.875 0.898
0.876 0.8937999999999999
0.877 0.8922
0.878 0.8937
0.879 0.8902
0.88 0.885
0.881 0.8786
0.882 0.8744
0.883 0.8661
0.884 0.8582
0.885 0.8518000000000001
0.886 0.8513
0.887 0.8517
0.888 0.8497
0.889 0.841
0.89 0.8151999999999999
0.891 0.7666
0.892 0.6919
0.893 0.5938
0.894 0.48600000000000004
0.895 0.3728
0.896 0.2684
0.897 0.18969999999999998
0.898 0.1264
0.899 0.0784
0.9 0.0479
0.901 0.0279
0.902 0.0152
0.903 0.0078000000000000005
0.904 0.0036
# -------------------
# WV_LG02 Band Pan
# -------------------
0.444 0.0034000000000000002
0.445 0.0197
0.446 0.1482
0.447 0.5746
0.448 0.8703000000000001
0.449 0.9029
0.45 0.8945000000000001
0.451 0.9037999999999999
0.452 0.91
0.453 0.9094
0.454 0.9145000000000001
0.455 0.9145000000000001
0.456 0.8941
0.457 0.8954000000000001
0.458 0.9195000000000001
0.459 0.9069
0.46 0.8882
0.461 0.9009
0.462 0.9177
0.463 0.918
0.464 0.9156000000000001
0.465 0.9263
0.466 0.9418000000000001
0.467 0.9252
0.468 0.914
0.469 0.9346
0.47 0.9256000000000001
0.471 0.8919
0.472 0.8704999999999999
0.473 0.8837
0.474 0.9322
0.475 0.9405
0.476 0.8926999999999999
0.477 0.8795000000000001
0.478 0.9129
0.479 0.9492
0.48 0.9645
0.481 0.9484
0.482 0.9419
0.483 0.9604
0.484 0.9477
0.485 0.9187000000000001
0.486 0.9113
0.487 0.9246
0.488 0.9474
0.489 0.9571
0.49 0.9444
0.491 0.9424
0.492 0.9411
0.493 0.8835
0.494 0.851
0.495 0.8744
0.496 0.8704999999999999
0.497 0.8593999999999999
0.498 0.8933
0.499 0.9057
0.5 0.8825000000000001
0.501 0.9035
0.502 0.9462999999999999
0.503 0.9567
0.504 0.9581000000000001
0.505 0.9601000000000001
0.506 0.9514
0.507 0.9543
0.508 0.9528
0.509 0.9378000000000001
0.51 0.9270999999999999
0.511 0.9167000000000001
0.512 0.9198999999999999
0.513 0.9215000000000001
0.514 0.9176000000000001
0.515 0.9058
0.516 0.8981
0.517 0.8897
0.518 0.8849
0.519 0.8905
0.52 0.9098
0.521 0.9285
0.522 0.9368000000000001
0.523 0.9401999999999999
0.524 0.9401999999999999
0.525 0.9374
0.526 0.9363
0.527 0.9387000000000001
0.528 0.9385
0.529 0.9377
0.53 0.9415000000000001
0.531 0.9426000000000001
0.532 0.9415000000000001
0.533 0.9397
0.534 0.9352
0.535 0.9420000000000001
0.536 0.9450000000000001
0.537 0.9451999999999999
0.538 0.9516
0.539 0.9500000000000001
0.54 0.9531999999999999
0.541 0.9593
0.542 0.9512999999999999
0.543 0.9456
0.544 0.9419
0.545 0.9370999999999999
0.546 0.9294
0.547 0.9275
0.548 0.9365000000000001
0.549 0.9424
0.55 0.9435
0.551 0.9464
0.552 0.941
0.553 0.9372
0.554 0.9447
0.555 0.951
0.556 0.9469
0.557 0.9423
0.558 0.9420000000000001
0.559 0.908
0.56 0.9481999999999999
0.561 0.9597
0.562 0.9413
0.563 0.9276000000000001
0.564 0.9393000000000001
0.565 0.9447
0.566 0.9268000000000001
0.567 0.9169
0.568 0.9359000000000001
0.569 0.9658
0.57 0.9787
0.571 0.9667
0.572 0.9636
0.573 0.9697
0.574 0.9662000000000001
0.575 0.9538
0.576 0.9504000000000001
0.577 0.9634999999999999
0.578 0.9771
0.579 0.9725
0.58 0.9567
0.581 0.9486
0.582 0.9479000000000001
0.583 0.9538
0.584 0.9583
0.585 0.9672000000000001
0.586 0.9766
0.587 0.9744
0.588 0.9636
0.589 0.9588
0.59 0.9607
0.591 0.9706
0.592 0.9823999999999999
0.593 0.9794
0.594 0.9743
0.595 0.9752
0.596 0.9795
0.597 0.9799
0.598 0.9748000000000001
0.599 0.9734
0.6 0.9711
0.601 0.9756999999999999
0.602 0.9795999999999999
0.603 0.9868000000000001
0.604 0.9942000000000001
0.605 0.9849
0.606 0.9766
0.607 0.9655
0.608 0.9664
0.609 0.9776
0.61 0.9805
0.611 0.9791
0.612 0.9768000000000001
0.613 0.9716
0.614 0.9732
0.615 0.978
0.616 0.9841
0.617 0.9873999999999999
0.618 0.9799
0.619 0.9754
0.62 0.978
0.621 0.9790000000000001
0.622 0.9925
0.623 0.9962000000000001
0.624 0.9919
0.625 0.9814
0.626 0.9786
0.627 0.9727
0.628 0.9673
0.629 0.9806
0.63 0.9834
0.631 0.9783000000000001
0.632 0.976
0.633 0.9838
0.634 0.9797
0.635 0.976
0.636 0.968
0.637 0.9694
0.638 0.97
0.639 0.9805
0.64 0.9789
0.641 0.9772
0.642 0.9747
0.643 0.9682
0.644 0.9603
0.645 0.9787
0.646 0.986
0.647 0.9876
0.648 0.9804
0.649 0.9698000000000001
0.65 0.9721
0.651 0.9934999999999999
0.652 0.9931000000000001
0.653 0.9777
0.654 0.9705
0.655 0.9695999999999999
0.656 0.9657
0.657 0.9852
0.658 0.9854
0.659 0.9795999999999999
0.66 0.9734999999999999
0.661 0.9717
0.662 0.9823999999999999
0.663 0.9838
0.664 0.9877
0.665 0.9799
0.666 0.9712000000000001
0.667 0.9599
0.668 0.9596
0.669 0.9678
0.67 0.9712000000000001
0.671 0.9726
0.672 0.9707
0.673 0.9823999999999999
0.674 0.9776
0.675 0.9754
0.676 0.9684999999999999
0.677 0.9618000000000001
0.678 0.9740000000000001
0.679 0.9776
0.68 0.9841
0.681 0.9918000000000001
0.682 0.9869
0.683 0.9786
0.684 0.9838
0.685 0.9816
0.686 0.9797
0.687 0.9892000000000001
0.688 0.9763
0.689 0.9726
0.69 0.9986
0.691 1.0
0.692 0.9834
0.693 0.9849
0.694 0.9875
0.695 0.9894
0.696 0.9882
0.697 0.9936
0.698 0.9817
0.699 0.9856
0.7 0.9919
0.701 0.9908
0.702 0.9899
0.703 0.99
0.704 0.9924
0.705 0.9925
0.706 0.9929000000000001
0.707 0.9923000000000001
0.708 0.9871
0.709 0.9836
0.71 0.9808
0.711 0.9821
0.712 0.9856999999999999
0.713 0.9876
0.714 0.9882
0.715 0.9875
0.716 0.9865
0.717 0.9859000000000001
0.718 0.9825
0.719 0.9816
0.72 0.9809000000000001
0.721 0.9798000000000001
0.722 0.9777
0.723 0.9770000000000001
0.724 0.9773999999999999
0.725 0.9791
0.726 0.9795
0.727 0.9828
0.728 0.9831000000000001
0.729 0.9818000000000001
0.73 0.9809000000000001
0.731 0.9775
0.732 0.9764
0.733 0.9761
0.734 0.9778
0.735 0.9777
0.736 0.98
0.737 0.9801000000000001
0.738 0.9792000000000001
0.739 0.9758
0.74 0.9758
0.741 0.9723
0.742 0.9709000000000001
0.743 0.9705
0.744 0.9703
0.745 0.9723999999999999
0.746 0.9717
0.747 0.973
0.748 0.9709000000000001
0.749 0.9651000000000001
0.75 0.9606
0.751 0.9586
0.752 0.9588
0.753 0.9599
0.754 0.9664
0.755 0.9721
0.756 0.9731000000000001
0.757 0.9731000000000001
0.758 0.9694
0.759 0.9625
0.76 0.9541
0.761 0.9503
0.762 0.9462999999999999
0.763 0.9481999999999999
0.764 0.9512999999999999
0.765 0.9590000000000001
0.766 0.9634999999999999
0.767 0.9661000000000001
0.768 0.9673
0.769 0.9665
0.77 0.9625
0.771 0.9588
0.772 0.9557
0.773 0.9527
0.774 0.9520000000000001
0.775 0.9556
0.776 0.9587000000000001
0.777 0.9611000000000001
0.778 0.9647
0.779 0.9659000000000001
0.78 0.9669
0.781 0.9643
0.782 0.9617
0.783 0.9616
0.784 0.9593
0.785 0.9553
0.786 0.9518000000000001
0.787 0.9478
0.788 0.9453
0.789 0.9444
0.79 0.9516
0.791 0.9550000000000001
0.792 0.9612999999999999
0.793 0.9642000000000001
0.794 0.9619
0.795 0.9567
0.796 0.9454000000000001
0.797 0.9392
0.798 0.9340999999999999
0.799 0.9304000000000001
0.8 0.9333
0.801 0.9385
0.802 0.9424
0.803 0.9384
0.804 0.9022
0.805 0.8286
0.806 0.6804000000000001
0.807 0.495
0.808 0.3211
0.809 0.1954
0.81 0.11460000000000001
0.811 0.06730000000000001
0.812 0.0404
0.813 0.024300000000000002
0.814 0.0149
0.815 0.009000000000000001
0.816 0.0054
0.817 0.0032
# -------------------
