# WV_LG04 RSR
# QV 2025-10-10 from Legion_Radiometric_Parameters_20251007.json
# filtered to response > 0.002#
# WV_LG04 Band Coastal
# -------------------
0.394 0.0058141858363106305
0.395 0.09124372114273101
0.396 0.38181910514824097
0.397 0.61544232166377
0.398 0.635663829013164
0.399 0.6706626508757231
0.4 0.649807623189295
0.401 0.664348821260367
0.402 0.700531832728868
0.403 0.7200131447558191
0.404 0.702044992939216
0.405 0.701849097845311
0.406 0.7431177018416361
0.407 0.752763664597469
0.408 0.75031205064505
0.409 0.754943639179378
0.41 0.786297435861908
0.411 0.7843644592755731
0.412 0.797902533264402
0.413 0.831276195647452
0.414 0.825018042343357
0.415 0.829531799359565
0.416 0.8248278813210921
0.417 0.801066566757674
0.418 0.775134629555142
0.419 0.787449413120264
0.42 0.810016224942331
0.421 0.834648708559663
0.422 0.8246326794243549
0.423 0.8462359436306549
0.424 0.8764039697195181
0.425 0.9046299629208321
0.426 0.887555155432274
0.427 0.893342253692347
0.428 0.870160633923158
0.429 0.869615399210294
0.43 0.863868341517115
0.431 0.8813838130715671
0.432 0.9269029605186271
0.433 0.95106908368856
0.434 0.92767939362273
0.435 0.904566327081791
0.436 0.907785896447349
0.437 0.9292038491920811
0.438 0.954898965393456
0.439 0.985809757872959
0.44 1.0
0.441 0.983739347546113
0.442 0.9894309730078921
0.443 0.9987708007152251
0.444 0.996938168933754
0.445 0.883295503320294
0.446 0.436951673699553
0.447 0.088190174356687
0.448 0.0104750223031262
# -------------------
# WV_LG04 Band Blue
# -------------------
0.448 0.00231018281368331
0.449 0.012016737054887101
0.45 0.08407221406437371
0.451 0.420791771673174
0.452 0.8459064043680451
0.453 0.9185982796812171
0.454 0.923365237130527
0.455 0.939569393118363
0.456 0.9521861339493031
0.457 0.959922247365372
0.458 0.9586435516981691
0.459 0.9404831548001531
0.46 0.929722821893134
0.461 0.937282956936037
0.462 0.9507415467014331
0.463 0.956091449407903
0.464 0.956997407054581
0.465 0.956968804470347
0.466 0.9570829795444109
0.467 0.9529697872037011
0.468 0.9496409663683101
0.469 0.953222124384434
0.47 0.9567643853561699
0.471 0.9707493454041981
0.472 0.967092772630546
0.473 0.9521525659402821
0.474 0.942702260496711
0.475 0.9339009926795531
0.476 0.93161347481753
0.477 0.947194596067225
0.478 0.963098128826474
0.479 0.97906860827291
0.48 0.991082660864431
0.481 0.991105742413309
0.482 0.992336717928867
0.483 1.0
0.484 0.9975844806936721
0.485 0.995195613327146
0.486 0.9886680669721891
0.487 0.986113929361439
0.488 0.981266946920621
0.489 0.9759008977546201
0.49 0.9711904511600651
0.491 0.954574976039399
0.492 0.9345931355793511
0.493 0.9131683013674311
0.494 0.900162492411924
0.495 0.903696210580351
0.496 0.925933984882137
0.497 0.9536029450950311
0.498 0.963116761212545
0.499 0.947811904709329
0.5 0.9396825008587161
0.501 0.956870598036476
0.502 0.9779092001087911
0.503 0.971625198112791
0.504 0.950963130291007
0.505 0.953773850465542
0.506 0.977485842876219
0.507 0.9957563082521421
0.508 0.980792044844545
0.509 0.951593950592247
0.51 0.904968148650665
0.511 0.772340479788481
0.512 0.478001493063913
0.513 0.17906702380984002
0.514 0.0473158257635803
0.515 0.0112860546183845
0.516 0.00291197760687943
# -------------------
# WV_LG04 Band Green
# -------------------
0.501 0.00289278157671996
0.502 0.00579316502733652
0.503 0.0111894724088583
0.504 0.0200038418114009
0.505 0.0364525931216731
0.506 0.0767872276344057
0.507 0.17986052352403
0.508 0.38212412380738897
0.509 0.632889775800441
0.51 0.824744447975495
0.511 0.893489376757629
0.512 0.8739329107440911
0.513 0.848071115182622
0.514 0.851982186869373
0.515 0.871379919914913
0.516 0.8976085423086331
0.517 0.926520154431665
0.518 0.9556801242211149
0.519 0.9783861187444091
0.52 0.9903609871800341
0.521 0.992244427407998
0.522 0.9870460482733711
0.523 0.979183977596354
0.524 0.960086161166909
0.525 0.939290261123906
0.526 0.931797845435552
0.527 0.948512128646917
0.528 0.9674262334196401
0.529 0.977124802695799
0.53 0.981891568807816
0.531 0.9847217334827449
0.532 0.987849676021732
0.533 0.9908975424576449
0.534 0.990202079237924
0.535 0.9976671942028951
0.536 0.998644073239036
0.537 0.9966166941086451
0.538 0.9977763155219991
0.539 0.994146154835293
0.54 0.997138163942788
0.541 0.9967483108635741
0.542 0.974584122968692
0.543 0.95473945269204
0.544 0.9330013757319431
0.545 0.9215690909668641
0.546 0.920893107414329
0.547 0.931764712359038
0.548 0.949639029946863
0.549 0.9581710726925201
0.55 0.9624844452894771
0.551 0.9712352702289201
0.552 0.9666147939685681
0.553 0.9544290582025521
0.554 0.958773403336233
0.555 0.971342820037081
0.556 0.982455495286045
0.557 0.9884109804789991
0.558 0.983551746128999
0.559 0.9696288925929529
0.56 0.947375065421388
0.561 0.930880877618238
0.562 0.938623025687505
0.563 0.959339640256332
0.564 0.988265560717866
0.565 1.0
0.566 0.9913624948987101
0.567 0.97491011264452
0.568 0.958356022462197
0.569 0.948544693474242
0.57 0.9519041784369491
0.571 0.959173559835227
0.572 0.9743938712278791
0.573 0.9820093592495429
0.574 0.976471791417998
0.575 0.968852958452077
0.576 0.968013223250061
0.577 0.9205124967738639
0.578 0.706520970698429
0.579 0.357940599661081
0.58 0.124915277160459
0.581 0.0400518820209917
0.582 0.013384613277298401
0.583 0.0050846908824349404
0.584 0.00214040205122066
0.857 0.00207480898887132
# -------------------
# WV_LG04 Band Yellow
# -------------------
0.577 0.00261068784664385
0.578 0.004234305245412471
0.579 0.00694850510916159
0.58 0.011649987850041602
0.581 0.020211308891256698
0.582 0.0366301978568489
0.583 0.06940932081567999
0.584 0.133586342651368
0.585 0.251155839780535
0.586 0.43555726730876304
0.587 0.658253224841684
0.588 0.836184004316414
0.589 0.9247725787815649
0.59 0.944153264391943
0.591 0.9481706121293231
0.592 0.959882779549755
0.593 0.969667365325001
0.594 0.976780161939935
0.595 0.9815326468795089
0.596 0.9842574449239451
0.597 0.9816972483407911
0.598 0.981460638381212
0.599 0.982376137812216
0.6 0.984930927139843
0.601 0.990518384330974
0.602 0.992875985579786
0.603 0.996542024188399
0.604 1.0
0.605 0.9897505485750651
0.606 0.985852795816041
0.607 0.978640750146773
0.608 0.978839407133888
0.609 0.983268695317328
0.61 0.978765962906592
0.611 0.976178462277403
0.612 0.9800591506103681
0.613 0.981902798262366
0.614 0.987511325350067
0.615 0.9847177848192089
0.616 0.980121100790763
0.617 0.972067787246361
0.618 0.9603086015625991
0.619 0.959863191662872
0.62 0.9672865308187291
0.621 0.9782894563452991
0.622 0.985372036383497
0.623 0.9446172982208709
0.624 0.831165497766281
0.625 0.6390197649667261
0.626 0.427285016304291
0.627 0.25763375915225
0.628 0.14792298192572
0.629 0.0865307189040238
0.63 0.0510332440613788
0.631 0.0303104425057514
0.632 0.0186291630369957
0.633 0.012012861683300999
0.634 0.00790700612200928
0.635 0.00533858632682478
0.636 0.00368878027572501
0.637 0.00260200626929175
# -------------------
# WV_LG04 Band Red
# -------------------
0.622 0.00280999009133261
0.623 0.00471993329635759
0.624 0.008683121777461231
0.625 0.0178261542123501
0.626 0.0410697197784429
0.627 0.10568130487251301
0.628 0.26767889463892297
0.629 0.5524121733607801
0.63 0.80456008353443
0.631 0.930699082537636
0.632 0.979408126801922
0.633 0.987817700436018
0.634 0.963626523675115
0.635 0.9457607580613759
0.636 0.950766402027992
0.637 0.9693207482401041
0.638 0.979515382733358
0.639 0.975044835546325
0.64 0.9555139566773011
0.641 0.954194416150868
0.642 0.968876530334687
0.643 0.983353332368593
0.644 0.975428847566006
0.645 0.98372501262823
0.646 0.9694092541338261
0.647 0.956867321235766
0.648 0.954285422157894
0.649 0.956594968139024
0.65 0.971460691458746
0.651 1.0
0.652 0.992954656049308
0.653 0.9655603181089311
0.654 0.9501778520570301
0.655 0.952765538269701
0.656 0.9527590373823349
0.657 0.9859792625255299
0.658 0.990198348714755
0.659 0.9828571574400741
0.66 0.9682721212190449
0.661 0.956250136718131
0.662 0.9573662195294971
0.663 0.959817860786242
0.664 0.9736045606625631
0.665 0.982756840635893
0.666 0.988889406289142
0.667 0.982616146476247
0.668 0.976336204016751
0.669 0.9729032132623181
0.67 0.96633859678357
0.671 0.96655348911432
0.672 0.968084760997492
0.673 0.9841738947452031
0.674 0.976969856486506
0.675 0.9668192777778061
0.676 0.950964830169253
0.677 0.9398653422996129
0.678 0.957714977878632
0.679 0.9677245980629211
0.68 0.978645981931045
0.681 0.981455887516141
0.682 0.96345956391718
0.683 0.945423082692744
0.684 0.9525958556685001
0.685 0.947649502754246
0.686 0.921310281072508
0.687 0.862889724772858
0.688 0.7334601538470931
0.689 0.5972987684740351
0.69 0.47616582726134504
0.691 0.34281509345253297
0.692 0.216900897164913
0.693 0.127987862383587
0.694 0.0731330595948154
0.695 0.0417695522789737
0.696 0.0248009164550398
0.697 0.0157067173002234
0.698 0.0102828990140453
0.699 0.007148330565390551
0.7 0.00532747217256482
0.701 0.00387136230408473
0.702 0.00283810859968535
0.703 0.00200961737786302
# -------------------
# WV_LG04 Band RedEdge1
# -------------------
0.694 0.00287657653799739
0.695 0.013044217479990601
0.696 0.078572209460326
0.697 0.410737372233357
0.698 0.791406244029229
0.699 0.8519519851789621
0.7 0.9208662535065539
0.701 0.958394763644841
0.702 0.976060449255517
0.703 0.985165801737233
0.704 0.9978686199283849
0.705 1.0
0.706 0.998336038954498
0.707 0.992829269055068
0.708 0.98527140855969
0.709 0.9795040152102069
0.71 0.976980507165401
0.711 0.972368738860135
0.712 0.951808219034169
0.713 0.930583811343907
0.714 0.90634328100886
0.715 0.864375649099213
0.716 0.673937043613949
0.717 0.23981391863302398
0.718 0.0467384554185273
0.719 0.0108623784411508
0.72 0.00332052973434628
# -------------------
# WV_LG04 Band RedEdge2
# -------------------
0.728 0.00200729275934228
0.729 0.009544328507169532
0.73 0.0651751991390143
0.731 0.42919073154349596
0.732 0.931094568482528
0.733 0.9855734349987639
0.734 0.971912798781097
0.735 0.96663611332608
0.736 0.974015750537629
0.737 0.986960721822645
0.738 0.994687282038596
0.739 1.0
0.74 0.996683610377567
0.741 0.994591221920295
0.742 0.989172228371455
0.743 0.981188980714045
0.744 0.981829055724717
0.745 0.9893760847703091
0.746 0.9875786210409829
0.747 0.963230589133006
0.748 0.954214503792809
0.749 0.974000850589482
0.75 0.8187784374761741
0.751 0.352197363634683
0.752 0.07882868900358429
0.753 0.015011868291464302
0.754 0.0033409436379007104
# -------------------
# WV_LG04 Band NIR1
# -------------------
0.764 0.00290433092903414
0.765 0.00568377321245267
0.766 0.0119637807133869
0.767 0.0266841246607155
0.768 0.0632963413588452
0.769 0.156987816547786
0.77 0.364084806242169
0.771 0.663297056372678
0.772 0.894913160909957
0.773 0.9759575505211021
0.774 0.982048853268371
0.775 0.975579023499567
0.776 0.9745388404750349
0.777 0.970300333571112
0.778 0.971856795200598
0.779 0.977067947937891
0.78 0.987149924501834
0.781 0.995760701943417
0.782 0.999256633497494
0.783 1.0
0.784 0.9885715518638201
0.785 0.978961655191477
0.786 0.9661121632306311
0.787 0.963962336468104
0.788 0.9574933896452561
0.789 0.959025724902355
0.79 0.962336915099923
0.791 0.9629176499951091
0.792 0.964157915747306
0.793 0.96083128299182
0.794 0.955008338195106
0.795 0.9558774768116279
0.796 0.952252003325745
0.797 0.947921116625966
0.798 0.9485675886559901
0.799 0.9546168644690781
0.8 0.958773994039926
0.801 0.9668844516127859
0.802 0.975622379524241
0.803 0.981063964424846
0.804 0.983736729490808
0.805 0.9822010958839731
0.806 0.9817853226651571
0.807 0.972493022861811
0.808 0.966412042731869
0.809 0.9575467921464841
0.81 0.9554707465702251
0.811 0.9529193974484601
0.812 0.950449875326211
0.813 0.957150297773859
0.814 0.961565534651371
0.815 0.9660196049705939
0.816 0.9747424519172571
0.817 0.9720285999170161
0.818 0.97602141804466
0.819 0.9791929895748961
0.82 0.97509610637969
0.821 0.971121344460211
0.822 0.96842368272176
0.823 0.967124221768364
0.824 0.962106205843016
0.825 0.959825665513343
0.826 0.961942990286348
0.827 0.9604787104660081
0.828 0.962900350644882
0.829 0.9691652463713871
0.83 0.9661025580584991
0.831 0.964099490463297
0.832 0.9638998713285881
0.833 0.9654298006962981
0.834 0.95120703525376
0.835 0.951630440561421
0.836 0.943552031891376
0.837 0.9347689783889931
0.838 0.940892163569509
0.839 0.93579732063451
0.84 0.939758909642368
0.841 0.93300365581501
0.842 0.936278033740586
0.843 0.941257730779099
0.844 0.943378372228601
0.845 0.953053419443889
0.846 0.962260486373614
0.847 0.9591690543546451
0.848 0.961920740128186
0.849 0.9630222349193841
0.85 0.961724122638732
0.851 0.9568701501690531
0.852 0.951578206410672
0.853 0.943218695600864
0.854 0.9387624220402959
0.855 0.935987189470102
0.856 0.932228095103025
0.857 0.9264152325237259
0.858 0.930208214459707
0.859 0.926446642254747
0.86 0.9255966872685021
0.861 0.9199841610845649
0.862 0.922358693909607
0.863 0.911111881483772
0.864 0.910185822336241
0.865 0.908651391223798
0.866 0.900995278936324
0.867 0.893411584819858
0.868 0.885812179277541
0.869 0.883507757069786
0.87 0.88471726536104
0.871 0.885587084031978
0.872 0.880720841247465
0.873 0.8857119670701541
0.874 0.8898057011029561
0.875 0.8889896794672749
0.876 0.8875630616492001
0.877 0.8920776434139011
0.878 0.8902439241612851
0.879 0.88571278862033
0.88 0.8758814895098099
0.881 0.868790158139676
0.882 0.8666310682924641
0.883 0.8624225451002719
0.884 0.8567581599168691
0.885 0.8566949416266639
0.886 0.8528549353957781
0.887 0.8451261433526891
0.888 0.8392658668074929
0.889 0.8305889780210121
0.89 0.805126486465947
0.891 0.7597330726430501
0.892 0.687498187095214
0.893 0.586511628267481
0.894 0.465065696307245
0.895 0.34565161798499505
0.896 0.242625185473686
0.897 0.159784205930687
0.898 0.105221075991176
0.899 0.0689948328916474
0.9 0.0441247060306322
0.901 0.0285122667922465
0.902 0.0184773273246955
0.903 0.011695368947215802
0.904 0.00786544972788482
0.905 0.00612801108071229
0.906 0.00376558552966355
# -------------------
# WV_LG04 Band Pan
# -------------------
0.446 0.00311569264649699
0.447 0.0142269751704929
0.448 0.08254209632885622
0.449 0.3430448409431
0.45 0.70476515939836
0.451 0.867851810218794
0.452 0.862017352860032
0.453 0.8398764531645441
0.454 0.858575620926903
0.455 0.834662765136684
0.456 0.8041924409253571
0.457 0.8303623866512471
0.458 0.86868521419665
0.459 0.858508079761755
0.46 0.8597476090467729
0.461 0.879902041567248
0.462 0.8876121852291731
0.463 0.886802545075696
0.464 0.885647429960609
0.465 0.8940608325560401
0.466 0.895733228467395
0.467 0.857902473897302
0.468 0.831739705212107
0.469 0.8653062160336221
0.47 0.903765460406582
0.471 0.90667380072303
0.472 0.884284970543458
0.473 0.879905796790052
0.474 0.9051196527333341
0.475 0.920848889538225
0.476 0.916926244528699
0.477 0.918938150273121
0.478 0.9232261435397809
0.479 0.936977898892242
0.48 0.940687942886714
0.481 0.9281388933203991
0.482 0.92733421334438
0.483 0.91492865052754
0.484 0.883977550174086
0.485 0.8763859062133691
0.486 0.8787109396886591
0.487 0.8837274014725001
0.488 0.8623167554353139
0.489 0.799499911007874
0.49 0.752138280391559
0.491 0.7447585163751821
0.492 0.7542535483317669
0.493 0.770816008580112
0.494 0.8031056750362371
0.495 0.8277155433515471
0.496 0.8510811964360551
0.497 0.884469768525634
0.498 0.8738858899298749
0.499 0.8399849572148069
0.5 0.8676388929768871
0.501 0.918267102756927
0.502 0.933336132069632
0.503 0.9323704533251581
0.504 0.9300651800288201
0.505 0.919024846282298
0.506 0.9158108110656571
0.507 0.917873448030655
0.508 0.922656364798991
0.509 0.926769514095262
0.51 0.9075893293582951
0.511 0.903873737120929
0.512 0.909318541249172
0.513 0.9136477127758791
0.514 0.91118449239957
0.515 0.9018360848400231
0.516 0.8984000829419551
0.517 0.896476073341222
0.518 0.8948576493459279
0.519 0.896486518847322
0.52 0.899276431730149
0.521 0.8978952154584221
0.522 0.890105260053485
0.523 0.884804889829069
0.524 0.882822958886461
0.525 0.881743979823124
0.526 0.879818405505346
0.527 0.8808763785369721
0.528 0.875976594534705
0.529 0.8674721207698459
0.53 0.863717916825607
0.531 0.8612727694793151
0.532 0.860843642012938
0.533 0.8601024259955751
0.534 0.854089687212572
0.535 0.851200433995497
0.536 0.8426124631537679
0.537 0.834994759185302
0.538 0.8361188930536121
0.539 0.83714034296547
0.54 0.8438863680120331
0.541 0.847115107564541
0.542 0.8314144186779011
0.543 0.819657611525286
0.544 0.8106070363903259
0.545 0.804817646971314
0.546 0.79911110408117
0.547 0.796033215085839
0.548 0.798428971956697
0.549 0.797257075769499
0.55 0.794705888453876
0.551 0.79590013423226
0.552 0.790141494078239
0.553 0.7820388942816839
0.554 0.78591367029626
0.555 0.787922460446972
0.556 0.781388237754051
0.557 0.742184812923572
0.558 0.732226371170607
0.559 0.786293629283222
0.56 0.8675492288529411
0.561 0.922648530237077
0.562 0.9315996610621021
0.563 0.9229039282421979
0.564 0.923550041233851
0.565 0.9075595201644521
0.566 0.8871330791340389
0.567 0.893920166174397
0.568 0.928815159231092
0.569 0.957520028486458
0.57 0.959203264931584
0.571 0.947924361887648
0.572 0.9512322862707271
0.573 0.963552585918173
0.574 0.969352808988941
0.575 0.965931118596817
0.576 0.959455762173682
0.577 0.945750476718779
0.578 0.931339493368359
0.579 0.919498747744223
0.58 0.914980314242257
0.581 0.921590592970309
0.582 0.9324588972755331
0.583 0.9513546008382661
0.584 0.963813485447603
0.585 0.95891613621047
0.586 0.93733713145396
0.587 0.916767165886924
0.588 0.910604437074327
0.589 0.923857851885354
0.59 0.937920593253462
0.591 0.956482339067419
0.592 0.972857806140301
0.593 0.973488944420916
0.594 0.95522611281182
0.595 0.925766008010171
0.596 0.8994027627748891
0.597 0.8835739014315049
0.598 0.8932125280290739
0.599 0.918108423884582
0.6 0.942885785696755
0.601 0.964200737031192
0.602 0.9737928295418391
0.603 0.978119186344497
0.604 0.979313581474064
0.605 0.965046145588955
0.606 0.9599105466423271
0.607 0.957709664197824
0.608 0.964064712587234
0.609 0.971472531446642
0.61 0.9676286087446521
0.611 0.964672669238273
0.612 0.9655155441315981
0.613 0.961878403314198
0.614 0.9603921491798241
0.615 0.956290790548412
0.616 0.958456584404352
0.617 0.9655953196841401
0.618 0.967490362130474
0.619 0.9672250838456191
0.62 0.959338224666201
0.621 0.950689580395762
0.622 0.9531556399671951
0.623 0.954571683609541
0.624 0.959076787490562
0.625 0.957861476892616
0.626 0.9539204898952189
0.627 0.943115945712417
0.628 0.9340648262023841
0.629 0.955039189422621
0.63 0.966092407381251
0.631 0.9667941651591531
0.632 0.9603628981377079
0.633 0.960740477090168
0.634 0.9572014156840191
0.635 0.957144206253434
0.636 0.958268157863845
0.637 0.954136659993689
0.638 0.944187742934456
0.639 0.938234952155504
0.64 0.9339841783577291
0.641 0.9468936279009981
0.642 0.9654533302260001
0.643 0.9651720539645631
0.644 0.94204139007705
0.645 0.94260774649447
0.646 0.9404928548312771
0.647 0.9491371904738151
0.648 0.964632580813068
0.649 0.970144840429243
0.65 0.9747012572457101
0.651 0.989181268906863
0.652 0.979708371380177
0.653 0.9597291439185921
0.654 0.958190785724062
0.655 0.9657893374683351
0.656 0.957272792427844
0.657 0.973165295170348
0.658 0.9666651021664601
0.659 0.962323725369251
0.66 0.962687237315982
0.661 0.966364300305726
0.662 0.969212098763889
0.663 0.9589000824956371
0.664 0.9546341205826521
0.665 0.9501003113559451
0.666 0.9546025074612121
0.667 0.959646228842963
0.668 0.964633985788614
0.669 0.9669574215931119
0.67 0.9556943986248341
0.671 0.945318500667559
0.672 0.9404805574765661
0.673 0.957566567600702
0.674 0.960617148335338
0.675 0.959092080060431
0.676 0.948648856250356
0.677 0.934161895259531
0.678 0.94473876970851
0.679 0.9475042809606801
0.68 0.959695066551416
0.681 0.9733026065008941
0.682 0.969985201664409
0.683 0.963287476882026
0.684 0.972049020222527
0.685 0.9668223476601491
0.686 0.960982527254719
0.687 0.9710088235854781
0.688 0.953084506941786
0.689 0.9487459964994931
0.69 0.9782574218266931
0.691 0.984690189530993
0.692 0.965600613631109
0.693 0.969087943493392
0.694 0.973474135391365
0.695 0.971767524468318
0.696 0.966435180368176
0.697 0.966762164069441
0.698 0.9527263347951831
0.699 0.961877185426503
0.7 0.994051763339042
0.701 0.998962870506214
0.702 1.0
0.703 0.992581772290709
0.704 0.9865155253896261
0.705 0.975949759817177
0.706 0.9718709477721541
0.707 0.969229095626304
0.708 0.973556562643817
0.709 0.979134985170046
0.71 0.9846135611837881
0.711 0.9874646147218741
0.712 0.987947665056499
0.713 0.983021700972618
0.714 0.985050524638395
0.715 0.985313944413855
0.716 0.987338452119768
0.717 0.9903780306320821
0.718 0.984213296372802
0.719 0.980524321328183
0.72 0.973618526045384
0.721 0.9733547334583961
0.722 0.972029650582389
0.723 0.977238921862918
0.724 0.984914003247676
0.725 0.9872405124203161
0.726 0.984258987218366
0.727 0.982368941502925
0.728 0.975593691159943
0.729 0.972463577611448
0.73 0.97157911112257
0.731 0.975201341369043
0.732 0.975916797178641
0.733 0.97845099226134
0.734 0.975586077781282
0.735 0.97434033227306
0.736 0.973931347817042
0.737 0.976309770216457
0.738 0.9819175438753991
0.739 0.984542390082732
0.74 0.981620816829973
0.741 0.977487908025444
0.742 0.9729152407960621
0.743 0.9714652971206751
0.744 0.971815243073243
0.745 0.971651008340212
0.746 0.978115895612398
0.747 0.9783197409552621
0.748 0.979432141963758
0.749 0.97663713016753
0.75 0.967639983767014
0.751 0.959526914464863
0.752 0.955853072081315
0.753 0.9503963261220331
0.754 0.9471572728304309
0.755 0.9469241592653469
0.756 0.952598341340916
0.757 0.952641771522186
0.758 0.956036552752332
0.759 0.963603911983125
0.76 0.969484910875151
0.761 0.9721130223971161
0.762 0.9759032014101839
0.763 0.969435171914584
0.764 0.96643424161434
0.765 0.957998772131441
0.766 0.952701743087829
0.767 0.949893247231341
0.768 0.953282163346806
0.769 0.9641045752263171
0.77 0.9645486739122661
0.771 0.96823617497387
0.772 0.9719205642626579
0.773 0.975275946600597
0.774 0.971343047584664
0.775 0.9668885926182141
0.776 0.9664161291894869
0.777 0.9625475020361991
0.778 0.958087657362957
0.779 0.953411128450489
0.78 0.955300076149795
0.781 0.9523652977042801
0.782 0.950310020133625
0.783 0.948641239306193
0.784 0.9413212204645189
0.785 0.939253755001189
0.786 0.933764135030361
0.787 0.936448001734602
0.788 0.935607713048679
0.789 0.9396194395438501
0.79 0.9354752262907761
0.791 0.918208959642048
0.792 0.88617400340976
0.793 0.828492399744416
0.794 0.7518079981988091
0.795 0.6541481836444569
0.796 0.530132569991456
0.797 0.39959395860628
0.798 0.278017144287568
0.799 0.18286353727656898
0.8 0.11735804512081802
0.801 0.0749496961156546
0.802 0.04803043585147641
0.803 0.0309257183215122
0.804 0.0198259072345971
0.805 0.012437071269335501
0.806 0.00755909821068432
0.807 0.00435530841295608
0.808 0.00244698042942816
# -------------------
