# WV_LG01 RSR
# QV 2025-02-15 from legion_calibration_2024v07_run20241021.json
# filtered to response > 0.002#
# WV_LG01 Band Coastal
# -------------------
0.396 0.009298182528003301
0.397 0.0393437363211428
0.398 0.167618304271106
0.399 0.47824349847930103
0.4 0.651801602009098
0.401 0.6697715674210041
0.402 0.700096714150983
0.403 0.743553368937985
0.404 0.7888801171390201
0.405 0.783198592601361
0.406 0.766290220630451
0.407 0.75040734929926
0.408 0.7457538464047749
0.409 0.759863615988433
0.41 0.752395201368139
0.411 0.785530370745199
0.412 0.8091611187202701
0.413 0.820419935267949
0.414 0.808777380792
0.415 0.825253213062083
0.416 0.86077778766533
0.417 0.853502705202941
0.418 0.834360253677318
0.419 0.867440654639642
0.42 0.884187823381924
0.421 0.905655638460688
0.422 0.9168552675723891
0.423 0.9474357192062671
0.424 0.932238872060011
0.425 0.9282582582694979
0.426 0.93074231839503
0.427 0.926357441774225
0.428 0.9478945543439831
0.429 0.953018406596313
0.43 0.9569328119861611
0.431 0.979569860457323
0.432 0.984980736820812
0.433 0.994353040341355
0.434 0.957691585248416
0.435 0.910783162522568
0.436 0.8707440634163611
0.437 0.8783195695100671
0.438 0.921119578174998
0.439 0.9547581430861231
0.44 0.981312904135354
0.441 0.995144189990976
0.442 0.9999926009761769
0.443 0.995036835767414
0.444 0.993775821777126
0.445 0.985901559493277
0.446 0.990707896101318
0.447 0.983397155988968
0.448 0.8423609365057609
0.449 0.39491810608914907
0.45 0.0669363279893112
0.451 0.0084624080080179
# -------------------
# WV_LG01 Band Blue
# -------------------
0.447 0.00209923773347473
0.448 0.0110035189505191
0.449 0.0730546312190387
0.45 0.35477035971239196
0.451 0.7740569219379311
0.452 0.914768509301628
0.453 0.9231183703126641
0.454 0.9359317420811971
0.455 0.946449869308278
0.456 0.950162637252202
0.457 0.944284230780419
0.458 0.947041095860013
0.459 0.944507691146258
0.46 0.949522638667573
0.461 0.975834939581648
0.462 0.958043137381181
0.463 0.9549885544482071
0.464 0.9521806712616081
0.465 0.959508414792977
0.466 0.9551867425532041
0.467 0.950388305378053
0.468 0.949545380807001
0.469 0.96363905824592
0.47 0.96475155631891
0.471 0.967905217188236
0.472 0.966423184363106
0.473 0.949959467810763
0.474 0.948466729426746
0.475 0.939952084685867
0.476 0.953260768437511
0.477 0.951532814677565
0.478 0.9603056632140929
0.479 0.976260251066229
0.48 0.999984395537302
0.481 0.9939544257418601
0.482 0.9903449700295209
0.483 0.9967940673395179
0.484 0.997121183164929
0.485 0.986960392202181
0.486 0.9735685823634731
0.487 0.96734914894794
0.488 0.97009816927253
0.489 0.971698318774696
0.49 0.963307984973377
0.491 0.94758784775569
0.492 0.932525931030321
0.493 0.915474077664003
0.494 0.9165445166104751
0.495 0.9383704990793351
0.496 0.9531279511110511
0.497 0.9564502131611491
0.498 0.944268117406836
0.499 0.942722396934266
0.5 0.96158338789817
0.501 0.9743498063393661
0.502 0.9733726371839051
0.503 0.958405979960504
0.504 0.947049749783323
0.505 0.9588592459738701
0.506 0.9771632267387059
0.507 0.97494858990901
0.508 0.954940609906615
0.509 0.9320739053864869
0.51 0.853319256689705
0.511 0.636999586940814
0.512 0.318663035261918
0.513 0.10512226325376
0.514 0.026879988161311
0.515 0.00672902792558671
# -------------------
# WV_LG01 Band Green
# -------------------
0.503 0.0022392682826155
0.504 0.00434842342798858
0.505 0.00845572956333892
0.506 0.015500141347553
0.507 0.0279021708170596
0.508 0.0555544930646618
0.509 0.125368572776994
0.51 0.274878426511508
0.511 0.503337203103434
0.512 0.726094358974039
0.513 0.858535214284437
0.514 0.878658168820143
0.515 0.843616524422548
0.516 0.821153029770679
0.517 0.828204376033585
0.518 0.8465526135778371
0.519 0.891499077619642
0.52 0.917772680812753
0.521 0.939216132873182
0.522 0.95916623293643
0.523 0.970917466444963
0.524 0.980141753615459
0.525 0.9567932945065679
0.526 0.9441472550756601
0.527 0.93137297844418
0.528 0.907360685916703
0.529 0.9196450639508641
0.53 0.9457835369123331
0.531 0.9724362923011409
0.532 0.991422479051363
0.533 0.995038921160977
0.534 0.966023995599532
0.535 0.975112035058691
0.536 0.966615171627971
0.537 0.971930592604339
0.538 0.9788422101663861
0.539 0.983407794854583
0.54 0.991892643350826
0.541 0.984581728991285
0.542 0.965553108522344
0.543 0.966852835121016
0.544 0.959021829311421
0.545 0.940405362041908
0.546 0.928086587867875
0.547 0.9170358156143781
0.548 0.9243800315580321
0.549 0.9317371665739781
0.55 0.9419604072036211
0.551 0.949706096640758
0.552 0.9544748779644701
0.553 0.9578290516891551
0.554 0.95827260384321
0.555 0.953117263090618
0.556 0.9472518611739891
0.557 0.9479020358333451
0.558 0.9590792821405341
0.559 0.983483462715354
0.56 0.9820852490976261
0.561 0.974347370859281
0.562 0.96219741692529
0.563 0.929983119465375
0.564 0.92902288805707
0.565 0.93916282089678
0.566 0.963567082043971
0.567 0.979218938609654
0.568 0.999976692011042
0.569 0.991533081171803
0.57 0.959007463309776
0.571 0.94464501223464
0.572 0.923624322845352
0.573 0.93015970895535
0.574 0.948310754079552
0.575 0.962241947430767
0.576 0.962189371590236
0.577 0.951999542731354
0.578 0.943930627055545
0.579 0.919794426163831
0.58 0.79966367985393
0.581 0.511347049020058
0.582 0.222167196238295
0.583 0.0748762850045097
0.584 0.0242914953020238
0.585 0.00854978626849756
0.586 0.00334832495442244
# -------------------
# WV_LG01 Band Yellow
# -------------------
0.575 0.0025841268297346997
0.576 0.00413349414897231
0.577 0.006822680194173911
0.578 0.0116971319429049
0.579 0.0206397011265316
0.58 0.0377556905839151
0.581 0.07056526855389121
0.582 0.134321325834956
0.583 0.250384956760393
0.584 0.428927527281582
0.585 0.63751547453956
0.586 0.817656277699215
0.587 0.923356439070015
0.588 0.960410004046807
0.589 0.9641547943672251
0.59 0.9620541358394711
0.591 0.96521130463989
0.592 0.9734971685301891
0.593 0.984080672040508
0.594 0.992368915798192
0.595 0.9959619737126001
0.596 0.994793070944034
0.597 0.990884241402026
0.598 0.9879391385770031
0.599 0.987447539744874
0.6 0.999953947590132
0.601 0.993900266133899
0.602 0.997514051536637
0.603 0.997985935291518
0.604 0.995875234098088
0.605 0.993428445202317
0.606 0.992453798171952
0.607 0.9920969283980141
0.608 0.990684887037086
0.609 0.987420683781928
0.61 0.9845140737681
0.611 0.9834404472923229
0.612 0.9854129656496811
0.613 0.9885001081932631
0.614 0.989347894105586
0.615 0.98627207626603
0.616 0.980676778700765
0.617 0.985174961505605
0.618 0.983285712442147
0.619 0.9841574031912791
0.62 0.976719245109953
0.621 0.9362779462059361
0.622 0.8323641142404171
0.623 0.6662229975770521
0.624 0.46234489182238103
0.625 0.286343161462745
0.626 0.168711829337268
0.627 0.0978365716429112
0.628 0.0572708724996397
0.629 0.0342360744205595
0.63 0.0209073926565178
0.631 0.0131356713448296
0.632 0.008505565001211251
0.633 0.00569449196473078
0.634 0.003922877636708779
0.635 0.0027681138869123
# -------------------
# WV_LG01 Band Red
# -------------------
0.623 0.0025633077480516097
0.624 0.00431448734924286
0.625 0.00777750406724722
0.626 0.0158225518725739
0.627 0.0363282639920276
0.628 0.0927102423612663
0.629 0.235475869731743
0.63 0.490571400607489
0.631 0.751577891712507
0.632 0.904020573706364
0.633 0.963027291206637
0.634 0.969211355544186
0.635 0.9475788565513071
0.636 0.932363852551308
0.637 0.937817840140434
0.638 0.95734268338884
0.639 0.978251782404283
0.64 0.9713633906217041
0.641 0.954325206487638
0.642 0.935481588633876
0.643 0.94136523849765
0.644 0.95778666293046
0.645 0.969506167016054
0.646 0.9675642259855761
0.647 0.953835102882297
0.648 0.940546995274858
0.649 0.936926513277129
0.65 0.944990275160006
0.651 0.9581433642555599
0.652 0.9665965938414701
0.653 0.965718487946969
0.654 0.956007549679677
0.655 0.946412149307239
0.656 0.9528707413902001
0.657 0.959363724275848
0.658 0.9728493260908221
0.659 0.984328193469809
0.66 0.976891970866311
0.661 0.968459029853549
0.662 0.9545827984988731
0.663 0.945250585634835
0.664 0.9458555651321581
0.665 0.977069071884016
0.666 0.991539134340762
0.667 0.99992809079987
0.668 0.9881370899236521
0.669 0.979184956992695
0.67 0.9702920420738521
0.671 0.967525647179863
0.672 0.963296598640242
0.673 0.9822537738363041
0.674 0.987775286113731
0.675 0.9860347535688889
0.676 0.977401177419586
0.677 0.959044641670083
0.678 0.9732445097978211
0.679 0.9745234670491599
0.68 0.980210664100523
0.681 0.983793477733895
0.682 0.98086742483949
0.683 0.971649810872698
0.684 0.9632605102095271
0.685 0.9608767804906709
0.686 0.958724722980558
0.687 0.9353680642394031
0.688 0.865999690421509
0.689 0.743632031795033
0.69 0.612745329808202
0.691 0.472833910165666
0.692 0.342031292362247
0.693 0.226393451214136
0.694 0.136760715958885
0.695 0.077509434066154
0.696 0.0441645139998489
0.697 0.0261302625132991
0.698 0.0164295328787914
0.699 0.010754089560949
0.7 0.00738655486500842
0.701 0.00527733597703375
0.702 0.00383814077085124
0.703 0.0028136682540002103
0.704 0.0020537272291280403
# -------------------
# WV_LG01 Band RedEdge1
# -------------------
0.691 0.00252674873897726
0.692 0.011403380263757099
0.693 0.0691849248787554
0.694 0.36188846829730204
0.695 0.780577406451914
0.696 0.8958121842749119
0.697 0.924174803796037
0.698 0.965695131278425
0.699 0.980025982312377
0.7 0.9884816549694869
0.701 0.9960535017562231
0.702 0.999665456072907
0.703 0.999986473163019
0.704 0.9977339316748131
0.705 0.99319412348117
0.706 0.988394685618062
0.707 0.986693332805288
0.708 0.981159346878541
0.709 0.9652769008668259
0.71 0.949701770636936
0.711 0.9369478752803371
0.712 0.912725096292923
0.713 0.750362737781649
0.714 0.32805013219683604
0.715 0.0733737707433901
0.716 0.015811875567237
0.717 0.00447072030995609
# -------------------
# WV_LG01 Band RedEdge2
# -------------------
0.725 0.007401811409101081
0.726 0.043216454588056
0.727 0.24298216263619102
0.728 0.732845299507477
0.729 0.9677068417400839
0.73 0.963428333624091
0.731 0.974278677995343
0.732 0.9831132945135841
0.733 0.986225597782738
0.734 0.9894713731046031
0.735 0.992958601652498
0.736 0.997895985552815
0.737 0.993681190535218
0.738 0.99845719867953
0.739 0.999986592269228
0.74 0.9972254426918601
0.741 0.9828556364243121
0.742 0.9557401222641551
0.743 0.929257252949175
0.744 0.92544104283566
0.745 0.955028850856242
0.746 0.926827824105646
0.747 0.585915767946257
0.748 0.18331839637141703
0.749 0.0384996820877526
0.75 0.00859282426512888
0.751 0.00233727490743203
# -------------------
# WV_LG01 Band NIR1
# -------------------
0.763 0.00330233918186017
0.764 0.00677601302646359
0.765 0.0147744140919426
0.766 0.033821572490588696
0.767 0.0793683304766931
0.768 0.171240366878512
0.769 0.322281039712778
0.77 0.52151662339974
0.771 0.7347643235355601
0.772 0.9043643577019439
0.773 0.9795903105332641
0.774 0.966151711315254
0.775 0.973403957343167
0.776 0.971257286706487
0.777 0.972314012823035
0.778 0.976516671356098
0.779 0.991649700737084
0.78 0.987506575249491
0.781 0.991736898876393
0.782 0.9927172407228391
0.783 0.99996868105613
0.784 0.994714342008255
0.785 0.9707535483243581
0.786 0.9768669207427141
0.787 0.9657722368318341
0.788 0.966190203671404
0.789 0.96755186546758
0.79 0.9770991732749781
0.791 0.9757093202500641
0.792 0.9715223897232891
0.793 0.9656990810579901
0.794 0.9587274305186151
0.795 0.952988297224408
0.796 0.9494074388010171
0.797 0.9489479440786801
0.798 0.9432781930855769
0.799 0.951044567942774
0.8 0.960875977875242
0.801 0.971115570656234
0.802 0.9809312241056141
0.803 0.9964804599357381
0.804 0.9890588641185301
0.805 0.987708236296747
0.806 0.982077942604149
0.807 0.976278600264363
0.808 0.978641188596976
0.809 0.963051008102304
0.81 0.959047398477387
0.811 0.948933998039782
0.812 0.9602186335417071
0.813 0.963144996718024
0.814 0.967179360218946
0.815 0.971200784906557
0.816 0.974252428246041
0.817 0.9752905339791791
0.818 0.9750794356571549
0.819 0.973402739636128
0.82 0.980076288703691
0.821 0.967532342902778
0.822 0.965341838023311
0.823 0.963555487362857
0.824 0.963163540067529
0.825 0.964649284872131
0.826 0.9670884936281461
0.827 0.97984960520104
0.828 0.982576857527544
0.829 0.984628051353612
0.83 0.9749314715006081
0.831 0.965396251773291
0.832 0.9632647034950941
0.833 0.96891714033371
0.834 0.963724084706567
0.835 0.949676547277299
0.836 0.946258759170497
0.837 0.943871887319005
0.838 0.94242842718105
0.839 0.9433446972584539
0.84 0.946577455407159
0.841 0.950265030452575
0.842 0.954892385865664
0.843 0.960592918810211
0.844 0.9564338333604221
0.845 0.9617853119472031
0.846 0.966117705852311
0.847 0.968450138239177
0.848 0.959633956809591
0.849 0.9592142317948511
0.85 0.9583746649339421
0.851 0.957904603080584
0.852 0.956479921721206
0.853 0.945152993344658
0.854 0.944305324943977
0.855 0.9528574356521761
0.856 0.95209113573672
0.857 0.951475065955903
0.858 0.940989198041395
0.859 0.94064955183388
0.86 0.930925749488286
0.861 0.930296874100721
0.862 0.9289796368797409
0.863 0.909327178411684
0.864 0.9172831402432
0.865 0.915889710425728
0.866 0.9063423288767539
0.867 0.9146174363973699
0.868 0.904482722773022
0.869 0.91394577007694
0.87 0.914507166699563
0.871 0.905680437664063
0.872 0.897800369092452
0.873 0.889190461926242
0.874 0.882493092269435
0.875 0.884149572536434
0.876 0.885421382425737
0.877 0.885901219496348
0.878 0.885028733496203
0.879 0.884725652431024
0.88 0.883266723036849
0.881 0.881352944514467
0.882 0.8784943251165229
0.883 0.856674172330255
0.884 0.846679190555167
0.885 0.845087416008964
0.886 0.844481363692211
0.887 0.8446903898961671
0.888 0.836391996257005
0.889 0.8454882771660721
0.89 0.8427458072052759
0.891 0.83094006824034
0.892 0.802690930521372
0.893 0.735081940107137
0.894 0.659614381079183
0.895 0.5548569777326791
0.896 0.44407497278526004
0.897 0.335258352795061
0.898 0.236461630759501
0.899 0.154878969301278
0.9 0.09682298136034129
0.901 0.0564641604239701
0.902 0.031870600688273895
0.903 0.0166042222073595
0.904 0.00795798365181186
0.905 0.00315822877798261
# -------------------
# WV_LG01 Band Pan
# -------------------
0.444 0.007133957043713291
0.445 0.043821201828796896
0.446 0.18193727898189602
0.447 0.416497186495676
0.448 0.6472053728489879
0.449 0.7746370179056591
0.45 0.828712510253461
0.451 0.820139603808222
0.452 0.822350350772154
0.453 0.8479453339332891
0.454 0.8540224946473499
0.455 0.8551933631884739
0.456 0.866290498393061
0.457 0.8812795179816161
0.458 0.893327144318038
0.459 0.8847348488729879
0.46 0.884111844460784
0.461 0.907811228921356
0.462 0.884650053726888
0.463 0.8802100442194121
0.464 0.8925337344494411
0.465 0.910344962006241
0.466 0.900875700695743
0.467 0.8914758976001551
0.468 0.8985873563962841
0.469 0.916763894066366
0.47 0.9024788889193011
0.471 0.8847099495631829
0.472 0.878872174400192
0.473 0.8726959845321269
0.474 0.877111898697935
0.475 0.864927195427446
0.476 0.8765337943766509
0.477 0.8789782946054651
0.478 0.8725896587308399
0.479 0.8627207948243399
0.48 0.886710528730312
0.481 0.908490293887783
0.482 0.926362420060584
0.483 0.921856219782005
0.484 0.884433202913213
0.485 0.8586878638591839
0.486 0.869193404682799
0.487 0.888704833308239
0.488 0.8929979213289331
0.489 0.886532054695106
0.49 0.873418936824245
0.491 0.859015094452796
0.492 0.84616003100294
0.493 0.817605592562852
0.494 0.800965734666507
0.495 0.81042956351212
0.496 0.815432422491646
0.497 0.816898020138363
0.498 0.835951354844337
0.499 0.881521329928579
0.5 0.920356161653859
0.501 0.924730245138729
0.502 0.918356012923039
0.503 0.9209123140955311
0.504 0.92502667512792
0.505 0.924918293117535
0.506 0.918509465129505
0.507 0.89458132463803
0.508 0.857428971665383
0.509 0.846819225314513
0.51 0.8423741532543381
0.511 0.843816188792646
0.512 0.8451634663020969
0.513 0.8462084246043461
0.514 0.847502590296027
0.515 0.8490704254572221
0.516 0.8415311521569789
0.517 0.833808050632167
0.518 0.8264324582201491
0.519 0.844907223146388
0.52 0.84632668338575
0.521 0.847811448095427
0.522 0.8579623449252161
0.523 0.867895221916336
0.524 0.8773726397450601
0.525 0.8607464849656181
0.526 0.861875657356032
0.527 0.871542615899903
0.528 0.8638134579496609
0.529 0.8740460767661141
0.53 0.883990329348366
0.531 0.893967757532201
0.532 0.903721144750095
0.533 0.904575760901992
0.534 0.878619643119437
0.535 0.8886271378800881
0.536 0.880820062369953
0.537 0.8819035890378519
0.538 0.8829669586598451
0.539 0.884116685836009
0.54 0.894123806522888
0.541 0.895136571078472
0.542 0.887409740638465
0.543 0.8976832150559411
0.544 0.8987530640017419
0.545 0.890940513312237
0.546 0.89223464301097
0.547 0.8936006352796071
0.548 0.904609221980011
0.549 0.90594107617525
0.55 0.907352944777969
0.551 0.908806446987806
0.552 0.9103036818445691
0.553 0.911835793807097
0.554 0.913428945215195
0.555 0.9149922026397811
0.556 0.912246275704795
0.557 0.908213363406397
0.558 0.909346696501638
0.559 0.9187820906938999
0.56 0.9063380384141951
0.561 0.908732514913004
0.562 0.9317307924302661
0.563 0.936601759194513
0.564 0.950198717877562
0.565 0.9469494909517271
0.566 0.9447594811350151
0.567 0.937102174385232
0.568 0.950958550906673
0.569 0.956119923788403
0.57 0.949559215257279
0.571 0.9516825039546091
0.572 0.925832909228419
0.573 0.916280637852168
0.574 0.921087835489969
0.575 0.935258238932198
0.576 0.9468862476288341
0.577 0.9512338174353729
0.578 0.948380330940178
0.579 0.937788323216248
0.58 0.929704383467698
0.581 0.913567680474411
0.582 0.911512640105869
0.583 0.925074373324879
0.584 0.9403277791268739
0.585 0.9451680140091671
0.586 0.938937750998698
0.587 0.931351435204504
0.588 0.927484024183407
0.589 0.923921195565397
0.59 0.9181092255380839
0.591 0.914877347352931
0.592 0.919840152191923
0.593 0.933936987982775
0.594 0.949720367799127
0.595 0.960821497487476
0.596 0.965003498377734
0.597 0.9650946113936131
0.598 0.964012040382914
0.599 0.9632013456328271
0.6 0.973196930492041
0.601 0.9649370497378101
0.602 0.966452374859428
0.603 0.965875555042191
0.604 0.962037771911337
0.605 0.957007248028163
0.606 0.953047232033869
0.607 0.952177724357462
0.608 0.9550459950996261
0.609 0.959819680100861
0.61 0.964006120916668
0.611 0.965527147273891
0.612 0.963613487815574
0.613 0.9608349310917631
0.614 0.959816860162496
0.615 0.960309482539713
0.616 0.960238738512207
0.617 0.967678261392142
0.618 0.961882309756233
0.619 0.957112762657448
0.62 0.956287596260431
0.621 0.958993918880877
0.622 0.9635232917134751
0.623 0.975956968872447
0.624 0.97688794344256
0.625 0.9664715451222391
0.626 0.9649333155667431
0.627 0.9613762667346281
0.628 0.956957456498542
0.629 0.953593030104873
0.63 0.9535550489701641
0.631 0.9570488007539361
0.632 0.960256266332035
0.633 0.959360556552399
0.634 0.95479128479205
0.635 0.9503085962825649
0.636 0.95051343700898
0.637 0.956894867827454
0.638 0.964905809756715
0.639 0.979222333609297
0.64 0.9791567561068371
0.641 0.9758243108637641
0.642 0.964357683395901
0.643 0.966092048529337
0.644 0.9689008011438
0.645 0.970056314916817
0.646 0.9688257828466131
0.647 0.9670610613856461
0.648 0.9665224467302249
0.649 0.9684589771601669
0.65 0.9703744138046071
0.651 0.9705484344952601
0.652 0.968270961675908
0.653 0.96556887055384
0.654 0.964351891032097
0.655 0.964833638753439
0.656 0.974483731833785
0.657 0.9720011001648081
0.658 0.96718624300557
0.659 0.962057852568531
0.66 0.95093632961115
0.661 0.953868048985444
0.662 0.960647048556496
0.663 0.9683364808154781
0.664 0.973866074118682
0.665 0.99480255538295
0.666 0.993005644098258
0.667 0.989888741378678
0.668 0.978608044267244
0.669 0.9781634896737811
0.67 0.978163148319252
0.671 0.977635953001694
0.672 0.967122189739479
0.673 0.9753612038857981
0.674 0.974938036634409
0.675 0.9763791320202709
0.676 0.978590885714695
0.677 0.971748862551794
0.678 0.9927059477622721
0.679 0.991552316640381
0.68 0.9891113822272991
0.681 0.986275472546013
0.682 0.9845529521092411
0.683 0.9848117352686271
0.684 0.9864181376396001
0.685 0.988086471306726
0.686 0.989224266395834
0.687 0.989450434576518
0.688 0.9887777844800261
0.689 0.978625171721991
0.69 0.989298276136616
0.691 0.99089954009005
0.692 0.99399060978016
0.693 0.9960510440964311
0.694 0.996742364916431
0.695 0.9852006613663871
0.696 0.981733685893079
0.697 0.977744401714281
0.698 0.9848131852536289
0.699 0.984255606689696
0.7 0.986200655610473
0.701 0.9904473776941479
0.702 0.995042708758728
0.703 0.9983289907403111
0.704 0.9997875112888001
0.705 0.999995003601413
0.706 0.999272703931825
0.707 0.998750566782003
0.708 0.998197755579981
0.709 0.998025359229467
0.71 0.997081975152631
0.711 0.9947672478452451
0.712 0.992397580324391
0.713 0.9905358451652311
0.714 0.9900094522176499
0.715 0.991848983281927
0.716 0.9939935732128841
0.717 0.9961150442727911
0.718 0.997120067031711
0.719 0.9960779823604731
0.72 0.993817561285041
0.721 0.991516406243479
0.722 0.990146942657813
0.723 0.990003119527832
0.724 0.991586336793526
0.725 0.993560233378691
0.726 0.995644141736379
0.727 0.997574868912038
0.728 0.9985150800810911
0.729 0.999154823714148
0.73 0.9994547076932161
0.731 0.999417580882938
0.732 0.99901706752883
0.733 0.998207219639498
0.734 0.997532765539578
0.735 0.997290610746799
0.736 0.997478226503705
0.737 0.987981960483123
0.738 0.9886070324604469
0.739 0.988743852554716
0.74 0.9874780471697081
0.741 0.985962672864861
0.742 0.9835396943944621
0.743 0.98131907836678
0.744 0.979857977789877
0.745 0.9783276112178529
0.746 0.9772621485542651
0.747 0.9764594970359831
0.748 0.97535402220976
0.749 0.9653110941226131
0.75 0.96578380223601
0.751 0.9768255761985369
0.752 0.978138831585117
0.753 0.9804657388565621
0.754 0.982336731074568
0.755 0.983339921665486
0.756 0.983065308190232
0.757 0.981342112873378
0.758 0.979211961182364
0.759 0.977504403784622
0.76 0.976047971306958
0.761 0.975639652159082
0.762 0.9759354404642361
0.763 0.96748703538994
0.764 0.9696023065426761
0.765 0.971394357930717
0.766 0.9730402576700431
0.767 0.983613414818398
0.768 0.9747112923737311
0.769 0.9752234536838991
0.77 0.974929055069079
0.771 0.974648668055744
0.772 0.973159438822655
0.773 0.970842206009481
0.774 0.93964890141691
0.775 0.94668800918524
0.776 0.945318346693793
0.777 0.944925343033602
0.778 0.946103803926518
0.779 0.9567671478407399
0.78 0.948210414529978
0.781 0.948793824767339
0.782 0.947867901855029
0.783 0.9539939672290361
0.784 0.9489577232398131
0.785 0.925915058458596
0.786 0.9316203070861719
0.787 0.9197186367077219
0.788 0.918586468245787
0.789 0.920234441307458
0.79 0.931117884439217
0.791 0.932771567256211
0.792 0.9339908768130251
0.793 0.93468551850032
0.794 0.934268370690502
0.795 0.9335983084348171
0.796 0.931659780911854
0.797 0.9272362917952001
0.798 0.9083299308841789
0.799 0.892938394802181
0.8 0.8655509629607561
0.801 0.8235265775392451
0.802 0.762710200127501
0.803 0.686964673115964
0.804 0.580082074098192
0.805 0.471261257769565
0.806 0.364633165919913
0.807 0.270467585775573
0.808 0.19366786893387603
0.809 0.130502264395715
0.81 0.0849221604133606
0.811 0.052800269343880706
0.812 0.0328080443285502
0.813 0.0202140045234755
0.814 0.012696774111588701
0.815 0.0081549727109384
0.816 0.005372042655595451
0.817 0.00356581273502256
0.818 0.00233255655787272
# -------------------
