# WV_LG06 RSR
# QV 2025-10-10 from Legion_Radiometric_Parameters_20251007.json
# filtered to response > 0.002#
# WV_LG06 Band Coastal
# -------------------
0.395 0.0154
0.396 0.10490000000000001
0.397 0.3921
0.398 0.6189
0.399 0.6625
0.4 0.6677
0.401 0.6737000000000001
0.402 0.6828000000000001
0.403 0.7179000000000001
0.404 0.7138
0.405 0.7145
0.406 0.7295
0.407 0.7490000000000001
0.408 0.7411
0.409 0.7454999999999999
0.41 0.7735
0.411 0.7992
0.412 0.7964
0.413 0.8105
0.414 0.8262999999999999
0.415 0.8334
0.416 0.8342
0.417 0.8248000000000001
0.418 0.8048000000000001
0.419 0.8028000000000001
0.42 0.8057
0.421 0.8458
0.422 0.8434999999999999
0.423 0.8593999999999999
0.424 0.8713
0.425 0.9016
0.426 0.9033
0.427 0.9193000000000001
0.428 0.9054000000000001
0.429 0.9055
0.43 0.9089
0.431 0.9109
0.432 0.9215000000000001
0.433 0.9522
0.434 0.9561000000000001
0.435 0.9404000000000001
0.436 0.9276000000000001
0.437 0.9329999999999999
0.438 0.9464
0.439 0.9755
0.44 0.9898
0.441 0.9877
0.442 0.9868000000000001
0.443 0.9938
0.444 0.9989
0.445 1.0
0.446 0.9769
0.447 0.7533
0.448 0.2436
0.449 0.029500000000000002
0.45 0.0042
# -------------------
# WV_LG06 Band Blue
# -------------------
0.449 0.0097
0.45 0.0667
0.451 0.3678
0.452 0.816
0.453 0.9167000000000001
0.454 0.9208
0.455 0.9376000000000001
0.456 0.9498000000000001
0.457 0.9576000000000001
0.458 0.9567
0.459 0.9399
0.46 0.9299
0.461 0.9365000000000001
0.462 0.9490000000000001
0.463 0.9554
0.464 0.9571
0.465 0.9573999999999999
0.466 0.9572
0.467 0.9539
0.468 0.9494
0.469 0.9525
0.47 0.9564
0.471 0.9682
0.472 0.9631000000000001
0.473 0.9476000000000001
0.474 0.9406
0.475 0.9346
0.476 0.9334
0.477 0.9473
0.478 0.9618000000000001
0.479 0.9772
0.48 0.9918000000000001
0.481 0.9919
0.482 0.9937
0.483 1.0
0.484 0.9986
0.485 0.9975
0.486 0.991
0.487 0.9866
0.488 0.9784999999999999
0.489 0.9744
0.49 0.9732
0.491 0.9590000000000001
0.492 0.9396
0.493 0.9174
0.494 0.9047000000000001
0.495 0.9079
0.496 0.9268000000000001
0.497 0.953
0.498 0.9642000000000001
0.499 0.9470999999999999
0.5 0.9329000000000001
0.501 0.946
0.502 0.9725
0.503 0.9748000000000001
0.504 0.9549
0.505 0.9478
0.506 0.9666
0.507 0.9917
0.508 0.986
0.509 0.9618000000000001
0.51 0.9253
0.511 0.8366
0.512 0.5929
0.513 0.2627
0.514 0.077
0.515 0.018500000000000003
0.516 0.0046
# -------------------
# WV_LG06 Band Green
# -------------------
0.501 0.0024
0.502 0.0048
0.503 0.0091
0.504 0.016200000000000003
0.505 0.028900000000000002
0.506 0.058300000000000005
0.507 0.1342
0.508 0.2956
0.509 0.5301
0.51 0.7545999999999999
0.511 0.8865999999999999
0.512 0.9027
0.513 0.8741
0.514 0.8692000000000001
0.515 0.8791
0.516 0.8959999999999999
0.517 0.9185
0.518 0.9462999999999999
0.519 0.9738
0.52 0.9903000000000001
0.521 0.9947
0.522 0.9931000000000001
0.523 0.9906999999999999
0.524 0.9823000000000001
0.525 0.9633
0.526 0.9507
0.527 0.9605
0.528 0.9770000000000001
0.529 0.9872
0.53 0.9920000000000001
0.531 0.9919
0.532 0.9941
0.533 0.9963
0.534 0.9941
0.535 0.9998
0.536 0.9992000000000001
0.537 0.9961
0.538 0.997
0.539 0.9945
0.54 0.9993000000000001
0.541 1.0
0.542 0.9790000000000001
0.543 0.9618000000000001
0.544 0.9433
0.545 0.9296
0.546 0.9217000000000001
0.547 0.9277
0.548 0.9475
0.549 0.9592
0.55 0.9642000000000001
0.551 0.9689
0.552 0.9621
0.553 0.9504000000000001
0.554 0.9537000000000001
0.555 0.9639
0.556 0.9759000000000001
0.557 0.9858
0.558 0.9856
0.559 0.9739
0.56 0.9531000000000001
0.561 0.9359000000000001
0.562 0.9400000000000001
0.563 0.9577
0.564 0.9855
0.565 0.9987
0.566 0.993
0.567 0.9787
0.568 0.9648000000000001
0.569 0.958
0.57 0.9607
0.571 0.9684
0.572 0.98
0.573 0.9856
0.574 0.9828
0.575 0.9786
0.576 0.9894
0.577 0.9783000000000001
0.578 0.8261000000000001
0.579 0.4792
0.58 0.1778
0.581 0.055400000000000005
0.582 0.0181
0.583 0.006600000000000001
0.584 0.0027
# -------------------
# WV_LG06 Band Yellow
# -------------------
0.577 0.0021
0.578 0.0033000000000000004
0.579 0.005200000000000001
0.58 0.0087
0.581 0.0151
0.582 0.027000000000000003
0.583 0.050300000000000004
0.584 0.09730000000000001
0.585 0.192
0.586 0.36119999999999997
0.587 0.5891
0.588 0.8045
0.589 0.9325
0.59 0.9695
0.591 0.9763
0.592 0.9806999999999999
0.593 0.9840000000000001
0.594 0.9826
0.595 0.9804
0.596 0.9816
0.597 0.9812000000000001
0.598 0.9858
0.599 0.9920000000000001
0.6 0.9954999999999999
0.601 1.0
0.602 0.9979000000000001
0.603 0.9964000000000001
0.604 0.9993000000000001
0.605 0.9915
0.606 0.9914000000000001
0.607 0.9871
0.608 0.9890000000000001
0.609 0.993
0.61 0.9902
0.611 0.9870000000000001
0.612 0.9870000000000001
0.613 0.9826
0.614 0.9820000000000001
0.615 0.9795999999999999
0.616 0.9789
0.617 0.9781000000000001
0.618 0.9733
0.619 0.9734999999999999
0.62 0.9789
0.621 0.9826
0.622 0.9845999999999999
0.623 0.9549
0.624 0.8874
0.625 0.7663
0.626 0.5996
0.627 0.41490000000000005
0.628 0.258
0.629 0.155
0.63 0.09150000000000001
0.631 0.0542
0.632 0.033100000000000004
0.633 0.0212
0.634 0.013700000000000002
0.635 0.009000000000000001
0.636 0.006
0.637 0.0040999999999999995
0.638 0.0029
0.639 0.0021
# -------------------
# WV_LG06 Band Red
# -------------------
0.622 0.0023
0.623 0.0038
0.624 0.0067
0.625 0.013000000000000001
0.626 0.028700000000000003
0.627 0.07110000000000001
0.628 0.1856
0.629 0.43200000000000005
0.63 0.7255
0.631 0.9004000000000001
0.632 0.9699
0.633 0.9895999999999999
0.634 0.9662000000000001
0.635 0.9401
0.636 0.9353
0.637 0.9551000000000001
0.638 0.9751000000000001
0.639 0.9814
0.64 0.9649
0.641 0.9579000000000001
0.642 0.9656
0.643 0.9754
0.644 0.9708
0.645 0.9821
0.646 0.9676000000000001
0.647 0.9522
0.648 0.9464
0.649 0.9464
0.65 0.9641
0.651 1.0
0.652 0.9992000000000001
0.653 0.9732
0.654 0.9550000000000001
0.655 0.9512999999999999
0.656 0.9446
0.657 0.9740000000000001
0.658 0.9819
0.659 0.9801000000000001
0.66 0.9714
0.661 0.96
0.662 0.9583
0.663 0.9541
0.664 0.9647
0.665 0.9728
0.666 0.9832
0.667 0.9809000000000001
0.668 0.9765
0.669 0.9726
0.67 0.9636
0.671 0.9612999999999999
0.672 0.9633
0.673 0.9820000000000001
0.674 0.9795
0.675 0.9708
0.676 0.9536
0.677 0.9387000000000001
0.678 0.9520000000000001
0.679 0.9593
0.68 0.9716
0.681 0.9771
0.682 0.9606
0.683 0.9431
0.684 0.9486
0.685 0.9475
0.686 0.9312
0.687 0.888
0.688 0.7640000000000001
0.689 0.6257
0.69 0.5021
0.691 0.3691
0.692 0.2426
0.693 0.1486
0.694 0.0857
0.695 0.048600000000000004
0.696 0.028300000000000002
0.697 0.0177
0.698 0.011200000000000002
0.699 0.0077
0.7 0.005600000000000001
0.701 0.0040999999999999995
0.702 0.003
0.703 0.0022
# -------------------
# WV_LG06 Band RedEdge1
# -------------------
0.695 0.0031
0.696 0.014499999999999999
0.697 0.09670000000000001
0.698 0.5169
0.699 0.9103
0.7 0.9312
0.701 0.9622
0.702 0.9842000000000001
0.703 0.9895999999999999
0.704 0.9974
0.705 1.0
0.706 0.9987
0.707 0.9908
0.708 0.9843000000000001
0.709 0.9745999999999999
0.71 0.9695
0.711 0.9737000000000001
0.712 0.9726
0.713 0.9634999999999999
0.714 0.9633
0.715 0.9729000000000001
0.716 0.9561000000000001
0.717 0.6826000000000001
0.718 0.2139
0.719 0.0432
0.72 0.010700000000000001
0.721 0.0034000000000000002
# -------------------
# WV_LG06 Band RedEdge2
# -------------------
0.729 0.0078000000000000005
0.73 0.050499999999999996
0.731 0.3521
0.732 0.8334999999999999
0.733 0.9254000000000001
0.734 0.97
0.735 0.9869
0.736 0.9914000000000001
0.737 0.9998
0.738 1.0
0.739 0.9966
0.74 0.9922
0.741 0.99
0.742 0.9817
0.743 0.9795999999999999
0.744 0.9825
0.745 0.9715
0.746 0.9531000000000001
0.747 0.9551999999999999
0.748 0.9758
0.749 0.9274
0.75 0.7371
0.751 0.3694
0.752 0.096
0.753 0.018000000000000002
0.754 0.0038
# -------------------
# WV_LG06 Band NIR1
# -------------------
0.764 0.0025
0.765 0.0048
0.766 0.0098
0.767 0.021
0.768 0.0493
0.769 0.12380000000000001
0.77 0.30219999999999997
0.771 0.613
0.772 0.8887999999999999
0.773 0.9927
0.774 1.0
0.775 0.998
0.776 0.9976
0.777 0.9891
0.778 0.9802
0.779 0.9703
0.78 0.9717
0.781 0.9766
0.782 0.9845
0.783 0.995
0.784 0.9971
0.785 0.9949
0.786 0.9838
0.787 0.9778
0.788 0.9664
0.789 0.9640000000000001
0.79 0.9638
0.791 0.9673999999999999
0.792 0.9728
0.793 0.9751000000000001
0.794 0.9768000000000001
0.795 0.9817
0.796 0.9733
0.797 0.9616
0.798 0.9512
0.799 0.9418000000000001
0.8 0.9305
0.801 0.9288
0.802 0.9329999999999999
0.803 0.9358
0.804 0.9425
0.805 0.9501000000000001
0.806 0.9640000000000001
0.807 0.9692000000000001
0.808 0.9740000000000001
0.809 0.9776
0.81 0.9772
0.811 0.9717
0.812 0.9615000000000001
0.813 0.9581999999999999
0.814 0.9541
0.815 0.9496
0.816 0.9476000000000001
0.817 0.9436
0.818 0.9451
0.819 0.9516
0.82 0.9535
0.821 0.9599
0.822 0.9682
0.823 0.9734
0.824 0.9734999999999999
0.825 0.9675
0.826 0.9702
0.827 0.9684
0.828 0.9640000000000001
0.829 0.9666
0.83 0.9628
0.831 0.965
0.832 0.9651000000000001
0.833 0.9699
0.834 0.9676000000000001
0.835 0.9708
0.836 0.9708
0.837 0.9721
0.838 0.9770000000000001
0.839 0.9725
0.84 0.9741
0.841 0.9651000000000001
0.842 0.961
0.843 0.9572
0.844 0.9545
0.845 0.9550000000000001
0.846 0.958
0.847 0.9525
0.848 0.9512999999999999
0.849 0.9528
0.85 0.9525
0.851 0.9504000000000001
0.852 0.9474
0.853 0.9418000000000001
0.854 0.9392
0.855 0.937
0.856 0.9323
0.857 0.9243000000000001
0.858 0.9246
0.859 0.9186
0.86 0.9142
0.861 0.9059
0.862 0.9052
0.863 0.8932
0.864 0.8937
0.865 0.8918
0.866 0.8868
0.867 0.8831
0.868 0.8788
0.869 0.8773000000000001
0.87 0.8813
0.871 0.8837999999999999
0.872 0.8792
0.873 0.8833
0.874 0.8875000000000001
0.875 0.8863
0.876 0.8836
0.877 0.8872
0.878 0.8828
0.879 0.878
0.88 0.8695999999999999
0.881 0.8628
0.882 0.8604
0.883 0.8566
0.884 0.8517
0.885 0.8520000000000001
0.886 0.8490000000000001
0.887 0.8428
0.888 0.8395
0.889 0.8379000000000001
0.89 0.8290000000000001
0.891 0.8134
0.892 0.7828
0.893 0.7292000000000001
0.894 0.6494
0.895 0.546
0.896 0.4378
0.897 0.32659999999999995
0.898 0.2347
0.899 0.1623
0.9 0.10779999999999999
0.901 0.0683
0.902 0.0431
0.903 0.026400000000000003
0.904 0.0165
0.905 0.0111
0.906 0.006600000000000001
0.907 0.0024
# -------------------
# WV_LG06 Band Pan
# -------------------
0.446 0.0033000000000000004
0.447 0.0189
0.448 0.1421
0.449 0.5522
0.45 0.8387000000000001
0.451 0.8795999999999999
0.452 0.8744
0.453 0.8709
0.454 0.8682
0.455 0.8718000000000001
0.456 0.8769
0.457 0.8806999999999999
0.458 0.8677
0.459 0.861
0.46 0.8740000000000001
0.461 0.8656999999999999
0.462 0.8570000000000001
0.463 0.8744
0.464 0.8925000000000001
0.465 0.8996
0.466 0.8989
0.467 0.9014
0.468 0.909
0.469 0.8948
0.47 0.8822
0.471 0.9114
0.472 0.9093000000000001
0.473 0.8659
0.474 0.8449
0.475 0.8602
0.476 0.9045000000000001
0.477 0.923
0.478 0.8806
0.479 0.8651000000000001
0.48 0.8987999999999999
0.481 0.9246
0.482 0.9291
0.483 0.9164
0.484 0.9078
0.485 0.9247
0.486 0.922
0.487 0.8978
0.488 0.882
0.489 0.8864000000000001
0.49 0.9143000000000001
0.491 0.9309999999999999
0.492 0.9176000000000001
0.493 0.9125
0.494 0.9063
0.495 0.8572
0.496 0.8336
0.497 0.858
0.498 0.8534999999999999
0.499 0.8336
0.5 0.8616
0.501 0.877
0.502 0.8590000000000001
0.503 0.8759
0.504 0.918
0.505 0.9328000000000001
0.506 0.9377
0.507 0.9429000000000001
0.508 0.9331
0.509 0.9281
0.51 0.9142
0.511 0.8981
0.512 0.9059999999999999
0.513 0.9129
0.514 0.9131
0.515 0.9063
0.516 0.9054000000000001
0.517 0.9061
0.518 0.9070999999999999
0.519 0.9114
0.52 0.9169
0.521 0.9181999999999999
0.522 0.9129
0.523 0.9102
0.524 0.9109
0.525 0.9125
0.526 0.9131999999999999
0.527 0.9170999999999999
0.528 0.9148000000000001
0.529 0.9087000000000001
0.53 0.9075
0.531 0.9077
0.532 0.9101
0.533 0.9122
0.534 0.9086
0.535 0.9084000000000001
0.536 0.9020999999999999
0.537 0.8968
0.538 0.9009
0.539 0.9048999999999999
0.54 0.9151
0.541 0.9216
0.542 0.9074
0.543 0.8976000000000001
0.544 0.8906000000000001
0.545 0.8871
0.546 0.8837999999999999
0.547 0.8833
0.548 0.8890000000000001
0.549 0.8906999999999999
0.55 0.8908
0.551 0.8952
0.552 0.8918
0.553 0.8856999999999999
0.554 0.8932
0.555 0.8986000000000001
0.556 0.8943000000000001
0.557 0.8859
0.558 0.8799
0.559 0.8806
0.56 0.8829000000000001
0.561 0.8864000000000001
0.562 0.9336
0.563 0.9501000000000001
0.564 0.9320999999999999
0.565 0.9139
0.566 0.9163
0.567 0.9238
0.568 0.9170999999999999
0.569 0.9123000000000001
0.57 0.9281
0.571 0.9488
0.572 0.9562
0.573 0.9501999999999999
0.574 0.9497
0.575 0.9537000000000001
0.576 0.9518000000000001
0.577 0.9381
0.578 0.9331999999999999
0.579 0.9433
0.58 0.9521
0.581 0.9508
0.582 0.9389000000000001
0.583 0.9333
0.584 0.9326000000000001
0.585 0.9363
0.586 0.9433
0.587 0.9557
0.588 0.9637000000000001
0.589 0.9614
0.59 0.9457
0.591 0.9431999999999999
0.592 0.9597
0.593 0.9742000000000001
0.594 0.975
0.595 0.9653
0.596 0.9608
0.597 0.9603
0.598 0.9682
0.599 0.9726
0.6 0.9672000000000001
0.601 0.963
0.602 0.9565000000000001
0.603 0.9605
0.604 0.9719
0.605 0.9716
0.606 0.9754
0.607 0.9654
0.608 0.9581999999999999
0.609 0.9573999999999999
0.61 0.9564
0.611 0.9642000000000001
0.612 0.9744
0.613 0.9728
0.614 0.97
0.615 0.9633
0.616 0.9616
0.617 0.9637000000000001
0.618 0.9651000000000001
0.619 0.97
0.62 0.9733
0.621 0.9733
0.622 0.9772
0.623 0.9721
0.624 0.9720000000000001
0.625 0.9742000000000001
0.626 0.9777
0.627 0.9718000000000001
0.628 0.9586
0.629 0.9681000000000001
0.63 0.9699
0.631 0.9691
0.632 0.9704
0.633 0.9784999999999999
0.634 0.9752
0.635 0.9683
0.636 0.9612
0.637 0.9596
0.638 0.9604
0.639 0.9695
0.64 0.9714
0.641 0.9792000000000001
0.642 0.9836
0.643 0.9720000000000001
0.644 0.9458
0.645 0.9554
0.646 0.9619
0.647 0.9720000000000001
0.648 0.9773999999999999
0.649 0.97
0.65 0.9677
0.651 0.9869
0.652 0.9873000000000001
0.653 0.975
0.654 0.971
0.655 0.9714
0.656 0.9562
0.657 0.97
0.658 0.9662000000000001
0.659 0.9655
0.66 0.9682
0.661 0.9718000000000001
0.662 0.9787
0.663 0.9733
0.664 0.9745
0.665 0.9715
0.666 0.9705
0.667 0.9655
0.668 0.9625
0.669 0.9611000000000001
0.67 0.9538
0.671 0.9504000000000001
0.672 0.9501999999999999
0.673 0.9705
0.674 0.9718000000000001
0.675 0.9712000000000001
0.676 0.9629000000000001
0.677 0.9517
0.678 0.9647
0.679 0.9664
0.68 0.9742000000000001
0.681 0.9828
0.682 0.9758
0.683 0.9684
0.684 0.9781000000000001
0.685 0.9765
0.686 0.9732
0.687 0.9834
0.688 0.9647
0.689 0.9588
0.69 0.988
0.691 0.9938
0.692 0.9758
0.693 0.9809000000000001
0.694 0.9869
0.695 0.9871
0.696 0.9813
0.697 0.9806
0.698 0.963
0.699 0.968
0.7 0.9945999999999999
0.701 0.9967
0.702 0.9978
0.703 0.996
0.704 0.9995
0.705 0.9979000000000001
0.706 1.0
0.707 0.9954000000000001
0.708 0.9941
0.709 0.9892000000000001
0.71 0.9854
0.711 0.9845
0.712 0.9836
0.713 0.9847
0.714 0.9908
0.715 0.9920000000000001
0.716 0.9939
0.717 0.9939
0.718 0.9901000000000001
0.719 0.9894
0.72 0.9838
0.721 0.9831000000000001
0.722 0.9795999999999999
0.723 0.9806999999999999
0.724 0.9834999999999999
0.725 0.9832
0.726 0.9831000000000001
0.727 0.9856
0.728 0.9836
0.729 0.9844
0.73 0.9823000000000001
0.731 0.9825
0.732 0.9801000000000001
0.733 0.9795
0.734 0.9752
0.735 0.9766
0.736 0.9786
0.737 0.9816
0.738 0.985
0.739 0.9881000000000001
0.74 0.9834
0.741 0.9786
0.742 0.9756999999999999
0.743 0.9732
0.744 0.9717
0.745 0.97
0.746 0.9755
0.747 0.9762000000000001
0.748 0.98
0.749 0.9805
0.75 0.976
0.751 0.9682
0.752 0.9642000000000001
0.753 0.9575
0.754 0.9568000000000001
0.755 0.9606
0.756 0.9689
0.757 0.973
0.758 0.9778
0.759 0.9783000000000001
0.76 0.9773999999999999
0.761 0.9712000000000001
0.762 0.963
0.763 0.9539
0.764 0.9514
0.765 0.9498000000000001
0.766 0.953
0.767 0.9556
0.768 0.9651000000000001
0.769 0.9725
0.77 0.9733
0.771 0.9698000000000001
0.772 0.9673
0.773 0.9665
0.774 0.9620000000000001
0.775 0.9561000000000001
0.776 0.9571
0.777 0.9589
0.778 0.96
0.779 0.9591
0.78 0.9664
0.781 0.9684999999999999
0.782 0.9705
0.783 0.971
0.784 0.9693
0.785 0.97
0.786 0.9621
0.787 0.961
0.788 0.9527
0.789 0.9500000000000001
0.79 0.9469
0.791 0.9467
0.792 0.9527
0.793 0.9543
0.794 0.9587000000000001
0.795 0.9681000000000001
0.796 0.9673999999999999
0.797 0.9623
0.798 0.9520000000000001
0.799 0.9459000000000001
0.8 0.9369
0.801 0.9336
0.802 0.9374
0.803 0.9407
0.804 0.9414
0.805 0.9365000000000001
0.806 0.9062000000000001
0.807 0.8290000000000001
0.808 0.6812
0.809 0.4963
0.81 0.3223
0.811 0.1963
0.812 0.11470000000000001
0.813 0.0676
0.814 0.0406
0.815 0.024300000000000002
0.816 0.0149
0.817 0.009000000000000001
0.818 0.0054
0.819 0.0032
# -------------------
