# WV_LG05 RSR
# QV 2025-10-10 from Legion_Radiometric_Parameters_20251007.json
# filtered to response > 0.002#
# WV_LG05 Band Coastal
# -------------------
0.395 0.0042
0.396 0.0313
0.397 0.1666
0.398 0.4893
0.399 0.6527
0.4 0.6602
0.401 0.6867
0.402 0.6853
0.403 0.7107
0.404 0.7112
0.405 0.7187
0.406 0.7302
0.407 0.7397
0.408 0.7408
0.409 0.7373999999999999
0.41 0.7663
0.411 0.7878000000000001
0.412 0.8077
0.413 0.8069
0.414 0.8169
0.415 0.8366
0.416 0.8338
0.417 0.8329000000000001
0.418 0.8207
0.419 0.8181999999999999
0.42 0.8077
0.421 0.8394
0.422 0.8506999999999999
0.423 0.8684000000000001
0.424 0.8772
0.425 0.8936000000000001
0.426 0.9023000000000001
0.427 0.9296
0.428 0.9175
0.429 0.9198000000000001
0.43 0.9218999999999999
0.431 0.935
0.432 0.9356
0.433 0.9426000000000001
0.434 0.9573
0.435 0.9643
0.436 0.9515000000000001
0.437 0.941
0.438 0.9404000000000001
0.439 0.9689
0.44 0.9862000000000001
0.441 0.9813
0.442 0.9868000000000001
0.443 0.9893000000000001
0.444 0.9951000000000001
0.445 1.0
0.446 0.9925
0.447 0.9832
0.448 0.85
0.449 0.3165
0.45 0.0417
0.451 0.0059
# -------------------
# WV_LG05 Band Blue
# -------------------
0.451 0.1441
0.452 0.5675
0.453 0.8921
0.454 0.9172
0.455 0.9285
0.456 0.9440999999999999
0.457 0.9584999999999999
0.458 0.9644
0.459 0.946
0.46 0.9311
0.461 0.9324
0.462 0.9449
0.463 0.9569
0.464 0.9604
0.465 0.9617
0.466 0.9612999999999999
0.467 0.9591
0.468 0.9517
0.469 0.9520000000000001
0.47 0.9527
0.471 0.9691
0.472 0.971
0.473 0.9562999999999999
0.474 0.9449
0.475 0.9384
0.476 0.9353
0.477 0.9456
0.478 0.9568000000000001
0.479 0.9726
0.48 0.9882
0.481 0.9901000000000001
0.482 0.9906
0.483 0.9962000000000001
0.484 0.9954000000000001
0.485 1.0
0.486 0.9993000000000001
0.487 0.9944
0.488 0.9806
0.489 0.9734999999999999
0.49 0.9773000000000001
0.491 0.9707
0.492 0.9521
0.493 0.9279000000000001
0.494 0.9093000000000001
0.495 0.9048999999999999
0.496 0.9174
0.497 0.9431999999999999
0.498 0.9639
0.499 0.9562
0.5 0.9370999999999999
0.501 0.9361
0.502 0.9609000000000001
0.503 0.9776
0.504 0.9691
0.505 0.951
0.506 0.9555
0.507 0.9836
0.508 0.9961
0.509 0.9766
0.51 0.9419
0.511 0.8991
0.512 0.7687
0.513 0.4595
0.514 0.1671
0.515 0.0432
0.516 0.0106
0.517 0.0028000000000000004
# -------------------
# WV_LG05 Band Green
# -------------------
0.5 0.0024
0.501 0.0047
0.502 0.0091
0.503 0.016
0.504 0.0286
0.505 0.057699999999999994
0.506 0.1322
0.507 0.2917
0.508 0.5262
0.509 0.7564000000000001
0.51 0.8865999999999999
0.511 0.886
0.512 0.8591
0.513 0.8605
0.514 0.877
0.515 0.888
0.516 0.9087999999999999
0.517 0.9361
0.518 0.9598000000000001
0.519 0.9747
0.52 0.9836
0.521 0.9891
0.522 0.9839
0.523 0.9720000000000001
0.524 0.9522
0.525 0.9406
0.526 0.9470999999999999
0.527 0.9699
0.528 0.9841
0.529 0.9834999999999999
0.53 0.9819
0.531 0.9818000000000001
0.532 0.9843000000000001
0.533 0.9882
0.534 0.9903000000000001
0.535 0.9963
0.536 0.9922
0.537 0.9828
0.538 0.9804
0.539 0.9784999999999999
0.54 0.9832
0.541 0.9845
0.542 0.9628
0.543 0.9414
0.544 0.9241
0.545 0.9161
0.546 0.9191
0.547 0.9322
0.548 0.9479000000000001
0.549 0.9545
0.55 0.9547
0.551 0.9562999999999999
0.552 0.9476000000000001
0.553 0.9364
0.554 0.9487000000000001
0.555 0.971
0.556 0.9853000000000001
0.557 0.9825
0.558 0.9636
0.559 0.9412
0.56 0.9239
0.561 0.9234
0.562 0.9475
0.563 0.9765
0.564 1.0
0.565 0.9954000000000001
0.566 0.9695
0.567 0.9470000000000001
0.568 0.9390000000000001
0.569 0.9462999999999999
0.57 0.9657
0.571 0.9763
0.572 0.9769
0.573 0.9711
0.574 0.9672000000000001
0.575 0.976
0.576 0.9699
0.577 0.8208
0.578 0.4777
0.579 0.1775
0.58 0.054900000000000004
0.581 0.0179
0.582 0.006500000000000001
0.583 0.0027
# -------------------
# WV_LG05 Band Yellow
# -------------------
0.575 0.0024
0.576 0.0038
0.577 0.0063
0.578 0.011000000000000001
0.579 0.0197
0.58 0.0368
0.581 0.0719
0.582 0.1429
0.583 0.2803
0.584 0.49979999999999997
0.585 0.7463
0.586 0.907
0.587 0.9702
0.588 0.986
0.589 0.991
0.59 0.9882
0.591 0.9911
0.592 0.9981000000000001
0.593 0.9967
0.594 0.9917
0.595 0.9903000000000001
0.596 0.9922
0.597 0.9911
0.598 0.9942000000000001
0.599 0.9962000000000001
0.6 0.9951000000000001
0.601 0.9922
0.602 0.9884999999999999
0.603 0.9909
0.604 1.0
0.605 0.9962000000000001
0.606 0.9977
0.607 0.9929000000000001
0.608 0.9936
0.609 0.9977
0.61 0.9944
0.611 0.9927
0.612 0.9954000000000001
0.613 0.9947
0.614 0.9967
0.615 0.9952
0.616 0.9945999999999999
0.617 0.9953000000000001
0.618 0.9927
0.619 0.9893000000000001
0.62 0.9673
0.621 0.8944
0.622 0.7562000000000001
0.623 0.5585
0.624 0.3677
0.625 0.2241
0.626 0.1313
0.627 0.0759
0.628 0.0444
0.629 0.0273
0.63 0.0174
0.631 0.0113
0.632 0.0075
0.633 0.0051
0.634 0.0034999999999999996
0.635 0.0025
# -------------------
# WV_LG05 Band Red
# -------------------
0.623 0.0027
0.624 0.0046
0.625 0.008100000000000001
0.626 0.0152
0.627 0.029900000000000003
0.628 0.062000000000000006
0.629 0.1369
0.63 0.2957
0.631 0.5558
0.632 0.8208
0.633 0.9576000000000001
0.634 0.9640000000000001
0.635 0.9262
0.636 0.8975
0.637 0.8944
0.638 0.9123000000000001
0.639 0.9451999999999999
0.64 0.9675
0.641 0.9833
0.642 0.9864
0.643 0.9723
0.644 0.9455
0.645 0.9504000000000001
0.646 0.9512999999999999
0.647 0.9555
0.648 0.9623999999999999
0.649 0.9628
0.65 0.9733
0.651 1.0
0.652 0.9947
0.653 0.9699
0.654 0.9506
0.655 0.9397
0.656 0.9209999999999999
0.657 0.9348000000000001
0.658 0.9343000000000001
0.659 0.9359000000000001
0.66 0.9461
0.661 0.9581999999999999
0.662 0.9768000000000001
0.663 0.9806999999999999
0.664 0.9848
0.665 0.9789
0.666 0.9740000000000001
0.667 0.9668000000000001
0.668 0.9632
0.669 0.9599
0.67 0.9483
0.671 0.9390999999999999
0.672 0.9351
0.673 0.9535
0.674 0.9601999999999999
0.675 0.9651000000000001
0.676 0.9636
0.677 0.9561000000000001
0.678 0.9716
0.679 0.9744
0.68 0.9806
0.681 0.9842000000000001
0.682 0.9672000000000001
0.683 0.9511000000000001
0.684 0.9551999999999999
0.685 0.9557
0.686 0.9546
0.687 0.9462999999999999
0.688 0.8663
0.689 0.7511
0.69 0.635
0.691 0.5019
0.692 0.37229999999999996
0.693 0.2684
0.694 0.1809
0.695 0.1139
0.696 0.0676
0.697 0.0396
0.698 0.0232
0.699 0.014499999999999999
0.7 0.0097
0.701 0.006600000000000001
0.702 0.0047
0.703 0.0034000000000000002
0.704 0.0025
# -------------------
# WV_LG05 Band RedEdge1
# -------------------
0.696 0.0029
0.697 0.013700000000000002
0.698 0.0817
0.699 0.3857
0.7 0.7991
0.701 0.9114
0.702 0.9495
0.703 0.9767
0.704 0.9842000000000001
0.705 0.9771
0.706 0.9770000000000001
0.707 0.9799
0.708 0.9906999999999999
0.709 0.9976
0.71 1.0
0.711 0.9940000000000001
0.712 0.983
0.713 0.9745999999999999
0.714 0.9688
0.715 0.9519
0.716 0.9218000000000001
0.717 0.9387000000000001
0.718 0.7437
0.719 0.2524
0.72 0.0756
0.721 0.0225
0.722 0.0023
# -------------------
# WV_LG05 Band RedEdge2
# -------------------
0.73 0.0045000000000000005
0.731 0.023100000000000002
0.732 0.15710000000000002
0.733 0.6795
0.734 0.9819
0.735 0.9714
0.736 0.9773999999999999
0.737 0.9811
0.738 0.9895999999999999
0.739 0.9934000000000001
0.74 0.9987
0.741 1.0
0.742 0.997
0.743 0.9914000000000001
0.744 0.9791
0.745 0.9664
0.746 0.9541
0.747 0.9418000000000001
0.748 0.9420999999999999
0.749 0.9504000000000001
0.75 0.9481999999999999
0.751 0.9347
0.752 0.6648000000000001
0.753 0.1972
0.754 0.0346
0.755 0.0068000000000000005
# -------------------
# WV_LG05 Band NIR1
# -------------------
0.765 0.0034000000000000002
0.766 0.0067
0.767 0.013999999999999999
0.768 0.0316
0.769 0.07440000000000001
0.77 0.1761
0.771 0.38549999999999995
0.772 0.6768000000000001
0.773 0.9001000000000001
0.774 0.9790000000000001
0.775 0.9843000000000001
0.776 0.9755
0.777 0.9664
0.778 0.9629000000000001
0.779 0.9649
0.78 0.9794
0.781 0.9882
0.782 0.9945
0.783 1.0
0.784 0.9937
0.785 0.9888
0.786 0.9771
0.787 0.9771
0.788 0.9693
0.789 0.9723999999999999
0.79 0.9761
0.791 0.9789
0.792 0.9803000000000001
0.793 0.9755
0.794 0.9645
0.795 0.9604
0.796 0.9518000000000001
0.797 0.9438
0.798 0.941
0.799 0.9420000000000001
0.8 0.9457
0.801 0.9566
0.802 0.9687000000000001
0.803 0.9769
0.804 0.9859000000000001
0.805 0.9921
0.806 0.997
0.807 0.99
0.808 0.9842000000000001
0.809 0.9784999999999999
0.81 0.9723999999999999
0.811 0.9653
0.812 0.9606
0.813 0.9643
0.814 0.9639
0.815 0.9637000000000001
0.816 0.9686
0.817 0.9657
0.818 0.9717
0.819 0.9755
0.82 0.9723
0.821 0.9703
0.822 0.9666
0.823 0.9687000000000001
0.824 0.9662999999999999
0.825 0.9651000000000001
0.826 0.9639
0.827 0.9699
0.828 0.9695
0.829 0.9763
0.83 0.9739
0.831 0.9707
0.832 0.9676000000000001
0.833 0.9693
0.834 0.9633
0.835 0.9619
0.836 0.9533
0.837 0.9442
0.838 0.9450000000000001
0.839 0.937
0.84 0.9393000000000001
0.841 0.9352
0.842 0.9381
0.843 0.9404000000000001
0.844 0.9435
0.845 0.953
0.846 0.9612
0.847 0.9619
0.848 0.9661000000000001
0.849 0.9671
0.85 0.9658
0.851 0.963
0.852 0.9577
0.853 0.9508
0.854 0.9464
0.855 0.9423
0.856 0.9376000000000001
0.857 0.9309000000000001
0.858 0.9317000000000001
0.859 0.9289000000000001
0.86 0.9273
0.861 0.9211
0.862 0.9222
0.863 0.9098
0.864 0.9087999999999999
0.865 0.9070999999999999
0.866 0.9005
0.867 0.8941
0.868 0.8885
0.869 0.8867
0.87 0.8882
0.871 0.8893000000000001
0.872 0.8845000000000001
0.873 0.8898
0.874 0.8929
0.875 0.8918
0.876 0.8896
0.877 0.8932
0.878 0.89
0.879 0.8856
0.88 0.8773000000000001
0.881 0.8715999999999999
0.882 0.8708
0.883 0.8673000000000001
0.884 0.8619
0.885 0.8616
0.886 0.8553000000000001
0.887 0.8471
0.888 0.8425
0.889 0.8420000000000001
0.89 0.841
0.891 0.8445999999999999
0.892 0.8482
0.893 0.8465
0.894 0.8339
0.895 0.805
0.896 0.7492000000000001
0.897 0.6614
0.898 0.5545
0.899 0.43710000000000004
0.9 0.31980000000000003
0.901 0.219
0.902 0.1435
0.903 0.09029999999999999
0.904 0.0579
0.905 0.039
0.906 0.0233
0.907 0.0075
# -------------------
# WV_LG05 Band Pan
# -------------------
0.447 0.006500000000000001
0.448 0.0488
0.449 0.24910000000000002
0.45 0.6655
0.451 0.8794
0.452 0.8884000000000001
0.453 0.8795000000000001
0.454 0.8706999999999999
0.455 0.8667
0.456 0.8776999999999999
0.457 0.8729000000000001
0.458 0.8497
0.459 0.8153
0.46 0.8018000000000001
0.461 0.835
0.462 0.8775000000000001
0.463 0.8644
0.464 0.8351999999999999
0.465 0.8393
0.466 0.8665
0.467 0.8948
0.468 0.8902
0.469 0.8559000000000001
0.47 0.8408
0.471 0.8666
0.472 0.8944
0.473 0.9118
0.474 0.9135
0.475 0.9048999999999999
0.476 0.9032
0.477 0.9061
0.478 0.9198999999999999
0.479 0.9401
0.48 0.9385
0.481 0.9089
0.482 0.8803000000000001
0.483 0.8702
0.484 0.8855
0.485 0.9103
0.486 0.9148000000000001
0.487 0.9104000000000001
0.488 0.8965000000000001
0.489 0.8932
0.49 0.8858
0.491 0.8262
0.492 0.7647
0.493 0.7318000000000001
0.494 0.7106
0.495 0.7237
0.496 0.7863
0.497 0.8262999999999999
0.498 0.8176000000000001
0.499 0.8300000000000001
0.5 0.8464
0.501 0.8273
0.502 0.8407
0.503 0.8891
0.504 0.9058
0.505 0.9043000000000001
0.506 0.9142
0.507 0.9228000000000001
0.508 0.9329999999999999
0.509 0.9346
0.51 0.9033
0.511 0.8805
0.512 0.8891
0.513 0.8966
0.514 0.8975
0.515 0.8916
0.516 0.8915000000000001
0.517 0.893
0.518 0.8947
0.519 0.8997
0.52 0.9059
0.521 0.908
0.522 0.9036
0.523 0.9016
0.524 0.9031
0.525 0.9055
0.526 0.907
0.527 0.9116
0.528 0.9101
0.529 0.9048
0.53 0.9044
0.531 0.9055
0.532 0.9086
0.533 0.9114
0.534 0.9087000000000001
0.535 0.9093000000000001
0.536 0.9037000000000001
0.537 0.8992
0.538 0.9041
0.539 0.9089
0.54 0.92
0.541 0.9273
0.542 0.9139
0.543 0.9047000000000001
0.544 0.8985
0.545 0.8958
0.546 0.8932
0.547 0.8935
0.548 0.9
0.549 0.9025
0.55 0.9035
0.551 0.9087000000000001
0.552 0.9061
0.553 0.9007
0.554 0.9091
0.555 0.9154000000000001
0.556 0.9118
0.557 0.9041
0.558 0.8987
0.559 0.9003
0.56 0.9035
0.561 0.907
0.562 0.9413
0.563 0.9423
0.564 0.9390000000000001
0.565 0.9353
0.566 0.9236
0.567 0.9062000000000001
0.568 0.9012000000000001
0.569 0.9225
0.57 0.9518000000000001
0.571 0.9543
0.572 0.9397
0.573 0.9322
0.574 0.9406
0.575 0.9495
0.576 0.9547
0.577 0.9531000000000001
0.578 0.9505
0.579 0.9403
0.58 0.9231
0.581 0.9201
0.582 0.9318000000000001
0.583 0.9474
0.584 0.9495
0.585 0.9462
0.586 0.9515000000000001
0.587 0.9619
0.588 0.9578
0.589 0.9388
0.59 0.9159
0.591 0.917
0.592 0.9399
0.593 0.9584999999999999
0.594 0.9642000000000001
0.595 0.9638
0.596 0.9648000000000001
0.597 0.9601000000000001
0.598 0.9549
0.599 0.9512999999999999
0.6 0.9507
0.601 0.9565000000000001
0.602 0.9617
0.603 0.9678
0.604 0.975
0.605 0.9682
0.606 0.9671
0.607 0.9601000000000001
0.608 0.9593
0.609 0.9632
0.61 0.9607
0.611 0.9581000000000001
0.612 0.9571
0.613 0.9558
0.614 0.9636
0.615 0.9692000000000001
0.616 0.9722000000000001
0.617 0.9691
0.618 0.9606
0.619 0.9619
0.62 0.97
0.621 0.9769
0.622 0.9813
0.623 0.97
0.624 0.961
0.625 0.9598000000000001
0.626 0.9682
0.627 0.9705
0.628 0.9618000000000001
0.629 0.9690000000000001
0.63 0.9646
0.631 0.9609000000000001
0.632 0.9625
0.633 0.9740000000000001
0.634 0.9727
0.635 0.9669
0.636 0.9595
0.637 0.9578
0.638 0.9615000000000001
0.639 0.971
0.64 0.9727
0.641 0.9744
0.642 0.9742000000000001
0.643 0.9654
0.644 0.9446
0.645 0.9587000000000001
0.646 0.9627
0.647 0.9671
0.648 0.968
0.649 0.9615000000000001
0.65 0.9664
0.651 0.9931000000000001
0.652 0.9949
0.653 0.9763
0.654 0.9651000000000001
0.655 0.9627
0.656 0.9504000000000001
0.657 0.9694
0.658 0.9703
0.659 0.9699
0.66 0.9714
0.661 0.9731000000000001
0.662 0.9784
0.663 0.9692000000000001
0.664 0.9643
0.665 0.9547
0.666 0.9527
0.667 0.9514
0.668 0.9575
0.669 0.9651000000000001
0.67 0.9621
0.671 0.9569
0.672 0.9535
0.673 0.9688
0.674 0.9690000000000001
0.675 0.9692000000000001
0.676 0.9617
0.677 0.9522
0.678 0.9636
0.679 0.9654
0.68 0.9727
0.681 0.9806
0.682 0.9737000000000001
0.683 0.9659000000000001
0.684 0.9753000000000001
0.685 0.9715
0.686 0.9670000000000001
0.687 0.9739
0.688 0.9499
0.689 0.9404000000000001
0.69 0.9661000000000001
0.691 0.9709000000000001
0.692 0.9566
0.693 0.9678
0.694 0.9788
0.695 0.9832
0.696 0.9787
0.697 0.9788
0.698 0.9597
0.699 0.9627
0.7 0.9895999999999999
0.701 0.9911
0.702 0.9929000000000001
0.703 0.9956
0.704 1.0
0.705 0.9993000000000001
0.706 0.9977
0.707 0.9897
0.708 0.9820000000000001
0.709 0.9753000000000001
0.71 0.9731000000000001
0.711 0.9781000000000001
0.712 0.9839
0.713 0.9883
0.714 0.993
0.715 0.9895999999999999
0.716 0.9851000000000001
0.717 0.9806
0.718 0.9744
0.719 0.9772
0.72 0.9763
0.721 0.9814
0.722 0.9787
0.723 0.9795999999999999
0.724 0.9815
0.725 0.9804
0.726 0.9795999999999999
0.727 0.9825
0.728 0.9806999999999999
0.729 0.9802
0.73 0.978
0.731 0.9781000000000001
0.732 0.9754
0.733 0.9779000000000001
0.734 0.9762000000000001
0.735 0.9767
0.736 0.9756999999999999
0.737 0.9761
0.738 0.9756
0.739 0.9786
0.74 0.9773000000000001
0.741 0.9768000000000001
0.742 0.9764
0.743 0.9763
0.744 0.9738
0.745 0.9701000000000001
0.746 0.9717
0.747 0.9705
0.748 0.9758
0.749 0.9777
0.75 0.9769
0.751 0.9729000000000001
0.752 0.9717
0.753 0.9651000000000001
0.754 0.9647
0.755 0.9654
0.756 0.9706
0.757 0.9715
0.758 0.9741
0.759 0.9731000000000001
0.76 0.9714
0.761 0.9657
0.762 0.9625
0.763 0.9587000000000001
0.764 0.9618000000000001
0.765 0.9623999999999999
0.766 0.9673999999999999
0.767 0.9654
0.768 0.9702
0.769 0.9707
0.77 0.966
0.771 0.9575
0.772 0.9523
0.773 0.9522
0.774 0.9475
0.775 0.9458
0.776 0.9498000000000001
0.777 0.9506
0.778 0.9533
0.779 0.9564
0.78 0.9607
0.781 0.9634999999999999
0.782 0.9632
0.783 0.9623999999999999
0.784 0.9605
0.785 0.9588
0.786 0.9511000000000001
0.787 0.9519
0.788 0.9427
0.789 0.9386
0.79 0.9335
0.791 0.932
0.792 0.9348000000000001
0.793 0.9367000000000001
0.794 0.9409000000000001
0.795 0.9533
0.796 0.9535
0.797 0.9447
0.798 0.938
0.799 0.9245000000000001
0.8 0.8643000000000001
0.801 0.6696
0.802 0.37520000000000003
0.803 0.1643
0.804 0.06570000000000001
0.805 0.0269
0.806 0.0117
0.807 0.0054
0.808 0.0026000000000000003
# -------------------
