# Wyvern_Dragonette-001 RSR
# QV 2025-03-04 from drag_001_rsr_curve.csv
# filtered to response > 0.001
#
# Wyvern_Dragonette-001 Band 1
# -------------------
0.487 0.00465
0.488 0.0175
0.489 0.039
0.49 0.07
0.491 0.105
0.492 0.155
0.493 0.21
0.494 0.275
0.495 0.35
0.496 0.43
0.497 0.5
0.498 0.6
0.499 0.75
0.5 0.85
0.501 0.95
0.502 0.95
0.503 0.95
0.504 0.95
0.505 1.0
0.506 0.85
0.507 0.75
0.508 0.65
0.509 0.55
0.51 0.44
0.511 0.355
0.512 0.28
0.513 0.215
0.514 0.16
0.515 0.11
0.516 0.07
0.517 0.0405
0.518 0.018
0.519 0.0048
# -------------------
# Wyvern_Dragonette-001 Band 2
# -------------------
0.494 0.006
0.495 0.0205
0.496 0.044
0.497 0.075
0.498 0.115
0.499 0.165
0.5 0.225
0.501 0.29
0.502 0.37
0.503 0.455
0.504 0.55
0.505 0.65
0.506 0.75
0.507 0.9
0.508 1.0
0.509 1.0
0.51 1.0
0.511 1.0
0.512 1.0
0.513 0.9
0.514 0.75
0.515 0.65
0.516 0.55
0.517 0.46
0.518 0.375
0.519 0.295
0.52 0.225
0.521 0.17
0.522 0.12
0.523 0.075
0.524 0.0445
0.525 0.021
0.526 0.006
# -------------------
# Wyvern_Dragonette-001 Band 3
# -------------------
0.504 0.0085
0.505 0.0255
0.506 0.05
0.507 0.085
0.508 0.13
0.509 0.185
0.51 0.245
0.511 0.32
0.512 0.4
0.513 0.49
0.514 0.6
0.515 0.7
0.516 0.8
0.517 0.95
0.518 1.0
0.519 1.0
0.52 1.0
0.521 1.0
0.522 1.0
0.523 0.95
0.524 0.8
0.525 0.7
0.526 0.6
0.527 0.485
0.528 0.395
0.529 0.315
0.53 0.245
0.531 0.185
0.532 0.13
0.533 0.085
0.534 0.05
0.535 0.025
0.536 0.0085
# -------------------
# Wyvern_Dragonette-001 Band 4
# -------------------
0.518 0.001904762
0.519 0.012380952
0.52 0.03142857
0.521 0.057142857
0.522 0.0952381
0.523 0.14285715
0.524 0.1952381
0.525 0.26190478
0.526 0.33333334
0.527 0.41428572
0.528 0.52380955
0.529 0.61904764
0.53 0.71428573
0.531 0.8095238
0.532 0.95238096
0.533 1.0
0.534 1.0
0.535 1.0
0.536 1.0
0.537 1.0
0.538 0.95238096
0.539 0.8095238
0.54 0.71428573
0.541 0.61904764
0.542 0.52380955
0.543 0.40952381
0.544 0.32857144
0.545 0.25714287
0.546 0.1952381
0.547 0.14285715
0.548 0.0952381
0.549 0.057142857
0.55 0.030952381
0.551 0.011904762
0.552 0.001857143
# -------------------
# Wyvern_Dragonette-001 Band 5
# -------------------
0.533 0.003904762
0.534 0.016666668
0.535 0.03857143
0.536 0.071428575
0.537 0.10952381
0.538 0.15714286
0.539 0.21428572
0.54 0.2809524
0.541 0.35714287
0.542 0.44285715
0.543 0.52380955
0.544 0.61904764
0.545 0.7619048
0.546 0.85714287
0.547 1.0
0.548 1.0
0.549 1.0
0.55 1.0
0.551 1.0
0.552 1.0
0.553 1.0
0.554 0.85714287
0.555 0.7619048
0.556 0.61904764
0.557 0.52380955
0.558 0.43809524
0.559 0.35238096
0.56 0.2809524
0.561 0.21428572
0.562 0.15714286
0.563 0.10952381
0.564 0.06666667
0.565 0.03809524
0.566 0.016666668
0.567 0.003809524
# -------------------
# Wyvern_Dragonette-001 Band 6
# -------------------
0.553 0.007619048
0.554 0.023809524
0.555 0.04761905
0.556 0.08095238
0.557 0.123809524
0.558 0.17619048
0.559 0.23809524
0.56 0.30476192
0.561 0.3857143
0.562 0.47142857
0.563 0.5714286
0.564 0.6666667
0.565 0.7619048
0.566 0.9047619
0.567 1.0
0.568 1.0
0.569 1.0
0.57 1.0
0.571 1.0
0.572 1.0
0.573 1.0
0.574 0.9047619
0.575 0.7619048
0.576 0.6666667
0.577 0.5714286
0.578 0.46190476
0.579 0.37619048
0.58 0.3
0.581 0.23333333
0.582 0.17142858
0.583 0.123809524
0.584 0.08095238
0.585 0.04761905
0.586 0.023333333
0.587 0.007619048
# -------------------
# Wyvern_Dragonette-001 Band 7
# -------------------
0.567 0.00152381
0.568 0.010952381
0.569 0.02952381
0.57 0.057142857
0.571 0.09047619
0.572 0.13809524
0.573 0.1904762
0.574 0.25238097
0.575 0.32380953
0.576 0.4
0.577 0.47619048
0.578 0.5714286
0.579 0.6666667
0.58 0.8095238
0.581 0.9047619
0.582 1.0
0.583 1.0
0.584 1.0
0.585 1.0
0.586 1.0
0.587 1.0
0.588 1.0
0.589 0.9047619
0.59 0.8095238
0.591 0.71428573
0.592 0.5714286
0.593 0.47619048
0.594 0.4
0.595 0.31904763
0.596 0.25238097
0.597 0.1904762
0.598 0.13809524
0.599 0.09047619
0.6 0.057142857
0.601 0.02904762
0.602 0.010952381
0.603 0.00147619
# -------------------
# Wyvern_Dragonette-001 Band 8
# -------------------
0.582 0.003285714
0.583 0.015238095
0.584 0.035714287
0.585 0.06666667
0.586 0.104761906
0.587 0.15238096
0.588 0.20476191
0.589 0.27142859
0.59 0.34285715
0.591 0.42380953
0.592 0.52380955
0.593 0.61904764
0.594 0.71428573
0.595 0.85714287
0.596 0.95238096
0.597 1.0
0.598 1.0
0.599 1.0
0.6 1.0
0.601 1.0
0.602 0.95238096
0.603 0.95238096
0.604 0.95238096
0.605 0.8095238
0.606 0.71428573
0.607 0.61904764
0.608 0.52380955
0.609 0.41904762
0.61 0.33809525
0.611 0.26666668
0.612 0.2
0.613 0.14761905
0.614 0.1
0.615 0.061904762
0.616 0.035238095
0.617 0.014761905
0.618 0.003238095
# -------------------
# Wyvern_Dragonette-001 Band 9
# -------------------
0.597 0.006
0.598 0.021
0.599 0.0455
0.6 0.08
0.601 0.12
0.602 0.17
0.603 0.23
0.604 0.3
0.605 0.38
0.606 0.465
0.607 0.55
0.608 0.65
0.609 0.8
0.61 0.9
0.611 1.0
0.612 1.0
0.613 1.0
0.614 1.0
0.615 1.0
0.616 1.0
0.617 1.0
0.618 1.0
0.619 1.0
0.62 0.9
0.621 0.75
0.622 0.65
0.623 0.55
0.624 0.455
0.625 0.37
0.626 0.295
0.627 0.225
0.628 0.165
0.629 0.115
0.63 0.075
0.631 0.0435
0.632 0.0205
0.633 0.006
# -------------------
# Wyvern_Dragonette-001 Band 10
# -------------------
0.616 0.00125
0.617 0.0105
0.618 0.0285
0.619 0.055
0.62 0.09
0.621 0.135
0.622 0.19
0.623 0.25
0.624 0.325
0.625 0.4
0.626 0.49
0.627 0.6
0.628 0.7
0.629 0.8
0.63 0.95
0.631 1.0
0.632 1.0
0.633 1.0
0.634 1.0
0.635 1.0
0.636 1.0
0.637 1.0
0.638 1.0
0.639 0.95
0.64 0.9
0.641 0.8
0.642 0.65
0.643 0.55
0.644 0.475
0.645 0.39
0.646 0.31
0.647 0.24
0.648 0.18
0.649 0.13
0.65 0.085
0.651 0.055
0.652 0.027
0.653 0.01
0.654 0.00115
# -------------------
# Wyvern_Dragonette-001 Band 11
# -------------------
0.631 0.003
0.632 0.015263158
0.633 0.036315788
0.634 0.06842105
0.635 0.10526316
0.636 0.15263158
0.637 0.21052632
0.638 0.27894738
0.639 0.35263157
0.64 0.4368421
0.641 0.5263158
0.642 0.6315789
0.643 0.7368421
0.644 0.84210527
0.645 1.0
0.646 1.0
0.647 1.0
0.648 1.0
0.649 1.0
0.65 1.0
0.651 1.0
0.652 1.0
0.653 1.0
0.654 1.0
0.655 0.94736844
0.656 0.84210527
0.657 0.7368421
0.658 0.6315789
0.659 0.51578945
0.66 0.42105263
0.661 0.33684212
0.662 0.26842105
0.663 0.2
0.664 0.14736842
0.665 0.1
0.666 0.06315789
0.667 0.033684213
0.668 0.014210526
0.669 0.002789474
# -------------------
# Wyvern_Dragonette-001 Band 12
# -------------------
0.641 0.004473684
0.642 0.017894737
0.643 0.040526316
0.644 0.07368421
0.645 0.110526316
0.646 0.1631579
0.647 0.22105263
0.648 0.28421053
0.649 0.3631579
0.65 0.4473684
0.651 0.5263158
0.652 0.6315789
0.653 0.7368421
0.654 0.8947368
0.655 1.0
0.656 1.0
0.657 1.0
0.658 1.0
0.659 1.0
0.66 1.0
0.661 1.0
0.662 1.0
0.663 1.0
0.664 1.0
0.665 0.94736844
0.666 0.84210527
0.667 0.7368421
0.668 0.6315789
0.669 0.51578945
0.67 0.42631578
0.671 0.34210527
0.672 0.26842105
0.673 0.20526315
0.674 0.15263158
0.675 0.10526316
0.676 0.06842105
0.677 0.03736842
0.678 0.01631579
0.679 0.004105263
# -------------------
# Wyvern_Dragonette-001 Band 13
# -------------------
0.651 0.006315789
0.652 0.021052632
0.653 0.045263156
0.654 0.078947365
0.655 0.12105263
0.656 0.16842106
0.657 0.2263158
0.658 0.29473683
0.659 0.36842105
0.66 0.4526316
0.661 0.5263158
0.662 0.6315789
0.663 0.7368421
0.664 0.8947368
0.665 1.0
0.666 0.94736844
0.667 0.94736844
0.668 0.94736844
0.669 0.94736844
0.67 0.94736844
0.671 0.94736844
0.672 0.94736844
0.673 0.94736844
0.674 0.94736844
0.675 0.94736844
0.676 0.84210527
0.677 0.7368421
0.678 0.6315789
0.679 0.52105266
0.68 0.43157893
0.681 0.34736842
0.682 0.2736842
0.683 0.21052632
0.684 0.15789473
0.685 0.110526316
0.686 0.07368421
0.687 0.041052632
0.688 0.019473685
0.689 0.005789474
# -------------------
# Wyvern_Dragonette-001 Band 14
# -------------------
0.661 0.008888889
0.662 0.026111111
0.663 0.052222222
0.664 0.08888889
0.665 0.13333334
0.666 0.18333334
0.667 0.24444444
0.668 0.31666666
0.669 0.39444444
0.67 0.48333332
0.671 0.5555556
0.672 0.6666667
0.673 0.7777778
0.674 0.9444444
0.675 1.0
0.676 1.0
0.677 1.0
0.678 1.0
0.679 1.0
0.68 1.0
0.681 1.0
0.682 1.0
0.683 1.0
0.684 1.0
0.685 1.0
0.686 0.8888889
0.687 0.7777778
0.688 0.6666667
0.689 0.5555556
0.69 0.4611111
0.691 0.37222221
0.692 0.3
0.693 0.22777778
0.694 0.17222223
0.695 0.12222222
0.696 0.07777778
0.697 0.04777778
0.698 0.023333333
0.699 0.007777778
# -------------------
# Wyvern_Dragonette-001 Band 15
# -------------------
0.67 0.001388889
0.671 0.011111111
0.672 0.029444445
0.673 0.055555556
0.674 0.094444446
0.675 0.1388889
0.676 0.18888889
0.677 0.25
0.678 0.32222223
0.679 0.4
0.68 0.4888889
0.681 0.5555556
0.682 0.6666667
0.683 0.7777778
0.684 0.9444444
0.685 1.0
0.686 0.9444444
0.687 0.9444444
0.688 0.9444444
0.689 0.9444444
0.69 0.9444444
0.691 0.9444444
0.692 0.9444444
0.693 0.9444444
0.694 0.9444444
0.695 0.9444444
0.696 0.8888889
0.697 0.7777778
0.698 0.6666667
0.699 0.5555556
0.7 0.4611111
0.701 0.37777779
0.702 0.3
0.703 0.23333333
0.704 0.17777778
0.705 0.12777779
0.706 0.083333336
0.707 0.05111111
0.708 0.026111111
0.709 0.01
0.71 0.001222222
# -------------------
# Wyvern_Dragonette-001 Band 16
# -------------------
0.68 0.002588235
0.681 0.014117647
0.682 0.03470588
0.683 0.06470588
0.684 0.105882354
0.685 0.15294118
0.686 0.20588236
0.687 0.2764706
0.688 0.34705883
0.689 0.42941177
0.69 0.5235294
0.691 0.64705884
0.692 0.7058824
0.693 0.8235294
0.694 1.0
0.695 1.0
0.696 1.0
0.697 1.0
0.698 1.0
0.699 1.0
0.7 1.0
0.701 1.0
0.702 1.0
0.703 1.0
0.704 1.0
0.705 1.0
0.706 0.9411765
0.707 0.8235294
0.708 0.7058824
0.709 0.5882353
0.71 0.4882353
0.711 0.4
0.712 0.32352942
0.713 0.2529412
0.714 0.19411765
0.715 0.14117648
0.716 0.09411765
0.717 0.058235295
0.718 0.03117647
0.719 0.012352942
0.72 0.002294118
# -------------------
# Wyvern_Dragonette-001 Band 17
# -------------------
0.692 0.0045
0.693 0.01875
0.694 0.041875
0.695 0.075
0.696 0.11875
0.697 0.16875
0.698 0.23125
0.699 0.3
0.7 0.375
0.701 0.4625
0.702 0.55625
0.703 0.6875
0.704 0.75
0.705 0.875
0.706 1.0
0.707 1.0
0.708 1.0
0.709 1.0
0.71 1.0
0.711 1.0
0.712 1.0
0.713 1.0
0.714 1.0
0.715 1.0
0.716 1.0
0.717 1.0
0.718 1.0
0.719 0.875
0.72 0.75
0.721 0.625
0.722 0.525
0.723 0.43125
0.724 0.35
0.725 0.275
0.726 0.2125
0.727 0.15625
0.728 0.10625
0.729 0.06875
0.73 0.0375
0.731 0.01625
0.732 0.004
# -------------------
# Wyvern_Dragonette-001 Band 18
# -------------------
0.702 0.0061875
0.703 0.02125
0.704 0.045625
0.705 0.08125
0.706 0.11875
0.707 0.175
0.708 0.23125
0.709 0.3
0.71 0.38125
0.711 0.4625
0.712 0.55625
0.713 0.6875
0.714 0.75
0.715 0.875
0.716 1.0
0.717 1.0
0.718 1.0
0.719 1.0
0.72 1.0
0.721 1.0
0.722 1.0
0.723 1.0
0.724 1.0
0.725 1.0
0.726 1.0
0.727 1.0
0.728 1.0
0.729 0.875
0.73 0.75
0.731 0.625
0.732 0.53125
0.733 0.4375
0.734 0.35625
0.735 0.28125
0.736 0.2125
0.737 0.15625
0.738 0.1125
0.739 0.06875
0.74 0.04125
0.741 0.019375
0.742 0.0055
# -------------------
# Wyvern_Dragonette-001 Band 19
# -------------------
0.715 0.009333333
0.716 0.027333334
0.717 0.05466667
0.718 0.093333334
0.719 0.14
0.72 0.19333333
0.721 0.25333333
0.722 0.32666665
0.723 0.41333333
0.724 0.5
0.725 0.6
0.726 0.73333335
0.727 0.8
0.728 0.93333334
0.729 1.0
0.73 1.0
0.731 1.0
0.732 1.0
0.733 1.0
0.734 1.0
0.735 1.0
0.736 1.0
0.737 1.0
0.738 1.0
0.739 1.0
0.74 1.0
0.741 1.0
0.742 0.93333334
0.743 0.8
0.744 0.6666667
0.745 0.56
0.746 0.46666667
0.747 0.38
0.748 0.3
0.749 0.23333333
0.75 0.17333333
0.751 0.12666667
0.752 0.08
0.753 0.048666667
0.754 0.024
0.755 0.008
# -------------------
# Wyvern_Dragonette-001 Band 20
# -------------------
0.729 0.002133333
0.73 0.012666667
0.731 0.03266667
0.732 0.061333332
0.733 0.1
0.734 0.14666666
0.735 0.2
0.736 0.26666668
0.737 0.33333334
0.738 0.41333333
0.739 0.50666666
0.74 0.6
0.741 0.73333335
0.742 0.8
0.743 0.93333334
0.744 1.0
0.745 1.0
0.746 1.0
0.747 1.0
0.748 0.93333334
0.749 0.93333334
0.75 0.93333334
0.751 0.93333334
0.752 0.93333334
0.753 0.93333334
0.754 0.93333334
0.755 0.93333334
0.756 0.93333334
0.757 0.8666667
0.758 0.8
0.759 0.6666667
0.76 0.56
0.761 0.46666667
0.762 0.38
0.763 0.30666667
0.764 0.24
0.765 0.18
0.766 0.12666667
0.767 0.086666666
0.768 0.054
0.769 0.028666666
0.77 0.011333333
0.771 0.0018
# -------------------
# Wyvern_Dragonette-001 Band 21
# -------------------
0.744 0.004285714
0.745 0.017857144
0.746 0.040714286
0.747 0.071428575
0.748 0.114285715
0.749 0.16428572
0.75 0.22142857
0.751 0.29285714
0.752 0.3642857
0.753 0.45
0.754 0.54285717
0.755 0.64285713
0.756 0.78571427
0.757 0.85714287
0.758 1.0
0.759 1.0
0.76 1.0
0.761 1.0
0.762 1.0
0.763 1.0
0.764 1.0
0.765 1.0
0.766 1.0
0.767 0.9285714
0.768 0.9285714
0.769 0.9285714
0.77 0.9285714
0.771 0.9285714
0.772 0.9285714
0.773 0.78571427
0.774 0.7
0.775 0.5928571
0.776 0.49285713
0.777 0.40714285
0.778 0.32857144
0.779 0.25714287
0.78 0.19285715
0.781 0.14285715
0.782 0.1
0.783 0.06285714
0.784 0.035
0.785 0.015
0.786 0.003642857
# -------------------
# Wyvern_Dragonette-001 Band 22
# -------------------
0.761 0.007692308
0.762 0.024615385
0.763 0.050769232
0.764 0.08461539
0.765 0.13076924
0.766 0.18461539
0.767 0.24615385
0.768 0.31538463
0.769 0.3923077
0.77 0.4846154
0.771 0.5769231
0.772 0.6769231
0.773 0.7692308
0.774 0.9230769
0.775 1.0
0.776 1.0
0.777 1.0
0.778 1.0
0.779 1.0
0.78 1.0
0.781 1.0
0.782 1.0
0.783 1.0
0.784 1.0
0.785 0.9230769
0.786 0.9230769
0.787 0.9230769
0.788 0.9230769
0.789 0.9230769
0.79 0.84615386
0.791 0.7307692
0.792 0.6230769
0.793 0.52307695
0.794 0.43076923
0.795 0.34615386
0.796 0.2769231
0.797 0.21538462
0.798 0.16153847
0.799 0.10769231
0.8 0.07230769
0.801 0.042307694
0.802 0.020769231
0.803 0.006384615
# -------------------
# Wyvern_Dragonette-001 Band 23
# -------------------
0.778 0.001833333
0.779 0.0125
0.78 0.0325
0.781 0.061666667
0.782 0.1
0.783 0.15
0.784 0.2
0.785 0.26666668
0.786 0.34166667
0.787 0.425
0.788 0.51666665
0.789 0.60833335
0.79 0.71666664
0.791 0.8333333
0.792 0.9166667
0.793 1.0
0.794 1.0
0.795 1.0
0.796 1.0
0.797 1.0
0.798 1.0
0.799 1.0
0.8 1.0
0.801 1.0
0.802 0.9166667
0.803 0.9166667
0.804 0.9166667
0.805 0.9166667
0.806 0.9166667
0.807 0.9166667
0.808 0.9166667
0.809 0.7583333
0.81 0.65
0.811 0.5416667
0.812 0.45
0.813 0.36666667
0.814 0.29166666
0.815 0.225
0.816 0.175
0.817 0.125
0.818 0.0825
0.819 0.050833333
0.82 0.025833333
0.821 0.01
0.822 0.001416667
# -------------------
