# Wyvern_Dragonette-002 RSR
# QV 2025-06-10 from drag_002_rsr_curve.csv
# filtered to response > 0.001
#
# Wyvern_Dragonette-002 Band 1
# -------------------
0.429 0.0028571428
0.43 0.06153846
0.431 0.12087912
0.432 0.18681319
0.433 0.25274727
0.434 0.31868133
0.435 0.3846154
0.436 0.45054945
0.437 0.51648355
0.438 0.5824176
0.439 0.64835167
0.44 0.72527474
0.441 0.7912088
0.442 0.85714287
0.443 0.93406594
0.444 1.0
0.445 1.0
0.446 1.0
0.447 0.94505495
0.448 0.8791209
0.449 0.82417583
0.45 0.7582418
0.451 0.6923077
0.452 0.61538464
0.453 0.5494506
0.454 0.48351648
0.455 0.41758242
0.456 0.34065935
0.457 0.2747253
0.458 0.20879121
0.459 0.14285715
0.46 0.06813187
0.461 0.003186813
# -------------------
# Wyvern_Dragonette-002 Band 2
# -------------------
0.449 0.022
0.45 0.086
0.451 0.15
0.452 0.22
0.453 0.28
0.454 0.35
0.455 0.41
0.456 0.48
0.457 0.54
0.458 0.61
0.459 0.68
0.46 0.75
0.461 0.82
0.462 0.89
0.463 0.95
0.464 1.0
0.465 1.0
0.466 1.0
0.467 0.97
0.468 0.9
0.469 0.84
0.47 0.78
0.471 0.71
0.472 0.64
0.473 0.58
0.474 0.51
0.475 0.44
0.476 0.37
0.477 0.3
0.478 0.23
0.479 0.16
0.48 0.095
0.481 0.024
# -------------------
# Wyvern_Dragonette-002 Band 3
# -------------------
0.464 0.03818182
0.465 0.1
0.466 0.16363636
0.467 0.22727273
0.468 0.29090908
0.469 0.35454544
0.47 0.4181818
0.471 0.48181817
0.472 0.55454546
0.473 0.6181818
0.474 0.6818182
0.475 0.74545455
0.476 0.8090909
0.477 0.8818182
0.478 0.90909094
0.479 1.0
0.48 1.0
0.481 1.0
0.482 1.0
0.483 0.90909094
0.484 0.8454546
0.485 0.77272725
0.486 0.7090909
0.487 0.6454545
0.488 0.58181816
0.489 0.5090909
0.49 0.44545454
0.491 0.38181818
0.492 0.3090909
0.493 0.24545455
0.494 0.18181819
0.495 0.10909091
0.496 0.042727273
# -------------------
# Wyvern_Dragonette-002 Band 4
# -------------------
0.473 0.05090909
0.474 0.11818182
0.475 0.18181819
0.476 0.24545455
0.477 0.3090909
0.478 0.38181818
0.479 0.44545454
0.48 0.5181818
0.481 0.58181816
0.482 0.6545454
0.483 0.72727275
0.484 0.7909091
0.485 0.8636364
0.486 0.90909094
0.487 1.0
0.488 1.0
0.489 1.0
0.49 1.0
0.491 1.0
0.492 0.90909094
0.493 0.8818182
0.494 0.8181818
0.495 0.75454545
0.496 0.6818182
0.497 0.6181818
0.498 0.54545456
0.499 0.48181817
0.5 0.4090909
0.501 0.33636364
0.502 0.27272728
0.503 0.2
0.504 0.12727273
0.505 0.05727273
# -------------------
# Wyvern_Dragonette-002 Band 5
# -------------------
0.485 0.002
0.486 0.065
0.487 0.125
0.488 0.19166666
0.489 0.25833333
0.49 0.31666666
0.491 0.38333333
0.492 0.45
0.493 0.51666665
0.494 0.5833333
0.495 0.65
0.496 0.71666664
0.497 0.78333336
0.498 0.8333333
0.499 0.9166667
0.5 1.0
0.501 1.0
0.502 1.0
0.503 1.0
0.504 1.0
0.505 0.9166667
0.506 0.9166667
0.507 0.81666666
0.508 0.75
0.509 0.68333334
0.51 0.6166667
0.511 0.55
0.512 0.48333332
0.513 0.41666666
0.514 0.35
0.515 0.275
0.516 0.20833333
0.517 0.14166667
0.518 0.071666665
0.519 0.0021666666
# -------------------
# Wyvern_Dragonette-002 Band 6
# -------------------
0.492 0.010833333
0.493 0.075833336
0.494 0.14166667
0.495 0.20833333
0.496 0.275
0.497 0.34166667
0.498 0.40833333
0.499 0.475
0.5 0.5416667
0.501 0.60833335
0.502 0.68333334
0.503 0.75
0.504 0.825
0.505 0.9166667
0.506 1.0
0.507 1.0
0.508 1.0
0.509 1.0
0.51 1.0
0.511 1.0
0.512 1.0
0.513 0.9166667
0.514 0.8333333
0.515 0.775
0.516 0.7083333
0.517 0.64166665
0.518 0.56666666
0.519 0.5
0.52 0.43333334
0.521 0.35833332
0.522 0.29166666
0.523 0.225
0.524 0.15
0.525 0.0825
0.526 0.011666667
# -------------------
# Wyvern_Dragonette-002 Band 7
# -------------------
0.502 0.022307692
0.503 0.08461539
0.504 0.14615385
0.505 0.21538462
0.506 0.2769231
0.507 0.33846155
0.508 0.4076923
0.509 0.46923077
0.51 0.53846157
0.511 0.6
0.512 0.66923076
0.513 0.7307692
0.514 0.7692308
0.515 0.84615386
0.516 0.9230769
0.517 1.0
0.518 1.0
0.519 1.0
0.52 1.0
0.521 1.0
0.522 0.9230769
0.523 0.84615386
0.524 0.84615386
0.525 0.74615383
0.526 0.6846154
0.527 0.6230769
0.528 0.5538462
0.529 0.4923077
0.53 0.42307693
0.531 0.35384616
0.532 0.2923077
0.533 0.22307692
0.534 0.15384616
0.535 0.092307694
0.536 0.023076924
# -------------------
# Wyvern_Dragonette-002 Band 8
# -------------------
0.517 0.041538462
0.518 0.10769231
0.519 0.17692308
0.52 0.23846154
0.521 0.30769232
0.522 0.37692308
0.523 0.44615385
0.524 0.50769234
0.525 0.5769231
0.526 0.64615387
0.527 0.7153846
0.528 0.7692308
0.529 0.84615386
0.53 0.9230769
0.531 1.0
0.532 1.0
0.533 1.0
0.534 1.0
0.535 1.0
0.536 1.0
0.537 1.0
0.538 0.9230769
0.539 0.84615386
0.54 0.7692308
0.541 0.72307694
0.542 0.6615385
0.543 0.5923077
0.544 0.52307695
0.545 0.46153846
0.546 0.3923077
0.547 0.32307693
0.548 0.25384617
0.549 0.18461539
0.55 0.115384616
0.551 0.043846153
# -------------------
# Wyvern_Dragonette-002 Band 9
# -------------------
0.531 0.0035714286
0.532 0.057857145
0.533 0.12142857
0.534 0.18571429
0.535 0.25
0.536 0.31428573
0.537 0.37857142
0.538 0.43571427
0.539 0.5
0.54 0.5714286
0.541 0.6357143
0.542 0.7
0.543 0.78571427
0.544 0.85714287
0.545 0.9285714
0.546 0.9285714
0.547 1.0
0.548 1.0
0.549 1.0
0.55 1.0
0.551 1.0
0.552 1.0
0.553 0.9285714
0.554 0.85714287
0.555 0.78571427
0.556 0.71428573
0.557 0.65
0.558 0.5857143
0.559 0.5214286
0.56 0.45714286
0.561 0.39285713
0.562 0.32142857
0.563 0.25714287
0.564 0.19285715
0.565 0.12857144
0.566 0.060714286
0.567 0.0037142858
# -------------------
# Wyvern_Dragonette-002 Band 10
# -------------------
0.551 0.018571429
0.552 0.08571429
0.553 0.15
0.554 0.21428572
0.555 0.27857143
0.556 0.34285715
0.557 0.41428572
0.558 0.47857141
0.559 0.54285717
0.56 0.6142857
0.561 0.6785714
0.562 0.71428573
0.563 0.78571427
0.564 0.85714287
0.565 0.9285714
0.566 1.0
0.567 1.0
0.568 1.0
0.569 1.0
0.57 1.0
0.571 1.0
0.572 1.0
0.573 0.9285714
0.574 0.85714287
0.575 0.78571427
0.576 0.78571427
0.577 0.6857143
0.578 0.62142855
0.579 0.55
0.58 0.4857143
0.581 0.42142856
0.582 0.35714287
0.583 0.2857143
0.584 0.22142857
0.585 0.15714286
0.586 0.08571429
0.587 0.019285714
# -------------------
# Wyvern_Dragonette-002 Band 11
# -------------------
0.566 0.03785714
0.567 0.10714286
0.568 0.17142858
0.569 0.23571429
0.57 0.3
0.571 0.37142858
0.572 0.43571427
0.573 0.5
0.574 0.5714286
0.575 0.6357143
0.576 0.7
0.577 0.78571427
0.578 0.85714287
0.579 0.9285714
0.58 1.0
0.581 1.0
0.582 1.0
0.583 1.0
0.584 1.0
0.585 1.0
0.586 1.0
0.587 1.0
0.588 1.0
0.589 0.9285714
0.59 0.85714287
0.591 0.78571427
0.592 0.71428573
0.593 0.6571429
0.594 0.5857143
0.595 0.5214286
0.596 0.45
0.597 0.3857143
0.598 0.31428573
0.599 0.24285714
0.6 0.17857143
0.601 0.10714286
0.602 0.039285716
# -------------------
# Wyvern_Dragonette-002 Band 12
# -------------------
0.582 0.05466667
0.583 0.12
0.584 0.18
0.585 0.24666667
0.586 0.30666667
0.587 0.37333333
0.588 0.43333334
0.589 0.5
0.59 0.56666666
0.591 0.62666667
0.592 0.6666667
0.593 0.73333335
0.594 0.8
0.595 0.8666667
0.596 0.93333334
0.597 0.93333334
0.598 0.93333334
0.599 0.93333334
0.6 0.93333334
0.601 1.0
0.602 1.0
0.603 1.0
0.604 0.93333334
0.605 0.8666667
0.606 0.8
0.607 0.8
0.608 0.73333335
0.609 0.64
0.61 0.5733333
0.611 0.50666666
0.612 0.44666666
0.613 0.38
0.614 0.31333333
0.615 0.25333333
0.616 0.18666667
0.617 0.12
0.618 0.05666667
# -------------------
# Wyvern_Dragonette-002 Band 13
# -------------------
0.595 0.010666667
0.596 0.07333333
0.597 0.14
0.598 0.2
0.599 0.26666668
0.6 0.33333334
0.601 0.39333335
0.602 0.46
0.603 0.52666664
0.604 0.58666664
0.605 0.6533333
0.606 0.73333335
0.607 0.8
0.608 0.8666667
0.609 0.93333334
0.61 1.0
0.611 1.0
0.612 1.0
0.613 1.0
0.614 1.0
0.615 1.0
0.616 1.0
0.617 1.0
0.618 1.0
0.619 0.93333334
0.62 0.8666667
0.621 0.8
0.622 0.73333335
0.623 0.66
0.624 0.5933333
0.625 0.53333336
0.626 0.46666667
0.627 0.4
0.628 0.33333334
0.629 0.26666668
0.63 0.20666666
0.631 0.14
0.632 0.07333333
0.633 0.011333333
# -------------------
# Wyvern_Dragonette-002 Band 14
# -------------------
0.616 0.034
0.617 0.1
0.618 0.16666667
0.619 0.22666667
0.62 0.29333332
0.621 0.36
0.622 0.42666668
0.623 0.49333334
0.624 0.55333334
0.625 0.62
0.626 0.6666667
0.627 0.73333335
0.628 0.8
0.629 0.8666667
0.63 0.93333334
0.631 1.0
0.632 1.0
0.633 1.0
0.634 1.0
0.635 1.0
0.636 1.0
0.637 1.0
0.638 1.0
0.639 1.0
0.64 0.93333334
0.641 0.8666667
0.642 0.8
0.643 0.73333335
0.644 0.6666667
0.645 0.62
0.646 0.55333334
0.647 0.48666668
0.648 0.42666668
0.649 0.36
0.65 0.29333332
0.651 0.22666667
0.652 0.16666667
0.653 0.1
0.654 0.034
# -------------------
# Wyvern_Dragonette-002 Band 15
# -------------------
0.631 0.052666668
0.632 0.12
0.633 0.18
0.634 0.24666667
0.635 0.31333333
0.636 0.38
0.637 0.44
0.638 0.50666666
0.639 0.5733333
0.64 0.64
0.641 0.73333335
0.642 0.8
0.643 0.8
0.644 0.8666667
0.645 0.93333334
0.646 1.0
0.647 1.0
0.648 1.0
0.649 1.0
0.65 1.0
0.651 1.0
0.652 1.0
0.653 1.0
0.654 1.0
0.655 0.93333334
0.656 0.8666667
0.657 0.8
0.658 0.73333335
0.659 0.6666667
0.66 0.6333333
0.661 0.56666666
0.662 0.50666666
0.663 0.44
0.664 0.37333333
0.665 0.30666667
0.666 0.24666667
0.667 0.18
0.668 0.11333334
0.669 0.051333334
# -------------------
# Wyvern_Dragonette-002 Band 16
# -------------------
0.64 0.0018666667
0.641 0.064666666
0.642 0.12666667
0.643 0.19333333
0.644 0.26
0.645 0.32666665
0.646 0.38666666
0.647 0.45333335
0.648 0.52
0.649 0.58666664
0.65 0.6533333
0.651 0.73333335
0.652 0.8
0.653 0.8666667
0.654 0.93333334
0.655 1.0
0.656 1.0
0.657 1.0
0.658 1.0
0.659 1.0
0.66 1.0
0.661 1.0
0.662 1.0
0.663 1.0
0.664 0.93333334
0.665 0.93333334
0.666 0.8666667
0.667 0.8666667
0.668 0.8
0.669 0.73333335
0.67 0.64
0.671 0.5733333
0.672 0.50666666
0.673 0.44666666
0.674 0.38
0.675 0.31333333
0.676 0.25333333
0.677 0.18666667
0.678 0.12666667
0.679 0.06266667
0.68 0.0018
# -------------------
# Wyvern_Dragonette-002 Band 17
# -------------------
0.65 0.012857143
0.651 0.08571429
0.652 0.15
0.653 0.22142857
0.654 0.29285714
0.655 0.35714287
0.656 0.42857143
0.657 0.5
0.658 0.5714286
0.659 0.6357143
0.66 0.70714283
0.661 0.78571427
0.662 0.85714287
0.663 0.9285714
0.664 1.0
0.665 1.0
0.666 1.0
0.667 1.0
0.668 1.0
0.669 1.0
0.67 1.0
0.671 1.0
0.672 1.0
0.673 1.0
0.674 1.0
0.675 1.0
0.676 0.9285714
0.677 0.85714287
0.678 0.85714287
0.679 0.78571427
0.68 0.6857143
0.681 0.62142855
0.682 0.55
0.683 0.4857143
0.684 0.41428572
0.685 0.35
0.686 0.27857143
0.687 0.21428572
0.688 0.14285715
0.689 0.07857143
0.69 0.012142858
# -------------------
# Wyvern_Dragonette-002 Band 18
# -------------------
0.66 0.025714286
0.661 0.092857145
0.662 0.16428572
0.663 0.23571429
0.664 0.3
0.665 0.37142858
0.666 0.43571427
0.667 0.50714284
0.668 0.5714286
0.669 0.64285713
0.67 0.70714283
0.671 0.78571427
0.672 0.85714287
0.673 0.9285714
0.674 1.0
0.675 1.0
0.676 1.0
0.677 1.0
0.678 1.0
0.679 1.0
0.68 1.0
0.681 1.0
0.682 1.0
0.683 1.0
0.684 1.0
0.685 1.0
0.686 1.0
0.687 0.9285714
0.688 0.85714287
0.689 0.78571427
0.69 0.69285715
0.691 0.62857145
0.692 0.55714285
0.693 0.49285713
0.694 0.42142856
0.695 0.35714287
0.696 0.29285714
0.697 0.22142857
0.698 0.15714286
0.699 0.092857145
0.7 0.024285715
# -------------------
# Wyvern_Dragonette-002 Band 19
# -------------------
0.67 0.03785714
0.671 0.10714286
0.672 0.17142858
0.673 0.24285714
0.674 0.30714285
0.675 0.37857142
0.676 0.44285715
0.677 0.51428574
0.678 0.57857144
0.679 0.64285713
0.68 0.71428573
0.681 0.78571427
0.682 0.85714287
0.683 0.9285714
0.684 1.0
0.685 1.0
0.686 1.0
0.687 1.0
0.688 1.0
0.689 1.0
0.69 1.0
0.691 1.0
0.692 1.0
0.693 1.0
0.694 1.0
0.695 1.0
0.696 1.0
0.697 0.9285714
0.698 0.85714287
0.699 0.78571427
0.7 0.69285715
0.701 0.62857145
0.702 0.5642857
0.703 0.49285713
0.704 0.42857143
0.705 0.3642857
0.706 0.3
0.707 0.22857143
0.708 0.16428572
0.709 0.1
0.71 0.035714287
# -------------------
# Wyvern_Dragonette-002 Band 20
# -------------------
0.68 0.05
0.681 0.114285715
0.682 0.18571429
0.683 0.25
0.684 0.32142857
0.685 0.3857143
0.686 0.45
0.687 0.5214286
0.688 0.5857143
0.689 0.65
0.69 0.71428573
0.691 0.78571427
0.692 0.85714287
0.693 0.9285714
0.694 1.0
0.695 1.0
0.696 1.0
0.697 1.0
0.698 1.0
0.699 1.0
0.7 1.0
0.701 1.0
0.702 1.0
0.703 1.0
0.704 1.0
0.705 1.0
0.706 0.9285714
0.707 0.9285714
0.708 0.85714287
0.709 0.78571427
0.71 0.69285715
0.711 0.62857145
0.712 0.5642857
0.713 0.5
0.714 0.43571427
0.715 0.37142858
0.716 0.30714285
0.717 0.24285714
0.718 0.17857143
0.719 0.114285715
0.72 0.047857143
# -------------------
# Wyvern_Dragonette-002 Band 21
# -------------------
0.691 0.0052857143
0.692 0.065
0.693 0.12857144
0.694 0.2
0.695 0.2642857
0.696 0.32857144
0.697 0.39285713
0.698 0.4642857
0.699 0.5285714
0.7 0.5928571
0.701 0.6571429
0.702 0.71428573
0.703 0.78571427
0.704 0.85714287
0.705 0.9285714
0.706 1.0
0.707 1.0
0.708 1.0
0.709 1.0
0.71 1.0
0.711 1.0
0.712 1.0
0.713 1.0
0.714 1.0
0.715 0.9285714
0.716 0.9285714
0.717 0.9285714
0.718 0.9285714
0.719 0.9285714
0.72 0.85714287
0.721 0.78571427
0.722 0.7
0.723 0.6357143
0.724 0.5714286
0.725 0.50714284
0.726 0.44285715
0.727 0.37857142
0.728 0.31428573
0.729 0.25
0.73 0.18571429
0.731 0.12142857
0.732 0.060714286
0.733 0.0049285716
# -------------------
# Wyvern_Dragonette-002 Band 22
# -------------------
0.7 0.01076923
0.701 0.07692308
0.702 0.15384616
0.703 0.22307692
0.704 0.2923077
0.705 0.36153847
0.706 0.43076923
0.707 0.5
0.708 0.5692308
0.709 0.63846153
0.71 0.7076923
0.711 0.7692308
0.712 0.84615386
0.713 0.9230769
0.714 1.0
0.715 1.0
0.716 1.0
0.717 1.0
0.718 1.0
0.719 1.0
0.72 1.0
0.721 1.0
0.722 1.0
0.723 1.0
0.724 1.0
0.725 1.0
0.726 1.0
0.727 1.0
0.728 1.0
0.729 0.9230769
0.73 0.84615386
0.731 0.75384617
0.732 0.6846154
0.733 0.61538464
0.734 0.54615384
0.735 0.47692308
0.736 0.4076923
0.737 0.34615386
0.738 0.2769231
0.739 0.20769231
0.74 0.13846155
0.741 0.07538462
0.742 0.01
# -------------------
# Wyvern_Dragonette-002 Band 23
# -------------------
0.713 0.026153846
0.714 0.092307694
0.715 0.16153847
0.716 0.23076923
0.717 0.3
0.718 0.36923078
0.719 0.43846154
0.72 0.50769234
0.721 0.5769231
0.722 0.64615387
0.723 0.7153846
0.724 0.7692308
0.725 0.84615386
0.726 0.9230769
0.727 1.0
0.728 1.0
0.729 1.0
0.73 1.0
0.731 1.0
0.732 1.0
0.733 1.0
0.734 1.0
0.735 1.0
0.736 1.0
0.737 1.0
0.738 1.0
0.739 1.0
0.74 1.0
0.741 0.9230769
0.742 0.9230769
0.743 0.84615386
0.744 0.74615383
0.745 0.6846154
0.746 0.61538464
0.747 0.54615384
0.748 0.4846154
0.749 0.41538462
0.75 0.35384616
0.751 0.2846154
0.752 0.22307692
0.753 0.15384616
0.754 0.092307694
0.755 0.024615385
# -------------------
# Wyvern_Dragonette-002 Band 24
# -------------------
0.729 0.046153847
0.73 0.115384616
0.731 0.18461539
0.732 0.24615385
0.733 0.31538463
0.734 0.3846154
0.735 0.44615385
0.736 0.5153846
0.737 0.5769231
0.738 0.64615387
0.739 0.7076923
0.74 0.7692308
0.741 0.84615386
0.742 0.9230769
0.743 1.0
0.744 1.0
0.745 1.0
0.746 1.0
0.747 1.0
0.748 1.0
0.749 1.0
0.75 1.0
0.751 1.0
0.752 1.0
0.753 1.0
0.754 1.0
0.755 1.0
0.756 1.0
0.757 0.9230769
0.758 0.84615386
0.759 0.84615386
0.76 0.74615383
0.761 0.6769231
0.762 0.61538464
0.763 0.54615384
0.764 0.4846154
0.765 0.42307693
0.766 0.35384616
0.767 0.2923077
0.768 0.23076923
0.769 0.16923077
0.77 0.10769231
0.771 0.042307694
# -------------------
# Wyvern_Dragonette-002 Band 25
# -------------------
0.743 0.0030833334
0.744 0.068333335
0.745 0.14166667
0.746 0.20833333
0.747 0.28333333
0.748 0.35
0.749 0.425
0.75 0.49166667
0.751 0.55833334
0.752 0.6333333
0.753 0.7
0.754 0.76666665
0.755 0.8333333
0.756 0.9166667
0.757 1.0
0.758 1.0
0.759 1.0
0.76 1.0
0.761 1.0
0.762 1.0
0.763 1.0
0.764 1.0
0.765 1.0
0.766 1.0
0.767 1.0
0.768 1.0
0.769 1.0
0.77 1.0
0.771 1.0
0.772 1.0
0.773 0.9166667
0.774 0.8333333
0.775 0.7916667
0.776 0.71666664
0.777 0.65
0.778 0.5833333
0.779 0.51666665
0.78 0.45
0.781 0.38333333
0.782 0.31666666
0.783 0.25833333
0.784 0.19166666
0.785 0.125
0.786 0.061666667
0.787 0.00275
# -------------------
# Wyvern_Dragonette-002 Band 26
# -------------------
0.76 0.019166667
0.761 0.09166667
0.762 0.15833333
0.763 0.225
0.764 0.29166666
0.765 0.35833332
0.766 0.425
0.767 0.49166667
0.768 0.55833334
0.769 0.625
0.77 0.69166666
0.771 0.75
0.772 0.81666666
0.773 0.9166667
0.774 0.9166667
0.775 1.0
0.776 1.0
0.777 1.0
0.778 1.0
0.779 1.0
0.78 1.0
0.781 1.0
0.782 1.0
0.783 1.0
0.784 1.0
0.785 0.9166667
0.786 0.9166667
0.787 0.9166667
0.788 0.9166667
0.789 0.9166667
0.79 0.9166667
0.791 0.8333333
0.792 0.76666665
0.793 0.7
0.794 0.6333333
0.795 0.575
0.796 0.5083333
0.797 0.45
0.798 0.38333333
0.799 0.325
0.8 0.25833333
0.801 0.2
0.802 0.13333334
0.803 0.07666667
0.804 0.016666668
# -------------------
# Wyvern_Dragonette-002 Band 27
# -------------------
0.778 0.043636363
0.779 0.11818182
0.78 0.18181819
0.781 0.25454545
0.782 0.3272727
0.783 0.3909091
0.784 0.46363637
0.785 0.5272727
0.786 0.6
0.787 0.6636364
0.788 0.73636365
0.789 0.8
0.79 0.8636364
0.791 0.90909094
0.792 1.0
0.793 1.0
0.794 1.0
0.795 1.0
0.796 1.0
0.797 1.0
0.798 1.0
0.799 1.0
0.8 1.0
0.801 1.0
0.802 1.0
0.803 1.0
0.804 1.0
0.805 1.0
0.806 1.0
0.807 1.0
0.808 0.90909094
0.809 0.8636364
0.81 0.8
0.811 0.73636365
0.812 0.6636364
0.813 0.6
0.814 0.53636366
0.815 0.47272727
0.816 0.4090909
0.817 0.34545454
0.818 0.28181818
0.819 0.21818182
0.82 0.15454546
0.821 0.1
0.822 0.03727273
# -------------------
# Wyvern_Dragonette-002 Band 28
# -------------------
0.792 0.0014545454
0.793 0.060909092
0.794 0.12727273
0.795 0.19090909
0.796 0.26363635
0.797 0.3272727
0.798 0.3909091
0.799 0.45454547
0.8 0.5181818
0.801 0.58181816
0.802 0.6454545
0.803 0.7090909
0.804 0.77272725
0.805 0.8363636
0.806 0.9
0.807 1.0
0.808 1.0
0.809 0.90909094
0.81 0.90909094
0.811 0.90909094
0.812 0.90909094
0.813 0.90909094
0.814 0.90909094
0.815 0.90909094
0.816 0.90909094
0.817 0.90909094
0.818 0.90909094
0.819 0.90909094
0.82 0.90909094
0.821 0.9
0.822 0.9
0.823 0.8818182
0.824 0.8272727
0.825 0.76363635
0.826 0.7
0.827 0.6363636
0.828 0.57272726
0.829 0.5181818
0.83 0.45454547
0.831 0.3909091
0.832 0.33636364
0.833 0.27272728
0.834 0.21818182
0.835 0.16363636
0.836 0.10909091
0.837 0.05
0.838 0.0011818182
# -------------------
# Wyvern_Dragonette-002 Band 29
# -------------------
0.809 0.015306123
0.81 0.0867347
0.811 0.15306123
0.812 0.2244898
0.813 0.29591838
0.814 0.36734694
0.815 0.42857143
0.816 0.5
0.817 0.56122446
0.818 0.63265306
0.819 0.6938776
0.82 0.7653061
0.821 0.82653064
0.822 0.8877551
0.823 0.9489796
0.824 1.0
0.825 0.9897959
0.826 0.9897959
0.827 0.97959185
0.828 0.97959185
0.829 0.96938777
0.83 0.96938777
0.831 0.9591837
0.832 0.9591837
0.833 0.9489796
0.834 0.9489796
0.835 0.93877554
0.836 0.93877554
0.837 0.9285714
0.838 0.9285714
0.839 0.9183673
0.84 0.9183673
0.841 0.86734694
0.842 0.79591835
0.843 0.7346939
0.844 0.67346936
0.845 0.6020408
0.846 0.5408163
0.847 0.47959185
0.848 0.41836736
0.849 0.35714287
0.85 0.29591838
0.851 0.24489796
0.852 0.18367347
0.853 0.12244898
0.854 0.06836735
0.855 0.012244898
# -------------------
# Wyvern_Dragonette-002 Band 30
# -------------------
0.827 0.040449437
0.828 0.111235954
0.829 0.17977528
0.83 0.24719101
0.831 0.3258427
0.832 0.39325842
0.833 0.46067417
0.834 0.5280899
0.835 0.5955056
0.836 0.66292137
0.837 0.71910113
0.838 0.78651685
0.839 0.85393256
0.84 0.9101124
0.841 0.9775281
0.842 1.0
0.843 0.98876405
0.844 0.98876405
0.845 0.9775281
0.846 0.9775281
0.847 0.96629214
0.848 0.9550562
0.849 0.9550562
0.85 0.94382024
0.851 0.94382024
0.852 0.9325843
0.853 0.9325843
0.854 0.92134833
0.855 0.9101124
0.856 0.9101124
0.857 0.8988764
0.858 0.8988764
0.859 0.8651685
0.86 0.7977528
0.861 0.7303371
0.862 0.6741573
0.863 0.60674155
0.864 0.5505618
0.865 0.48314607
0.866 0.42696628
0.867 0.37078652
0.868 0.30337077
0.869 0.24719101
0.87 0.19101124
0.871 0.13483146
0.872 0.083146065
0.873 0.029213483
# -------------------
# Wyvern_Dragonette-002 Band 31
# -------------------
0.846 0.0048051947
0.847 0.06883117
0.848 0.14285715
0.849 0.22077923
0.85 0.2857143
0.851 0.36363637
0.852 0.42857143
0.853 0.4935065
0.854 0.5584416
0.855 0.6363636
0.856 0.7012987
0.857 0.76623374
0.858 0.8181818
0.859 0.8831169
0.86 0.9480519
0.861 1.0
0.862 1.0
0.863 1.0
0.864 0.987013
0.865 0.987013
0.866 0.97402596
0.867 0.96103895
0.868 0.96103895
0.869 0.9480519
0.87 0.9480519
0.871 0.9350649
0.872 0.9220779
0.873 0.9220779
0.874 0.90909094
0.875 0.90909094
0.876 0.8961039
0.877 0.8831169
0.878 0.8831169
0.879 0.85714287
0.88 0.8051948
0.881 0.74025977
0.882 0.6753247
0.883 0.6103896
0.884 0.54545456
0.885 0.48051947
0.886 0.42857143
0.887 0.36363637
0.888 0.3116883
0.889 0.25974026
0.89 0.20779221
0.891 0.15584415
0.892 0.097402595
0.893 0.046753246
0.894 0.003116883
# -------------------
