## ACOLITE default settings for PACE_OCI
##
## Note that it is not recommended to edit this file to change settings.
## Instead make a new empty settings file for your run, listing only the
## settings you want to change from the ones in this defaults file.
##

copy_datasets=lon,lat,sza,vza,raa,rhot_*
add_detector_name=True
default_projection_resolution=1200,1200
output_projection_radius=10

## dark spectrum fitting options
dsf_aot_estimate=tiled
dsf_write_aot_550=True
dsf_wave_range=1200,2300
dsf_tile_dimensions=6,6
dsf_tile_smoothing=False

dsf_spectrum_option=percentile
dsf_percentile=1
dsf_interface_reflectance=True
resolved_geometry=False

## masking settings
l2w_mask_wave=2300
l2w_mask_threshold=0.02
l2w_mask_smooth=False
l2w_mask_negative_wave_range=440,900
l2w_mask_high_toa_wave_range=440,1050
l2w_mask_high_toa_threshold=0.3

## gains V2025.0
## gains as copied from ocssw V2025.0
## note that these won't work directly as 5 values are missing for ACOLITE processing
#gains_toa=1.0,1.0,1.0,1.0,1.0,1.0,1.0,1.0,1.0,1.0,1.0,1.0,1.0,0.989488,0.988911,0.9884,0.988621,0.989762,0.991102,0.993465,0.995149,0.995001,0.994164,0.993108,0.991879,0.991722,0.992,0.993355,0.99403,0.993436,0.992867,0.992253,0.991658,0.991033,0.99137,0.994105,0.994713,0.993959,0.993311,0.993742,0.994369,0.994639,0.995256,0.99594,0.996142,0.996391,0.99652,0.995652,0.996087,0.998604,0.998395,0.996991,0.997156,0.997769,0.997757,0.998049,0.997813,0.997391,0.997846,0.998124,0.99821,0.998132,0.997699,0.997467,0.998576,1.001129,1.003969,1.005713,1.003989,0.999579,0.996673,0.997347,0.996933,0.995887,0.996168,0.996221,0.995973,0.99726,0.998472,0.998652,0.998469,0.997822,0.997811,0.998597,0.999691,0.999357,0.999001,0.999494,1.000087,0.99895,0.997381,0.997143,0.997074,0.997073,0.997094,0.997518,0.997526,0.99696,0.996499,0.996362,0.997826,0.999316,1.00088,1.003789,1.007964,1.011961,1.01444,1.014484,1.010058,1.003936,1.000723,1.001019,1.002588,1.002504,1.001133,1.000043,1.009834,1.008732,1.005365,1.003284,1.004267,1.005697,1.007019,1.007757,1.008736,1.010672,1.014814,1.022311,1.023994,1.019787,1.015358,1.011371,1.008475,1.007732,1.007288,1.007331,1.007928,1.008671,1.00792,1.007713,1.006783,1.006922,1.007246,1.007942,1.008557,1.008392,1.007818,1.007629,1.007308,1.006723,1.005903,1.004718,1.003648,1.003352,1.002901,1.002449,1.00189,1.001463,1.001035,1.000971,1.000831,1.000575,1.000586,1.000438,1.000892,0.997112,0.997529,0.998715,1.001837,1.006753,1.012628,1.01738,1.019705,1.018449,1.015287,1.011024,1.006347,1.003404,1.002965,1.004226,1.0061,1.006618,1.007126,1.00751,1.008034,1.008509,1.00886,1.00874,1.008772,1.008667,1.009316,1.010182,1.009464,0.994818,0.994526,0.997397,0.998864,0.998763,1.001131,1.003071,1.004078,1.004427,1.003424,1.002578,1.001647,1.000857,1.000333,0.999872,0.99953,0.999464,0.999534,0.999703,0.999968,1.000286,1.000821,1.00135,1.001207,0.999591,0.998077,0.997029,1.00007,1.006011,1.009204,1.009549,1.007257,1.005313,1.003511,1.002166,1.000953,1.000179,0.999544,0.999234,0.999167,0.999294,1.000026,1.001201,1.002125,1.001857,1.001663,1.002687,1.003662,1.004304,1.003709,1.003153,1.004399,1.005077,1.001,0.997225,0.999375,0.999661,0.999686,1.001018,1.00067,1.00171,1.003126,1.003282,1.002424,1.001266,0.999977,0.99872,0.998138,0.99835,0.998758,1.000163,1.001377,1.000913,1.000657,1.000434,1.0,0.999021,0.997781,0.99695,0.996692,0.997359,0.998047,0.998927,1.000073,1.002457,1.003654,0.975155,1.006434,1.003716,1.000424,1.002452,1.007724,0.996589
## gains copied from ocssw V2025.0 but with 5 extra values:
## 3 x 1.0 added for the last three blue detector bands
## and gains for SWIR high/low gain duplicated
#gains_toa=1.0,1.0,1.0,1.0,1.0,1.0,1.0,1.0,1.0,1.0,1.0,1.0,1.0,0.989488,0.988911,0.9884,0.988621,0.989762,0.991102,0.993465,0.995149,0.995001,0.994164,0.993108,0.991879,0.991722,0.992,0.993355,0.99403,0.993436,0.992867,0.992253,0.991658,0.991033,0.99137,0.994105,0.994713,0.993959,0.993311,0.993742,0.994369,0.994639,0.995256,0.99594,0.996142,0.996391,0.99652,0.995652,0.996087,0.998604,0.998395,0.996991,0.997156,0.997769,0.997757,0.998049,0.997813,0.997391,0.997846,0.998124,0.99821,0.998132,0.997699,0.997467,0.998576,1.001129,1.003969,1.005713,1.003989,0.999579,0.996673,0.997347,0.996933,0.995887,0.996168,0.996221,0.995973,0.99726,0.998472,0.998652,0.998469,0.997822,0.997811,0.998597,0.999691,0.999357,0.999001,0.999494,1.000087,0.99895,0.997381,0.997143,0.997074,0.997073,0.997094,0.997518,0.997526,0.99696,0.996499,0.996362,0.997826,0.999316,1.00088,1.003789,1.007964,1.011961,1.01444,1.014484,1.010058,1.003936,1.000723,1.001019,1.002588,1.002504,1.001133,1.000043,1.0,1.0,1.0,1.009834,1.008732,1.005365,1.003284,1.004267,1.005697,1.007019,1.007757,1.008736,1.010672,1.014814,1.022311,1.023994,1.019787,1.015358,1.011371,1.008475,1.007732,1.007288,1.007331,1.007928,1.008671,1.00792,1.007713,1.006783,1.006922,1.007246,1.007942,1.008557,1.008392,1.007818,1.007629,1.007308,1.006723,1.005903,1.004718,1.003648,1.003352,1.002901,1.002449,1.00189,1.001463,1.001035,1.000971,1.000831,1.000575,1.000586,1.000438,1.000892,0.997112,0.997529,0.998715,1.001837,1.006753,1.012628,1.01738,1.019705,1.018449,1.015287,1.011024,1.006347,1.003404,1.002965,1.004226,1.0061,1.006618,1.007126,1.00751,1.008034,1.008509,1.00886,1.00874,1.008772,1.008667,1.009316,1.010182,1.009464,0.994818,0.994526,0.997397,0.998864,0.998763,1.001131,1.003071,1.004078,1.004427,1.003424,1.002578,1.001647,1.000857,1.000333,0.999872,0.99953,0.999464,0.999534,0.999703,0.999968,1.000286,1.000821,1.00135,1.001207,0.999591,0.998077,0.997029,1.00007,1.006011,1.009204,1.009549,1.007257,1.005313,1.003511,1.002166,1.000953,1.000179,0.999544,0.999234,0.999167,0.999294,1.000026,1.001201,1.002125,1.001857,1.001663,1.002687,1.003662,1.004304,1.003709,1.003153,1.004399,1.005077,1.001,0.997225,0.999375,0.999661,0.999686,1.001018,1.00067,1.00171,1.003126,1.003282,1.002424,1.001266,0.999977,0.99872,0.998138,0.99835,0.998758,1.000163,1.001377,1.000913,1.000657,1.000434,1.0,0.999021,0.997781,0.99695,0.996692,0.997359,0.998047,0.998927,1.000073,1.002457,1.003654,0.975155,1.006434,1.003716,1.003716,1.000424,1.002452,1.002452,1.007724,0.996589

## gains V2025.1
## gains as copied from ocssw V2025.1
## note that these won't work directly as 5 values are missing for ACOLITE processing
#gains_toa=1.0,1.0,1.0,1.0,1.0,1.0,1.0,1.0,1.0,1.0,1.0,1.0,0.9871,0.986822,0.986709,0.986472,0.986772,0.988056,0.989243,0.989977,0.990247,0.991958,0.992374,0.991611,0.990547,0.990233,0.990423,0.991379,0.991139,0.991383,0.991308,0.990893,0.990428,0.989664,0.989697,0.992571,0.993463,0.992789,0.99214,0.992584,0.993185,0.993536,0.994144,0.994778,0.995024,0.995304,0.995411,0.994489,0.994819,0.997546,0.997397,0.996018,0.996299,0.996947,0.996718,0.996957,0.997001,0.996731,0.99726,0.997553,0.997701,0.99759,0.997172,0.997054,0.998165,1.000193,1.000913,1.000854,1.000647,0.998436,0.99617,0.997037,0.996892,0.995854,0.996174,0.996231,0.996018,0.997455,0.998936,0.999175,0.998898,0.998288,0.998313,0.99906,1.000202,1.000034,0.999507,0.999728,1.000203,0.99901,0.997629,0.9976,0.997768,0.997962,0.99808,0.998515,0.998523,0.998005,0.997599,0.997317,0.998868,1.000392,1.001713,1.003989,1.006629,1.008245,1.008636,1.007824,1.004594,1.001008,1.000336,1.002211,1.00452,1.004617,1.003341,1.002144,1.011608,1.010324,1.006872,1.004767,1.005771,1.00724,1.008489,1.009021,1.009324,1.010206,1.010089,1.006923,1.005916,1.01097,1.012793,1.011065,1.0093,1.008871,1.008642,1.008849,1.009712,1.01078,1.010143,1.010021,1.009088,1.009137,1.009468,1.010105,1.010686,1.010559,1.010088,1.009967,1.009545,1.008779,1.007773,1.006406,1.005276,1.004829,1.004363,1.003795,1.003268,1.002809,1.00237,1.002159,1.001961,1.001646,1.001578,1.00145,1.001877,0.997608,0.998017,0.996886,0.98721,0.970802,0.949652,0.935653,0.938849,0.954286,0.974636,0.988406,0.995987,0.999988,1.002662,1.005327,1.007687,1.008393,1.009024,1.009339,1.009988,1.010542,1.010882,1.010789,1.010792,1.010644,1.011327,1.012267,1.011533,0.996103,0.994526,0.997386,0.998847,0.998742,1.001107,1.003049,1.004057,1.004407,1.003409,1.002567,1.001639,1.000851,1.000325,0.999865,0.999522,0.999451,0.999518,0.999683,0.999944,1.000256,1.000778,1.000798,0.996546,0.984688,0.962822,0.929731,0.901784,0.899829,0.922466,0.949115,0.969767,0.984621,0.993037,0.997149,0.998568,0.99906,0.999023,0.999129,0.999156,0.999294,1.000029,1.001204,1.002125,1.001861,1.001672,1.002687,1.003652,1.004297,1.003706,1.003153,1.004403,1.005094,1.001044,0.997289,0.999428,0.999715,0.999742,1.001066,1.000733,1.001781,1.003194,1.003344,1.002487,1.001327,1.000038,0.998782,0.998201,0.998417,0.998824,1.000202,1.001378,1.000882,1.000615,1.000405,1.0,0.99906,0.997843,0.997029,0.996777,0.997436,0.998115,0.998993,1.000141,1.00254,1.003772,0.975499,1.006344,1.001493,1.000409,1.00288,1.007402,0.996513
## gains copied from ocssw V2025.1 but with 5 extra values:
## 3 x 1.0 added for the last three blue detector bands
## and gains for SWIR high/low gain duplicated
gains_toa=1.0,1.0,1.0,1.0,1.0,1.0,1.0,1.0,1.0,1.0,1.0,1.0,0.9871,0.986822,0.986709,0.986472,0.986772,0.988056,0.989243,0.989977,0.990247,0.991958,0.992374,0.991611,0.990547,0.990233,0.990423,0.991379,0.991139,0.991383,0.991308,0.990893,0.990428,0.989664,0.989697,0.992571,0.993463,0.992789,0.99214,0.992584,0.993185,0.993536,0.994144,0.994778,0.995024,0.995304,0.995411,0.994489,0.994819,0.997546,0.997397,0.996018,0.996299,0.996947,0.996718,0.996957,0.997001,0.996731,0.99726,0.997553,0.997701,0.99759,0.997172,0.997054,0.998165,1.000193,1.000913,1.000854,1.000647,0.998436,0.99617,0.997037,0.996892,0.995854,0.996174,0.996231,0.996018,0.997455,0.998936,0.999175,0.998898,0.998288,0.998313,0.99906,1.000202,1.000034,0.999507,0.999728,1.000203,0.99901,0.997629,0.9976,0.997768,0.997962,0.99808,0.998515,0.998523,0.998005,0.997599,0.997317,0.998868,1.000392,1.001713,1.003989,1.006629,1.008245,1.008636,1.007824,1.004594,1.001008,1.000336,1.002211,1.00452,1.004617,1.003341,1.002144,1.0,1.0,1.0,1.011608,1.010324,1.006872,1.004767,1.005771,1.00724,1.008489,1.009021,1.009324,1.010206,1.010089,1.006923,1.005916,1.01097,1.012793,1.011065,1.0093,1.008871,1.008642,1.008849,1.009712,1.01078,1.010143,1.010021,1.009088,1.009137,1.009468,1.010105,1.010686,1.010559,1.010088,1.009967,1.009545,1.008779,1.007773,1.006406,1.005276,1.004829,1.004363,1.003795,1.003268,1.002809,1.00237,1.002159,1.001961,1.001646,1.001578,1.00145,1.001877,0.997608,0.998017,0.996886,0.98721,0.970802,0.949652,0.935653,0.938849,0.954286,0.974636,0.988406,0.995987,0.999988,1.002662,1.005327,1.007687,1.008393,1.009024,1.009339,1.009988,1.010542,1.010882,1.010789,1.010792,1.010644,1.011327,1.012267,1.011533,0.996103,0.994526,0.997386,0.998847,0.998742,1.001107,1.003049,1.004057,1.004407,1.003409,1.002567,1.001639,1.000851,1.000325,0.999865,0.999522,0.999451,0.999518,0.999683,0.999944,1.000256,1.000778,1.000798,0.996546,0.984688,0.962822,0.929731,0.901784,0.899829,0.922466,0.949115,0.969767,0.984621,0.993037,0.997149,0.998568,0.99906,0.999023,0.999129,0.999156,0.999294,1.000029,1.001204,1.002125,1.001861,1.001672,1.002687,1.003652,1.004297,1.003706,1.003153,1.004403,1.005094,1.001044,0.997289,0.999428,0.999715,0.999742,1.001066,1.000733,1.001781,1.003194,1.003344,1.002487,1.001327,1.000038,0.998782,0.998201,0.998417,0.998824,1.000202,1.001378,1.000882,1.000615,1.000405,1.0,0.99906,0.997843,0.997029,0.996777,0.997436,0.998115,0.998993,1.000141,1.00254,1.003772,0.975499,1.006344,1.001493,1.001493,1.000409,1.00288,1.00288,1.007402,0.996513

## gains copied from oci_gains_v3.1_20250722.nc
## note that these won't work directly as 5 values are missing for ACOLITE processing
#gains_toa=1.0,1.0,1.0,1.0500286,1.0191184,1.007105,1.0167922,1.0195845,1.003015,0.9907937,0.9788667,0.9880339,0.99463093,0.9950231,0.99542433,0.9954439,0.9959758,0.9962969,0.9964692,0.99799746,0.9993036,1.0009967,1.0008756,0.99907553,0.99721104,0.9974401,0.9989118,0.99896693,0.99748063,0.9989698,1.0001348,0.99918,0.99765325,0.99720246,0.9991029,1.0010444,1.0005064,0.99954927,0.9993961,0.9998898,1.0002797,1.0006855,1.0012468,1.0018808,1.0021477,1.0025691,1.0027641,1.0023812,1.002435,1.0040771,1.003761,1.0029215,1.0028018,1.0031415,1.0032014,1.003244,1.0034386,1.0034666,1.0036621,1.0038902,1.0040605,1.0040803,1.004027,1.0038961,1.004979,1.0070187,1.0079551,1.0079494,1.0079658,1.006392,1.0046322,1.0045269,1.0037526,1.0032828,1.0036255,1.0041393,1.0042504,1.0053121,1.0066895,1.0072646,1.0072173,1.0066148,1.0064282,1.0065643,1.0070047,1.0066662,1.0063219,1.0064487,1.006819,1.00582,1.0047009,1.0045801,1.0045321,1.0047283,1.0048206,1.0051064,1.0050831,1.0045812,1.0040904,1.0038449,1.0052296,1.0066293,1.0078863,1.0103182,1.0130254,1.0149102,1.0152762,1.0148911,1.0115668,1.0074321,1.0062362,1.0082017,1.0110161,1.0111935,1.0100949,1.0093983,1.0171647,1.016228,1.0124309,1.0100638,1.0112504,1.012807,1.0138019,1.0144914,1.0150094,1.015971,1.0190761,1.0256851,1.026932,1.0232979,1.019763,1.0168347,1.0151292,1.0146484,1.0146003,1.015016,1.016251,1.0172589,1.0174,1.017447,1.0165008,1.0162015,1.0165042,1.0169034,1.0169923,1.0166155,1.0158226,1.015544,1.0152161,1.0147167,1.0142399,1.0133921,1.0126721,1.0124077,1.0122586,1.0122398,1.0117742,1.0115635,1.0113496,1.011376,1.0115718,1.0115052,1.011812,1.011958,1.0124894,1.012912,1.0131252,1.0144107,1.0172904,1.0221584,1.028686,1.03371,1.0360907,1.0349661,1.0309931,1.026537,1.0211889,1.0181705,1.0174041,1.0184823,1.0202641,1.0210314,1.0216794,1.0215017,1.0218955,1.0222936,1.0220361,1.0217501,1.0213213,1.0209877,1.021215,1.0219654,1.0208693,1.0055258,0.9884393,0.9969941,1.0021529,1.0014532,1.0095129,1.0177302,1.0223017,1.0238708,1.0208731,1.0177839,1.0146006,1.011962,1.0098816,1.0083447,1.007004,1.005867,1.0,1.0,1.0,1.0,1.0,1.0,1.0,1.0,1.0,1.0,1.0,1.0,1.0,1.0,1.0,1.0,1.0,1.0,1.0,1.0,1.0,1.0,1.0,1.0,1.0,1.0,1.0,1.0,1.0,1.0,1.0,1.0,1.0,1.0,1.0,1.0,1.0,1.0,1.0,1.0,1.0,1.0,1.0,1.0,1.0,1.0,1.0,1.0,1.0,1.0,1.0,1.0,1.0,1.0,1.0,1.0,1.0,1.0,1.0,1.0,1.0,1.0,1.0,1.0,1.0,1.0,1.0,1.0,1.0,1.0,1.0,1.0,1.0,1.0,1.0,1.0

## gains copied from oci_gains_v3.1_20250722.nc but with 5 extra values:
## 3 x 1.0 added for the last three blue detector bands
## and gains for SWIR high/low gain duplicated
gains_toa=1.0,1.0,1.0,1.0500285625457764,1.0191184282302856,1.0071049928665161,1.0167921781539917,1.0195845365524292,1.0030150413513184,0.9907937049865723,0.978866696357727,0.9880338907241821,0.9946309328079224,0.9950230717658997,0.9954243302345276,0.9954438805580139,0.9959757924079895,0.9962968826293945,0.9964691996574402,0.9979974627494812,0.9993035793304443,1.000996708869934,1.0008755922317505,0.9990755319595337,0.9972110390663147,0.9974400997161865,0.9989117980003357,0.9989669322967529,0.9974806308746338,0.9989697933197021,1.000134825706482,0.999180018901825,0.9976532459259033,0.997202455997467,0.9991028904914856,1.0010443925857544,1.0005064010620117,0.9995492696762085,0.9993960857391357,0.9998897910118103,1.0002796649932861,1.000685453414917,1.0012468099594116,1.0018807649612427,1.0021476745605469,1.0025690793991089,1.002764105796814,1.0023812055587769,1.0024349689483643,1.0040770769119263,1.0037610530853271,1.002921462059021,1.002801775932312,1.0031415224075317,1.0032013654708862,1.0032440423965454,1.0034385919570923,1.0034666061401367,1.003662109375,1.0038901567459106,1.0040605068206787,1.0040802955627441,1.004027009010315,1.0038961172103882,1.0049790143966675,1.0070186853408813,1.0079550743103027,1.0079493522644043,1.0079658031463623,1.006392002105713,1.0046322345733643,1.0045268535614014,1.003752589225769,1.0032827854156494,1.003625512123108,1.0041393041610718,1.004250407218933,1.0053120851516724,1.0066895484924316,1.0072646141052246,1.007217288017273,1.0066148042678833,1.0064282417297363,1.0065642595291138,1.007004737854004,1.0066661834716797,1.006321907043457,1.006448745727539,1.0068190097808838,1.0058200359344482,1.0047008991241455,1.0045801401138306,1.0045320987701416,1.0047283172607422,1.0048205852508545,1.0051064491271973,1.0050830841064453,1.0045812129974365,1.004090428352356,1.0038448572158813,1.0052295923233032,1.0066293478012085,1.007886290550232,1.0103181600570679,1.0130254030227661,1.0149102210998535,1.0152761936187744,1.0148911476135254,1.0115667581558228,1.0074321031570435,1.00623619556427,1.0082017183303833,1.0110161304473877,1.0111935138702393,1.0100948810577393,1.009398341178894,1.0,1.0,1.0,1.017164707183838,1.0162279605865479,1.0124309062957764,1.0100637674331665,1.011250376701355,1.012807011604309,1.0138019323349,1.0144914388656616,1.0150094032287598,1.0159709453582764,1.0190761089324951,1.0256850719451904,1.0269320011138916,1.023297905921936,1.0197629928588867,1.0168347358703613,1.0151292085647583,1.0146484375,1.0146002769470215,1.015015959739685,1.0162509679794312,1.017258882522583,1.0174000263214111,1.0174469947814941,1.0165008306503296,1.0162014961242676,1.016504168510437,1.0169034004211426,1.0169923305511475,1.0166155099868774,1.0158226490020752,1.015544056892395,1.0152161121368408,1.0147167444229126,1.0142399072647095,1.0133920907974243,1.0126720666885376,1.012407660484314,1.0122586488723755,1.0122398138046265,1.0117741823196411,1.0115635395050049,1.0113495588302612,1.0113760232925415,1.0115717649459839,1.0115052461624146,1.0118119716644287,1.0119580030441284,1.0124894380569458,1.0129120349884033,1.0131251811981201,1.0144107341766357,1.0172903537750244,1.0221583843231201,1.0286860466003418,1.03371000289917,1.0360907316207886,1.0349661111831665,1.030993103981018,1.0265369415283203,1.0211888551712036,1.0181704759597778,1.0174040794372559,1.0184823274612427,1.0202641487121582,1.021031379699707,1.021679401397705,1.0215016603469849,1.0218955278396606,1.0222935676574707,1.022036075592041,1.0217500925064087,1.0213212966918945,1.0209877490997314,1.0212149620056152,1.0219653844833374,1.020869255065918,1.005525827407837,0.9884393215179443,0.9969940781593323,1.002152919769287,1.001453161239624,1.0095129013061523,1.0177302360534668,1.0223016738891602,1.023870825767517,1.0208730697631836,1.0177838802337646,1.0146006345748901,1.0119620561599731,1.009881615638733,1.0083446502685547,1.0070040225982666,1.0058670043945312,1.0,1.0,1.0,1.0,1.0,1.0,1.0,1.0,1.0,1.0,1.0,1.0,1.0,1.0,1.0,1.0,1.0,1.0,1.0,1.0,1.0,1.0,1.0,1.0,1.0,1.0,1.0,1.0,1.0,1.0,1.0,1.0,1.0,1.0,1.0,1.0,1.0,1.0,1.0,1.0,1.0,1.0,1.0,1.0,1.0,1.0,1.0,1.0,1.0,1.0,1.0,1.0,1.0,1.0,1.0,1.0,1.0,1.0,1.0,1.0,1.0,1.0,1.0,1.0,1.0,1.0,1.0,1.0,1.0,1.0,1.0,1.0,1.0,1.0,1.0,1.0,1.0,1.0
